1 1.625167 0.735179 0.707603
2 0.790644 0.803143 0.739766
3 0.650228 0.825698 0.732749
4 0.561297 0.775997 0.728655
5 0.529779 0.834528 0.766374
6 0.452146 0.823220 0.745322
7 0.479613 0.848667 0.803509
8 0.412251 0.891270 0.776901
9 0.413150 0.875945 0.776316
10 0.382544 0.841622 0.765497
11 0.373473 0.890668 0.798246
12 0.355980 0.818176 0.705263
13 0.345445 0.867591 0.739474
14 0.311412 0.855117 0.788012
15 0.336747 0.895987 0.761111
16 0.313233 0.852972 0.733041
17 0.311045 0.850425 0.766374
18 0.272996 0.865823 0.765790
19 0.293771 0.861086 0.771637
20 0.287132 0.914894 0.813450
21 0.299465 0.903658 0.803217
22 0.287908 0.871803 0.754971
23 0.271094 0.902496 0.835380
24 0.278257 0.825016 0.750293
25 0.283531 0.905472 0.781872
26 0.263785 0.907188 0.813743
27 0.265475 0.903707 0.791813
28 0.292662 0.907800 0.787427
29 0.261258 0.904838 0.776608
30 0.251786 0.911942 0.771053
31 0.252485 0.875834 0.802924
32 0.255566 0.893599 0.802924
33 0.252103 0.910762 0.765205
34 0.238521 0.907807 0.802632
35 0.249256 0.910748 0.818713
36 0.243095 0.919081 0.802632
37 0.233933 0.903087 0.772515
38 0.239836 0.872910 0.797661
39 0.241060 0.927281 0.829240
40 0.244944 0.914897 0.802632
41 0.244486 0.893634 0.765790
42 0.234975 0.894810 0.803509
43 0.229140 0.922565 0.808187
44 0.229188 0.895955 0.792398
45 0.227824 0.899575 0.781579
46 0.235887 0.913717 0.823977
47 0.224780 0.919634 0.812866
48 0.214775 0.913098 0.792105
49 0.219941 0.904246 0.776023
50 0.199147 0.927877 0.802632
51 0.187979 0.947985 0.813450
52 0.191661 0.923174 0.797369
53 0.193393 0.913126 0.786842
54 0.196343 0.943289 0.797369
55 0.199889 0.934984 0.771053
56 0.193734 0.926122 0.786842
57 0.194986 0.931434 0.786842
58 0.192767 0.945628 0.808187
59 0.196089 0.926700 0.807895
60 0.199959 0.930811 0.792105
61 0.193479 0.937355 0.792398
62 0.195347 0.923175 0.802632
63 0.191510 0.926091 0.823977
64 0.193106 0.936171 0.797661
65 0.193646 0.929071 0.807895
66 0.198978 0.907786 0.792105
67 0.192523 0.934967 0.813450
68 0.186604 0.936164 0.781579
69 0.194685 0.929095 0.792105
70 0.193327 0.928500 0.802632
71 0.194317 0.932638 0.808187
72 0.193118 0.931465 0.813158
73 0.192807 0.901887 0.781872
74 0.192791 0.923147 0.786842
75 0.190322 0.938555 0.808187
76 0.199958 0.933213 0.802339
77 0.192343 0.920769 0.797953
78 0.188706 0.940877 0.819006
79 0.195899 0.921980 0.797369
80 0.192894 0.929078 0.807895
81 0.187584 0.934414 0.818713
82 0.200650 0.906060 0.775731
83 0.191071 0.925534 0.781871
84 0.188157 0.928479 0.786842
85 0.187695 0.929648 0.797953
86 0.188631 0.945044 0.792398
87 0.186532 0.931458 0.802632
88 0.188461 0.933808 0.781579
89 0.191921 0.930285 0.797661
90 0.196311 0.930257 0.776316
91 0.190303 0.924361 0.808480
92 0.194000 0.930258 0.792690
93 0.187732 0.930272 0.797953
94 0.186100 0.924929 0.829532
95 0.183709 0.926133 0.787135
96 0.188948 0.903669 0.797369
97 0.190315 0.925524 0.771345
98 0.183347 0.933794 0.813158
99 0.188780 0.931431 0.781871
100 0.179881 0.933818 0.797661
101 0.172801 0.941479 0.797368
102 0.170203 0.945639 0.792690
103 0.172010 0.927880 0.781871
104 0.173922 0.944445 0.802924
105 0.173868 0.941500 0.808480
106 0.177716 0.945051 0.834795
107 0.175910 0.946216 0.803509
108 0.171232 0.949158 0.786842
109 0.175173 0.953905 0.808480
110 0.172261 0.945611 0.813743
111 0.172830 0.942102 0.824269
112 0.169136 0.942095 0.792983
113 0.169214 0.950950 0.824562
114 0.174116 0.949175 0.802924
115 0.174300 0.929081 0.797953
116 0.174412 0.936742 0.803509
117 0.171722 0.939715 0.808480
118 0.177401 0.939109 0.792690
119 0.175370 0.942680 0.802632
120 0.175032 0.931479 0.787134
121 0.177324 0.937922 0.814035
122 0.173502 0.935590 0.803216
123 0.173824 0.947400 0.808480
124 0.174418 0.943241 0.803509
125 0.171480 0.946787 0.787427
126 0.171364 0.949151 0.824269
127 0.171536 0.933801 0.814035
128 0.172224 0.937957 0.797953
129 0.174415 0.934379 0.781871
130 0.175148 0.946801 0.787134
131 0.171537 0.946815 0.808772
132 0.174811 0.933230 0.803216
133 0.175893 0.936777 0.803216
134 0.175501 0.946781 0.809064
135 0.176197 0.931424 0.792983
136 0.172346 0.936171 0.776901
137 0.177392 0.945061 0.792105
138 0.171179 0.939718 0.797661
139 0.172865 0.940901 0.803509
140 0.173611 0.948587 0.819006
141 0.175607 0.927870 0.782164
142 0.174920 0.948559 0.824562
143 0.177366 0.935559 0.781871
144 0.171437 0.930825 0.792690
145 0.173449 0.941465 0.787719
146 0.174790 0.948580 0.792398
147 0.174933 0.941493 0.797953
148 0.173154 0.942659 0.798246
149 0.173808 0.939109 0.787135
150 0.168567 0.942684 0.808480
151 0.165135 0.940292 0.787427
152 0.163811 0.951549 0.787427
153 0.163780 0.936157 0.792690
154 0.164329 0.949742 0.793275
155 0.163325 0.939704 0.803509
156 0.166347 0.955082 0.808772
157 0.165840 0.945037 0.814035
158 0.162377 0.943237 0.792690
159 0.164631 0.945033 0.797953
160 0.163482 0.938524 0.787720
161 0.165284 0.943843 0.803509
162 0.166052 0.934382 0.787720
163 0.166367 0.952109 0.824854
164 0.164707 0.939137 0.792983
165 0.164136 0.944441 0.787720
166 0.163243 0.956847 0.803216
167 0.161677 0.929071 0.787719
168 0.162264 0.939718 0.797953
169 0.163816 0.937939 0.782164
170 0.163190 0.941479 0.787427
171 0.166557 0.952130 0.813743
172 0.166111 0.937341 0.798246
173 0.164322 0.941476 0.798246
174 0.163150 0.933794 0.798246
175 0.165880 0.945026 0.803216
176 0.167167 0.937953 0.782456
177 0.163502 0.943275 0.792983
178 0.161431 0.949774 0.808772
179 0.162687 0.943275 0.808772
180 0.162112 0.951528 0.808772
181 0.165120 0.947978 0.808772
182 0.163956 0.937929 0.798246
183 0.166897 0.952123 0.782164
184 0.163589 0.943853 0.797953
185 0.160493 0.943843 0.792983
186 0.158048 0.943248 0.792690
187 0.167807 0.954487 0.829532
188 0.165363 0.933195 0.787719
189 0.164193 0.954494 0.819006
190 0.161154 0.932008 0.803217
191 0.161500 0.954483 0.803801
192 0.168146 0.937358 0.787427
193 0.162863 0.945607 0.808772
194 0.162421 0.945022 0.792983
195 0.164193 0.943279 0.792690
196 0.158249 0.950936 0.803217
197 0.166322 0.935583 0.787427
198 0.159452 0.942659 0.792983
199 0.162699 0.948587 0.792690
200 0.155921 0.950352 0.787719
201 0.158733 0.941479 0.787720
202 0.161155 0.952722 0.792690
203 0.159134 0.944438 0.792690
204 0.160105 0.956843 0.787719
205 0.156512 0.944431 0.777193
206 0.159993 0.949151 0.792983
207 0.162088 0.949739 0.787720
208 0.156589 0.943846 0.771638
209 0.161173 0.945022 0.771930
210 0.159329 0.950943 0.792983
211 0.159210 0.946798 0.777193
212 0.161301 0.952715 0.792983
213 0.158263 0.941476 0.766374
214 0.158622 0.949742 0.787427
215 0.156468 0.939112 0.766374
216 0.156142 0.942673 0.798246
217 0.159269 0.949158 0.798246
218 0.159144 0.950355 0.787720
219 0.162728 0.939697 0.782456
220 0.160116 0.949175 0.792983
221 0.160840 0.942659 0.771930
222 0.158024 0.954476 0.798246
223 0.162656 0.950940 0.776901
224 0.156876 0.945029 0.776901
225 0.161551 0.946805 0.782164
226 0.162350 0.945022 0.771638
227 0.158329 0.947985 0.787427
228 0.160759 0.953296 0.771345
229 0.158867 0.946210 0.787719
230 0.158802 0.942085 0.782164
231 0.160332 0.947985 0.782164
232 0.156877 0.942659 0.782164
233 0.160398 0.956255 0.814035
234 0.158306 0.950341 0.798246
235 0.158711 0.944438 0.782164
236 0.157899 0.944417 0.771638
237 0.159724 0.945618 0.787427
238 0.154757 0.945026 0.781871
239 0.156702 0.950940 0.776608
240 0.162869 0.947981 0.792690
241 0.157712 0.942659 0.771930
242 0.154505 0.942064 0.777193
243 0.157021 0.947386 0.797953
244 0.156871 0.948576 0.781871
245 0.154018 0.940296 0.782456
246 0.157897 0.946210 0.787427
247 0.159171 0.953310 0.797953
248 0.162783 0.949749 0.777193
249 0.158538 0.949168 0.803509
250 0.158714 0.949151 0.777193
251 0.156550 0.942656 0.777193
252 0.152089 0.943248 0.787720
253 0.155398 0.945030 0.787719
254 0.158985 0.950348 0.798246
255 0.155526 0.946801 0.776901
256 0.158172 0.943254 0.787427
257 0.152719 0.946206 0.782164
258 0.157186 0.951542 0.776901
259 0.157746 0.945618 0.787427
260 0.155703 0.947978 0.798246
261 0.155858 0.949165 0.787720
262 0.154608 0.949742 0.787720
263 0.155974 0.947964 0.787720
264 0.153534 0.947981 0.782164
265 0.156932 0.945621 0.787427
266 0.155485 0.946801 0.777193
267 0.153587 0.940884 0.782164
268 0.157417 0.945611 0.792983
269 0.154083 0.945611 0.776901
270 0.156335 0.946213 0.776901
271 0.156625 0.942642 0.782164
272 0.156159 0.946209 0.782164
273 0.156597 0.945019 0.776901
274 0.156060 0.945030 0.766667
275 0.152180 0.948566 0.776901
276 0.152584 0.948573 0.782456
277 0.155769 0.947985 0.776901
278 0.154569 0.946798 0.776901
279 0.154801 0.944434 0.771638
280 0.155503 0.947985 0.771638
281 0.152878 0.944434 0.771345
282 0.158016 0.944434 0.771638
283 0.152507 0.946798 0.787427
284 0.152156 0.949760 0.776901
285 0.160086 0.949165 0.782164
286 0.156212 0.944417 0.782456
287 0.156149 0.942064 0.777193
288 0.157456 0.948569 0.787427
289 0.156930 0.947978 0.771638
290 0.156609 0.949756 0.787427
291 0.154899 0.947981 0.782456
292 0.153125 0.945614 0.782456
293 0.157278 0.944441 0.776901
294 0.157627 0.945607 0.776901
295 0.154284 0.942663 0.787720
296 0.156218 0.948573 0.771638
297 0.156044 0.954490 0.777193
298 0.154771 0.953303 0.787427
299 0.157333 0.950933 0.771638
300 0.157041 0.947390 0.771638
301 0.154631 0.950943 0.777193
302 0.158617 0.947981 0.777193
303 0.153527 0.948573 0.771638
304 0.153989 0.945618 0.777193
305 0.158034 0.949154 0.782456
306 0.154979 0.944427 0.782456
307 0.155323 0.946798 0.777193
308 0.154299 0.947386 0.777193
309 0.154561 0.942663 0.782456
310 0.154050 0.945614 0.782456
311 0.154614 0.943248 0.777193
312 0.155061 0.950345 0.777193
313 0.156917 0.947981 0.782456
314 0.154577 0.943846 0.792983
315 0.154874 0.948573 0.782456
316 0.151088 0.945023 0.782456
317 0.154378 0.943254 0.782456
318 0.149897 0.947389 0.766374
319 0.152364 0.948569 0.777193
320 0.149943 0.945019 0.782164
321 0.154416 0.942656 0.771930
322 0.153457 0.948573 0.782456
323 0.154682 0.946206 0.782456
324 0.155402 0.949164 0.782456
325 0.155926 0.947981 0.782456
326 0.154977 0.947383 0.782456
327 0.158272 0.947386 0.777193
328 0.155544 0.944431 0.782456
329 0.152375 0.945618 0.771638
330 0.155293 0.948566 0.771638
331 0.152755 0.948570 0.777193
332 0.155976 0.946798 0.782456
333 0.151001 0.952120 0.776901
334 0.153519 0.947985 0.776901
335 0.154507 0.946801 0.771638
336 0.151001 0.945614 0.782164
337 0.154620 0.947393 0.787427
338 0.155021 0.945611 0.771638
339 0.149450 0.949165 0.777193
340 0.151409 0.946801 0.777193
341 0.155175 0.946805 0.776901
342 0.153623 0.947389 0.776901
343 0.154613 0.946805 0.771930
344 0.156223 0.947978 0.782164
345 0.157979 0.947389 0.787719
346 0.153510 0.950348 0.787720
347 0.152758 0.945614 0.776901
348 0.155710 0.946203 0.771638
349 0.153518 0.949165 0.766374
350 0.155978 0.945618 0.771638
