1 3.599946 0.625806 0.588235
2 1.568568 0.616129 0.529412
3 1.435476 0.722581 0.588235
4 1.088611 0.735484 0.588235
5 0.892299 0.693548 0.588235
6 1.133469 0.648387 0.617647
7 0.779416 0.819355 0.588235
8 0.524274 0.793548 0.588235
9 0.562374 0.748387 0.558824
10 0.535222 0.674194 0.470588
11 0.529776 0.845161 0.470588
12 0.466380 0.793548 0.500000
13 0.464597 0.845161 0.617647
14 0.407156 0.877419 0.558824
15 0.353701 0.851613 0.558824
16 0.337316 0.867742 0.470588
17 0.393430 0.845161 0.558824
18 0.328057 0.896774 0.558824
19 0.303447 0.909677 0.500000
20 0.295532 0.909677 0.470588
21 0.369816 0.854839 0.588235
22 0.354079 0.903226 0.617647
23 0.334614 0.919355 0.470588
24 0.248509 0.929032 0.617647
25 0.268598 0.893548 0.500000
26 0.319108 0.903226 0.558824
27 0.303849 0.912903 0.500000
28 0.238705 0.912903 0.500000
29 0.276312 0.874194 0.558824
30 0.322854 0.916129 0.500000
31 0.268505 0.929032 0.529412
32 0.234517 0.932258 0.500000
33 0.192966 0.929032 0.500000
34 0.215334 0.900000 0.529412
35 0.339813 0.877419 0.558824
36 0.320248 0.909677 0.588235
37 0.331195 0.870968 0.500000
38 0.233151 0.916129 0.647059
39 0.265166 0.912903 0.588235
40 0.238674 0.922581 0.529412
41 0.212153 0.916129 0.558824
42 0.205768 0.922581 0.529412
43 0.207788 0.912903 0.529412
44 0.187204 0.916129 0.558824
45 0.195371 0.932258 0.529412
46 0.320547 0.838710 0.529412
47 0.400422 0.880645 0.558824
48 0.227996 0.929032 0.558824
49 0.229070 0.903226 0.470588
50 0.208108 0.925806 0.500000
51 0.176606 0.938710 0.500000
52 0.165572 0.935484 0.500000
53 0.168873 0.925806 0.470588
54 0.160093 0.929032 0.470588
55 0.186011 0.909677 0.529412
56 0.187824 0.932258 0.500000
57 0.154306 0.938710 0.500000
58 0.155317 0.945161 0.500000
59 0.164685 0.958065 0.500000
60 0.168461 0.935484 0.500000
61 0.160214 0.954839 0.529412
62 0.154426 0.951613 0.500000
63 0.156985 0.938710 0.529412
64 0.150008 0.948387 0.500000
65 0.146973 0.958065 0.558824
66 0.147599 0.954839 0.588235
67 0.147442 0.954839 0.500000
68 0.146135 0.954839 0.500000
69 0.143870 0.961290 0.558824
70 0.152979 0.951613 0.558824
71 0.214046 0.864516 0.588235
72 0.341474 0.909677 0.529412
73 0.207811 0.922581 0.529412
74 0.167628 0.941935 0.441176
75 0.156893 0.951613 0.470588
76 0.154013 0.951613 0.470588
77 0.155222 0.935484 0.529412
78 0.151576 0.951613 0.470588
79 0.157091 0.948387 0.500000
80 0.174294 0.954839 0.441176
81 0.149318 0.958065 0.529412
82 0.143047 0.961290 0.470588
83 0.151172 0.964516 0.529412
84 0.147825 0.958065 0.470588
85 0.162339 0.958065 0.588235
86 0.146033 0.951613 0.558824
87 0.145870 0.961290 0.558824
88 0.140965 0.964516 0.588235
89 0.163252 0.951613 0.529412
90 0.143833 0.961290 0.529412
91 0.197873 0.935484 0.470588
92 0.201509 0.945161 0.529412
93 0.190108 0.964516 0.529412
94 0.158547 0.964516 0.529412
95 0.156888 0.961290 0.558824
96 0.147836 0.958065 0.500000
97 0.137753 0.951613 0.529412
98 0.130046 0.958065 0.558824
99 0.133298 0.951613 0.500000
100 0.144387 0.958065 0.558824
101 0.122096 0.961290 0.558824
102 0.128175 0.961290 0.558824
103 0.122717 0.964516 0.558824
104 0.121343 0.958065 0.529412
105 0.125933 0.958065 0.558824
106 0.122580 0.964516 0.558824
107 0.117527 0.967742 0.529412
108 0.120888 0.967742 0.529412
109 0.118457 0.967742 0.558824
110 0.105808 0.964516 0.558824
111 0.113779 0.970968 0.529412
112 0.126798 0.967742 0.529412
113 0.116867 0.964516 0.558824
114 0.122164 0.970968 0.529412
115 0.117546 0.967742 0.558824
116 0.117386 0.967742 0.588235
117 0.113302 0.967742 0.558824
118 0.118333 0.967742 0.558824
119 0.112131 0.970968 0.588235
120 0.122769 0.964516 0.558824
121 0.123494 0.970968 0.558824
122 0.110370 0.967742 0.558824
123 0.107189 0.967742 0.588235
124 0.114883 0.967742 0.558824
125 0.168802 0.938710 0.470588
126 0.218172 0.948387 0.529412
127 0.145232 0.964516 0.558824
128 0.125356 0.967742 0.529412
129 0.116673 0.970968 0.529412
130 0.124307 0.967742 0.529412
131 0.112644 0.974194 0.500000
132 0.108497 0.970968 0.529412
133 0.111591 0.967742 0.558824
134 0.115737 0.970968 0.529412
135 0.116196 0.970968 0.529412
136 0.109422 0.964516 0.500000
137 0.104153 0.967742 0.529412
138 0.100112 0.974194 0.529412
139 0.116259 0.974194 0.500000
140 0.118616 0.967742 0.529412
141 0.117899 0.961290 0.529412
142 0.109762 0.974194 0.529412
143 0.106889 0.967742 0.529412
144 0.111372 0.977419 0.558824
145 0.105315 0.974194 0.558824
146 0.106365 0.967742 0.558824
147 0.106767 0.967742 0.529412
148 0.115520 0.970968 0.529412
149 0.108689 0.970968 0.529412
150 0.100453 0.974194 0.558824
151 0.096682 0.977419 0.529412
152 0.102890 0.977419 0.529412
153 0.088677 0.980645 0.529412
154 0.086470 0.980645 0.529412
155 0.094393 0.967742 0.529412
156 0.114340 0.977419 0.529412
157 0.090311 0.977419 0.500000
158 0.093289 0.977419 0.529412
159 0.093799 0.980645 0.588235
160 0.108079 0.970968 0.558824
161 0.117762 0.977419 0.500000
162 0.116790 0.980645 0.500000
163 0.096550 0.970968 0.529412
164 0.102554 0.980645 0.529412
165 0.087890 0.974194 0.529412
166 0.096069 0.974194 0.529412
167 0.095934 0.974194 0.529412
168 0.090909 0.974194 0.529412
169 0.092826 0.977419 0.529412
170 0.092253 0.977419 0.558824
171 0.095141 0.977419 0.558824
172 0.089871 0.983871 0.529412
173 0.102654 0.974194 0.558824
174 0.104814 0.980645 0.529412
175 0.096019 0.977419 0.529412
176 0.092727 0.970968 0.529412
177 0.092056 0.970968 0.558824
178 0.089210 0.977419 0.558824
179 0.089056 0.977419 0.558824
180 0.092177 0.977419 0.558824
181 0.088719 0.977419 0.558824
182 0.092078 0.980645 0.558824
183 0.086637 0.974194 0.558824
184 0.088090 0.970968 0.588235
185 0.085344 0.977419 0.529412
186 0.083840 0.980645 0.558824
187 0.089690 0.974194 0.529412
188 0.092829 0.977419 0.529412
189 0.088256 0.974194 0.558824
190 0.091026 0.974194 0.529412
191 0.088609 0.980645 0.529412
192 0.087980 0.980645 0.529412
193 0.089452 0.977419 0.529412
194 0.087750 0.980645 0.529412
195 0.087525 0.961290 0.588235
196 0.094500 0.980645 0.529412
197 0.082462 0.980645 0.529412
198 0.083919 0.980645 0.558824
199 0.092754 0.974194 0.529412
200 0.080429 0.980645 0.529412
201 0.080264 0.983871 0.558824
202 0.083190 0.977419 0.529412
203 0.082113 0.977419 0.529412
204 0.078841 0.977419 0.529412
205 0.082332 0.983871 0.529412
206 0.081990 0.974194 0.529412
207 0.082123 0.977419 0.529412
208 0.079965 0.980645 0.529412
209 0.082104 0.977419 0.529412
210 0.080586 0.977419 0.529412
211 0.080963 0.980645 0.529412
212 0.083873 0.980645 0.529412
213 0.081291 0.980645 0.558824
214 0.081344 0.980645 0.529412
215 0.078693 0.977419 0.529412
216 0.079735 0.980645 0.529412
217 0.077882 0.980645 0.529412
218 0.079578 0.977419 0.558824
219 0.088081 0.977419 0.558824
220 0.080436 0.980645 0.500000
221 0.076285 0.977419 0.529412
222 0.081623 0.977419 0.529412
223 0.083714 0.983871 0.558824
224 0.077039 0.980645 0.529412
225 0.082050 0.977419 0.558824
226 0.082613 0.977419 0.529412
227 0.080567 0.977419 0.529412
228 0.079663 0.977419 0.529412
229 0.078493 0.983871 0.529412
230 0.072306 0.977419 0.558824
231 0.085522 0.977419 0.558824
232 0.076326 0.980645 0.529412
233 0.078108 0.980645 0.558824
234 0.078261 0.983871 0.529412
235 0.076965 0.970968 0.558824
236 0.077260 0.980645 0.500000
237 0.084978 0.980645 0.500000
238 0.078130 0.977419 0.500000
239 0.076129 0.980645 0.529412
240 0.080711 0.980645 0.500000
241 0.074921 0.983871 0.558824
242 0.074793 0.977419 0.529412
243 0.079565 0.977419 0.500000
244 0.082916 0.980645 0.529412
245 0.076079 0.983871 0.558824
246 0.079314 0.983871 0.558824
247 0.076839 0.980645 0.558824
248 0.082292 0.983871 0.558824
249 0.076152 0.980645 0.558824
250 0.076451 0.977419 0.558824
251 0.075908 0.980645 0.529412
252 0.073889 0.977419 0.558824
253 0.071804 0.974194 0.558824
254 0.078812 0.980645 0.529412
255 0.073101 0.983871 0.529412
256 0.071187 0.983871 0.558824
257 0.073012 0.980645 0.558824
258 0.079075 0.983871 0.558824
259 0.077779 0.983871 0.558824
260 0.076327 0.983871 0.558824
261 0.079057 0.980645 0.529412
262 0.074111 0.983871 0.558824
263 0.078182 0.983871 0.529412
264 0.076232 0.983871 0.558824
265 0.077831 0.980645 0.558824
266 0.076365 0.980645 0.558824
267 0.076272 0.980645 0.558824
268 0.073636 0.980645 0.558824
269 0.075389 0.977419 0.529412
270 0.082281 0.980645 0.558824
271 0.075573 0.980645 0.529412
272 0.076879 0.977419 0.529412
273 0.082770 0.977419 0.558824
274 0.079101 0.980645 0.529412
275 0.072915 0.983871 0.529412
276 0.071861 0.983871 0.558824
277 0.074138 0.980645 0.529412
278 0.075098 0.977419 0.558824
279 0.075667 0.977419 0.558824
280 0.074435 0.980645 0.558824
281 0.074931 0.980645 0.558824
282 0.077779 0.980645 0.558824
283 0.072724 0.980645 0.529412
284 0.077483 0.980645 0.529412
285 0.077794 0.983871 0.529412
286 0.075238 0.983871 0.558824
287 0.076546 0.977419 0.558824
288 0.073895 0.980645 0.558824
289 0.083057 0.983871 0.558824
290 0.072393 0.977419 0.558824
291 0.076862 0.977419 0.558824
292 0.074915 0.977419 0.558824
293 0.075276 0.980645 0.558824
294 0.074660 0.980645 0.558824
295 0.074256 0.977419 0.558824
296 0.075625 0.977419 0.558824
297 0.071827 0.980645 0.558824
298 0.076005 0.983871 0.529412
299 0.073070 0.983871 0.558824
300 0.073349 0.983871 0.558824
301 0.069606 0.980645 0.558824
302 0.075049 0.983871 0.558824
303 0.074930 0.983871 0.558824
304 0.071780 0.980645 0.558824
305 0.074896 0.980645 0.558824
306 0.070147 0.977419 0.558824
307 0.077464 0.980645 0.558824
308 0.069437 0.977419 0.558824
309 0.075953 0.980645 0.558824
310 0.076054 0.983871 0.558824
311 0.070350 0.980645 0.558824
312 0.072437 0.980645 0.558824
313 0.072198 0.980645 0.558824
314 0.068707 0.980645 0.558824
315 0.073867 0.980645 0.558824
316 0.070435 0.980645 0.558824
317 0.072765 0.980645 0.558824
318 0.071527 0.980645 0.558824
319 0.073190 0.980645 0.558824
320 0.071171 0.980645 0.558824
321 0.072842 0.983871 0.558824
322 0.070815 0.980645 0.558824
323 0.071113 0.987097 0.558824
324 0.072111 0.980645 0.558824
325 0.074148 0.977419 0.558824
326 0.075625 0.980645 0.558824
327 0.071203 0.980645 0.558824
328 0.070882 0.980645 0.558824
329 0.073981 0.980645 0.558824
330 0.070557 0.983871 0.558824
331 0.067975 0.980645 0.558824
332 0.068631 0.977419 0.558824
333 0.070108 0.983871 0.558824
334 0.068153 0.977419 0.558824
335 0.073512 0.977419 0.558824
336 0.074746 0.977419 0.558824
337 0.071141 0.977419 0.558824
338 0.069850 0.983871 0.529412
339 0.068912 0.977419 0.558824
340 0.070027 0.980645 0.529412
341 0.069693 0.980645 0.558824
342 0.073519 0.983871 0.558824
343 0.067480 0.980645 0.558824
344 0.072113 0.983871 0.558824
345 0.072728 0.983871 0.558824
346 0.070921 0.983871 0.558824
347 0.072717 0.983871 0.558824
348 0.074614 0.980645 0.558824
349 0.070823 0.980645 0.558824
350 0.074459 0.980645 0.558824
