1 7.589498 0.670659 0.720721
2 4.322564 0.729541 0.765766
3 2.104475 0.730539 0.810811
4 2.489522 0.587824 0.666667
5 2.472477 0.722555 0.801802
6 1.398723 0.627745 0.603604
7 1.483004 0.743513 0.819820
8 1.143933 0.744511 0.810811
9 1.087179 0.740519 0.801802
10 0.806591 0.744511 0.792793
11 0.820401 0.647705 0.648649
12 0.821219 0.696607 0.774775
13 1.033458 0.720559 0.819820
14 0.944587 0.723553 0.765766
15 0.983003 0.721557 0.783784
16 0.875213 0.728543 0.774775
17 0.699685 0.737525 0.810811
18 0.642684 0.743513 0.801802
19 0.623959 0.741517 0.801802
20 0.615374 0.691617 0.684685
21 0.642396 0.720559 0.783784
22 0.583322 0.729541 0.828829
23 0.601773 0.729541 0.801802
24 0.573073 0.744511 0.819820
25 0.587245 0.717565 0.801802
26 0.601619 0.727545 0.774775
27 0.583145 0.751497 0.810811
28 0.599358 0.748503 0.783784
29 0.569683 0.705589 0.774775
30 0.586038 0.738523 0.801802
31 0.564367 0.743513 0.801802
32 0.552666 0.747505 0.810811
33 0.555180 0.691617 0.747748
34 0.551140 0.735529 0.783784
35 0.563715 0.744511 0.819820
36 0.563414 0.714571 0.756757
37 0.587284 0.745509 0.801802
38 0.583981 0.747505 0.810811
39 0.570359 0.748503 0.792793
40 0.541388 0.736527 0.783784
41 0.546594 0.660679 0.684685
42 0.551313 0.738523 0.792793
43 0.560403 0.750499 0.801802
44 0.565250 0.732535 0.783784
45 0.547514 0.723553 0.783784
46 0.553242 0.739521 0.810811
47 0.568786 0.749501 0.792793
48 0.558352 0.735529 0.774775
49 0.567216 0.748503 0.783784
50 0.557929 0.729541 0.801802
51 0.550019 0.750499 0.783784
52 0.539185 0.728543 0.801802
53 0.557372 0.740519 0.792793
54 0.542478 0.739521 0.792793
55 0.542022 0.746507 0.810811
56 0.535566 0.751497 0.792793
57 0.552067 0.749501 0.783784
58 0.547908 0.741517 0.783784
59 0.555449 0.744511 0.810811
60 0.548830 0.730539 0.801802
61 0.538959 0.751497 0.792793
62 0.543570 0.751497 0.801802
63 0.543832 0.748503 0.810811
64 0.555401 0.738523 0.792793
65 0.542313 0.749501 0.783784
66 0.544901 0.739521 0.792793
67 0.529169 0.751497 0.765766
68 0.547410 0.739521 0.801802
69 0.553326 0.741517 0.792793
70 0.553931 0.736527 0.792793
71 0.549747 0.733533 0.783784
72 0.547849 0.749501 0.783784
73 0.545518 0.745509 0.819820
74 0.544699 0.744511 0.792793
75 0.564685 0.730539 0.810811
76 0.548617 0.751497 0.801802
77 0.535803 0.742515 0.792793
78 0.538068 0.751497 0.801802
79 0.530731 0.745509 0.783784
80 0.535356 0.738523 0.801802
81 0.538156 0.752495 0.801802
82 0.553940 0.708583 0.774775
83 0.543315 0.743513 0.783784
84 0.550963 0.735529 0.774775
85 0.534244 0.747505 0.774775
86 0.564362 0.740519 0.819820
87 0.554432 0.712575 0.792793
88 0.551781 0.755489 0.810811
89 0.561190 0.727545 0.792793
90 0.537598 0.755489 0.792793
91 0.547378 0.748503 0.792793
92 0.533785 0.729541 0.810811
93 0.548392 0.740519 0.783784
94 0.543866 0.749501 0.801802
95 0.548222 0.733533 0.783784
96 0.551380 0.732535 0.783784
97 0.559965 0.734531 0.783784
98 0.544182 0.738523 0.783784
99 0.546898 0.752495 0.810811
100 0.538898 0.755489 0.801802
101 0.538024 0.746507 0.783784
102 0.536341 0.721557 0.774775
103 0.524793 0.760479 0.792793
104 0.531011 0.752495 0.783784
105 0.534808 0.743513 0.783784
106 0.544368 0.737525 0.783784
107 0.549469 0.739521 0.783784
108 0.523602 0.736527 0.801802
109 0.545164 0.743513 0.783784
110 0.541222 0.745509 0.792793
111 0.540630 0.741517 0.774775
112 0.537516 0.751497 0.783784
113 0.547629 0.749501 0.792793
114 0.540926 0.749501 0.810811
115 0.538484 0.737525 0.774775
116 0.545461 0.754491 0.792793
117 0.535808 0.750499 0.792793
118 0.531587 0.753493 0.783784
119 0.555483 0.756487 0.801802
120 0.545828 0.747505 0.792793
121 0.546899 0.737525 0.783784
122 0.531044 0.721557 0.792793
123 0.547953 0.752495 0.783784
124 0.540761 0.748503 0.801802
125 0.545237 0.747505 0.783784
126 0.535781 0.735529 0.792793
127 0.540053 0.755489 0.792793
128 0.542478 0.743513 0.783784
129 0.524051 0.755489 0.783784
130 0.542283 0.733533 0.801802
131 0.533041 0.755489 0.801802
132 0.546682 0.747505 0.783784
133 0.540267 0.729541 0.783784
134 0.546892 0.752495 0.783784
135 0.545754 0.743513 0.783784
136 0.546857 0.750499 0.801802
137 0.542369 0.732535 0.792793
138 0.539869 0.739521 0.783784
139 0.542898 0.747505 0.801802
140 0.540802 0.716567 0.774775
141 0.549655 0.749501 0.792793
142 0.531685 0.741517 0.783784
143 0.549035 0.710579 0.765766
144 0.559675 0.726547 0.801802
145 0.613661 0.735529 0.819820
146 0.595032 0.733533 0.783784
147 0.562629 0.731537 0.765766
148 0.552369 0.747505 0.819820
149 0.543835 0.750499 0.801802
150 0.540849 0.747505 0.783784
151 0.552074 0.749501 0.783784
152 0.546138 0.739521 0.783784
153 0.542888 0.741517 0.792793
154 0.540577 0.754491 0.774775
155 0.550894 0.728543 0.792793
156 0.540820 0.751497 0.792793
157 0.545478 0.749501 0.792793
158 0.543182 0.741517 0.792793
159 0.544817 0.758483 0.801802
160 0.547275 0.751497 0.783784
161 0.522712 0.746507 0.783784
162 0.538163 0.749501 0.792793
163 0.544592 0.731537 0.810811
164 0.536756 0.754491 0.792793
165 0.539673 0.736527 0.783784
166 0.541244 0.746507 0.774775
167 0.536979 0.742515 0.783784
168 0.538331 0.746507 0.783784
169 0.536757 0.756487 0.801802
170 0.543037 0.735529 0.801802
171 0.540771 0.753493 0.801802
172 0.543844 0.746507 0.783784
173 0.533381 0.735529 0.792793
174 0.544843 0.740519 0.792793
175 0.542408 0.740519 0.783784
176 0.532111 0.747505 0.783784
177 0.538776 0.741517 0.783784
178 0.539553 0.754491 0.810811
179 0.545371 0.746507 0.783784
180 0.535342 0.744511 0.792793
181 0.539604 0.757485 0.792793
182 0.588472 0.670659 0.747748
183 0.556203 0.737525 0.792793
184 0.542468 0.757485 0.792793
185 0.551446 0.750499 0.783784
186 0.538753 0.755489 0.783784
187 0.532710 0.752495 0.783784
188 0.530155 0.737525 0.792793
189 0.541672 0.740519 0.792793
190 0.548169 0.736527 0.783784
191 0.544963 0.755489 0.801802
192 0.548357 0.749501 0.783784
193 0.523339 0.757485 0.801802
194 0.551498 0.753493 0.783784
195 0.539680 0.757485 0.810811
196 0.522201 0.757485 0.792793
197 0.537187 0.745509 0.783784
198 0.533384 0.737525 0.792793
199 0.526648 0.735529 0.792793
200 0.537060 0.741517 0.783784
201 0.532576 0.753493 0.783784
202 0.528145 0.753493 0.792793
203 0.536854 0.748503 0.783784
204 0.535139 0.746507 0.783784
205 0.534096 0.748503 0.783784
206 0.538017 0.738523 0.783784
207 0.533178 0.749501 0.783784
208 0.537430 0.749501 0.792793
209 0.537452 0.753493 0.783784
210 0.536058 0.744511 0.774775
211 0.528095 0.751497 0.810811
212 0.534903 0.748503 0.774775
213 0.536878 0.741517 0.774775
214 0.539907 0.735529 0.783784
215 0.531672 0.739521 0.783784
216 0.544136 0.744511 0.783784
217 0.533831 0.750499 0.774775
218 0.533448 0.753493 0.810811
219 0.524211 0.744511 0.792793
220 0.524298 0.750499 0.774775
221 0.534759 0.754491 0.774775
222 0.539391 0.743513 0.774775
223 0.532341 0.749501 0.774775
224 0.524753 0.758483 0.774775
225 0.535722 0.759481 0.792793
226 0.526859 0.756487 0.774775
227 0.536536 0.757485 0.792793
228 0.543610 0.743513 0.783784
229 0.538329 0.756487 0.792793
230 0.532244 0.740519 0.783784
231 0.534356 0.756487 0.801802
232 0.541192 0.757485 0.792793
233 0.532807 0.759481 0.783784
234 0.530170 0.755489 0.792793
235 0.530858 0.756487 0.783784
236 0.523988 0.747505 0.774775
237 0.525042 0.750499 0.774775
238 0.538094 0.751497 0.783784
239 0.528467 0.748503 0.774775
240 0.524234 0.757485 0.792793
241 0.534147 0.744511 0.774775
242 0.542194 0.749501 0.792793
243 0.531124 0.746507 0.774775
244 0.542772 0.741517 0.792793
245 0.535170 0.751497 0.801802
246 0.529838 0.742515 0.801802
247 0.519845 0.754491 0.819820
248 0.528846 0.759481 0.801802
249 0.529258 0.757485 0.792793
250 0.533278 0.752495 0.774775
251 0.538941 0.763473 0.792793
252 0.522184 0.750499 0.810811
253 0.530328 0.754491 0.792793
254 0.534416 0.755489 0.792793
255 0.529425 0.754491 0.783784
256 0.530403 0.756487 0.792793
257 0.529437 0.752495 0.792793
258 0.522017 0.756487 0.783784
259 0.538078 0.754491 0.792793
260 0.532597 0.750499 0.783784
261 0.533562 0.757485 0.783784
262 0.518096 0.759481 0.774775
263 0.534070 0.757485 0.783784
264 0.532692 0.749501 0.783784
265 0.524670 0.756487 0.792793
266 0.543889 0.755489 0.774775
267 0.530327 0.744511 0.774775
268 0.519327 0.753493 0.783784
269 0.527607 0.756487 0.792793
270 0.530142 0.759481 0.801802
271 0.527585 0.757485 0.792793
272 0.523403 0.753493 0.801802
273 0.516725 0.762475 0.801802
274 0.527627 0.755489 0.783784
275 0.526969 0.753493 0.774775
276 0.529831 0.760479 0.783784
277 0.524898 0.751497 0.783784
278 0.527038 0.759481 0.783784
279 0.536818 0.758483 0.783784
280 0.519591 0.757485 0.783784
281 0.539768 0.754491 0.783784
282 0.523518 0.756487 0.801802
283 0.526907 0.755489 0.801802
284 0.525349 0.753493 0.783784
285 0.526840 0.751497 0.783784
286 0.529467 0.748503 0.783784
287 0.535694 0.752495 0.783784
288 0.542163 0.754491 0.792793
289 0.530537 0.754491 0.792793
290 0.514971 0.757485 0.783784
291 0.527811 0.756487 0.792793
292 0.523476 0.756487 0.801802
293 0.537086 0.753493 0.792793
294 0.524035 0.755489 0.801802
295 0.519658 0.748503 0.801802
296 0.527850 0.752495 0.810811
297 0.532611 0.754491 0.792793
298 0.526169 0.753493 0.801802
299 0.531341 0.762475 0.792793
300 0.530966 0.758483 0.792793
301 0.516266 0.756487 0.792793
302 0.520503 0.758483 0.783784
303 0.522827 0.761477 0.783784
304 0.528213 0.758483 0.792793
305 0.540297 0.754491 0.783784
306 0.531176 0.753493 0.792793
307 0.527583 0.753493 0.792793
308 0.538910 0.759481 0.783784
309 0.524168 0.756487 0.792793
310 0.527414 0.760479 0.783784
311 0.519006 0.762475 0.792793
312 0.514554 0.756487 0.801802
313 0.525937 0.762475 0.774775
314 0.528680 0.756487 0.792793
315 0.526675 0.754491 0.792793
316 0.533261 0.752495 0.792793
317 0.523419 0.752495 0.801802
318 0.533447 0.750499 0.792793
319 0.526641 0.753493 0.783784
320 0.528761 0.758483 0.783784
321 0.527721 0.752495 0.783784
322 0.525789 0.754491 0.792793
323 0.530770 0.754491 0.801802
324 0.530743 0.758483 0.792793
325 0.528991 0.757485 0.792793
326 0.527024 0.756487 0.801802
327 0.533129 0.761477 0.792793
328 0.528029 0.758483 0.801802
329 0.531387 0.758483 0.783784
330 0.523421 0.752495 0.792793
331 0.531146 0.752495 0.792793
332 0.524387 0.759481 0.792793
333 0.532664 0.755489 0.783784
334 0.526386 0.758483 0.792793
335 0.532246 0.753493 0.801802
336 0.518992 0.757485 0.801802
337 0.526184 0.753493 0.792793
338 0.519238 0.759481 0.792793
339 0.524786 0.758483 0.792793
340 0.522772 0.758483 0.801802
341 0.524556 0.762475 0.792793
342 0.518539 0.761477 0.792793
343 0.521833 0.758483 0.801802
344 0.523250 0.757485 0.792793
345 0.517814 0.758483 0.792793
346 0.536180 0.755489 0.792793
347 0.517314 0.762475 0.783784
348 0.524295 0.757485 0.783784
349 0.521637 0.757485 0.792793
350 0.527314 0.761477 0.783784
