1 4.827253 0.505001 0.503650
2 1.899531 0.578805 0.583942
3 1.902120 0.648013 0.673966
4 1.254253 0.654501 0.637470
5 1.101062 0.633144 0.598540
6 1.450484 0.682076 0.671533
7 0.872448 0.698297 0.688564
8 1.153882 0.547716 0.535280
9 1.089825 0.684239 0.683698
10 0.930547 0.713166 0.686131
11 1.073940 0.646932 0.673966
12 1.038616 0.673966 0.661800
13 0.828405 0.580157 0.554745
14 0.694110 0.581779 0.566910
15 0.669335 0.719654 0.712895
16 0.655281 0.724250 0.734793
17 0.624763 0.708029 0.703163
18 0.671374 0.710192 0.712895
19 0.794432 0.652068 0.656934
20 0.685633 0.727494 0.732360
21 0.717244 0.696945 0.683698
22 0.605582 0.710462 0.717762
23 0.641296 0.723439 0.720195
24 0.830496 0.673966 0.683698
25 0.638043 0.683969 0.695864
26 0.663952 0.712895 0.715328
27 0.586973 0.690998 0.681265
28 0.620915 0.695864 0.664234
29 0.626712 0.700189 0.698297
30 0.617871 0.724250 0.686131
31 0.594296 0.721817 0.720195
32 0.619828 0.726683 0.720195
33 0.591676 0.723709 0.712895
34 0.638519 0.717762 0.732360
35 0.639748 0.712625 0.705596
36 0.591777 0.725061 0.715328
37 0.594881 0.706677 0.686131
38 0.609793 0.718032 0.690998
39 0.602151 0.741822 0.725061
40 0.626074 0.733171 0.727494
41 0.592082 0.733982 0.722628
42 0.561502 0.732090 0.715328
43 0.582476 0.732360 0.729927
44 0.600094 0.722628 0.710462
45 0.604635 0.720465 0.708029
46 0.580375 0.733171 0.725061
47 0.590425 0.723709 0.737226
48 0.586556 0.660178 0.632603
49 0.574239 0.721276 0.720195
50 0.561797 0.725061 0.722628
51 0.576153 0.736415 0.727494
52 0.569328 0.725331 0.708029
53 0.575162 0.730738 0.725061
54 0.557981 0.741011 0.737226
55 0.552825 0.744255 0.727494
56 0.561872 0.740470 0.734793
57 0.581379 0.737497 0.708029
58 0.553133 0.730738 0.705596
59 0.566197 0.717221 0.690998
60 0.564370 0.722628 0.683698
61 0.550273 0.748851 0.732360
62 0.547246 0.733982 0.715328
63 0.540164 0.750473 0.734793
64 0.545354 0.734523 0.734793
65 0.547913 0.736415 0.710462
66 0.540979 0.746418 0.734793
67 0.552863 0.748310 0.717762
68 0.535206 0.738037 0.729927
69 0.544742 0.753988 0.749392
70 0.528981 0.733441 0.703163
71 0.557022 0.743715 0.717762
72 0.528783 0.747499 0.725061
73 0.552208 0.737497 0.695864
74 0.550770 0.749932 0.742092
75 0.549559 0.758583 0.734793
76 0.554406 0.748040 0.734793
77 0.542699 0.740741 0.725061
78 0.530054 0.746959 0.705596
79 0.548085 0.744255 0.729927
80 0.529220 0.753177 0.739659
81 0.546610 0.751014 0.725061
82 0.537425 0.755339 0.710462
83 0.536089 0.745607 0.727494
84 0.546200 0.745337 0.722628
85 0.560381 0.750473 0.715328
86 0.543908 0.761557 0.720195
87 0.539909 0.756961 0.727494
88 0.544771 0.737767 0.717762
89 0.524289 0.738578 0.727494
90 0.515531 0.760746 0.732360
91 0.532269 0.749392 0.700730
92 0.543896 0.765883 0.739659
93 0.541303 0.749121 0.710462
94 0.540084 0.724520 0.690998
95 0.537907 0.747499 0.727494
96 0.515622 0.745877 0.715328
97 0.537036 0.765883 0.725061
98 0.539970 0.729116 0.690998
99 0.543490 0.744796 0.722628
100 0.525082 0.762368 0.725061
101 0.506221 0.765342 0.729927
102 0.507612 0.765612 0.727494
103 0.513619 0.772101 0.746959
104 0.495216 0.760205 0.717762
105 0.501453 0.763450 0.729927
106 0.500954 0.774534 0.727494
107 0.503623 0.765072 0.746959
108 0.503430 0.771830 0.727494
109 0.519674 0.761016 0.717762
110 0.512177 0.768316 0.705596
111 0.504912 0.776967 0.732360
112 0.493931 0.770479 0.712895
113 0.498743 0.772641 0.737226
114 0.507367 0.772371 0.737226
115 0.488275 0.778859 0.722628
116 0.492062 0.775885 0.725061
117 0.502745 0.768856 0.751825
118 0.515217 0.778048 0.739659
119 0.497622 0.783185 0.746959
120 0.509493 0.771019 0.708029
121 0.500247 0.782103 0.761557
122 0.508856 0.775885 0.732360
123 0.492069 0.778048 0.737226
124 0.503578 0.783725 0.737226
125 0.511484 0.779400 0.746959
126 0.506781 0.778859 0.725061
127 0.499761 0.769667 0.717762
128 0.489950 0.778318 0.715328
129 0.493071 0.782644 0.737226
130 0.493823 0.784807 0.754258
131 0.507889 0.775885 0.725061
132 0.514307 0.778859 0.742092
133 0.486475 0.785077 0.746959
134 0.489884 0.786699 0.739659
135 0.503923 0.782374 0.717762
136 0.504788 0.781563 0.744526
137 0.492639 0.773993 0.734793
138 0.504671 0.778859 0.746959
139 0.494186 0.787510 0.742092
140 0.502154 0.787240 0.725061
141 0.496512 0.779129 0.725061
142 0.485213 0.785618 0.720195
143 0.485927 0.784266 0.732360
144 0.486057 0.779670 0.742092
145 0.496910 0.780752 0.729927
146 0.486692 0.786699 0.742092
147 0.483185 0.765612 0.729927
148 0.485332 0.789132 0.756691
149 0.490965 0.787780 0.722628
150 0.473893 0.795350 0.742092
151 0.460757 0.795620 0.722628
152 0.469085 0.799135 0.746959
153 0.472852 0.796972 0.749392
154 0.459929 0.804271 0.749392
155 0.472394 0.801568 0.744526
156 0.458585 0.801838 0.754258
157 0.457045 0.801838 0.763990
158 0.480255 0.805353 0.737226
159 0.467818 0.798594 0.749392
160 0.456655 0.805623 0.739659
161 0.461123 0.795080 0.729927
162 0.472778 0.795891 0.754258
163 0.446587 0.811841 0.739659
164 0.455992 0.801298 0.739659
165 0.452178 0.805623 0.759124
166 0.456457 0.813463 0.742092
167 0.466594 0.809138 0.771290
168 0.450077 0.802379 0.749392
169 0.454822 0.788321 0.688564
170 0.450377 0.802379 0.732360
171 0.452132 0.814274 0.751825
172 0.466355 0.803731 0.742092
173 0.459898 0.810219 0.729927
174 0.458532 0.812382 0.751825
175 0.446620 0.796702 0.742092
176 0.462583 0.815085 0.737226
177 0.451070 0.797513 0.749392
178 0.454944 0.806975 0.759124
179 0.438465 0.821033 0.759124
180 0.464149 0.818870 0.742092
181 0.447546 0.802379 0.754258
182 0.441900 0.806705 0.751825
183 0.430842 0.814544 0.761557
184 0.439010 0.808327 0.751825
185 0.448807 0.810760 0.756691
186 0.441862 0.811030 0.756691
187 0.434970 0.814004 0.737226
188 0.445873 0.807245 0.737226
189 0.438461 0.819681 0.751825
190 0.438302 0.822655 0.739659
191 0.435504 0.816167 0.751825
192 0.429204 0.821573 0.766423
193 0.450908 0.815896 0.756691
194 0.428010 0.817789 0.744526
195 0.442388 0.821033 0.749392
196 0.446643 0.819681 0.766423
197 0.453887 0.822114 0.756691
198 0.433229 0.824547 0.771290
199 0.438194 0.823195 0.761557
200 0.428485 0.824818 0.763990
201 0.426746 0.821844 0.746959
202 0.431312 0.829684 0.761557
203 0.436590 0.834009 0.751825
204 0.431116 0.834820 0.754258
205 0.420829 0.831846 0.754258
206 0.424922 0.826980 0.761557
207 0.417745 0.833469 0.756691
208 0.429861 0.829954 0.756691
209 0.426109 0.833198 0.759124
210 0.419138 0.837524 0.768856
211 0.421052 0.837794 0.759124
212 0.426755 0.836442 0.754258
213 0.412776 0.841849 0.771290
214 0.408892 0.839686 0.751825
215 0.416109 0.838605 0.761557
216 0.411908 0.833739 0.756691
217 0.403371 0.839957 0.766423
218 0.431593 0.842119 0.776156
219 0.421500 0.837794 0.768856
220 0.404389 0.842931 0.771290
221 0.419397 0.837524 0.761557
222 0.417906 0.833739 0.751825
223 0.424363 0.841579 0.766423
224 0.406815 0.837524 0.761557
225 0.407191 0.837253 0.759124
226 0.420467 0.840497 0.763990
227 0.403810 0.838605 0.761557
228 0.410483 0.843471 0.759124
229 0.411211 0.842119 0.759124
230 0.406921 0.844553 0.756691
231 0.415590 0.842660 0.761557
232 0.398464 0.837524 0.749392
233 0.421077 0.836442 0.761557
234 0.405532 0.841579 0.773723
235 0.400993 0.846715 0.751825
236 0.411385 0.842931 0.746959
237 0.409409 0.848337 0.763990
238 0.406690 0.831576 0.754258
239 0.414117 0.836172 0.739659
240 0.418816 0.848337 0.763990
241 0.397690 0.848878 0.773723
242 0.403662 0.846445 0.754258
243 0.419888 0.849148 0.754258
244 0.397498 0.847526 0.773723
245 0.398723 0.849148 0.763990
246 0.407998 0.843201 0.771290
247 0.405017 0.841849 0.773723
248 0.409072 0.845634 0.756691
249 0.400249 0.843471 0.754258
250 0.396352 0.854015 0.763990
251 0.389966 0.852663 0.759124
252 0.381543 0.856988 0.763990
253 0.411790 0.851041 0.749392
254 0.404136 0.858070 0.771290
255 0.402718 0.854555 0.761557
256 0.399662 0.849419 0.759124
257 0.399460 0.853204 0.771290
258 0.395945 0.852122 0.761557
259 0.382510 0.855366 0.759124
260 0.385515 0.854015 0.756691
261 0.393412 0.851311 0.742092
262 0.394965 0.856448 0.746959
263 0.395426 0.855366 0.771290
264 0.394315 0.851311 0.744526
265 0.393445 0.850500 0.759124
266 0.395249 0.856177 0.761557
267 0.386081 0.849148 0.739659
268 0.391621 0.856718 0.754258
269 0.382852 0.856448 0.761557
270 0.379910 0.850770 0.771290
271 0.399262 0.851852 0.766423
272 0.392934 0.852122 0.768856
273 0.400234 0.858070 0.768856
274 0.390730 0.862125 0.763990
275 0.388652 0.861044 0.761557
276 0.384365 0.854285 0.761557
277 0.381343 0.857259 0.761557
278 0.382031 0.855366 0.759124
279 0.385014 0.854826 0.766423
280 0.398107 0.858340 0.754258
281 0.387370 0.862666 0.756691
282 0.393665 0.857799 0.756691
283 0.379024 0.856988 0.766423
284 0.397765 0.855366 0.756691
285 0.393119 0.850770 0.751825
286 0.382026 0.863747 0.759124
287 0.385305 0.857799 0.761557
288 0.388057 0.857799 0.763990
289 0.388509 0.858070 0.761557
290 0.390348 0.860773 0.768856
291 0.388590 0.849959 0.751825
292 0.385238 0.861044 0.751825
293 0.378168 0.863477 0.761557
294 0.380277 0.862666 0.771290
295 0.366289 0.859692 0.739659
296 0.386324 0.858881 0.759124
297 0.385246 0.860773 0.761557
298 0.389025 0.855366 0.761557
299 0.389051 0.864017 0.766423
300 0.402445 0.862666 0.754258
301 0.388043 0.859962 0.766423
302 0.389485 0.864017 0.761557
303 0.383576 0.866721 0.761557
304 0.383738 0.861855 0.776156
305 0.387741 0.854826 0.756691
306 0.383930 0.864558 0.754258
307 0.387984 0.864017 0.761557
308 0.383449 0.865639 0.756691
309 0.379330 0.864017 0.761557
310 0.373145 0.862395 0.759124
311 0.383126 0.862125 0.766423
312 0.381033 0.865639 0.756691
313 0.380966 0.863747 0.746959
314 0.378740 0.867261 0.766423
315 0.380762 0.865639 0.773723
316 0.386443 0.865639 0.761557
317 0.380842 0.868343 0.781022
318 0.378787 0.862395 0.761557
319 0.375024 0.864017 0.766423
320 0.388364 0.861855 0.763990
321 0.390515 0.859151 0.751825
322 0.385809 0.865099 0.771290
323 0.385292 0.866180 0.776156
324 0.378849 0.865369 0.771290
325 0.376064 0.865910 0.768856
326 0.390744 0.862395 0.766423
327 0.370932 0.866721 0.763990
328 0.379269 0.867532 0.766423
329 0.380264 0.864288 0.768856
330 0.382875 0.867261 0.771290
331 0.381486 0.859692 0.771290
332 0.379658 0.865369 0.773723
333 0.369616 0.866991 0.771290
334 0.377959 0.865910 0.771290
335 0.363222 0.869154 0.763990
336 0.365013 0.868343 0.781022
337 0.368530 0.869424 0.768856
338 0.378034 0.864017 0.754258
339 0.381614 0.866721 0.759124
340 0.366790 0.868613 0.766423
341 0.381177 0.864828 0.761557
342 0.380347 0.863206 0.761557
343 0.371314 0.871587 0.776156
344 0.379943 0.871857 0.768856
345 0.369784 0.870776 0.768856
346 0.373174 0.866180 0.768856
347 0.374712 0.866721 0.768856
348 0.376807 0.859692 0.766423
349 0.377562 0.868072 0.768856
350 0.376662 0.867261 0.768856
