1 1.813514 0.788235 0.666667
2 0.613034 0.852941 0.722222
3 0.822987 0.741176 0.555556
4 0.546369 0.805882 0.777778
5 0.531628 0.829412 0.833333
6 0.437125 0.864706 0.833333
7 0.619373 0.882353 0.777778
8 0.398922 0.864706 0.833333
9 0.374848 0.858824 0.833333
10 0.429924 0.864706 0.777778
11 0.351126 0.882353 0.888889
12 0.334730 0.829412 0.666667
13 0.327790 0.852941 0.722222
14 0.305759 0.905882 0.888889
15 0.334022 0.882353 0.888889
16 0.380612 0.582353 0.500000
17 0.418980 0.894118 0.833333
18 0.284101 0.864706 0.833333
19 0.279169 0.864706 0.833333
20 0.290250 0.911765 0.888889
21 0.320219 0.900000 0.833333
22 0.269498 0.888235 0.833333
23 0.299726 0.911765 0.888889
24 0.303101 0.905882 0.888889
25 0.300049 0.852941 0.888889
26 0.259858 0.929412 0.944444
27 0.293595 0.876471 0.777778
28 0.339264 0.900000 0.888889
29 0.264112 0.917647 0.888889
30 0.255136 0.900000 0.888889
31 0.271130 0.905882 0.888889
32 0.254202 0.894118 0.888889
33 0.278756 0.876471 0.722222
34 0.265368 0.894118 0.833333
35 0.267839 0.905882 0.888889
36 0.288823 0.847059 0.833333
37 0.287388 0.900000 0.888889
38 0.247815 0.905882 0.888889
39 0.248787 0.952941 0.888889
40 0.238709 0.900000 0.833333
41 0.257029 0.905882 0.888889
42 0.243759 0.894118 0.888889
43 0.236334 0.905882 0.833333
44 0.230621 0.900000 0.888889
45 0.244971 0.900000 0.888889
46 0.249768 0.888235 0.888889
47 0.251153 0.900000 0.833333
48 0.235476 0.905882 0.833333
49 0.228191 0.905882 0.833333
50 0.209521 0.917647 0.833333
51 0.199119 0.958824 0.888889
52 0.213568 0.911765 0.833333
53 0.202411 0.905882 0.833333
54 0.213269 0.911765 0.833333
55 0.202871 0.911765 0.833333
56 0.194732 0.905882 0.833333
57 0.203753 0.929412 0.833333
58 0.204860 0.923529 0.833333
59 0.205182 0.947059 0.833333
60 0.205555 0.952941 0.888889
61 0.197696 0.935294 0.833333
62 0.209455 0.923529 0.833333
63 0.201382 0.952941 0.888889
64 0.201511 0.935294 0.888889
65 0.217591 0.935294 0.833333
66 0.204952 0.911765 0.833333
67 0.208810 0.941176 0.833333
68 0.197316 0.935294 0.833333
69 0.205667 0.911765 0.833333
70 0.200536 0.911765 0.833333
71 0.210336 0.923529 0.888889
72 0.201192 0.911765 0.833333
73 0.195688 0.941176 0.888889
74 0.210787 0.923529 0.833333
75 0.206299 0.917647 0.888889
76 0.215431 0.911765 0.833333
77 0.204401 0.958824 0.944444
78 0.202743 0.947059 0.944444
79 0.219666 0.882353 0.777778
80 0.213286 0.929412 0.833333
81 0.196470 0.905882 0.888889
82 0.219010 0.941176 0.833333
83 0.199571 0.911765 0.888889
84 0.192972 0.929412 0.833333
85 0.206665 0.958824 0.888889
86 0.209027 0.911765 0.888889
87 0.194427 0.911765 0.833333
88 0.193056 0.917647 0.833333
89 0.198596 0.947059 0.888889
90 0.212661 0.923529 0.833333
91 0.212504 0.905882 0.888889
92 0.211863 0.941176 0.888889
93 0.204298 0.888235 0.888889
94 0.187166 0.958824 0.888889
95 0.196970 0.911765 0.888889
96 0.200902 0.894118 0.722222
97 0.199180 0.923529 0.888889
98 0.198683 0.929412 0.888889
99 0.198215 0.935294 0.833333
100 0.189307 0.929412 0.833333
101 0.185780 0.929412 0.833333
102 0.185556 0.923529 0.888889
103 0.183088 0.917647 0.833333
104 0.188707 0.923529 0.888889
105 0.183350 0.923529 0.888889
106 0.186611 0.923529 0.833333
107 0.186889 0.923529 0.888889
108 0.179611 0.964706 0.833333
109 0.189083 0.935294 0.888889
110 0.188044 0.947059 0.888889
111 0.177202 0.917647 0.888889
112 0.183844 0.923529 0.888889
113 0.185720 0.929412 0.888889
114 0.183565 0.935294 0.888889
115 0.188397 0.952941 0.888889
116 0.185043 0.935294 0.888889
117 0.191871 0.929412 0.888889
118 0.181594 0.952941 0.944444
119 0.190965 0.935294 0.777778
120 0.188883 0.852941 0.833333
121 0.196677 0.947059 0.888889
122 0.186032 0.929412 0.888889
123 0.183434 0.929412 0.833333
124 0.204358 0.947059 0.888889
125 0.192145 0.952941 0.833333
126 0.186825 0.958824 0.888889
127 0.178587 0.941176 0.944444
128 0.182513 0.929412 0.888889
129 0.182977 0.935294 0.833333
130 0.179158 0.941176 0.833333
131 0.179793 0.905882 0.888889
132 0.192647 0.917647 0.888889
133 0.188101 0.923529 0.888889
134 0.187489 0.964706 0.944444
135 0.178807 0.923529 0.888889
136 0.188534 0.911765 0.888889
137 0.209355 0.900000 0.888889
138 0.191089 0.905882 0.833333
139 0.184522 0.923529 0.888889
140 0.192137 0.923529 0.888889
141 0.190670 0.929412 0.888889
142 0.176176 0.964706 0.888889
143 0.191490 0.929412 0.777778
144 0.187239 0.929412 0.888889
145 0.180427 0.952941 0.944444
146 0.184325 0.935294 0.833333
147 0.185232 0.929412 0.888889
148 0.178497 0.947059 0.888889
149 0.186291 0.947059 0.888889
150 0.183028 0.929412 0.888889
151 0.172675 0.935294 0.888889
152 0.179518 0.923529 0.888889
153 0.178551 0.941176 0.888889
154 0.180421 0.964706 0.944444
155 0.179009 0.935294 0.888889
156 0.178175 0.935294 0.888889
157 0.172276 0.917647 0.888889
158 0.183095 0.958824 0.833333
159 0.165880 0.935294 0.888889
160 0.168639 0.923529 0.888889
161 0.179949 0.935294 0.888889
162 0.174790 0.929412 0.888889
163 0.178029 0.958824 0.944444
164 0.170351 0.923529 0.888889
165 0.182384 0.941176 0.888889
166 0.178202 0.964706 0.888889
167 0.175684 0.911765 0.888889
168 0.174711 0.929412 0.833333
169 0.181422 0.929412 0.888889
170 0.176704 0.935294 0.888889
171 0.174901 0.923529 0.833333
172 0.178109 0.917647 0.888889
173 0.188001 0.929412 0.888889
174 0.177119 0.917647 0.888889
175 0.171483 0.935294 0.833333
176 0.170988 0.911765 0.888889
177 0.178990 0.917647 0.888889
178 0.178215 0.917647 0.888889
179 0.181747 0.923529 0.888889
180 0.176797 0.947059 0.888889
181 0.175299 0.941176 0.888889
182 0.175196 0.929412 0.888889
183 0.168314 0.941176 0.888889
184 0.183176 0.935294 0.888889
185 0.167288 0.929412 0.888889
186 0.170802 0.935294 0.833333
187 0.177353 0.952941 0.888889
188 0.177624 0.935294 0.888889
189 0.171613 0.929412 0.888889
190 0.178834 0.935294 0.833333
191 0.174197 0.952941 0.944444
192 0.181259 0.929412 0.888889
193 0.184402 0.947059 0.888889
194 0.175692 0.941176 0.888889
195 0.171992 0.929412 0.888889
196 0.172240 0.952941 0.833333
197 0.179120 0.947059 0.888889
198 0.176626 0.941176 0.888889
199 0.176100 0.917647 0.888889
200 0.170070 0.929412 0.888889
201 0.170237 0.935294 0.888889
202 0.170486 0.929412 0.888889
203 0.165960 0.929412 0.833333
204 0.169394 0.958824 0.888889
205 0.170190 0.941176 0.888889
206 0.178427 0.958824 0.888889
207 0.169890 0.964706 0.888889
208 0.173074 0.935294 0.833333
209 0.172307 0.941176 0.888889
210 0.177428 0.929412 0.888889
211 0.171987 0.935294 0.888889
212 0.173467 0.941176 0.888889
213 0.168071 0.941176 0.833333
214 0.184483 0.964706 0.833333
215 0.166774 0.923529 0.833333
216 0.168736 0.935294 0.888889
217 0.173931 0.947059 0.888889
218 0.164969 0.935294 0.888889
219 0.175942 0.964706 0.888889
220 0.169431 0.929412 0.888889
221 0.172419 0.935294 0.888889
222 0.176849 0.958824 0.888889
223 0.175837 0.941176 0.833333
224 0.167528 0.935294 0.833333
225 0.182268 0.935294 0.833333
226 0.178330 0.941176 0.833333
227 0.167120 0.929412 0.833333
228 0.175491 0.958824 0.833333
229 0.168813 0.929412 0.888889
230 0.166008 0.929412 0.833333
231 0.173217 0.935294 0.833333
232 0.165974 0.935294 0.833333
233 0.178155 0.952941 0.888889
234 0.164261 0.947059 0.888889
235 0.170640 0.935294 0.833333
236 0.171046 0.958824 0.833333
237 0.168552 0.935294 0.833333
238 0.164825 0.935294 0.833333
239 0.171675 0.935294 0.833333
240 0.178323 0.941176 0.888889
241 0.169806 0.929412 0.888889
242 0.163244 0.935294 0.888889
243 0.164540 0.941176 0.888889
244 0.165692 0.941176 0.833333
245 0.162444 0.923529 0.888889
246 0.167364 0.929412 0.833333
247 0.165531 0.929412 0.888889
248 0.172141 0.947059 0.888889
249 0.168409 0.935294 0.888889
250 0.171687 0.958824 0.888889
251 0.165234 0.941176 0.888889
252 0.168145 0.935294 0.888889
253 0.165359 0.935294 0.888889
254 0.174726 0.935294 0.888889
255 0.169866 0.929412 0.833333
256 0.170118 0.929412 0.833333
257 0.166926 0.935294 0.833333
258 0.167481 0.929412 0.833333
259 0.167370 0.935294 0.833333
260 0.165177 0.947059 0.888889
261 0.160196 0.947059 0.888889
262 0.167437 0.958824 0.888889
263 0.166198 0.964706 0.888889
264 0.165509 0.935294 0.833333
265 0.169779 0.929412 0.833333
266 0.163673 0.935294 0.888889
267 0.163436 0.935294 0.833333
268 0.170496 0.941176 0.888889
269 0.172921 0.941176 0.833333
270 0.168512 0.935294 0.833333
271 0.164756 0.958824 0.833333
272 0.169119 0.935294 0.833333
273 0.174811 0.941176 0.833333
274 0.171043 0.935294 0.888889
275 0.165938 0.947059 0.833333
276 0.165572 0.935294 0.888889
277 0.165120 0.952941 0.888889
278 0.169360 0.941176 0.833333
279 0.171896 0.941176 0.833333
280 0.169761 0.929412 0.833333
281 0.169063 0.935294 0.833333
282 0.173176 0.935294 0.833333
283 0.167878 0.935294 0.833333
284 0.165643 0.929412 0.833333
285 0.172150 0.941176 0.833333
286 0.162020 0.958824 0.888889
287 0.168795 0.941176 0.888889
288 0.176217 0.941176 0.833333
289 0.166593 0.941176 0.833333
290 0.168208 0.935294 0.833333
291 0.166119 0.935294 0.888889
292 0.165608 0.935294 0.888889
293 0.165597 0.929412 0.833333
294 0.174314 0.947059 0.888889
295 0.162794 0.929412 0.888889
296 0.171196 0.935294 0.888889
297 0.175730 0.935294 0.888889
298 0.170047 0.941176 0.833333
299 0.167819 0.947059 0.833333
300 0.169185 0.935294 0.833333
301 0.161748 0.935294 0.888889
302 0.170864 0.935294 0.888889
303 0.169104 0.935294 0.833333
304 0.169069 0.935294 0.888889
305 0.173637 0.958824 0.888889
306 0.167437 0.941176 0.888889
307 0.164417 0.935294 0.888889
308 0.163689 0.941176 0.888889
309 0.165204 0.929412 0.888889
310 0.167458 0.935294 0.888889
311 0.167753 0.935294 0.888889
312 0.160821 0.947059 0.888889
313 0.164604 0.935294 0.888889
314 0.162540 0.935294 0.888889
315 0.163724 0.935294 0.888889
316 0.160420 0.935294 0.888889
317 0.161577 0.935294 0.888889
318 0.165138 0.935294 0.833333
319 0.163273 0.941176 0.888889
320 0.160644 0.941176 0.833333
321 0.167399 0.935294 0.888889
322 0.162558 0.941176 0.888889
323 0.166184 0.935294 0.888889
324 0.169930 0.941176 0.888889
325 0.161407 0.935294 0.888889
326 0.161977 0.947059 0.888889
327 0.169559 0.941176 0.888889
328 0.165659 0.935294 0.888889
329 0.169110 0.935294 0.833333
330 0.162801 0.947059 0.833333
331 0.168100 0.941176 0.888889
332 0.168486 0.935294 0.888889
333 0.159231 0.941176 0.833333
334 0.169129 0.935294 0.833333
335 0.168812 0.935294 0.833333
336 0.164946 0.935294 0.833333
337 0.164032 0.935294 0.833333
338 0.166001 0.941176 0.833333
339 0.164330 0.935294 0.888889
340 0.162164 0.935294 0.888889
341 0.170975 0.935294 0.833333
342 0.169343 0.941176 0.833333
343 0.166561 0.923529 0.888889
344 0.163876 0.941176 0.833333
345 0.170160 0.935294 0.888889
346 0.167658 0.935294 0.888889
347 0.167250 0.941176 0.833333
348 0.171610 0.941176 0.833333
349 0.164646 0.935294 0.833333
350 0.164874 0.929412 0.833333
