1 5.269677 0.520000 0.473333
2 2.325351 0.506667 0.426667
3 1.731896 0.525185 0.453333
4 1.573351 0.520000 0.493333
5 1.481488 0.525926 0.466667
6 1.072608 0.586667 0.500000
7 1.196098 0.527407 0.460000
8 1.161977 0.561481 0.513333
9 1.163610 0.582963 0.473333
10 0.964454 0.597778 0.493333
11 0.941303 0.600741 0.480000
12 0.906018 0.600000 0.493333
13 0.892141 0.600741 0.466667
14 0.875071 0.592593 0.493333
15 0.878555 0.620000 0.486667
16 0.885172 0.592593 0.473333
17 0.894880 0.559259 0.440000
18 0.959480 0.530370 0.460000
19 1.076671 0.571111 0.473333
20 0.957195 0.603704 0.480000
21 0.885484 0.609630 0.500000
22 0.890232 0.604444 0.493333
23 0.858045 0.614074 0.466667
24 0.876453 0.603704 0.440000
25 0.861172 0.611111 0.466667
26 0.832262 0.600000 0.473333
27 0.833317 0.619259 0.540000
28 0.838613 0.613333 0.486667
29 0.834269 0.625185 0.506667
30 0.809403 0.628148 0.446667
31 0.824027 0.627407 0.466667
32 0.814432 0.627407 0.466667
33 0.838159 0.620000 0.526667
34 0.847709 0.586667 0.506667
35 0.821064 0.625185 0.500000
36 0.800205 0.625185 0.486667
37 0.814526 0.620741 0.500000
38 0.834230 0.617778 0.486667
39 0.812738 0.629630 0.520000
40 0.807367 0.590370 0.453333
41 0.790404 0.636296 0.520000
42 0.809295 0.617037 0.506667
43 0.794306 0.628889 0.526667
44 0.814863 0.628148 0.473333
45 0.787668 0.629630 0.513333
46 0.808423 0.631111 0.526667
47 0.796273 0.628148 0.513333
48 0.796042 0.614074 0.500000
49 0.785775 0.623704 0.513333
50 0.760266 0.635556 0.513333
