1 5.894944 0.510408 0.506083
2 1.896841 0.671533 0.683698
3 1.879091 0.589348 0.562044
4 1.629966 0.688294 0.717762
5 1.349730 0.663152 0.644769
6 1.189070 0.628278 0.618005
7 1.271803 0.601514 0.574209
8 0.876583 0.701271 0.693431
9 1.006576 0.555826 0.559611
10 0.798535 0.575831 0.596107
11 0.831488 0.605028 0.613139
12 0.754864 0.683969 0.673966
13 0.917506 0.721817 0.717762
14 0.744504 0.701541 0.681265
15 0.779715 0.698297 0.712895
16 0.712719 0.697215 0.678832
17 0.756122 0.711544 0.703163
18 0.803437 0.688835 0.715328
19 0.769810 0.664234 0.681265
20 0.759964 0.692890 0.698297
21 0.673862 0.723709 0.708029
22 0.669025 0.669640 0.678832
23 0.625799 0.721817 0.708029
24 0.633733 0.711814 0.698297
25 0.627679 0.703433 0.703163
26 0.633485 0.697486 0.710462
27 0.611569 0.718032 0.722628
28 0.599004 0.666667 0.661800
29 0.605547 0.719384 0.710462
30 0.603613 0.701541 0.683698
31 0.644587 0.703704 0.695864
32 0.607502 0.725602 0.703163
33 0.567618 0.712355 0.676399
34 0.583145 0.741822 0.742092
35 0.594248 0.706677 0.732360
36 0.671517 0.703433 0.678832
37 0.615542 0.607732 0.610706
38 0.584493 0.705326 0.712895
39 0.623578 0.722357 0.712895
40 0.587016 0.743715 0.739659
41 0.587380 0.709111 0.698297
42 0.590218 0.738037 0.732360
43 0.628362 0.719384 0.715328
44 0.609427 0.726953 0.727494
45 0.598051 0.732630 0.727494
46 0.598140 0.728035 0.739659
47 0.581641 0.733712 0.710462
48 0.569238 0.737767 0.737226
49 0.589676 0.701271 0.676399
50 0.585001 0.729116 0.739659
51 0.554081 0.749662 0.737226
52 0.557314 0.722087 0.710462
53 0.555314 0.717491 0.693431
54 0.565811 0.754528 0.734793
55 0.548785 0.759665 0.751825
56 0.544762 0.752906 0.717762
57 0.556766 0.752366 0.739659
58 0.554572 0.749662 0.739659
59 0.557641 0.710462 0.695864
60 0.550441 0.737767 0.742092
61 0.543292 0.747770 0.746959
62 0.540381 0.766964 0.739659
63 0.553133 0.757502 0.746959
64 0.539570 0.756961 0.720195
65 0.537059 0.751825 0.744526
66 0.556953 0.754799 0.739659
67 0.545741 0.766423 0.754258
68 0.541853 0.751554 0.729927
69 0.528784 0.751284 0.734793
70 0.545502 0.761828 0.744526
71 0.533262 0.764531 0.717762
72 0.541446 0.765612 0.725061
73 0.529180 0.771290 0.739659
74 0.530807 0.764261 0.751825
75 0.547923 0.742903 0.703163
76 0.534606 0.749932 0.749392
77 0.537963 0.761828 0.729927
78 0.533685 0.755069 0.737226
79 0.532981 0.765612 0.746959
80 0.533430 0.751554 0.720195
81 0.556116 0.750203 0.742092
82 0.526457 0.759665 0.727494
83 0.550918 0.742633 0.705596
84 0.537075 0.760205 0.746959
85 0.536132 0.759394 0.754258
86 0.529301 0.773723 0.776156
87 0.538889 0.754528 0.744526
88 0.534125 0.760746 0.734793
89 0.520648 0.752636 0.722628
90 0.524528 0.751554 0.732360
91 0.540175 0.768586 0.751825
92 0.532880 0.761287 0.742092
93 0.528745 0.771290 0.749392
94 0.509293 0.760476 0.727494
95 0.533802 0.755610 0.734793
96 0.528823 0.769127 0.705596
97 0.519103 0.758583 0.727494
98 0.538500 0.741822 0.727494
99 0.541622 0.757502 0.725061
100 0.520820 0.762639 0.725061
101 0.506698 0.777237 0.744526
102 0.515726 0.763450 0.727494
103 0.498496 0.768316 0.727494
104 0.505623 0.770749 0.727494
105 0.497244 0.781022 0.751825
106 0.510338 0.768316 0.734793
107 0.503170 0.781833 0.751825
108 0.500967 0.771560 0.744526
109 0.488959 0.779400 0.773723
110 0.496714 0.783725 0.739659
111 0.508206 0.767234 0.734793
112 0.494096 0.769127 0.746959
113 0.502072 0.788321 0.742092
114 0.499247 0.776156 0.729927
115 0.488672 0.755880 0.725061
116 0.505908 0.783455 0.746959
117 0.501818 0.772641 0.742092
118 0.501570 0.775074 0.746959
119 0.502361 0.781833 0.737226
120 0.514523 0.781833 0.742092
121 0.494825 0.776696 0.739659
122 0.491789 0.771019 0.727494
123 0.491835 0.749932 0.722628
124 0.511285 0.779129 0.744526
125 0.489508 0.772371 0.722628
126 0.499125 0.776156 0.732360
127 0.489921 0.793187 0.739659
128 0.486024 0.781833 0.725061
129 0.492370 0.779400 0.732360
130 0.493974 0.790214 0.737226
131 0.490979 0.771290 0.720195
132 0.477971 0.791025 0.744526
133 0.501513 0.785888 0.734793
134 0.497624 0.782644 0.732360
135 0.475775 0.773723 0.732360
136 0.488838 0.786429 0.742092
137 0.495095 0.787240 0.737226
138 0.479182 0.792376 0.761557
139 0.486857 0.788321 0.756691
140 0.490000 0.769938 0.739659
141 0.484145 0.799135 0.768856
142 0.490440 0.785347 0.739659
143 0.492659 0.789403 0.751825
144 0.487492 0.786699 0.739659
145 0.484340 0.793728 0.746959
146 0.486583 0.792647 0.742092
147 0.483215 0.782374 0.742092
148 0.496157 0.780752 0.754258
149 0.499114 0.785077 0.742092
150 0.471809 0.798324 0.751825
151 0.460054 0.793998 0.737226
152 0.463870 0.776156 0.732360
153 0.472668 0.799676 0.754258
154 0.470102 0.807245 0.759124
155 0.472755 0.800757 0.746959
156 0.452707 0.802109 0.751825
157 0.474885 0.805623 0.761557
158 0.464356 0.810760 0.749392
159 0.458130 0.783725 0.742092
160 0.453043 0.802920 0.754258
161 0.455857 0.799946 0.744526
162 0.460496 0.804001 0.756691
163 0.453174 0.809678 0.768856
164 0.454825 0.814274 0.783455
165 0.454949 0.808597 0.746959
166 0.462439 0.815356 0.754258
167 0.449425 0.809138 0.749392
168 0.453108 0.808327 0.720195
169 0.457115 0.808056 0.754258
170 0.446701 0.806164 0.746959
171 0.446817 0.803190 0.751825
172 0.449686 0.815626 0.742092
173 0.449364 0.818870 0.754258
174 0.459568 0.813733 0.742092
175 0.446185 0.809678 0.739659
176 0.450181 0.819951 0.761557
177 0.457904 0.813193 0.756691
178 0.450463 0.821033 0.759124
179 0.455747 0.815896 0.751825
180 0.457455 0.819411 0.744526
181 0.444324 0.812111 0.744526
182 0.441964 0.805623 0.749392
183 0.451186 0.829954 0.751825
184 0.436594 0.813733 0.771290
185 0.444322 0.816978 0.737226
186 0.427214 0.820762 0.763990
187 0.439357 0.819951 0.754258
188 0.447610 0.779941 0.746959
189 0.439269 0.825358 0.746959
190 0.440328 0.819681 0.766423
191 0.423620 0.821303 0.749392
192 0.433113 0.824818 0.742092
193 0.440134 0.825358 0.756691
194 0.443312 0.822925 0.739659
195 0.426873 0.821844 0.737226
196 0.444493 0.829143 0.766423
197 0.446141 0.824818 0.737226
198 0.436917 0.828062 0.771290
199 0.437175 0.831846 0.744526
200 0.415350 0.837253 0.754258
201 0.413102 0.829954 0.754258
202 0.419382 0.839686 0.744526
203 0.420508 0.836713 0.744526
204 0.422653 0.838064 0.746959
205 0.416280 0.839146 0.746959
206 0.419442 0.826440 0.749392
207 0.407329 0.830495 0.759124
208 0.427253 0.829413 0.749392
209 0.420073 0.840227 0.751825
210 0.417826 0.840497 0.754258
211 0.410567 0.835902 0.766423
212 0.405177 0.842931 0.756691
213 0.409735 0.840227 0.756691
214 0.404917 0.833198 0.759124
215 0.417700 0.837253 0.746959
216 0.417622 0.841579 0.737226
217 0.406980 0.841579 0.754258
218 0.410619 0.838335 0.756691
219 0.421289 0.842390 0.751825
220 0.409261 0.842119 0.746959
221 0.416059 0.844823 0.754258
222 0.401614 0.836983 0.759124
223 0.411152 0.842119 0.742092
224 0.401743 0.844553 0.771290
225 0.424577 0.851582 0.766423
226 0.406785 0.845904 0.742092
227 0.406304 0.841308 0.771290
228 0.414740 0.848067 0.761557
229 0.397870 0.844282 0.756691
230 0.398681 0.842660 0.766423
231 0.402677 0.846445 0.763990
232 0.409270 0.845634 0.763990
233 0.416954 0.845364 0.763990
234 0.410602 0.845364 0.754258
235 0.405918 0.848067 0.742092
236 0.399694 0.844282 0.739659
237 0.410402 0.845904 0.759124
238 0.407711 0.847797 0.766423
239 0.407036 0.836713 0.761557
240 0.400716 0.846715 0.746959
241 0.406618 0.848067 0.759124
242 0.403292 0.850500 0.754258
243 0.397090 0.847526 0.732360
244 0.396505 0.846175 0.751825
245 0.401671 0.848608 0.737226
246 0.412243 0.846175 0.746959
247 0.409170 0.845904 0.766423
248 0.403371 0.854285 0.759124
249 0.395603 0.846986 0.766423
250 0.399329 0.854015 0.759124
251 0.385305 0.853474 0.766423
252 0.390944 0.854285 0.766423
253 0.390118 0.852933 0.768856
254 0.393073 0.855907 0.771290
255 0.371792 0.851852 0.751825
256 0.379924 0.852122 0.751825
257 0.396079 0.857259 0.749392
258 0.393881 0.854826 0.771290
259 0.380659 0.854285 0.749392
260 0.396076 0.853474 0.759124
261 0.397652 0.858070 0.763990
262 0.384413 0.858881 0.763990
263 0.380119 0.859151 0.754258
264 0.389099 0.860232 0.746959
265 0.374566 0.859692 0.759124
266 0.394339 0.857799 0.751825
267 0.384365 0.856718 0.759124
268 0.378381 0.856177 0.768856
269 0.378336 0.858881 0.756691
270 0.393089 0.853474 0.763990
271 0.384132 0.848878 0.785888
272 0.382489 0.854015 0.761557
273 0.378897 0.859421 0.756691
274 0.389659 0.863477 0.754258
275 0.385133 0.859151 0.759124
276 0.380579 0.849959 0.783455
277 0.381983 0.861855 0.766423
278 0.393939 0.863206 0.766423
279 0.392554 0.859421 0.773723
280 0.380180 0.859692 0.768856
281 0.387458 0.863747 0.766423
282 0.386337 0.862936 0.759124
283 0.385933 0.861314 0.771290
284 0.387175 0.862125 0.761557
285 0.386436 0.855366 0.776156
286 0.381880 0.866991 0.756691
287 0.367979 0.862395 0.761557
288 0.397201 0.858340 0.771290
289 0.373454 0.861855 0.766423
290 0.370506 0.862125 0.759124
291 0.384517 0.858610 0.768856
292 0.381242 0.862395 0.766423
293 0.387218 0.861584 0.763990
294 0.379746 0.864017 0.759124
295 0.381252 0.863206 0.763990
296 0.380354 0.865369 0.763990
297 0.380197 0.862125 0.754258
298 0.378388 0.862936 0.759124
299 0.376794 0.862936 0.756691
300 0.381454 0.865639 0.766423
301 0.370545 0.866180 0.751825
302 0.369250 0.861584 0.776156
303 0.374575 0.859692 0.768856
304 0.387658 0.869424 0.761557
305 0.381901 0.863477 0.771290
306 0.371408 0.865639 0.768856
307 0.373092 0.865369 0.771290
308 0.370044 0.863477 0.776156
309 0.360808 0.867802 0.766423
310 0.367707 0.865910 0.761557
311 0.392189 0.864828 0.768856
312 0.371366 0.864828 0.771290
313 0.376088 0.865910 0.768856
314 0.364201 0.867261 0.759124
315 0.370731 0.862395 0.773723
316 0.373377 0.866180 0.768856
317 0.378342 0.868343 0.759124
318 0.373731 0.861584 0.768856
319 0.370834 0.864288 0.773723
320 0.377421 0.866721 0.776156
321 0.372591 0.861584 0.776156
322 0.365432 0.864288 0.763990
323 0.370353 0.868883 0.771290
324 0.375223 0.871046 0.768856
325 0.370422 0.861044 0.785888
326 0.367226 0.868613 0.773723
327 0.371761 0.861584 0.781022
328 0.382469 0.868613 0.761557
329 0.370944 0.866721 0.771290
330 0.376095 0.867261 0.776156
331 0.373775 0.855366 0.773723
332 0.383865 0.864558 0.761557
333 0.357989 0.865369 0.773723
334 0.358159 0.867802 0.759124
335 0.368154 0.867261 0.768856
336 0.376738 0.866721 0.761557
337 0.371106 0.867261 0.783455
338 0.373590 0.861584 0.778589
339 0.375778 0.864828 0.768856
340 0.360165 0.864558 0.766423
341 0.367039 0.870506 0.754258
342 0.369123 0.864288 0.771290
343 0.367323 0.867532 0.783455
344 0.377063 0.869695 0.759124
345 0.376131 0.868072 0.768856
346 0.364963 0.861044 0.776156
347 0.360152 0.864558 0.771290
348 0.366446 0.862936 0.776156
349 0.370013 0.869965 0.776156
350 0.380470 0.870506 0.768856
