1 2.495093 0.752778 0.696000
2 0.776087 0.779555 0.698000
3 0.595222 0.797666 0.718000
4 0.522650 0.823556 0.702000
5 0.489681 0.826556 0.706000
6 0.434192 0.844889 0.695000
7 0.446108 0.825667 0.707000
8 0.382734 0.857666 0.698000
9 0.369911 0.852333 0.724000
10 0.358709 0.857444 0.689000
11 0.348372 0.854667 0.710000
12 0.366203 0.855556 0.712000
13 0.373163 0.857889 0.712000
14 0.327223 0.870778 0.701000
15 0.344082 0.867667 0.716000
16 0.319571 0.869222 0.712000
17 0.298554 0.873445 0.710000
18 0.301233 0.874222 0.704000
19 0.304184 0.866445 0.708000
20 0.288718 0.878778 0.708000
21 0.290184 0.876556 0.715000
22 0.278918 0.881889 0.716000
23 0.272677 0.884000 0.713000
24 0.261268 0.886889 0.720000
25 0.263381 0.883000 0.705000
26 0.254726 0.888111 0.696000
27 0.246096 0.891445 0.705000
28 0.286656 0.881111 0.709000
29 0.260689 0.883000 0.716000
30 0.264016 0.888111 0.708000
31 0.250375 0.886667 0.698000
32 0.267261 0.885333 0.723000
33 0.260937 0.883444 0.708000
34 0.247960 0.889778 0.704000
35 0.256055 0.879000 0.720000
36 0.256335 0.888889 0.710000
37 0.271633 0.883778 0.716000
38 0.247103 0.888889 0.714000
39 0.242798 0.887000 0.706000
40 0.271885 0.883778 0.708000
41 0.257093 0.888444 0.725000
42 0.246731 0.893444 0.717000
43 0.239594 0.889555 0.717000
44 0.241061 0.897889 0.715000
45 0.232419 0.892111 0.715000
46 0.271496 0.876222 0.699000
47 0.264894 0.888333 0.706000
48 0.246489 0.887889 0.702000
49 0.252037 0.886778 0.704000
50 0.231881 0.897444 0.710000
51 0.217084 0.898111 0.710000
52 0.212106 0.899222 0.715000
53 0.207790 0.900111 0.721000
54 0.208136 0.902667 0.717000
55 0.204814 0.903000 0.712000
56 0.202294 0.903667 0.700000
57 0.202755 0.904556 0.706000
58 0.197602 0.903111 0.704000
59 0.203079 0.902111 0.714000
60 0.203579 0.902444 0.717000
61 0.200728 0.902000 0.711000
62 0.204122 0.901778 0.710000
63 0.205771 0.903111 0.715000
64 0.208014 0.902667 0.716000
65 0.200816 0.903667 0.703000
66 0.208826 0.903667 0.715000
67 0.196564 0.903889 0.714000
68 0.197072 0.905333 0.710000
69 0.202001 0.905000 0.711000
70 0.197536 0.906111 0.706000
71 0.197961 0.904556 0.708000
72 0.197107 0.904667 0.711000
73 0.200475 0.903445 0.711000
74 0.191687 0.906111 0.704000
75 0.196483 0.905000 0.697000
76 0.198306 0.904111 0.708000
77 0.196868 0.905222 0.713000
78 0.196900 0.906556 0.707000
79 0.195915 0.903000 0.707000
80 0.200012 0.907778 0.708000
81 0.201050 0.903444 0.708000
82 0.195290 0.905445 0.714000
83 0.198034 0.905000 0.716000
84 0.194232 0.906222 0.713000
85 0.198277 0.906333 0.707000
86 0.191144 0.905222 0.697000
87 0.194012 0.904667 0.703000
88 0.204810 0.903333 0.714000
89 0.201951 0.906222 0.700000
90 0.195622 0.906000 0.716000
91 0.189576 0.905333 0.696000
92 0.197345 0.905000 0.700000
93 0.195615 0.906222 0.706000
94 0.190610 0.906778 0.709000
95 0.192673 0.905222 0.721000
96 0.196585 0.906444 0.716000
97 0.200947 0.905000 0.692000
98 0.190796 0.906889 0.699000
99 0.191617 0.906778 0.702000
100 0.188104 0.908555 0.710000
101 0.176467 0.910000 0.713000
102 0.179283 0.909778 0.717000
103 0.178677 0.907667 0.698000
104 0.178565 0.909778 0.711000
105 0.176889 0.909111 0.702000
106 0.176263 0.909778 0.710000
107 0.172683 0.907889 0.707000
108 0.174517 0.910889 0.701000
109 0.176713 0.909222 0.710000
110 0.177155 0.910333 0.704000
111 0.180294 0.909667 0.715000
112 0.175922 0.910333 0.710000
113 0.173974 0.910667 0.717000
114 0.173707 0.908667 0.707000
115 0.178834 0.909778 0.712000
116 0.184462 0.909889 0.717000
117 0.171241 0.909778 0.718000
118 0.174234 0.909222 0.706000
119 0.175342 0.909778 0.707000
120 0.175795 0.910222 0.700000
121 0.178574 0.910555 0.708000
122 0.177016 0.910222 0.710000
123 0.182753 0.909667 0.718000
124 0.175755 0.909667 0.709000
125 0.174849 0.910000 0.710000
126 0.176274 0.910111 0.710000
127 0.177598 0.909889 0.709000
128 0.175031 0.910222 0.702000
129 0.178555 0.909556 0.705000
130 0.177053 0.910000 0.703000
131 0.176058 0.911444 0.708000
132 0.178316 0.910889 0.711000
133 0.173944 0.909111 0.715000
134 0.172562 0.911000 0.712000
135 0.177993 0.909333 0.719000
136 0.174793 0.910000 0.710000
137 0.171910 0.910111 0.721000
138 0.175223 0.910778 0.724000
139 0.174699 0.910889 0.714000
140 0.175781 0.910444 0.704000
141 0.176161 0.910333 0.713000
142 0.173199 0.910667 0.714000
143 0.171398 0.911444 0.712000
144 0.180061 0.910889 0.711000
145 0.177455 0.907889 0.718000
146 0.183024 0.908778 0.716000
147 0.180947 0.908778 0.704000
148 0.175240 0.910555 0.711000
149 0.175691 0.911000 0.714000
150 0.172824 0.911667 0.722000
151 0.169573 0.911445 0.716000
152 0.169076 0.911000 0.714000
153 0.170803 0.912333 0.714000
154 0.167725 0.911778 0.718000
155 0.165900 0.912333 0.708000
156 0.168485 0.911333 0.712000
157 0.166964 0.911889 0.710000
158 0.165794 0.911444 0.709000
159 0.168869 0.912111 0.705000
160 0.166189 0.912334 0.712000
161 0.168267 0.912555 0.712000
162 0.167214 0.911889 0.714000
163 0.167474 0.911778 0.711000
164 0.169957 0.912333 0.714000
165 0.166388 0.911556 0.713000
166 0.167477 0.911889 0.709000
167 0.171111 0.912000 0.714000
168 0.170064 0.910778 0.711000
169 0.164483 0.911778 0.711000
170 0.163825 0.911667 0.708000
171 0.169005 0.911111 0.709000
172 0.164187 0.911444 0.710000
173 0.170757 0.911444 0.708000
174 0.167850 0.911889 0.710000
175 0.169323 0.911444 0.709000
176 0.168744 0.911778 0.713000
177 0.166352 0.911556 0.710000
178 0.164871 0.912000 0.708000
179 0.169004 0.911444 0.710000
180 0.172752 0.912111 0.701000
181 0.165285 0.912111 0.707000
182 0.165185 0.911667 0.706000
183 0.166463 0.913111 0.702000
184 0.168046 0.911889 0.714000
185 0.165481 0.912444 0.705000
186 0.168141 0.911333 0.703000
187 0.167406 0.912556 0.716000
188 0.167170 0.912000 0.711000
189 0.169268 0.912111 0.717000
190 0.166526 0.911667 0.714000
191 0.165603 0.912111 0.705000
192 0.162727 0.911556 0.713000
193 0.167681 0.911222 0.708000
194 0.165155 0.912000 0.708000
195 0.166980 0.911556 0.712000
196 0.169922 0.911333 0.711000
197 0.166755 0.912111 0.706000
198 0.163717 0.912000 0.710000
199 0.167676 0.911778 0.710000
200 0.164674 0.912889 0.713000
201 0.163960 0.912333 0.709000
202 0.164942 0.912222 0.706000
203 0.165823 0.912111 0.713000
204 0.161825 0.912444 0.710000
205 0.162386 0.912556 0.712000
206 0.161951 0.912556 0.714000
207 0.166344 0.912778 0.713000
208 0.165091 0.912555 0.719000
209 0.165106 0.912000 0.709000
210 0.161558 0.913000 0.717000
211 0.161583 0.912778 0.707000
212 0.164449 0.912555 0.714000
213 0.162747 0.912555 0.710000
214 0.164903 0.912667 0.714000
215 0.163096 0.912222 0.713000
216 0.161201 0.912333 0.710000
217 0.162558 0.912444 0.715000
218 0.168455 0.913000 0.713000
219 0.165302 0.912222 0.709000
220 0.163897 0.912556 0.717000
221 0.163234 0.912556 0.718000
222 0.163784 0.912778 0.717000
223 0.163281 0.912333 0.711000
224 0.163539 0.912889 0.714000
225 0.164178 0.912889 0.707000
226 0.164050 0.912667 0.709000
227 0.159673 0.912667 0.706000
228 0.166055 0.912222 0.711000
229 0.160629 0.913000 0.704000
230 0.167335 0.912778 0.701000
231 0.163466 0.912666 0.707000
232 0.159812 0.912778 0.708000
233 0.160090 0.912222 0.709000
234 0.162600 0.913000 0.700000
235 0.161331 0.913000 0.708000
236 0.164639 0.912334 0.705000
237 0.165774 0.913111 0.705000
238 0.160281 0.912222 0.708000
239 0.164215 0.912000 0.710000
240 0.160976 0.912111 0.696000
241 0.164082 0.912556 0.708000
242 0.163261 0.912333 0.705000
243 0.166292 0.912666 0.707000
244 0.160060 0.912889 0.702000
245 0.165670 0.912444 0.707000
246 0.163301 0.912667 0.710000
247 0.163744 0.912889 0.714000
248 0.165505 0.912889 0.711000
249 0.160284 0.912889 0.721000
250 0.165518 0.913111 0.716000
251 0.163091 0.913000 0.717000
252 0.159690 0.913000 0.715000
253 0.157599 0.912889 0.713000
254 0.162676 0.913000 0.716000
255 0.160514 0.912556 0.715000
256 0.162602 0.913111 0.714000
257 0.159264 0.913000 0.714000
258 0.165413 0.912667 0.711000
259 0.159799 0.913111 0.713000
260 0.163277 0.912667 0.714000
261 0.161879 0.913222 0.706000
262 0.164707 0.913111 0.715000
263 0.158776 0.913222 0.715000
264 0.162475 0.913000 0.713000
265 0.159619 0.913000 0.713000
266 0.161705 0.913000 0.720000
267 0.162123 0.912778 0.720000
268 0.163056 0.913000 0.715000
269 0.158626 0.913000 0.711000
270 0.165735 0.913000 0.713000
271 0.164215 0.913111 0.714000
272 0.159051 0.912778 0.712000
273 0.160910 0.913444 0.709000
274 0.162285 0.913333 0.714000
275 0.161004 0.913111 0.715000
276 0.162091 0.913222 0.711000
277 0.164060 0.913333 0.709000
278 0.163007 0.913333 0.709000
279 0.161836 0.913444 0.712000
280 0.160605 0.913111 0.716000
281 0.160909 0.913333 0.713000
282 0.164682 0.913333 0.713000
283 0.162558 0.913667 0.710000
284 0.164742 0.912889 0.708000
285 0.167092 0.912667 0.707000
286 0.166185 0.913111 0.707000
287 0.162712 0.912778 0.715000
288 0.162990 0.913111 0.712000
289 0.160523 0.913333 0.706000
290 0.162806 0.913445 0.715000
291 0.161063 0.913000 0.714000
292 0.160535 0.912778 0.708000
293 0.155635 0.913000 0.715000
294 0.163560 0.912555 0.713000
295 0.158733 0.912778 0.713000
296 0.160357 0.913000 0.709000
297 0.161114 0.913111 0.711000
298 0.160872 0.913556 0.713000
299 0.161094 0.912333 0.710000
300 0.158080 0.912778 0.714000
301 0.159099 0.913444 0.715000
302 0.163387 0.913111 0.712000
303 0.162157 0.913222 0.713000
304 0.156953 0.913333 0.712000
305 0.160405 0.912778 0.714000
306 0.158627 0.913111 0.711000
307 0.160746 0.913444 0.711000
308 0.161785 0.913000 0.713000
309 0.162582 0.913555 0.711000
310 0.162892 0.913334 0.717000
311 0.162469 0.912667 0.711000
312 0.160166 0.912667 0.710000
313 0.159968 0.913111 0.709000
314 0.158346 0.912778 0.711000
315 0.157276 0.913444 0.709000
316 0.162520 0.912555 0.711000
317 0.162585 0.913111 0.710000
318 0.159701 0.912444 0.704000
319 0.160366 0.912555 0.706000
320 0.157760 0.912444 0.713000
321 0.158946 0.913222 0.709000
322 0.159459 0.913000 0.710000
323 0.161153 0.913222 0.709000
324 0.158883 0.913222 0.709000
325 0.159992 0.912778 0.710000
326 0.158523 0.913222 0.711000
327 0.159604 0.912222 0.706000
328 0.159459 0.912667 0.714000
329 0.159124 0.912889 0.713000
330 0.160878 0.913111 0.706000
331 0.159407 0.913444 0.711000
332 0.157810 0.913111 0.702000
333 0.158304 0.912667 0.710000
334 0.159915 0.912889 0.708000
335 0.157091 0.913222 0.710000
336 0.160676 0.913111 0.711000
337 0.161332 0.912778 0.703000
338 0.162745 0.912889 0.712000
339 0.156940 0.912444 0.713000
340 0.162006 0.913000 0.711000
341 0.160826 0.913111 0.714000
342 0.161958 0.913333 0.715000
343 0.162721 0.913778 0.713000
344 0.157933 0.913444 0.713000
345 0.161324 0.913333 0.709000
346 0.161562 0.913444 0.714000
347 0.160193 0.913555 0.710000
348 0.161734 0.913889 0.713000
349 0.161447 0.913444 0.716000
350 0.161364 0.913556 0.710000
