1 4.468607 0.609895 0.598540
2 1.592457 0.635577 0.642336
3 1.162259 0.698838 0.669100
4 1.386842 0.636659 0.618005
5 1.347904 0.640443 0.608273
6 1.251404 0.692079 0.673966
7 1.109561 0.682076 0.681265
8 1.153247 0.669370 0.647202
9 1.189587 0.630981 0.644769
10 1.200058 0.695323 0.681265
11 1.242165 0.664234 0.639903
12 0.831428 0.682617 0.666667
13 0.934164 0.712355 0.698297
14 0.732269 0.687213 0.661800
15 0.651626 0.705596 0.703163
16 0.641412 0.709922 0.705596
17 0.629389 0.681806 0.669100
18 0.731761 0.690457 0.681265
19 0.650759 0.718032 0.705596
20 0.610464 0.721276 0.717762
21 0.579007 0.727494 0.715328
22 0.598898 0.706407 0.671533
23 0.601009 0.720735 0.705596
24 0.590105 0.707489 0.700730
25 0.602755 0.704244 0.690998
26 0.603484 0.710733 0.700730
27 0.588359 0.703704 0.710462
28 0.567806 0.714247 0.700730
29 0.607264 0.692349 0.688564
30 0.583285 0.709651 0.703163
31 0.584399 0.723439 0.705596
32 0.599837 0.713436 0.725061
33 0.617730 0.698838 0.690998
34 0.588567 0.723439 0.703163
35 0.595258 0.718843 0.715328
36 0.587605 0.718302 0.686131
37 0.578595 0.685050 0.632603
38 0.582919 0.713436 0.715328
39 0.629400 0.706677 0.686131
40 0.590393 0.721276 0.710462
41 0.584679 0.713977 0.698297
42 0.573295 0.727224 0.705596
43 0.562644 0.718843 0.703163
44 0.608466 0.692620 0.673966
45 0.609326 0.719924 0.698297
46 0.584850 0.728575 0.698297
47 0.570477 0.723168 0.710462
48 0.585621 0.708840 0.688564
49 0.583880 0.711814 0.695864
50 0.574038 0.728305 0.720195
51 0.572860 0.733441 0.732360
52 0.549254 0.729927 0.710462
53 0.564752 0.714788 0.715328
54 0.543969 0.722628 0.712895
55 0.539484 0.723439 0.700730
56 0.537173 0.725602 0.708029
57 0.565767 0.730738 0.715328
58 0.565668 0.742903 0.744526
59 0.554371 0.725331 0.722628
60 0.565586 0.730197 0.734793
61 0.539041 0.739119 0.727494
62 0.543940 0.740200 0.729927
63 0.548517 0.737767 0.700730
64 0.552089 0.740200 0.725061
65 0.549274 0.712895 0.686131
66 0.548779 0.742092 0.725061
67 0.544490 0.746959 0.746959
68 0.540291 0.739930 0.715328
69 0.534415 0.752095 0.746959
70 0.545162 0.744796 0.732360
71 0.544110 0.747499 0.712895
72 0.556953 0.738578 0.720195
73 0.545397 0.748581 0.737226
74 0.554624 0.744796 0.739659
75 0.554346 0.750473 0.732360
76 0.542531 0.745877 0.727494
77 0.537944 0.748310 0.742092
78 0.539242 0.755339 0.734793
79 0.541462 0.751014 0.734793
80 0.540417 0.747229 0.729927
81 0.538126 0.748310 0.734793
82 0.534624 0.750743 0.722628
83 0.532360 0.721276 0.712895
84 0.540313 0.743715 0.695864
85 0.558522 0.747770 0.717762
86 0.547677 0.747770 0.705596
87 0.554424 0.742092 0.715328
88 0.552909 0.749121 0.712895
89 0.528430 0.758854 0.737226
90 0.537763 0.752095 0.737226
91 0.558059 0.751284 0.729927
92 0.536099 0.755880 0.722628
93 0.530132 0.748310 0.717762
94 0.547640 0.752095 0.727494
95 0.530888 0.757232 0.720195
96 0.536008 0.742903 0.690998
97 0.531167 0.754258 0.732360
98 0.540303 0.759935 0.744526
99 0.530530 0.758854 0.742092
100 0.522627 0.762098 0.744526
101 0.511076 0.755069 0.722628
102 0.506155 0.762098 0.712895
103 0.524608 0.765072 0.717762
104 0.503360 0.775885 0.746959
105 0.500517 0.776156 0.742092
106 0.510759 0.779400 0.727494
107 0.509654 0.786699 0.742092
108 0.507726 0.777778 0.742092
109 0.500604 0.775074 0.751825
110 0.505463 0.775885 0.742092
111 0.500611 0.767775 0.717762
112 0.490787 0.776696 0.746959
113 0.503256 0.773723 0.737226
114 0.493776 0.778589 0.737226
115 0.486032 0.783185 0.742092
116 0.486684 0.782914 0.737226
117 0.495682 0.779941 0.708029
118 0.497235 0.782914 0.737226
119 0.481882 0.780211 0.737226
120 0.495405 0.784536 0.734793
121 0.476746 0.786969 0.746959
122 0.487728 0.789403 0.751825
123 0.482128 0.783455 0.739659
124 0.492516 0.793998 0.754258
125 0.490009 0.786429 0.739659
126 0.482439 0.789943 0.742092
127 0.485035 0.791836 0.734793
128 0.464824 0.796972 0.759124
129 0.470725 0.795080 0.761557
130 0.475898 0.798324 0.756691
131 0.458644 0.799405 0.759124
132 0.474658 0.795620 0.732360
133 0.449034 0.804271 0.751825
134 0.456970 0.797242 0.732360
135 0.479055 0.778318 0.722628
136 0.483078 0.796431 0.739659
137 0.457314 0.795620 0.751825
138 0.465389 0.796702 0.739659
139 0.468456 0.800216 0.749392
140 0.461499 0.800216 0.744526
141 0.469802 0.808056 0.756691
142 0.466787 0.807786 0.756691
143 0.478581 0.812382 0.754258
144 0.455993 0.809678 0.759124
145 0.447749 0.817518 0.766423
146 0.465522 0.814544 0.754258
147 0.447720 0.801298 0.751825
148 0.453889 0.808327 0.729927
149 0.454189 0.814815 0.771290
150 0.436976 0.822384 0.763990
151 0.429748 0.825088 0.744526
152 0.431790 0.816167 0.742092
153 0.423125 0.827791 0.746959
154 0.422564 0.823736 0.773723
155 0.413207 0.829413 0.754258
156 0.422724 0.827791 0.756691
157 0.416524 0.833739 0.754258
158 0.422387 0.834550 0.766423
159 0.429262 0.834009 0.761557
160 0.415338 0.834820 0.746959
161 0.430613 0.827521 0.742092
162 0.421564 0.829413 0.751825
163 0.409575 0.835902 0.742092
164 0.411913 0.836713 0.742092
165 0.415114 0.842119 0.744526
166 0.414898 0.838605 0.732360
167 0.414423 0.835091 0.754258
168 0.413064 0.844553 0.754258
169 0.398505 0.834280 0.729927
170 0.394951 0.844823 0.746959
171 0.403517 0.842931 0.746959
172 0.403735 0.842931 0.763990
173 0.407873 0.845634 0.754258
174 0.389698 0.848337 0.742092
175 0.399621 0.846175 0.756691
176 0.398061 0.851041 0.749392
177 0.408847 0.847797 0.734793
178 0.400402 0.851852 0.742092
179 0.406830 0.845634 0.746959
180 0.404376 0.843471 0.744526
181 0.399689 0.840227 0.744526
182 0.401453 0.845634 0.746959
183 0.394290 0.846986 0.734793
184 0.389357 0.854555 0.756691
185 0.387092 0.853204 0.746959
186 0.383492 0.852933 0.746959
187 0.390979 0.851311 0.756691
188 0.387859 0.851582 0.759124
189 0.394971 0.851311 0.734793
190 0.408989 0.848878 0.732360
191 0.394011 0.853474 0.749392
192 0.396756 0.861044 0.756691
193 0.388756 0.861044 0.744526
194 0.383024 0.859962 0.742092
195 0.387797 0.864828 0.729927
196 0.381827 0.862125 0.742092
197 0.394629 0.868072 0.746959
198 0.380956 0.864288 0.756691
199 0.379833 0.850770 0.742092
200 0.378475 0.872668 0.749392
201 0.363083 0.864558 0.751825
202 0.374421 0.863206 0.729927
203 0.381384 0.865910 0.746959
204 0.364687 0.869424 0.751825
205 0.379277 0.872128 0.754258
206 0.369899 0.873209 0.754258
207 0.356860 0.876994 0.742092
208 0.365148 0.879427 0.754258
209 0.361247 0.876994 0.744526
210 0.366688 0.871857 0.746959
211 0.350319 0.871046 0.746959
212 0.359830 0.874020 0.749392
213 0.346008 0.876183 0.751825
214 0.352825 0.875642 0.756691
215 0.370001 0.876994 0.749392
216 0.344807 0.882671 0.746959
217 0.355167 0.878616 0.746959
218 0.358326 0.882401 0.746959
219 0.370214 0.879697 0.749392
220 0.347351 0.875101 0.746959
221 0.353131 0.879697 0.727494
222 0.353209 0.880238 0.751825
223 0.365817 0.880238 0.756691
224 0.352062 0.879968 0.749392
225 0.354588 0.881860 0.737226
226 0.350035 0.878075 0.756691
227 0.348074 0.879968 0.742092
228 0.359844 0.882941 0.732360
229 0.348175 0.871046 0.749392
230 0.351337 0.888078 0.739659
231 0.357485 0.885645 0.761557
232 0.348023 0.881860 0.756691
233 0.364617 0.882401 0.754258
234 0.355320 0.878886 0.751825
235 0.354552 0.882401 0.749392
236 0.338025 0.886185 0.754258
237 0.356627 0.882671 0.751825
238 0.334651 0.885104 0.746959
239 0.345750 0.881860 0.759124
240 0.356990 0.879968 0.754258
241 0.336079 0.883752 0.773723
242 0.342846 0.887537 0.754258
243 0.344957 0.874020 0.751825
244 0.345710 0.883482 0.761557
245 0.337328 0.887537 0.751825
246 0.342299 0.888348 0.754258
247 0.344038 0.888348 0.761557
248 0.346540 0.886456 0.759124
249 0.336842 0.889970 0.732360
250 0.347629 0.892674 0.751825
251 0.340783 0.891322 0.766423
252 0.325437 0.890511 0.754258
253 0.329118 0.893485 0.754258
254 0.324447 0.894836 0.749392
255 0.322061 0.892674 0.749392
256 0.331079 0.891863 0.756691
257 0.329144 0.892403 0.749392
258 0.320531 0.897270 0.754258
259 0.323391 0.888619 0.754258
260 0.332043 0.895377 0.754258
261 0.329474 0.890511 0.749392
262 0.327307 0.892133 0.742092
263 0.329159 0.895647 0.754258
264 0.324647 0.896459 0.751825
265 0.328862 0.899973 0.754258
266 0.335820 0.898892 0.751825
267 0.323128 0.895647 0.751825
268 0.327377 0.898892 0.761557
269 0.312021 0.898081 0.771290
270 0.321096 0.897270 0.749392
271 0.317696 0.897270 0.754258
272 0.329722 0.894025 0.746959
273 0.336862 0.895107 0.759124
274 0.321919 0.890511 0.744526
275 0.311477 0.896188 0.749392
276 0.324571 0.902136 0.756691
277 0.317547 0.893214 0.754258
278 0.320176 0.896729 0.751825
279 0.317256 0.894566 0.744526
280 0.326612 0.899432 0.756691
281 0.324970 0.896729 0.751825
282 0.329835 0.901595 0.754258
283 0.318926 0.898892 0.744526
284 0.314245 0.897270 0.759124
285 0.326177 0.901054 0.751825
286 0.322941 0.894566 0.746959
287 0.318274 0.896188 0.751825
288 0.333390 0.899703 0.756691
289 0.313743 0.900514 0.759124
290 0.318868 0.894836 0.746959
291 0.311525 0.901054 0.749392
292 0.315016 0.899973 0.754258
293 0.324303 0.898621 0.751825
294 0.331760 0.895377 0.761557
295 0.320872 0.900243 0.754258
296 0.323820 0.903487 0.754258
297 0.315603 0.902136 0.761557
298 0.313599 0.897270 0.754258
299 0.316384 0.895918 0.742092
300 0.318831 0.897810 0.742092
301 0.313124 0.902947 0.754258
302 0.305220 0.901865 0.754258
303 0.309192 0.903758 0.756691
304 0.316128 0.905109 0.754258
305 0.330407 0.904028 0.761557
306 0.312741 0.902676 0.759124
307 0.297352 0.904028 0.754258
308 0.313938 0.902136 0.761557
309 0.300367 0.904839 0.746959
310 0.322599 0.903758 0.751825
311 0.305247 0.901325 0.754258
312 0.314517 0.906191 0.759124
313 0.314365 0.907002 0.739659
314 0.322106 0.903217 0.746959
315 0.295293 0.905921 0.754258
316 0.309162 0.905380 0.759124
317 0.313607 0.904298 0.759124
318 0.307721 0.904839 0.759124
319 0.299632 0.904569 0.761557
320 0.306525 0.906732 0.756691
321 0.317970 0.904569 0.761557
322 0.306633 0.903758 0.763990
323 0.326932 0.906191 0.756691
324 0.308620 0.901325 0.754258
325 0.314160 0.904569 0.763990
326 0.307328 0.904569 0.759124
327 0.308304 0.907002 0.759124
328 0.297377 0.905109 0.768856
329 0.313155 0.905650 0.754258
330 0.301656 0.907543 0.751825
331 0.301551 0.904569 0.766423
332 0.309498 0.904298 0.756691
333 0.322586 0.909976 0.761557
334 0.305114 0.907002 0.756691
335 0.298260 0.904569 0.761557
336 0.302657 0.907002 0.759124
337 0.300092 0.904839 0.751825
338 0.309004 0.908083 0.759124
339 0.306063 0.908624 0.754258
340 0.300326 0.904569 0.754258
341 0.305727 0.907813 0.751825
342 0.310372 0.906461 0.763990
343 0.308223 0.904839 0.761557
344 0.297557 0.906461 0.754258
345 0.316514 0.907002 0.756691
346 0.310330 0.906461 0.746959
347 0.297759 0.905380 0.749392
348 0.314072 0.908624 0.746959
349 0.313325 0.907272 0.751825
350 0.317353 0.909705 0.756691
