1 4.696932 0.508148 0.440000
2 2.451955 0.542963 0.466667
3 2.007815 0.527407 0.406667
4 2.090208 0.504444 0.406667
5 1.838037 0.522963 0.440000
6 1.462900 0.531852 0.426667
7 1.414039 0.568889 0.480000
8 1.095899 0.577778 0.480000
9 1.202499 0.520741 0.406667
10 1.157443 0.512593 0.360000
11 1.000986 0.576296 0.506667
12 1.133502 0.557778 0.426667
13 1.110071 0.568889 0.493333
14 1.034321 0.565926 0.446667
15 1.003185 0.584444 0.466667
16 1.027335 0.550370 0.420000
17 1.015298 0.576296 0.420000
18 0.911207 0.594074 0.500000
19 0.901094 0.604444 0.493333
20 0.886607 0.613333 0.500000
21 0.891466 0.612593 0.473333
22 0.865455 0.602963 0.513333
23 0.855854 0.608889 0.486667
24 0.873078 0.619259 0.493333
25 0.847528 0.615556 0.480000
26 0.853490 0.620000 0.520000
27 0.846791 0.619259 0.493333
28 0.829328 0.615556 0.493333
29 0.862690 0.613333 0.493333
30 0.865126 0.618519 0.486667
31 0.824764 0.612593 0.440000
32 0.826166 0.622963 0.480000
33 0.808848 0.619259 0.520000
34 0.831908 0.611852 0.500000
35 1.009942 0.585926 0.506667
36 1.060540 0.614074 0.493333
37 0.888589 0.582963 0.406667
38 0.846718 0.611852 0.506667
39 0.853096 0.585185 0.413333
40 0.831701 0.604444 0.440000
41 0.808435 0.623704 0.486667
42 0.821959 0.629630 0.486667
43 0.821666 0.631852 0.513333
44 0.812860 0.617037 0.506667
45 0.857478 0.615556 0.500000
46 0.796749 0.617778 0.493333
47 0.840321 0.609630 0.500000
48 0.806411 0.620000 0.473333
49 0.803533 0.624444 0.480000
50 0.782340 0.632593 0.486667
