1 4.713334 0.493333 0.460000
2 2.297028 0.512593 0.493333
3 1.529930 0.523704 0.480000
4 1.699310 0.516296 0.480000
5 1.743902 0.539259 0.473333
6 1.439379 0.511111 0.513333
7 1.175921 0.519259 0.446667
8 1.085129 0.547407 0.520000
9 1.065587 0.552593 0.526667
10 1.012740 0.571111 0.553333
11 0.963193 0.582963 0.560000
12 0.976340 0.580741 0.513333
13 1.079487 0.580741 0.566667
14 0.961006 0.577037 0.573333
15 0.931036 0.590370 0.586667
16 0.925002 0.582222 0.573333
17 0.910386 0.555556 0.526667
18 0.909092 0.591852 0.566667
19 0.894687 0.579259 0.560000
20 0.887845 0.600000 0.553333
21 0.870192 0.604444 0.580000
22 0.902883 0.603704 0.560000
23 0.916425 0.591111 0.553333
24 0.907572 0.578519 0.553333
25 0.937447 0.598519 0.580000
26 0.924380 0.605926 0.560000
27 0.926080 0.601481 0.586667
28 0.877233 0.564444 0.573333
29 0.993671 0.597037 0.586667
30 0.900808 0.588148 0.526667
31 0.883145 0.607407 0.553333
32 0.870295 0.610370 0.566667
33 0.861244 0.617037 0.593333
34 0.864793 0.614815 0.566667
35 0.852845 0.597037 0.560000
36 0.834835 0.613333 0.580000
37 0.866470 0.611111 0.553333
38 0.840156 0.614815 0.566667
39 0.828243 0.622963 0.566667
40 0.838289 0.620000 0.546667
41 0.812035 0.622222 0.566667
42 0.825982 0.621481 0.553333
43 0.811373 0.626667 0.580000
44 0.824872 0.600741 0.586667
45 0.873042 0.574074 0.506667
46 0.879611 0.582222 0.506667
47 0.836508 0.617778 0.566667
48 0.881782 0.599259 0.566667
49 0.860710 0.606667 0.533333
50 0.822304 0.608148 0.553333
