1 4.601150 0.514463 0.518248
2 2.223483 0.520411 0.510949
3 1.619019 0.684509 0.681265
4 1.503594 0.663152 0.652068
5 1.300519 0.643958 0.647202
6 1.209253 0.581238 0.571776
7 0.937818 0.704515 0.676399
8 0.927309 0.635848 0.673966
9 0.964201 0.701000 0.695864
10 0.804470 0.635307 0.639903
11 0.750280 0.721817 0.737226
12 0.790504 0.567451 0.527981
13 0.865711 0.668289 0.693431
14 0.847800 0.727494 0.705596
15 0.695471 0.543931 0.547445
16 0.673120 0.682347 0.678832
17 0.667036 0.715599 0.708029
18 0.658469 0.691809 0.688564
19 0.628162 0.730197 0.732360
20 0.636664 0.704785 0.700730
21 0.651263 0.705055 0.717762
22 0.621910 0.718843 0.688564
23 0.632945 0.725872 0.725061
24 0.633781 0.668018 0.639903
25 0.683974 0.703704 0.715328
26 0.672865 0.626115 0.639903
27 0.590004 0.736415 0.737226
28 0.605459 0.711814 0.720195
29 0.594630 0.717491 0.710462
30 0.585462 0.729386 0.712895
31 0.608922 0.734793 0.722628
32 0.646383 0.723709 0.720195
33 0.601094 0.736145 0.734793
34 0.582139 0.722087 0.710462
35 0.621472 0.712625 0.717762
36 0.624521 0.728575 0.725061
37 0.569955 0.736956 0.712895
38 0.570067 0.741822 0.734793
39 0.572692 0.748040 0.717762
40 0.564752 0.745607 0.727494
41 0.587077 0.698026 0.700730
42 0.588586 0.735875 0.722628
43 0.589696 0.723439 0.717762
44 0.621429 0.720735 0.717762
45 0.597663 0.751825 0.732360
46 0.566555 0.722628 0.727494
47 0.570815 0.739659 0.720195
48 0.572143 0.751825 0.742092
49 0.562814 0.736686 0.722628
50 0.558260 0.746148 0.727494
51 0.541675 0.746959 0.717762
52 0.532564 0.754258 0.732360
53 0.551280 0.766153 0.727494
54 0.539529 0.762098 0.751825
55 0.547560 0.749121 0.732360
56 0.534482 0.757232 0.727494
57 0.552291 0.756691 0.749392
58 0.529957 0.740200 0.710462
59 0.546452 0.709651 0.708029
60 0.537815 0.722087 0.683698
61 0.547090 0.763450 0.742092
62 0.540716 0.764261 0.749392
63 0.528821 0.757772 0.737226
64 0.537368 0.751825 0.720195
65 0.529351 0.746418 0.717762
66 0.527159 0.769938 0.739659
67 0.516253 0.753447 0.746959
68 0.528992 0.768316 0.742092
69 0.513980 0.770479 0.754258
70 0.539010 0.759935 0.742092
71 0.532451 0.769127 0.761557
72 0.525476 0.762909 0.744526
73 0.537481 0.762098 0.749392
74 0.538114 0.759124 0.744526
75 0.524478 0.760746 0.734793
76 0.528476 0.773723 0.773723
77 0.524661 0.761287 0.734793
78 0.534138 0.773452 0.732360
79 0.524607 0.769397 0.737226
80 0.521010 0.763450 0.729927
81 0.518087 0.772371 0.737226
82 0.518905 0.772641 0.756691
83 0.523112 0.773993 0.744526
84 0.536997 0.763990 0.737226
85 0.516693 0.763179 0.759124
86 0.505985 0.759665 0.732360
87 0.530700 0.772641 0.732360
88 0.526447 0.774804 0.754258
89 0.537569 0.767234 0.729927
90 0.506650 0.774804 0.756691
91 0.510489 0.767775 0.761557
92 0.526103 0.769938 0.756691
93 0.516462 0.765342 0.768856
94 0.507515 0.750473 0.710462
95 0.537767 0.777507 0.722628
96 0.506381 0.769397 0.754258
97 0.512863 0.771830 0.761557
98 0.521475 0.708300 0.688564
99 0.525232 0.773723 0.766423
100 0.500002 0.773452 0.749392
101 0.487683 0.787510 0.766423
102 0.473200 0.783725 0.754258
103 0.482460 0.788321 0.773723
104 0.480973 0.785347 0.756691
105 0.494033 0.783455 0.773723
106 0.487567 0.788321 0.742092
107 0.476932 0.792647 0.746959
108 0.484462 0.781563 0.766423
109 0.482993 0.800216 0.759124
110 0.500811 0.786429 0.751825
111 0.479568 0.789673 0.768856
112 0.483603 0.788321 0.783455
113 0.476676 0.783185 0.749392
114 0.475204 0.775074 0.751825
115 0.475174 0.790754 0.768856
116 0.474235 0.790484 0.776156
117 0.488559 0.803731 0.763990
118 0.486300 0.796702 0.754258
119 0.464655 0.800757 0.778589
120 0.483402 0.799135 0.749392
121 0.473497 0.803460 0.766423
122 0.479284 0.788862 0.761557
123 0.465882 0.793728 0.746959
124 0.458966 0.806975 0.766423
125 0.464842 0.801027 0.756691
126 0.475150 0.807245 0.761557
127 0.465328 0.811841 0.768856
128 0.468868 0.812652 0.768856
129 0.475114 0.814544 0.773723
130 0.463061 0.795080 0.776156
131 0.459588 0.809138 0.776156
132 0.470478 0.814815 0.788321
133 0.471020 0.813463 0.773723
134 0.461708 0.817248 0.795620
135 0.459643 0.809678 0.776156
136 0.470444 0.802109 0.756691
137 0.457566 0.814004 0.781022
138 0.463279 0.803731 0.781022
139 0.462176 0.811300 0.776156
140 0.471244 0.815356 0.761557
141 0.449732 0.813463 0.776156
142 0.459846 0.820222 0.763990
143 0.457568 0.810219 0.768856
144 0.439765 0.820762 0.781022
145 0.440439 0.820762 0.768856
146 0.456706 0.809138 0.768856
147 0.471523 0.801298 0.754258
148 0.469512 0.787780 0.761557
149 0.463885 0.821033 0.776156
150 0.460168 0.821573 0.766423
151 0.436906 0.825899 0.778589
152 0.426244 0.830495 0.781022
153 0.435028 0.831035 0.744526
154 0.423823 0.832387 0.776156
155 0.431959 0.831306 0.795620
156 0.433793 0.831576 0.783455
157 0.445884 0.834009 0.776156
158 0.420861 0.833739 0.778589
159 0.429384 0.834550 0.785888
160 0.411073 0.835631 0.785888
161 0.433217 0.825899 0.773723
162 0.427717 0.831035 0.773723
163 0.427083 0.835902 0.783455
164 0.426152 0.839416 0.790754
165 0.421209 0.833739 0.785888
166 0.427226 0.826980 0.785888
167 0.427337 0.836713 0.785888
168 0.425782 0.842931 0.788321
169 0.432372 0.832657 0.761557
170 0.409551 0.838335 0.768856
171 0.402587 0.843471 0.790754
172 0.417493 0.842660 0.790754
173 0.416476 0.843201 0.773723
174 0.414262 0.832657 0.783455
175 0.406329 0.840497 0.778589
176 0.416419 0.842931 0.785888
177 0.423958 0.839686 0.776156
178 0.401912 0.834820 0.771290
179 0.408011 0.843471 0.785888
180 0.409030 0.848337 0.783455
181 0.416387 0.829954 0.759124
182 0.415744 0.843742 0.785888
183 0.412992 0.845904 0.788321
184 0.411864 0.839416 0.793187
185 0.399911 0.846175 0.776156
186 0.400926 0.843471 0.783455
187 0.411541 0.851852 0.766423
188 0.390844 0.842119 0.795620
189 0.399639 0.851311 0.790754
190 0.395445 0.849148 0.763990
191 0.407793 0.853744 0.781022
192 0.399279 0.846715 0.805353
193 0.404167 0.848067 0.790754
194 0.395237 0.843201 0.771290
195 0.404683 0.843742 0.778589
196 0.409371 0.853474 0.793187
197 0.407810 0.855096 0.790754
198 0.391047 0.851852 0.766423
199 0.403513 0.850230 0.790754
200 0.401857 0.862125 0.778589
201 0.390069 0.859421 0.788321
202 0.380894 0.859962 0.790754
203 0.386726 0.862666 0.798054
204 0.380038 0.862666 0.802920
205 0.382330 0.862395 0.795620
206 0.385322 0.858070 0.785888
207 0.379723 0.859421 0.795620
208 0.374124 0.863206 0.795620
209 0.370996 0.864558 0.783455
210 0.375512 0.864017 0.805353
211 0.386039 0.855637 0.773723
212 0.374284 0.866450 0.793187
213 0.385422 0.867802 0.793187
214 0.377721 0.862395 0.771290
215 0.373775 0.863206 0.783455
216 0.380700 0.868343 0.788321
217 0.374987 0.870235 0.800487
218 0.369368 0.863206 0.798054
219 0.377545 0.862666 0.778589
220 0.376313 0.860773 0.795620
221 0.375777 0.866450 0.788321
222 0.373328 0.865099 0.798054
223 0.366560 0.861584 0.800487
224 0.363520 0.859962 0.783455
225 0.379652 0.866721 0.807786
226 0.371427 0.869695 0.805353
227 0.379363 0.871046 0.795620
228 0.368603 0.866450 0.807786
229 0.366803 0.866991 0.795620
230 0.380476 0.865099 0.781022
231 0.364389 0.872128 0.783455
232 0.368800 0.868613 0.793187
233 0.382159 0.867261 0.785888
234 0.373486 0.872128 0.800487
235 0.360358 0.870506 0.800487
236 0.367490 0.872398 0.795620
237 0.366476 0.874561 0.798054
238 0.359684 0.874831 0.790754
239 0.366444 0.866991 0.781022
240 0.373938 0.870235 0.805353
241 0.373141 0.871857 0.807786
242 0.370056 0.869695 0.798054
243 0.357357 0.881049 0.798054
244 0.360209 0.878616 0.785888
245 0.368875 0.868883 0.790754
246 0.361538 0.877805 0.785888
247 0.358132 0.878345 0.798054
248 0.362463 0.869965 0.802920
249 0.358625 0.871857 0.790754
250 0.366973 0.872939 0.800487
251 0.354385 0.879697 0.800487
252 0.357209 0.879427 0.790754
253 0.362392 0.880238 0.793187
254 0.364345 0.877534 0.788321
255 0.348492 0.877534 0.798054
256 0.349286 0.877534 0.785888
257 0.353082 0.882941 0.798054
258 0.341724 0.880508 0.788321
259 0.341263 0.884293 0.800487
260 0.353283 0.879697 0.790754
261 0.346317 0.883212 0.776156
262 0.356653 0.883212 0.795620
263 0.353357 0.881590 0.793187
264 0.358606 0.881860 0.795620
265 0.355989 0.881319 0.790754
266 0.349982 0.882130 0.805353
267 0.341354 0.879157 0.807786
268 0.341812 0.878345 0.800487
269 0.350641 0.885645 0.790754
270 0.347733 0.885104 0.790754
271 0.352778 0.884563 0.798054
272 0.346824 0.884563 0.793187
273 0.351474 0.884834 0.800487
274 0.353960 0.880779 0.793187
275 0.363260 0.881319 0.793187
276 0.353371 0.879697 0.788321
277 0.343164 0.884563 0.810219
278 0.347254 0.882130 0.788321
279 0.351492 0.883752 0.795620
280 0.349773 0.884023 0.802920
281 0.350434 0.886726 0.805353
282 0.341513 0.883212 0.790754
283 0.337219 0.883752 0.805353
284 0.344060 0.886185 0.793187
285 0.345663 0.887537 0.798054
286 0.340661 0.887537 0.800487
287 0.342447 0.883752 0.800487
288 0.355545 0.884293 0.798054
289 0.349242 0.888348 0.778589
290 0.338722 0.886456 0.788321
291 0.338135 0.884023 0.805353
292 0.353301 0.886996 0.815085
293 0.341783 0.885374 0.805353
294 0.339163 0.879968 0.807786
295 0.336859 0.887267 0.798054
296 0.350988 0.884023 0.800487
297 0.345462 0.887808 0.800487
298 0.345975 0.889970 0.788321
299 0.336879 0.891052 0.800487
300 0.338781 0.890781 0.805353
301 0.343804 0.888078 0.802920
302 0.342718 0.889700 0.807786
303 0.332591 0.884834 0.812652
304 0.345413 0.891863 0.802920
305 0.336570 0.888348 0.805353
306 0.350862 0.891322 0.800487
307 0.341462 0.891052 0.793187
308 0.336899 0.892133 0.800487
309 0.347378 0.886456 0.795620
310 0.343276 0.888078 0.807786
311 0.341453 0.888348 0.805353
312 0.325794 0.887267 0.798054
313 0.323025 0.888889 0.800487
314 0.349867 0.886185 0.802920
315 0.336169 0.890781 0.810219
316 0.322146 0.889430 0.802920
317 0.335901 0.890781 0.805353
318 0.336576 0.889159 0.810219
319 0.344228 0.889700 0.807786
320 0.342761 0.891052 0.800487
321 0.338271 0.892133 0.795620
322 0.338624 0.889159 0.795620
323 0.334014 0.892133 0.798054
324 0.343759 0.890241 0.800487
325 0.337692 0.890241 0.800487
326 0.335540 0.892133 0.810219
327 0.331242 0.892674 0.802920
328 0.327523 0.891322 0.800487
329 0.337228 0.890511 0.795620
330 0.331736 0.896459 0.805353
331 0.342294 0.890241 0.805353
332 0.335706 0.893214 0.800487
333 0.332916 0.895377 0.800487
334 0.334423 0.892133 0.802920
335 0.335890 0.890241 0.795620
336 0.338266 0.889430 0.798054
337 0.330374 0.890781 0.805353
338 0.329779 0.894836 0.793187
339 0.335768 0.894566 0.795620
340 0.327803 0.892403 0.793187
341 0.336560 0.891052 0.800487
342 0.339025 0.891052 0.800487
343 0.328199 0.894296 0.810219
344 0.342118 0.892403 0.795620
345 0.342840 0.892133 0.802920
346 0.324479 0.889970 0.800487
347 0.335724 0.893214 0.795620
348 0.344707 0.889159 0.802920
349 0.334168 0.893214 0.805353
350 0.341322 0.894025 0.805353
