1 3.972868 0.554745 0.540146
2 2.101206 0.589348 0.569343
3 1.440171 0.638551 0.664234
4 1.001629 0.624763 0.618005
5 1.253662 0.608002 0.637470
6 0.862121 0.675318 0.686131
7 0.878557 0.701541 0.720195
8 0.772033 0.695864 0.717762
9 0.666777 0.698297 0.717762
10 1.023790 0.611517 0.627737
11 0.785974 0.630441 0.673966
12 0.710713 0.699919 0.703163
13 0.644339 0.694242 0.683698
14 0.658151 0.702893 0.705596
15 0.770424 0.656664 0.642336
16 0.612981 0.696404 0.703163
17 0.688887 0.699649 0.703163
18 0.688505 0.691538 0.673966
19 0.613299 0.712625 0.722628
20 0.612617 0.711814 0.729927
21 0.676635 0.671263 0.703163
22 0.621809 0.691809 0.703163
23 0.613137 0.670722 0.700730
24 0.627418 0.716951 0.720195
25 0.622417 0.695323 0.686131
26 0.652742 0.706407 0.744526
27 0.619078 0.699649 0.690998
28 0.601890 0.712625 0.739659
29 0.632843 0.712625 0.717762
30 0.616075 0.695864 0.729927
31 0.655388 0.715328 0.715328
32 0.615707 0.723168 0.715328
33 0.570120 0.711814 0.722628
34 0.595529 0.723439 0.729927
35 0.590660 0.711544 0.720195
36 0.639129 0.716410 0.708029
37 0.613609 0.684239 0.712895
38 0.617136 0.721006 0.732360
39 0.635424 0.724250 0.727494
40 0.603095 0.719924 0.717762
41 0.630902 0.706407 0.722628
42 0.603403 0.701271 0.700730
43 0.608340 0.716410 0.768856
44 0.636468 0.715328 0.737226
45 0.621962 0.728575 0.725061
46 0.608306 0.676399 0.712895
47 0.618900 0.721276 0.720195
48 0.593943 0.732360 0.737226
49 0.615361 0.690998 0.686131
50 0.593268 0.729386 0.734793
51 0.573534 0.723439 0.732360
52 0.589892 0.702893 0.729927
53 0.573102 0.690727 0.695864
54 0.584555 0.730468 0.751825
55 0.569836 0.733441 0.734793
56 0.577961 0.707489 0.698297
57 0.578938 0.731819 0.725061
58 0.576941 0.729927 0.727494
59 0.562068 0.712895 0.720195
60 0.570067 0.719654 0.727494
61 0.593606 0.727764 0.734793
62 0.558858 0.729116 0.732360
63 0.568103 0.726953 0.727494
64 0.576044 0.711003 0.693431
65 0.557643 0.732901 0.734793
66 0.574886 0.735064 0.727494
67 0.565462 0.729927 0.729927
68 0.552047 0.729116 0.742092
69 0.557047 0.734253 0.729927
70 0.571397 0.732901 0.739659
71 0.566526 0.734523 0.744526
72 0.574124 0.733712 0.727494
73 0.553688 0.731279 0.720195
74 0.560354 0.734523 0.742092
75 0.569325 0.735604 0.742092
76 0.546582 0.734253 0.722628
77 0.564738 0.738308 0.722628
78 0.559435 0.735875 0.737226
79 0.544487 0.740470 0.729927
80 0.556762 0.743174 0.722628
81 0.549833 0.730197 0.739659
82 0.548879 0.736956 0.737226
83 0.569786 0.732090 0.727494
84 0.550894 0.745337 0.732360
85 0.566727 0.737497 0.744526
86 0.559064 0.731279 0.739659
87 0.561473 0.743985 0.744526
88 0.552782 0.742903 0.725061
89 0.546957 0.737767 0.727494
90 0.550520 0.711544 0.710462
91 0.560689 0.726953 0.744526
92 0.555737 0.735875 0.715328
93 0.549570 0.742903 0.729927
94 0.537263 0.728846 0.734793
95 0.547570 0.743985 0.742092
96 0.555180 0.735875 0.729927
97 0.544883 0.750473 0.744526
98 0.555494 0.732090 0.720195
99 0.553244 0.739930 0.737226
100 0.538294 0.749392 0.732360
101 0.535088 0.749392 0.737226
102 0.543853 0.750743 0.717762
103 0.529993 0.752636 0.729927
104 0.535268 0.750743 0.732360
105 0.530215 0.756691 0.737226
106 0.533193 0.755610 0.744526
107 0.533485 0.764531 0.749392
108 0.531690 0.762639 0.739659
109 0.516185 0.764261 0.754258
110 0.527283 0.752366 0.749392
111 0.534447 0.752636 0.754258
112 0.520266 0.759124 0.746959
113 0.530299 0.756961 0.734793
114 0.541563 0.737226 0.725061
115 0.525012 0.761828 0.737226
116 0.531407 0.768856 0.761557
117 0.527249 0.768316 0.759124
118 0.519817 0.759665 0.768856
119 0.519571 0.769938 0.746959
120 0.532601 0.764261 0.742092
121 0.516232 0.772101 0.742092
122 0.513047 0.755069 0.744526
123 0.512552 0.755610 0.722628
124 0.523353 0.776696 0.751825
125 0.507027 0.772371 0.749392
126 0.515537 0.773993 0.754258
127 0.505408 0.763720 0.732360
128 0.503765 0.772641 0.746959
129 0.511017 0.767775 0.771290
130 0.505662 0.777507 0.744526
131 0.513394 0.738578 0.717762
132 0.502712 0.770208 0.746959
133 0.519613 0.777507 0.749392
134 0.513826 0.778589 0.744526
135 0.494132 0.775345 0.763990
136 0.506340 0.775074 0.742092
137 0.514693 0.783996 0.773723
138 0.500842 0.778318 0.754258
139 0.502066 0.783455 0.744526
140 0.508242 0.767775 0.732360
141 0.498622 0.782644 0.759124
142 0.501090 0.785077 0.761557
143 0.501295 0.774804 0.742092
144 0.500080 0.784807 0.732360
145 0.503887 0.789132 0.756691
146 0.490461 0.785618 0.742092
147 0.489654 0.787240 0.761557
148 0.494770 0.777237 0.734793
149 0.500956 0.793187 0.763990
150 0.481589 0.789673 0.727494
151 0.464723 0.801568 0.734793
152 0.464502 0.788321 0.742092
153 0.476116 0.802109 0.746959
154 0.478560 0.799135 0.766423
155 0.473573 0.802379 0.739659
156 0.458087 0.802920 0.742092
157 0.476767 0.803731 0.744526
158 0.470752 0.805623 0.761557
159 0.461536 0.786158 0.744526
160 0.454450 0.802109 0.754258
161 0.461057 0.796431 0.717762
162 0.466800 0.809678 0.749392
163 0.450807 0.809678 0.761557
164 0.457603 0.812922 0.759124
165 0.464590 0.809949 0.746959
166 0.463070 0.809408 0.761557
167 0.455098 0.812652 0.739659
168 0.461831 0.799946 0.754258
169 0.452474 0.807786 0.727494
170 0.448509 0.818600 0.751825
171 0.448649 0.811300 0.754258
172 0.446256 0.817789 0.751825
173 0.447305 0.819681 0.739659
174 0.451860 0.798324 0.727494
175 0.443354 0.803731 0.742092
176 0.449263 0.819951 0.763990
177 0.459496 0.814544 0.732360
178 0.448062 0.818600 0.737226
179 0.458573 0.810219 0.737226
180 0.448133 0.831846 0.751825
181 0.440057 0.820222 0.732360
182 0.436699 0.818329 0.744526
183 0.440634 0.818870 0.749392
184 0.434045 0.823195 0.761557
185 0.444511 0.813733 0.756691
186 0.425364 0.827791 0.744526
187 0.432277 0.819411 0.751825
188 0.435346 0.813193 0.739659
189 0.439784 0.832117 0.742092
190 0.444087 0.822384 0.766423
191 0.430345 0.825629 0.754258
192 0.434113 0.824818 0.746959
193 0.440109 0.819411 0.729927
194 0.432792 0.835361 0.759124
195 0.427342 0.836983 0.749392
196 0.428304 0.829684 0.761557
197 0.432792 0.824818 0.742092
198 0.429628 0.836442 0.766423
199 0.438253 0.829954 0.749392
200 0.416463 0.837794 0.737226
201 0.407153 0.841849 0.746959
202 0.420569 0.846175 0.751825
203 0.407269 0.838335 0.751825
204 0.408504 0.846715 0.754258
205 0.408925 0.849419 0.742092
206 0.413870 0.837253 0.734793
207 0.400631 0.842119 0.742092
208 0.416729 0.844553 0.751825
209 0.400807 0.851041 0.761557
210 0.403807 0.843201 0.739659
211 0.398924 0.849689 0.742092
212 0.390720 0.852933 0.744526
213 0.391762 0.852122 0.756691
214 0.391340 0.853744 0.759124
215 0.399820 0.852663 0.754258
216 0.392502 0.852933 0.756691
217 0.392561 0.849419 0.751825
218 0.391765 0.852663 0.746959
219 0.405078 0.855637 0.749392
220 0.389954 0.854285 0.737226
221 0.402481 0.859151 0.749392
222 0.380055 0.852393 0.756691
223 0.402267 0.849419 0.761557
224 0.388114 0.841308 0.754258
225 0.401951 0.860503 0.759124
226 0.392892 0.851852 0.751825
227 0.381209 0.859692 0.759124
228 0.390293 0.857529 0.756691
229 0.380133 0.859962 0.751825
230 0.378641 0.849689 0.759124
231 0.384054 0.859151 0.749392
232 0.385076 0.856988 0.768856
233 0.391474 0.864288 0.751825
234 0.379462 0.850230 0.744526
235 0.392589 0.859962 0.759124
236 0.371095 0.864558 0.761557
237 0.388729 0.865639 0.759124
238 0.381926 0.865639 0.773723
239 0.389856 0.859151 0.761557
240 0.383692 0.866721 0.759124
241 0.385932 0.854285 0.756691
242 0.380249 0.865369 0.771290
243 0.374803 0.865099 0.754258
244 0.374242 0.864017 0.756691
245 0.375214 0.865910 0.756691
246 0.382546 0.865099 0.776156
247 0.379862 0.865910 0.766423
248 0.380275 0.868072 0.766423
249 0.372390 0.863477 0.756691
250 0.368860 0.864017 0.761557
251 0.356774 0.872398 0.763990
252 0.363759 0.873750 0.766423
253 0.353708 0.872939 0.761557
254 0.359603 0.874020 0.759124
255 0.344438 0.870235 0.768856
256 0.357376 0.867532 0.756691
257 0.369450 0.874290 0.751825
258 0.364593 0.871317 0.766423
259 0.353839 0.874831 0.754258
260 0.365082 0.874831 0.754258
261 0.368663 0.871857 0.759124
262 0.355827 0.871857 0.766423
263 0.346380 0.872398 0.766423
264 0.353169 0.872398 0.756691
265 0.349585 0.872939 0.749392
266 0.365047 0.877264 0.763990
267 0.354781 0.873750 0.759124
268 0.349609 0.878075 0.761557
269 0.349646 0.879157 0.761557
270 0.355642 0.869965 0.744526
271 0.357274 0.875372 0.756691
272 0.353348 0.875642 0.766423
273 0.343642 0.877805 0.768856
274 0.358814 0.882671 0.751825
275 0.351273 0.879427 0.761557
276 0.349031 0.877264 0.756691
277 0.347474 0.880238 0.761557
278 0.355940 0.888348 0.744526
279 0.353894 0.878075 0.761557
280 0.346307 0.879427 0.763990
281 0.353411 0.880779 0.761557
282 0.347354 0.880238 0.754258
283 0.350629 0.882130 0.768856
284 0.356792 0.878886 0.759124
285 0.354615 0.881049 0.766423
286 0.346734 0.880238 0.761557
287 0.331765 0.881590 0.763990
288 0.364792 0.879697 0.759124
289 0.344154 0.880779 0.773723
290 0.336987 0.882941 0.761557
291 0.351689 0.879427 0.761557
292 0.350489 0.884563 0.771290
293 0.356709 0.880508 0.763990
294 0.344101 0.884023 0.759124
295 0.342749 0.884834 0.766423
296 0.346581 0.880508 0.761557
297 0.343801 0.877264 0.766423
298 0.350447 0.882941 0.766423
299 0.341515 0.882671 0.761557
300 0.339504 0.883752 0.768856
301 0.333345 0.884834 0.763990
302 0.340974 0.884563 0.781022
303 0.339281 0.883482 0.781022
304 0.342187 0.888619 0.763990
305 0.337321 0.886185 0.766423
306 0.333186 0.886185 0.761557
307 0.338169 0.883752 0.759124
308 0.336960 0.885374 0.768856
309 0.321949 0.888078 0.759124
310 0.325158 0.885915 0.756691
311 0.353911 0.886456 0.761557
312 0.328078 0.890241 0.761557
313 0.338317 0.888078 0.766423
314 0.322580 0.888619 0.759124
315 0.338983 0.883752 0.768856
316 0.335326 0.886726 0.761557
317 0.335993 0.891592 0.763990
318 0.333768 0.888078 0.776156
319 0.332198 0.888348 0.756691
320 0.330790 0.885915 0.766423
321 0.333526 0.887537 0.763990
322 0.328494 0.885915 0.756691
323 0.336780 0.890241 0.766423
324 0.334162 0.886185 0.766423
325 0.337629 0.888078 0.781022
326 0.327275 0.886726 0.771290
327 0.329868 0.885915 0.759124
328 0.338388 0.892403 0.778589
329 0.323728 0.889970 0.761557
330 0.337857 0.894296 0.773723
331 0.334305 0.890511 0.773723
332 0.345952 0.890781 0.761557
333 0.316888 0.888078 0.768856
334 0.321997 0.893214 0.761557
335 0.322725 0.889970 0.766423
336 0.333010 0.890241 0.771290
337 0.329523 0.889970 0.771290
338 0.333029 0.889700 0.773723
339 0.334674 0.892944 0.759124
340 0.319398 0.893214 0.773723
341 0.323589 0.891592 0.759124
342 0.328185 0.888889 0.785888
343 0.327834 0.889159 0.766423
344 0.335126 0.892674 0.761557
345 0.340848 0.893485 0.749392
346 0.328036 0.890781 0.746959
347 0.325143 0.893485 0.754258
348 0.333239 0.890781 0.771290
349 0.330274 0.894566 0.766423
350 0.336576 0.890781 0.761557
