1 4.253762 0.602325 0.583942
2 1.968258 0.641525 0.688564
3 1.358849 0.670722 0.615572
4 1.185327 0.661530 0.671533
5 1.073115 0.618275 0.625304
6 1.150291 0.585564 0.549878
7 1.226526 0.643687 0.642336
8 1.087384 0.613409 0.637470
9 0.839758 0.683428 0.671533
10 0.728208 0.699108 0.705596
11 0.645121 0.699649 0.693431
12 0.643999 0.717221 0.710462
13 0.673769 0.678832 0.656934
14 0.636493 0.708840 0.688564
15 0.689098 0.678291 0.676399
16 0.667179 0.705596 0.695864
17 0.659533 0.717491 0.720195
18 0.623965 0.686402 0.678832
19 0.619383 0.640443 0.622871
20 0.621544 0.724250 0.717762
21 0.613142 0.723439 0.717762
22 0.592932 0.699649 0.705596
23 0.642960 0.698297 0.688564
24 0.637977 0.721546 0.700730
25 0.606605 0.688024 0.698297
26 0.619020 0.719113 0.737226
27 0.581497 0.711273 0.695864
28 0.626927 0.709922 0.693431
29 0.595215 0.724520 0.712895
30 0.574399 0.732630 0.708029
31 0.571403 0.726953 0.720195
32 0.600118 0.685320 0.690998
33 0.599474 0.707218 0.708029
34 0.610629 0.716410 0.700730
35 0.580160 0.723439 0.715328
36 0.577100 0.730738 0.712895
37 0.581790 0.725331 0.705596
38 0.574717 0.708300 0.688564
39 0.581547 0.723709 0.732360
40 0.589612 0.738037 0.727494
41 0.592539 0.733982 0.729927
42 0.563997 0.727764 0.722628
43 0.581171 0.730197 0.727494
44 0.574437 0.733712 0.703163
45 0.582554 0.732630 0.705596
46 0.576038 0.751284 0.732360
47 0.571466 0.736145 0.744526
48 0.553352 0.708840 0.686131
49 0.563521 0.728035 0.703163
50 0.549670 0.744526 0.737226
51 0.548490 0.752906 0.725061
52 0.550952 0.735334 0.700730
53 0.563098 0.745066 0.712895
54 0.550253 0.746688 0.717762
55 0.545364 0.746688 0.695864
56 0.543009 0.753447 0.751825
57 0.542029 0.742633 0.681265
58 0.538089 0.723709 0.698297
59 0.553465 0.691538 0.676399
60 0.556454 0.742903 0.720195
61 0.531037 0.768316 0.734793
62 0.525449 0.758043 0.742092
63 0.530551 0.756691 0.744526
64 0.530061 0.756421 0.727494
65 0.529631 0.745877 0.712895
66 0.523459 0.760476 0.737226
67 0.544754 0.743444 0.725061
68 0.527315 0.736415 0.720195
69 0.539351 0.753447 0.729927
70 0.516807 0.752906 0.710462
71 0.528105 0.759665 0.725061
72 0.521342 0.750203 0.710462
73 0.527636 0.760746 0.703163
74 0.523337 0.762909 0.734793
75 0.524368 0.769127 0.749392
76 0.527356 0.768586 0.759124
77 0.522682 0.765612 0.737226
78 0.515889 0.756691 0.715328
79 0.531978 0.760476 0.717762
80 0.505854 0.769127 0.742092
81 0.527264 0.773182 0.751825
82 0.507320 0.775074 0.722628
83 0.511075 0.762098 0.715328
84 0.523301 0.765883 0.705596
85 0.530009 0.774534 0.705596
86 0.508161 0.777778 0.720195
87 0.520220 0.776967 0.739659
88 0.523581 0.759394 0.727494
89 0.507973 0.781292 0.749392
90 0.492502 0.780752 0.766423
91 0.501514 0.781833 0.737226
92 0.512170 0.770208 0.729927
93 0.515460 0.778589 0.744526
94 0.513162 0.729927 0.686131
95 0.511343 0.772912 0.729927
96 0.484381 0.772101 0.727494
97 0.516331 0.769938 0.727494
98 0.507268 0.745607 0.681265
99 0.527202 0.785347 0.754258
100 0.492632 0.785618 0.732360
101 0.482688 0.805623 0.761557
102 0.466391 0.796161 0.727494
103 0.479412 0.796702 0.744526
104 0.459522 0.790754 0.722628
105 0.468085 0.798865 0.754258
106 0.467739 0.795080 0.749392
107 0.463908 0.800757 0.766423
108 0.459529 0.804542 0.751825
109 0.482483 0.806164 0.732360
110 0.479646 0.801027 0.754258
111 0.471127 0.806705 0.742092
112 0.455541 0.796972 0.722628
113 0.464768 0.800757 0.744526
114 0.472900 0.794269 0.725061
115 0.454546 0.803460 0.727494
116 0.456394 0.810489 0.759124
117 0.459427 0.816707 0.739659
118 0.472925 0.805082 0.725061
119 0.462570 0.800487 0.732360
120 0.467046 0.799135 0.729927
121 0.459930 0.818870 0.744526
122 0.458559 0.819140 0.739659
123 0.451284 0.807786 0.778589
124 0.459539 0.816978 0.756691
125 0.456916 0.818600 0.771290
126 0.460496 0.817518 0.739659
127 0.464357 0.822655 0.749392
128 0.435229 0.812382 0.737226
129 0.441792 0.825629 0.754258
130 0.442626 0.819140 0.759124
131 0.465081 0.806975 0.742092
132 0.456035 0.808327 0.744526
133 0.434928 0.825358 0.737226
134 0.438678 0.830495 0.756691
135 0.444883 0.814544 0.744526
136 0.435973 0.830495 0.746959
137 0.442574 0.822384 0.734793
138 0.446662 0.816707 0.737226
139 0.444912 0.821033 0.742092
140 0.442369 0.819411 0.744526
141 0.431456 0.822384 0.759124
142 0.437032 0.831306 0.746959
143 0.436308 0.812922 0.715328
144 0.445633 0.827521 0.778589
145 0.457167 0.810489 0.717762
146 0.439419 0.826440 0.756691
147 0.417247 0.806705 0.725061
148 0.435792 0.829684 0.754258
149 0.427136 0.833469 0.742092
150 0.411482 0.842660 0.734793
151 0.397436 0.837524 0.727494
152 0.416291 0.841308 0.732360
153 0.402350 0.844012 0.739659
154 0.387276 0.847797 0.739659
155 0.404389 0.841849 0.739659
156 0.401633 0.851041 0.759124
157 0.390908 0.844553 0.744526
158 0.401826 0.852393 0.734793
159 0.391326 0.844823 0.746959
160 0.389792 0.848337 0.710462
161 0.386343 0.849959 0.727494
162 0.400684 0.844823 0.722628
163 0.379793 0.844553 0.739659
164 0.386029 0.852122 0.739659
165 0.379736 0.855096 0.744526
166 0.388854 0.849689 0.737226
167 0.387854 0.857799 0.746959
168 0.379493 0.859421 0.746959
169 0.396571 0.851311 0.712895
170 0.367044 0.857799 0.734793
171 0.365381 0.864828 0.749392
172 0.381862 0.860773 0.734793
173 0.390488 0.862395 0.720195
174 0.387915 0.855096 0.712895
175 0.373188 0.857259 0.737226
176 0.386178 0.863206 0.722628
177 0.370984 0.855637 0.725061
178 0.372763 0.859692 0.749392
179 0.370857 0.864017 0.717762
180 0.382188 0.867532 0.720195
181 0.373362 0.862395 0.729927
182 0.375021 0.868343 0.732360
183 0.353777 0.859421 0.744526
184 0.374197 0.865369 0.727494
185 0.360193 0.865369 0.734793
186 0.371969 0.861044 0.710462
187 0.361730 0.871046 0.722628
188 0.365658 0.869965 0.746959
189 0.366943 0.869424 0.717762
190 0.353980 0.867802 0.727494
191 0.360413 0.871857 0.734793
192 0.342906 0.875101 0.725061
193 0.359635 0.869154 0.742092
194 0.350405 0.872398 0.720195
195 0.370741 0.866991 0.715328
196 0.361197 0.872128 0.722628
197 0.362899 0.877534 0.732360
198 0.356894 0.877264 0.722628
199 0.370754 0.860232 0.737226
200 0.356601 0.874020 0.734793
201 0.348129 0.873209 0.710462
202 0.350866 0.879968 0.727494
203 0.341988 0.882401 0.742092
204 0.342050 0.887267 0.742092
205 0.333527 0.886456 0.739659
206 0.331716 0.882130 0.739659
207 0.332317 0.886996 0.746959
208 0.347043 0.877534 0.720195
209 0.343638 0.889159 0.749392
210 0.327262 0.891592 0.754258
211 0.329819 0.888619 0.754258
212 0.329107 0.893755 0.737226
213 0.323487 0.892133 0.725061
214 0.329202 0.885645 0.727494
215 0.322826 0.881319 0.729927
216 0.324353 0.890511 0.744526
217 0.325191 0.890511 0.739659
218 0.332038 0.891863 0.742092
219 0.334768 0.889159 0.749392
220 0.315800 0.893755 0.751825
221 0.321965 0.892944 0.754258
222 0.327754 0.891052 0.749392
223 0.336340 0.885104 0.742092
224 0.324741 0.890241 0.737226
225 0.319559 0.900784 0.742092
226 0.326294 0.896999 0.742092
227 0.309128 0.896188 0.746959
228 0.328287 0.896459 0.751825
229 0.321382 0.895918 0.751825
230 0.314332 0.897540 0.756691
231 0.323367 0.900243 0.751825
232 0.306791 0.903758 0.746959
233 0.327484 0.894025 0.742092
234 0.312590 0.895377 0.746959
235 0.309831 0.901865 0.732360
236 0.322538 0.898081 0.744526
237 0.306745 0.898621 0.744526
238 0.316219 0.889159 0.729927
239 0.322595 0.897270 0.729927
240 0.318112 0.901595 0.759124
241 0.319761 0.897270 0.729927
242 0.314731 0.902676 0.749392
243 0.318586 0.902676 0.737226
244 0.311822 0.901325 0.746959
245 0.303351 0.903758 0.746959
246 0.310652 0.901865 0.749392
247 0.312888 0.900514 0.746959
248 0.321112 0.901595 0.739659
249 0.308314 0.905109 0.749392
250 0.301343 0.905921 0.754258
251 0.294872 0.906191 0.739659
252 0.289331 0.910516 0.734793
253 0.306437 0.902947 0.725061
254 0.302799 0.907543 0.744526
255 0.305288 0.906191 0.734793
256 0.300400 0.907543 0.739659
257 0.299691 0.911057 0.737226
258 0.296187 0.909165 0.756691
259 0.286717 0.908894 0.734793
260 0.295263 0.901865 0.727494
261 0.296073 0.905921 0.746959
262 0.297792 0.907543 0.737226
263 0.291314 0.907543 0.749392
264 0.294907 0.905921 0.732360
265 0.301003 0.911057 0.746959
266 0.293465 0.909976 0.739659
267 0.290617 0.909165 0.744526
268 0.288282 0.913760 0.737226
269 0.288768 0.911057 0.732360
270 0.283853 0.908354 0.734793
271 0.293764 0.911868 0.749392
272 0.290878 0.910787 0.742092
273 0.295231 0.911057 0.732360
274 0.307502 0.912679 0.744526
275 0.287117 0.913760 0.742092
276 0.295067 0.909435 0.749392
277 0.280830 0.913220 0.759124
278 0.278053 0.913760 0.742092
279 0.282292 0.910516 0.744526
280 0.287260 0.908354 0.737226
281 0.291635 0.913220 0.751825
282 0.283512 0.913220 0.754258
283 0.285376 0.914572 0.749392
284 0.291167 0.910516 0.725061
285 0.289603 0.909976 0.734793
286 0.284783 0.912409 0.734793
287 0.283779 0.914842 0.746959
288 0.292574 0.911057 0.742092
289 0.290041 0.915653 0.759124
290 0.289101 0.914842 0.742092
291 0.287601 0.909976 0.749392
292 0.284786 0.914572 0.749392
293 0.276398 0.912679 0.759124
294 0.282555 0.912409 0.737226
295 0.270919 0.912949 0.751825
296 0.287680 0.913490 0.751825
297 0.285583 0.911327 0.742092
298 0.276666 0.912138 0.746959
299 0.293149 0.913490 0.751825
300 0.291292 0.914842 0.737226
301 0.274798 0.913760 0.744526
302 0.290956 0.919708 0.754258
303 0.281587 0.916194 0.749392
304 0.282073 0.915653 0.751825
305 0.283777 0.914031 0.746959
306 0.276784 0.916194 0.737226
307 0.286803 0.916464 0.744526
308 0.284835 0.917005 0.751825
309 0.282082 0.916194 0.749392
310 0.275690 0.916194 0.746959
311 0.283052 0.914031 0.739659
312 0.282644 0.914572 0.751825
313 0.275501 0.914572 0.746959
314 0.274940 0.916194 0.744526
315 0.277124 0.916464 0.746959
316 0.278113 0.914842 0.751825
317 0.276869 0.917005 0.749392
318 0.274723 0.915112 0.746959
319 0.278915 0.913760 0.744526
320 0.286479 0.917275 0.739659
321 0.276358 0.915112 0.751825
322 0.285434 0.914842 0.749392
323 0.280707 0.915653 0.744526
324 0.277204 0.914842 0.749392
325 0.272221 0.913760 0.749392
326 0.287938 0.915383 0.744526
327 0.271015 0.920249 0.744526
328 0.277335 0.918086 0.744526
329 0.271613 0.918086 0.744526
330 0.272425 0.918897 0.751825
331 0.280838 0.916734 0.739659
332 0.280375 0.916734 0.734793
333 0.271259 0.915923 0.749392
334 0.277614 0.917816 0.744526
335 0.269431 0.916734 0.742092
336 0.274202 0.919167 0.754258
337 0.266353 0.918086 0.749392
338 0.276217 0.912679 0.749392
339 0.274978 0.917545 0.751825
340 0.266711 0.915112 0.744526
341 0.279104 0.917545 0.759124
342 0.276677 0.919167 0.751825
343 0.269232 0.917545 0.759124
344 0.283565 0.919438 0.751825
345 0.263518 0.919708 0.746959
346 0.269425 0.919438 0.749392
347 0.274324 0.921060 0.749392
348 0.278379 0.918086 0.742092
349 0.278500 0.914842 0.742092
350 0.269751 0.914031 0.754258
