1 4.729183 0.481185 0.435333
2 2.448890 0.492222 0.446667
3 1.849701 0.512667 0.449333
4 1.711456 0.509037 0.459333
5 1.532477 0.519556 0.459333
6 1.431265 0.543778 0.468000
7 1.371127 0.554741 0.490000
8 1.280387 0.547111 0.482000
9 1.193906 0.553037 0.472667
10 1.119674 0.556889 0.470000
11 1.051742 0.568741 0.494667
12 1.088772 0.572296 0.484667
13 1.084487 0.572296 0.500667
14 0.991536 0.569556 0.466667
15 0.972258 0.582741 0.488667
16 0.994480 0.564741 0.488667
17 1.008791 0.567037 0.484000
18 0.992672 0.583704 0.494667
19 0.957308 0.585555 0.492000
20 0.950729 0.594370 0.488000
21 0.915502 0.599185 0.495333
22 0.890901 0.598889 0.483333
23 0.884222 0.593037 0.482667
24 0.884858 0.599852 0.483333
25 0.879187 0.605481 0.490000
26 0.865098 0.610000 0.491333
27 0.879140 0.609852 0.488000
28 0.876124 0.608519 0.492000
29 0.870347 0.610667 0.481333
30 0.860774 0.610815 0.488667
31 0.844318 0.611185 0.474000
32 0.849063 0.612444 0.490000
33 0.836580 0.616815 0.487333
34 0.835459 0.610296 0.486000
35 0.866976 0.607629 0.497333
36 0.870322 0.602074 0.472667
37 0.841430 0.611407 0.491333
38 0.830925 0.621037 0.497333
39 0.825727 0.615333 0.482000
40 0.823865 0.600815 0.474000
41 0.821752 0.616370 0.480667
42 0.846655 0.612074 0.471333
43 0.844142 0.611778 0.495333
44 0.832203 0.618667 0.496000
45 0.819229 0.618222 0.478667
46 0.817713 0.608519 0.474000
47 0.811399 0.619556 0.494000
48 0.808026 0.617111 0.474667
49 0.808571 0.621926 0.496000
50 0.788523 0.629704 0.488000
