1 4.127045 0.644013 0.514286
2 1.652196 0.669903 0.685714
3 1.467354 0.679612 0.542857
4 1.336770 0.754045 0.657143
5 0.941488 0.754045 0.657143
6 0.702706 0.792880 0.628571
7 0.676906 0.812298 0.685714
8 0.625044 0.783172 0.514286
9 0.635232 0.818770 0.571429
10 0.616981 0.815534 0.657143
11 0.542316 0.834951 0.600000
12 0.689576 0.792880 0.600000
13 0.495783 0.812298 0.600000
14 0.422972 0.851133 0.600000
15 0.422010 0.822006 0.628571
16 0.465170 0.851133 0.571429
17 0.430899 0.880259 0.571429
18 0.383265 0.889968 0.628571
19 0.403868 0.867314 0.600000
20 0.388918 0.809061 0.628571
21 0.353560 0.889968 0.600000
22 0.345242 0.886731 0.657143
23 0.314784 0.854369 0.628571
24 0.331195 0.854369 0.657143
25 0.312823 0.919094 0.628571
26 0.276466 0.919094 0.628571
27 0.264481 0.854369 0.600000
28 0.252701 0.860841 0.628571
29 0.294362 0.902913 0.628571
30 0.452095 0.899676 0.628571
31 0.295918 0.912621 0.628571
32 0.234270 0.932039 0.600000
33 0.199552 0.935275 0.600000
34 0.236309 0.932039 0.600000
35 0.221204 0.925566 0.628571
36 0.240463 0.928803 0.685714
37 0.223434 0.915858 0.600000
38 0.229919 0.925566 0.542857
39 0.367165 0.857605 0.457143
40 0.376224 0.915858 0.600000
41 0.241156 0.932039 0.657143
42 0.225981 0.915858 0.571429
43 0.206941 0.928803 0.542857
44 0.186276 0.925566 0.628571
45 0.234564 0.925566 0.628571
46 0.245269 0.922330 0.657143
47 0.199804 0.944984 0.628571
48 0.216651 0.883495 0.628571
49 0.255897 0.932039 0.600000
50 0.191961 0.948220 0.685714
51 0.168228 0.954693 0.600000
52 0.163536 0.951456 0.628571
53 0.160670 0.948220 0.571429
54 0.159939 0.957929 0.628571
55 0.159318 0.941748 0.657143
56 0.161264 0.961165 0.685714
57 0.154937 0.957929 0.714286
58 0.161737 0.954693 0.600000
59 0.162232 0.944984 0.628571
60 0.157761 0.951456 0.657143
61 0.152199 0.954693 0.571429
62 0.186167 0.957929 0.600000
63 0.161070 0.944984 0.600000
64 0.158008 0.954693 0.657143
65 0.150863 0.948220 0.685714
66 0.147976 0.961165 0.685714
67 0.146990 0.957929 0.600000
68 0.160838 0.951456 0.600000
69 0.174288 0.957929 0.600000
70 0.204492 0.805825 0.628571
71 0.213272 0.938511 0.657143
72 0.161116 0.954693 0.628571
73 0.163200 0.906149 0.657143
74 0.198669 0.922330 0.657143
75 0.160843 0.941748 0.571429
76 0.155758 0.954693 0.628571
77 0.145915 0.954693 0.628571
78 0.160217 0.957929 0.628571
79 0.157433 0.961165 0.657143
80 0.158460 0.961165 0.628571
81 0.140958 0.964401 0.628571
82 0.153935 0.961165 0.628571
83 0.144154 0.957929 0.628571
84 0.150411 0.954693 0.628571
85 0.144910 0.948220 0.571429
86 0.153650 0.902913 0.628571
87 0.347523 0.747573 0.628571
88 0.249138 0.961165 0.571429
89 0.169849 0.951456 0.657143
90 0.165758 0.964401 0.685714
91 0.159116 0.951456 0.600000
92 0.151724 0.951456 0.600000
93 0.149409 0.957929 0.628571
94 0.148027 0.954693 0.657143
95 0.144570 0.961165 0.657143
96 0.144979 0.961165 0.657143
97 0.150767 0.957929 0.600000
98 0.139741 0.961165 0.628571
99 0.150325 0.957929 0.571429
100 0.132430 0.967638 0.657143
101 0.119748 0.967638 0.657143
102 0.121000 0.954693 0.600000
103 0.124315 0.961165 0.628571
104 0.122919 0.954693 0.600000
105 0.122376 0.961165 0.628571
106 0.122108 0.964401 0.685714
107 0.123994 0.964401 0.657143
108 0.116833 0.957929 0.685714
109 0.122378 0.967638 0.628571
110 0.114266 0.964401 0.685714
111 0.115374 0.967638 0.600000
112 0.124694 0.961165 0.657143
113 0.116212 0.964401 0.657143
114 0.116432 0.964401 0.600000
115 0.113719 0.964401 0.657143
116 0.117325 0.964401 0.657143
117 0.113708 0.961165 0.628571
118 0.108848 0.967638 0.628571
119 0.125539 0.964401 0.628571
120 0.128864 0.964401 0.628571
121 0.120033 0.961165 0.657143
122 0.116719 0.961165 0.628571
123 0.116522 0.964401 0.600000
124 0.112281 0.957929 0.685714
125 0.116532 0.964401 0.628571
126 0.118521 0.961165 0.628571
127 0.114825 0.964401 0.685714
128 0.119098 0.970874 0.685714
129 0.118759 0.964401 0.600000
130 0.117016 0.967638 0.685714
131 0.121850 0.967638 0.657143
132 0.227646 0.896440 0.600000
133 0.193763 0.961165 0.628571
134 0.139192 0.961165 0.657143
135 0.122670 0.961165 0.628571
136 0.120805 0.967638 0.657143
137 0.120848 0.957929 0.571429
138 0.128204 0.957929 0.657143
139 0.117211 0.967638 0.628571
140 0.114820 0.961165 0.600000
141 0.122923 0.964401 0.628571
142 0.110653 0.967638 0.600000
143 0.113779 0.967638 0.571429
144 0.116715 0.964401 0.600000
145 0.109290 0.964401 0.628571
146 0.110169 0.967638 0.600000
147 0.117186 0.967638 0.628571
148 0.116550 0.967638 0.628571
149 0.118178 0.967638 0.628571
150 0.109054 0.964401 0.657143
151 0.097792 0.970874 0.628571
152 0.109083 0.974110 0.628571
153 0.098344 0.970874 0.628571
154 0.102099 0.967638 0.628571
155 0.098640 0.967638 0.628571
156 0.098812 0.964401 0.628571
157 0.100931 0.967638 0.628571
158 0.100642 0.970874 0.600000
159 0.102588 0.967638 0.628571
160 0.106497 0.970874 0.628571
161 0.104237 0.967638 0.600000
162 0.107998 0.967638 0.628571
163 0.099702 0.970874 0.600000
164 0.100741 0.967638 0.600000
165 0.107317 0.970874 0.600000
166 0.096279 0.970874 0.628571
167 0.099618 0.967638 0.600000
168 0.102874 0.970874 0.571429
169 0.105192 0.970874 0.628571
170 0.104097 0.964401 0.628571
171 0.099083 0.970874 0.600000
172 0.101061 0.974110 0.628571
173 0.110415 0.970874 0.685714
174 0.107197 0.967638 0.571429
175 0.103430 0.970874 0.628571
176 0.102545 0.964401 0.600000
177 0.099613 0.964401 0.628571
178 0.094078 0.967638 0.628571
179 0.102854 0.964401 0.628571
180 0.104112 0.970874 0.600000
181 0.105278 0.970874 0.628571
182 0.101893 0.970874 0.600000
183 0.098900 0.977346 0.628571
184 0.097034 0.974110 0.628571
185 0.092602 0.970874 0.600000
186 0.099158 0.977346 0.628571
187 0.102380 0.977346 0.657143
188 0.103469 0.970874 0.571429
189 0.096590 0.974110 0.600000
190 0.097138 0.970874 0.600000
191 0.106856 0.967638 0.628571
192 0.101495 0.967638 0.571429
193 0.103057 0.964401 0.571429
194 0.099685 0.974110 0.600000
195 0.099355 0.970874 0.600000
196 0.095658 0.974110 0.600000
197 0.097954 0.970874 0.600000
198 0.090482 0.970874 0.571429
199 0.094643 0.970874 0.600000
200 0.093185 0.970874 0.571429
201 0.091018 0.970874 0.571429
202 0.095124 0.967638 0.600000
203 0.088730 0.977346 0.600000
204 0.088174 0.974110 0.600000
205 0.090894 0.974110 0.571429
206 0.091171 0.977346 0.600000
207 0.091583 0.967638 0.571429
208 0.089595 0.974110 0.600000
209 0.092367 0.974110 0.571429
210 0.092946 0.970874 0.600000
211 0.094303 0.970874 0.600000
212 0.095926 0.974110 0.571429
213 0.093740 0.974110 0.600000
214 0.089890 0.974110 0.571429
215 0.094857 0.967638 0.600000
216 0.088932 0.974110 0.600000
217 0.089540 0.974110 0.571429
218 0.095337 0.974110 0.571429
219 0.090444 0.970874 0.571429
220 0.088950 0.970874 0.571429
221 0.092970 0.974110 0.571429
222 0.088517 0.974110 0.571429
223 0.096168 0.970874 0.600000
224 0.087689 0.970874 0.600000
225 0.089942 0.974110 0.571429
226 0.089214 0.970874 0.571429
227 0.086202 0.967638 0.571429
228 0.093756 0.970874 0.600000
229 0.091436 0.967638 0.571429
230 0.088253 0.967638 0.571429
231 0.090737 0.977346 0.571429
232 0.084847 0.974110 0.600000
233 0.087703 0.970874 0.600000
234 0.088418 0.974110 0.600000
235 0.087228 0.974110 0.571429
236 0.083876 0.967638 0.571429
237 0.089982 0.974110 0.571429
238 0.090041 0.967638 0.571429
239 0.091431 0.977346 0.600000
240 0.086779 0.970874 0.571429
241 0.088886 0.967638 0.571429
242 0.091935 0.974110 0.571429
243 0.083938 0.974110 0.571429
244 0.089671 0.974110 0.571429
245 0.086146 0.970874 0.571429
246 0.087372 0.974110 0.571429
247 0.088733 0.970874 0.542857
248 0.095320 0.970874 0.571429
249 0.089783 0.970874 0.542857
250 0.089562 0.970874 0.571429
251 0.083904 0.974110 0.571429
252 0.083289 0.974110 0.571429
253 0.079148 0.970874 0.571429
254 0.081282 0.974110 0.571429
255 0.082298 0.974110 0.571429
256 0.082047 0.974110 0.571429
257 0.085023 0.974110 0.600000
258 0.083723 0.974110 0.571429
259 0.085705 0.974110 0.571429
260 0.082653 0.970874 0.571429
261 0.087378 0.974110 0.571429
262 0.086293 0.974110 0.571429
263 0.084739 0.974110 0.571429
264 0.087643 0.974110 0.571429
265 0.087228 0.974110 0.600000
266 0.081788 0.967638 0.600000
267 0.084744 0.974110 0.600000
268 0.085896 0.970874 0.571429
269 0.084680 0.974110 0.571429
270 0.080723 0.967638 0.571429
271 0.081809 0.974110 0.571429
272 0.084512 0.970874 0.571429
273 0.086587 0.970874 0.571429
274 0.081514 0.974110 0.571429
275 0.080085 0.974110 0.571429
276 0.085064 0.974110 0.571429
277 0.085305 0.974110 0.571429
278 0.083999 0.974110 0.571429
279 0.085011 0.970874 0.600000
280 0.079464 0.974110 0.571429
281 0.086299 0.970874 0.600000
282 0.082593 0.974110 0.571429
283 0.082351 0.977346 0.571429
284 0.087650 0.970874 0.571429
285 0.086627 0.974110 0.571429
286 0.077938 0.974110 0.600000
287 0.086802 0.974110 0.600000
288 0.082604 0.970874 0.600000
289 0.084687 0.970874 0.600000
290 0.082691 0.970874 0.628571
291 0.086059 0.970874 0.600000
292 0.083487 0.974110 0.600000
293 0.084902 0.970874 0.600000
294 0.082494 0.974110 0.600000
295 0.086065 0.974110 0.600000
296 0.084429 0.974110 0.600000
297 0.081872 0.970874 0.600000
298 0.085397 0.974110 0.600000
299 0.083003 0.970874 0.600000
300 0.083961 0.974110 0.600000
301 0.080451 0.974110 0.600000
302 0.081796 0.974110 0.571429
303 0.086292 0.974110 0.600000
304 0.077863 0.974110 0.600000
305 0.082274 0.974110 0.600000
306 0.080739 0.974110 0.600000
307 0.086191 0.974110 0.600000
308 0.079315 0.974110 0.600000
309 0.081606 0.974110 0.600000
310 0.082812 0.974110 0.600000
311 0.082501 0.974110 0.600000
312 0.079058 0.974110 0.600000
313 0.076128 0.974110 0.600000
314 0.078927 0.974110 0.600000
315 0.078980 0.974110 0.600000
316 0.078576 0.974110 0.600000
317 0.078450 0.974110 0.600000
318 0.082912 0.974110 0.600000
319 0.083181 0.974110 0.600000
320 0.083467 0.974110 0.600000
321 0.080746 0.974110 0.600000
322 0.082521 0.974110 0.600000
323 0.081865 0.974110 0.600000
324 0.077543 0.970874 0.600000
325 0.083797 0.970874 0.600000
326 0.077879 0.974110 0.600000
327 0.079759 0.974110 0.571429
328 0.084834 0.974110 0.571429
329 0.078358 0.974110 0.600000
330 0.077619 0.974110 0.571429
331 0.076319 0.970874 0.600000
332 0.081565 0.974110 0.571429
333 0.079559 0.974110 0.600000
334 0.080076 0.974110 0.571429
335 0.083255 0.974110 0.571429
336 0.082732 0.974110 0.600000
337 0.078711 0.974110 0.571429
338 0.083402 0.974110 0.600000
339 0.082808 0.974110 0.600000
340 0.081556 0.974110 0.571429
341 0.074728 0.974110 0.571429
342 0.079610 0.974110 0.571429
343 0.077748 0.974110 0.571429
344 0.080390 0.974110 0.571429
345 0.079092 0.974110 0.571429
346 0.076648 0.974110 0.571429
347 0.082403 0.970874 0.571429
348 0.083629 0.974110 0.600000
349 0.076022 0.974110 0.542857
350 0.078699 0.974110 0.600000
