1 2.462513 0.723333 0.670000
2 0.702043 0.812222 0.720000
3 0.669700 0.792222 0.700000
4 0.516000 0.826667 0.670000
5 0.417220 0.818889 0.690000
6 0.402551 0.862222 0.700000
7 0.430432 0.817778 0.690000
8 0.353102 0.875556 0.720000
9 0.340834 0.848889 0.740000
10 0.324355 0.880000 0.690000
11 0.324789 0.853333 0.720000
12 0.337303 0.866667 0.670000
13 0.503751 0.853333 0.730000
14 0.364392 0.853333 0.700000
15 0.380795 0.871111 0.720000
16 0.312590 0.867778 0.670000
17 0.287687 0.884444 0.710000
18 0.261875 0.885556 0.730000
19 0.276244 0.868889 0.710000
20 0.282517 0.874444 0.690000
21 0.257464 0.884444 0.690000
22 0.266376 0.885556 0.730000
23 0.263509 0.896667 0.730000
24 0.263783 0.893333 0.730000
25 0.249547 0.900000 0.730000
26 0.246568 0.893333 0.700000
27 0.237463 0.896667 0.720000
28 0.248978 0.892222 0.730000
29 0.260082 0.892222 0.730000
30 0.258226 0.895556 0.730000
31 0.243532 0.898889 0.710000
32 0.272450 0.874444 0.750000
33 0.343532 0.871111 0.730000
34 0.269901 0.895556 0.730000
35 0.386557 0.884444 0.750000
36 0.316840 0.883333 0.740000
37 0.265332 0.895556 0.760000
38 0.235595 0.892222 0.770000
39 0.244298 0.898889 0.730000
40 0.221998 0.878889 0.750000
41 0.243055 0.882222 0.750000
42 0.264638 0.901111 0.730000
43 0.237453 0.902222 0.750000
44 0.234269 0.903333 0.760000
45 0.243465 0.895556 0.760000
46 0.235078 0.896667 0.730000
47 0.219151 0.895556 0.720000
48 0.224109 0.896667 0.720000
49 0.202630 0.900000 0.700000
50 0.198642 0.905556 0.750000
51 0.188880 0.904444 0.730000
52 0.188479 0.904444 0.720000
53 0.192182 0.904444 0.740000
54 0.189796 0.906667 0.730000
55 0.192462 0.903333 0.710000
56 0.191750 0.901111 0.710000
57 0.204104 0.902222 0.720000
58 0.193148 0.905556 0.710000
59 0.187237 0.901111 0.730000
60 0.192769 0.906667 0.740000
61 0.190304 0.903333 0.730000
62 0.200579 0.900000 0.740000
63 0.200763 0.910000 0.750000
64 0.191515 0.906667 0.740000
65 0.183182 0.905556 0.710000
66 0.180744 0.910000 0.720000
67 0.185942 0.897778 0.730000
68 0.183305 0.907778 0.760000
69 0.194201 0.906667 0.760000
70 0.198648 0.905556 0.750000
71 0.213111 0.903333 0.740000
72 0.195569 0.901111 0.710000
73 0.188123 0.906667 0.720000
74 0.184886 0.907778 0.720000
75 0.201391 0.907778 0.730000
76 0.191409 0.907778 0.750000
77 0.190313 0.900000 0.720000
78 0.189131 0.906667 0.740000
79 0.179796 0.912222 0.730000
80 0.186627 0.908889 0.740000
81 0.186851 0.902222 0.750000
82 0.186443 0.905556 0.740000
83 0.199870 0.908889 0.710000
84 0.184716 0.906667 0.730000
85 0.179943 0.906667 0.740000
86 0.203692 0.897778 0.680000
87 0.209295 0.902222 0.720000
88 0.206179 0.911111 0.740000
89 0.189969 0.910000 0.740000
90 0.192798 0.904444 0.770000
91 0.202759 0.903333 0.750000
92 0.201185 0.908889 0.740000
93 0.198680 0.904444 0.740000
94 0.199793 0.908889 0.720000
95 0.205483 0.910000 0.740000
96 0.186264 0.910000 0.740000
97 0.184560 0.907778 0.730000
98 0.194942 0.907778 0.730000
99 0.189704 0.908889 0.760000
100 0.177913 0.911111 0.760000
101 0.175801 0.906667 0.750000
102 0.175267 0.908889 0.760000
103 0.172811 0.910000 0.740000
104 0.177617 0.908889 0.750000
105 0.178345 0.907778 0.750000
106 0.181722 0.911111 0.760000
107 0.170624 0.908889 0.760000
108 0.170795 0.907778 0.770000
109 0.172202 0.910000 0.750000
110 0.174082 0.912222 0.740000
111 0.166951 0.908889 0.760000
112 0.177830 0.908889 0.770000
113 0.173430 0.906667 0.750000
114 0.166538 0.907778 0.740000
115 0.174058 0.911111 0.740000
116 0.174917 0.908889 0.720000
117 0.165587 0.907778 0.750000
118 0.169675 0.911111 0.730000
119 0.174333 0.911111 0.700000
120 0.169156 0.906667 0.730000
121 0.192469 0.911111 0.740000
122 0.180368 0.910000 0.740000
123 0.175795 0.911111 0.740000
124 0.180031 0.907778 0.740000
125 0.176462 0.911111 0.730000
126 0.173025 0.908889 0.730000
127 0.179206 0.911111 0.720000
128 0.170217 0.910000 0.720000
129 0.173594 0.908889 0.740000
130 0.167116 0.905556 0.740000
131 0.178468 0.911111 0.740000
132 0.178830 0.912222 0.740000
133 0.169559 0.905556 0.740000
134 0.171328 0.914444 0.750000
135 0.179562 0.906667 0.760000
136 0.162699 0.912222 0.740000
137 0.169056 0.906667 0.760000
138 0.188354 0.910000 0.750000
139 0.177883 0.910000 0.740000
140 0.173298 0.910000 0.740000
141 0.194001 0.907778 0.740000
142 0.172100 0.912222 0.740000
143 0.170726 0.912222 0.720000
144 0.179693 0.908889 0.740000
145 0.181551 0.904444 0.730000
146 0.176281 0.908889 0.740000
147 0.174485 0.910000 0.730000
148 0.177517 0.911111 0.710000
149 0.171666 0.908889 0.720000
150 0.174427 0.912222 0.730000
151 0.174250 0.911111 0.720000
152 0.169653 0.910000 0.740000
153 0.168609 0.911111 0.730000
154 0.165863 0.911111 0.730000
155 0.168084 0.912222 0.730000
156 0.164815 0.910000 0.730000
157 0.161855 0.910000 0.710000
158 0.166485 0.912222 0.720000
159 0.166133 0.911111 0.720000
160 0.164670 0.912222 0.720000
161 0.167547 0.912222 0.730000
162 0.169838 0.911111 0.730000
163 0.166333 0.911111 0.730000
164 0.167013 0.912222 0.730000
165 0.168862 0.912222 0.730000
166 0.165416 0.911111 0.730000
167 0.167524 0.912222 0.740000
168 0.175748 0.910000 0.750000
169 0.161526 0.910000 0.750000
170 0.161175 0.912222 0.740000
171 0.163094 0.910000 0.720000
172 0.160214 0.911111 0.710000
173 0.168900 0.907778 0.730000
174 0.171301 0.912222 0.740000
175 0.167024 0.912222 0.730000
176 0.163780 0.912222 0.730000
177 0.175523 0.911111 0.740000
178 0.171095 0.912222 0.740000
179 0.170734 0.911111 0.740000
180 0.179468 0.911111 0.740000
181 0.173347 0.912222 0.750000
182 0.163150 0.908889 0.730000
183 0.163915 0.913333 0.740000
184 0.169065 0.913333 0.740000
185 0.161439 0.912222 0.750000
186 0.167119 0.907778 0.730000
187 0.170397 0.914444 0.740000
188 0.173150 0.913333 0.710000
189 0.210284 0.910000 0.730000
190 0.170937 0.913333 0.730000
191 0.167444 0.912222 0.740000
192 0.164838 0.908889 0.720000
193 0.168042 0.910000 0.730000
194 0.165021 0.912222 0.740000
195 0.170251 0.912222 0.740000
196 0.168384 0.906667 0.730000
197 0.166256 0.911111 0.730000
198 0.160059 0.911111 0.750000
199 0.165008 0.907778 0.720000
200 0.162978 0.910000 0.710000
201 0.163658 0.912222 0.730000
202 0.168162 0.912222 0.720000
203 0.166529 0.912222 0.720000
204 0.157079 0.913333 0.740000
205 0.161968 0.912222 0.750000
206 0.159439 0.908889 0.750000
207 0.171217 0.913333 0.730000
208 0.163156 0.913333 0.740000
209 0.164847 0.913333 0.720000
210 0.158234 0.913333 0.750000
211 0.166619 0.913333 0.740000
212 0.160291 0.913333 0.740000
213 0.157748 0.913333 0.750000
214 0.167729 0.912222 0.750000
215 0.162396 0.913333 0.750000
216 0.161724 0.913333 0.750000
217 0.163568 0.913333 0.740000
218 0.176411 0.914444 0.740000
219 0.167884 0.912222 0.740000
220 0.166250 0.913333 0.740000
221 0.165311 0.913333 0.750000
222 0.168351 0.913333 0.750000
223 0.161883 0.911111 0.750000
224 0.159730 0.912222 0.760000
225 0.158813 0.913333 0.740000
226 0.167772 0.913333 0.740000
227 0.160390 0.913333 0.740000
228 0.164592 0.914444 0.720000
229 0.165854 0.913333 0.720000
230 0.166785 0.914444 0.710000
231 0.163817 0.914444 0.730000
232 0.154215 0.913333 0.740000
233 0.158548 0.913333 0.730000
234 0.164923 0.913333 0.720000
235 0.162426 0.914444 0.710000
236 0.167695 0.915556 0.720000
237 0.165764 0.913333 0.720000
238 0.159699 0.914444 0.730000
239 0.161919 0.914444 0.730000
240 0.164022 0.914444 0.720000
241 0.165153 0.912222 0.730000
242 0.164822 0.914444 0.710000
243 0.171174 0.914444 0.740000
244 0.161852 0.913333 0.730000
245 0.168353 0.912222 0.720000
246 0.160853 0.914444 0.720000
247 0.160852 0.914444 0.730000
248 0.177647 0.912222 0.730000
249 0.159476 0.913333 0.740000
250 0.174194 0.913333 0.740000
251 0.164287 0.914444 0.740000
252 0.156203 0.912222 0.740000
253 0.157809 0.914444 0.740000
254 0.165118 0.914444 0.740000
255 0.163257 0.914444 0.740000
256 0.166137 0.914444 0.730000
257 0.155712 0.914444 0.740000
258 0.170180 0.912222 0.740000
259 0.161203 0.914444 0.730000
260 0.167288 0.913333 0.730000
261 0.157868 0.913333 0.730000
262 0.161668 0.913333 0.730000
263 0.160154 0.914444 0.740000
264 0.161056 0.913333 0.730000
265 0.161780 0.914444 0.740000
266 0.159244 0.914444 0.740000
267 0.160281 0.913333 0.730000
268 0.164840 0.914444 0.720000
269 0.155064 0.914444 0.720000
270 0.167998 0.913333 0.720000
271 0.160721 0.914444 0.710000
272 0.158129 0.914444 0.740000
273 0.155782 0.914444 0.720000
274 0.161802 0.914444 0.740000
275 0.162162 0.913333 0.730000
276 0.167094 0.913333 0.720000
277 0.160706 0.913333 0.720000
278 0.160007 0.913333 0.730000
279 0.159604 0.913333 0.720000
280 0.157900 0.913333 0.730000
281 0.155013 0.913333 0.720000
282 0.165051 0.914444 0.730000
283 0.162346 0.913333 0.730000
284 0.160038 0.913333 0.730000
285 0.169529 0.913333 0.730000
286 0.167799 0.913333 0.730000
287 0.160509 0.914444 0.740000
288 0.165901 0.913333 0.730000
289 0.158133 0.913333 0.720000
290 0.167246 0.913333 0.720000
291 0.156989 0.913333 0.720000
292 0.162456 0.914444 0.740000
293 0.153563 0.914444 0.730000
294 0.163571 0.914444 0.730000
295 0.157495 0.914444 0.720000
296 0.163762 0.914444 0.740000
297 0.163018 0.914444 0.730000
298 0.163150 0.914444 0.720000
299 0.165343 0.913333 0.720000
300 0.159385 0.913333 0.720000
301 0.157676 0.914444 0.730000
302 0.158834 0.914444 0.730000
303 0.156777 0.914444 0.730000
304 0.153841 0.914444 0.730000
305 0.164410 0.914444 0.720000
306 0.161326 0.914444 0.720000
307 0.156951 0.914444 0.720000
308 0.159751 0.914444 0.720000
309 0.164039 0.914444 0.720000
310 0.160254 0.915556 0.730000
311 0.164189 0.914444 0.740000
312 0.154525 0.914444 0.720000
313 0.148662 0.914444 0.730000
314 0.162729 0.914444 0.730000
315 0.153950 0.914444 0.720000
316 0.155239 0.914444 0.720000
317 0.158259 0.914444 0.730000
318 0.157527 0.914444 0.720000
319 0.162255 0.914444 0.730000
320 0.157999 0.914444 0.730000
321 0.152563 0.914444 0.740000
322 0.165409 0.914444 0.730000
323 0.160785 0.914444 0.730000
324 0.158615 0.914444 0.730000
325 0.160631 0.915556 0.730000
326 0.152455 0.914444 0.730000
327 0.160950 0.914444 0.730000
328 0.158430 0.915556 0.720000
329 0.156576 0.914444 0.740000
330 0.160210 0.914444 0.730000
331 0.157262 0.914444 0.730000
332 0.159096 0.915556 0.730000
333 0.159289 0.914444 0.730000
334 0.165539 0.914444 0.730000
335 0.157600 0.914444 0.730000
336 0.161087 0.914444 0.730000
337 0.161479 0.914444 0.730000
338 0.154513 0.914444 0.720000
339 0.154315 0.914444 0.730000
340 0.160079 0.914444 0.730000
341 0.157453 0.914444 0.730000
342 0.161405 0.914444 0.740000
343 0.166969 0.915556 0.730000
344 0.155763 0.915556 0.730000
345 0.158773 0.914444 0.730000
346 0.159565 0.915556 0.730000
347 0.155134 0.914444 0.740000
348 0.160909 0.915556 0.730000
349 0.152010 0.913333 0.740000
350 0.158474 0.914444 0.720000
