1 1.761993 0.688235 0.666667
2 0.697445 0.841176 0.888889
3 0.636424 0.341176 0.333333
4 0.621778 0.882353 0.833333
5 0.419413 0.882353 0.833333
6 0.532726 0.705882 0.611111
7 0.390042 0.576471 0.444444
8 0.359469 0.876471 0.777778
9 0.574217 0.711765 0.611111
10 0.360263 0.870588 0.777778
11 0.382568 0.900000 0.833333
12 0.304483 0.841176 0.666667
13 0.350076 0.888235 0.777778
14 0.227475 0.941176 0.833333
15 0.393755 0.882353 0.888889
16 0.253536 0.929412 0.722222
17 0.241306 0.847059 0.666667
18 0.233980 0.952941 0.722222
19 0.212982 0.958824 0.722222
20 0.233039 0.911765 0.777778
21 0.262740 0.911765 0.722222
22 0.248982 0.917647 0.777778
23 0.221704 0.894118 0.833333
24 0.258949 0.929412 0.722222
25 0.237803 0.911765 0.722222
26 0.206764 0.829412 0.611111
27 0.216708 0.911765 0.777778
28 0.240896 0.805882 0.611111
29 0.211241 0.911765 0.722222
30 0.204932 0.941176 0.722222
31 0.183718 0.964706 0.722222
32 0.197508 0.941176 0.722222
33 0.182379 0.970588 0.722222
34 0.184377 0.900000 0.777778
35 0.192822 0.964706 0.777778
36 0.172907 0.905882 0.722222
37 0.195426 0.958824 0.722222
38 0.176007 0.947059 0.722222
39 0.180892 0.917647 0.722222
40 0.198299 0.852941 0.666667
41 0.196912 0.870588 0.666667
42 0.199124 0.929412 0.722222
43 0.178045 0.964706 0.722222
44 0.181469 0.952941 0.722222
45 0.195226 0.964706 0.722222
46 0.174263 0.917647 0.722222
47 0.168073 0.935294 0.666667
48 0.183257 0.935294 0.722222
49 0.175879 0.970588 0.777778
50 0.165819 0.964706 0.777778
51 0.152544 0.935294 0.722222
52 0.154941 0.976471 0.777778
53 0.147284 0.970588 0.777778
54 0.153454 0.976471 0.777778
55 0.146676 0.935294 0.722222
56 0.167390 0.941176 0.777778
57 0.155910 0.935294 0.777778
58 0.158307 0.935294 0.777778
59 0.154688 0.976471 0.777778
60 0.158123 0.941176 0.722222
61 0.148495 0.970588 0.777778
62 0.153791 0.929412 0.777778
63 0.153424 0.958824 0.722222
64 0.159503 0.964706 0.777778
65 0.156984 0.947059 0.722222
66 0.152337 0.964706 0.777778
67 0.144424 0.964706 0.777778
68 0.151466 0.964706 0.777778
69 0.155457 0.970588 0.777778
70 0.150030 0.970588 0.777778
71 0.162476 0.976471 0.777778
72 0.155122 0.917647 0.722222
73 0.168552 0.970588 0.777778
74 0.148830 0.970588 0.777778
75 0.154278 0.952941 0.777778
76 0.152425 0.947059 0.722222
77 0.150548 0.935294 0.777778
78 0.156440 0.964706 0.777778
79 0.158733 0.941176 0.777778
80 0.160011 0.935294 0.722222
81 0.157312 0.964706 0.777778
82 0.163495 0.958824 0.722222
83 0.148226 0.970588 0.777778
84 0.150059 0.964706 0.777778
85 0.147652 0.970588 0.777778
86 0.158709 0.911765 0.722222
87 0.151973 0.935294 0.722222
88 0.149889 0.947059 0.722222
89 0.159037 0.941176 0.722222
90 0.162420 0.923529 0.666667
91 0.156551 0.947059 0.777778
92 0.156268 0.941176 0.722222
93 0.159055 0.976471 0.777778
94 0.153143 0.917647 0.722222
95 0.156864 0.952941 0.722222
96 0.152929 0.976471 0.777778
97 0.144029 0.958824 0.777778
98 0.152506 0.970588 0.777778
99 0.153513 0.935294 0.722222
100 0.146394 0.941176 0.777778
101 0.136241 0.976471 0.777778
102 0.137521 0.958824 0.777778
103 0.136985 0.947059 0.777778
104 0.133963 0.964706 0.722222
105 0.142394 0.964706 0.777778
106 0.149749 0.941176 0.777778
107 0.148095 0.941176 0.722222
108 0.137026 0.970588 0.777778
109 0.141764 0.970588 0.777778
110 0.140446 0.970588 0.777778
111 0.138203 0.947059 0.777778
112 0.136080 0.970588 0.777778
113 0.140627 0.970588 0.777778
114 0.136870 0.964706 0.777778
115 0.143868 0.941176 0.777778
116 0.139170 0.952941 0.777778
117 0.139731 0.952941 0.777778
118 0.143541 0.970588 0.777778
119 0.143956 0.976471 0.777778
120 0.138723 0.976471 0.722222
121 0.145622 0.970588 0.777778
122 0.140007 0.947059 0.777778
123 0.146465 0.970588 0.777778
124 0.146069 0.970588 0.777778
125 0.143056 0.976471 0.777778
126 0.146033 0.976471 0.777778
127 0.137588 0.952941 0.777778
128 0.142250 0.964706 0.777778
129 0.146106 0.976471 0.777778
130 0.141046 0.970588 0.777778
131 0.137177 0.970588 0.777778
132 0.146714 0.970588 0.777778
133 0.136564 0.964706 0.777778
134 0.152622 0.970588 0.777778
135 0.142078 0.970588 0.777778
136 0.139435 0.941176 0.777778
137 0.148896 0.958824 0.722222
138 0.139028 0.976471 0.777778
139 0.144407 0.970588 0.777778
140 0.138706 0.964706 0.777778
141 0.142653 0.947059 0.722222
142 0.137534 0.970588 0.777778
143 0.135936 0.923529 0.777778
144 0.144357 0.964706 0.777778
145 0.140274 0.941176 0.722222
146 0.141945 0.947059 0.777778
147 0.152988 0.929412 0.722222
148 0.140303 0.935294 0.777778
149 0.147506 0.970588 0.777778
150 0.141219 0.964706 0.777778
151 0.133083 0.970588 0.777778
152 0.132048 0.976471 0.777778
153 0.134090 0.970588 0.777778
154 0.139911 0.970588 0.777778
155 0.132155 0.964706 0.777778
156 0.135180 0.970588 0.777778
157 0.136904 0.958824 0.777778
158 0.131156 0.970588 0.777778
159 0.141065 0.976471 0.777778
160 0.137454 0.976471 0.777778
161 0.137810 0.964706 0.777778
162 0.135089 0.958824 0.777778
163 0.129738 0.976471 0.777778
164 0.125993 0.964706 0.777778
165 0.137074 0.976471 0.777778
166 0.135654 0.964706 0.777778
167 0.143071 0.935294 0.777778
168 0.133746 0.947059 0.777778
169 0.138907 0.964706 0.777778
170 0.135508 0.970588 0.777778
171 0.130917 0.970588 0.777778
172 0.138331 0.976471 0.777778
173 0.130701 0.970588 0.777778
174 0.135686 0.970588 0.777778
175 0.135925 0.976471 0.777778
176 0.137104 0.941176 0.777778
177 0.132431 0.970588 0.777778
178 0.138535 0.976471 0.777778
179 0.130211 0.964706 0.777778
180 0.130379 0.976471 0.777778
181 0.134429 0.976471 0.777778
182 0.131977 0.964706 0.777778
183 0.135645 0.970588 0.777778
184 0.140029 0.976471 0.777778
185 0.128594 0.976471 0.777778
186 0.125367 0.976471 0.777778
187 0.138178 0.970588 0.722222
188 0.133398 0.947059 0.777778
189 0.137940 0.976471 0.777778
190 0.133810 0.970588 0.777778
191 0.139197 0.970588 0.777778
192 0.134301 0.976471 0.777778
193 0.137083 0.976471 0.777778
194 0.124356 0.976471 0.777778
195 0.136820 0.970588 0.722222
196 0.126081 0.976471 0.777778
197 0.139809 0.964706 0.777778
198 0.132604 0.976471 0.777778
199 0.128419 0.970588 0.777778
200 0.124415 0.970588 0.777778
201 0.128726 0.964706 0.777778
202 0.127128 0.976471 0.777778
203 0.128947 0.970588 0.777778
204 0.130303 0.976471 0.777778
205 0.128374 0.970588 0.777778
206 0.129556 0.976471 0.777778
207 0.127341 0.976471 0.777778
208 0.135882 0.976471 0.777778
209 0.127217 0.976471 0.777778
210 0.131207 0.976471 0.777778
211 0.131539 0.976471 0.777778
212 0.126081 0.970588 0.777778
213 0.132520 0.970588 0.777778
214 0.132421 0.970588 0.777778
215 0.125523 0.976471 0.777778
216 0.130413 0.970588 0.777778
217 0.123391 0.976471 0.777778
218 0.127648 0.964706 0.777778
219 0.134189 0.970588 0.777778
220 0.135045 0.970588 0.777778
221 0.129840 0.970588 0.777778
222 0.127938 0.970588 0.777778
223 0.129932 0.964706 0.777778
224 0.129585 0.964706 0.777778
225 0.128920 0.970588 0.777778
226 0.124464 0.976471 0.777778
227 0.127990 0.970588 0.777778
228 0.130183 0.970588 0.722222
229 0.136584 0.976471 0.777778
230 0.126550 0.964706 0.777778
231 0.125337 0.964706 0.777778
232 0.126254 0.976471 0.777778
233 0.132472 0.976471 0.777778
234 0.132797 0.976471 0.777778
235 0.132346 0.952941 0.777778
236 0.131548 0.976471 0.777778
237 0.119774 0.976471 0.777778
238 0.128823 0.976471 0.777778
239 0.125616 0.976471 0.777778
240 0.127388 0.964706 0.777778
241 0.133782 0.976471 0.777778
242 0.128671 0.976471 0.777778
243 0.128624 0.976471 0.777778
244 0.129989 0.964706 0.777778
245 0.126852 0.976471 0.777778
246 0.129522 0.976471 0.777778
247 0.132657 0.970588 0.777778
248 0.136931 0.976471 0.777778
249 0.134746 0.952941 0.777778
250 0.128947 0.976471 0.777778
251 0.132762 0.970588 0.777778
252 0.123005 0.976471 0.777778
253 0.128580 0.964706 0.777778
254 0.126564 0.976471 0.777778
255 0.127020 0.970588 0.777778
256 0.125365 0.970588 0.777778
257 0.126519 0.976471 0.777778
258 0.127043 0.970588 0.777778
259 0.126974 0.976471 0.777778
260 0.123119 0.970588 0.777778
261 0.128312 0.964706 0.777778
262 0.127719 0.976471 0.777778
263 0.125716 0.976471 0.777778
264 0.128576 0.976471 0.777778
265 0.127629 0.976471 0.777778
266 0.124357 0.964706 0.777778
267 0.127136 0.976471 0.777778
268 0.131225 0.976471 0.777778
269 0.123265 0.976471 0.777778
270 0.130344 0.970588 0.777778
271 0.129427 0.976471 0.777778
272 0.125134 0.970588 0.777778
273 0.130904 0.976471 0.777778
274 0.126075 0.964706 0.777778
275 0.123994 0.976471 0.777778
276 0.123891 0.970588 0.777778
277 0.123515 0.970588 0.777778
278 0.125919 0.976471 0.777778
279 0.126257 0.976471 0.777778
280 0.120831 0.970588 0.777778
281 0.125873 0.970588 0.777778
282 0.125753 0.976471 0.777778
283 0.120126 0.976471 0.777778
284 0.119310 0.970588 0.777778
285 0.126171 0.970588 0.777778
286 0.124604 0.964706 0.777778
287 0.125756 0.970588 0.777778
288 0.135568 0.976471 0.777778
289 0.122805 0.970588 0.777778
290 0.131364 0.976471 0.777778
291 0.129664 0.976471 0.777778
292 0.122130 0.976471 0.777778
293 0.130108 0.964706 0.777778
294 0.133326 0.976471 0.777778
295 0.124701 0.976471 0.777778
296 0.135740 0.976471 0.777778
297 0.133542 0.976471 0.777778
298 0.128232 0.976471 0.777778
299 0.125925 0.970588 0.777778
300 0.124642 0.976471 0.777778
301 0.122867 0.970588 0.777778
302 0.126792 0.976471 0.777778
303 0.125511 0.976471 0.777778
304 0.127753 0.970588 0.777778
305 0.125659 0.976471 0.777778
306 0.129079 0.976471 0.777778
307 0.123189 0.970588 0.777778
308 0.127121 0.976471 0.777778
309 0.122471 0.976471 0.777778
310 0.122729 0.976471 0.777778
311 0.131498 0.976471 0.777778
312 0.120016 0.970588 0.777778
313 0.128629 0.976471 0.777778
314 0.122234 0.970588 0.777778
315 0.122521 0.976471 0.777778
316 0.125630 0.976471 0.777778
317 0.125448 0.976471 0.777778
318 0.123212 0.976471 0.777778
319 0.122746 0.976471 0.777778
320 0.126359 0.976471 0.777778
321 0.127191 0.976471 0.777778
322 0.127410 0.976471 0.777778
323 0.129767 0.976471 0.777778
324 0.128000 0.976471 0.777778
325 0.126331 0.976471 0.777778
326 0.122835 0.976471 0.777778
327 0.123203 0.976471 0.777778
328 0.124481 0.976471 0.777778
329 0.126928 0.976471 0.777778
330 0.127470 0.976471 0.777778
331 0.127898 0.976471 0.777778
332 0.123748 0.976471 0.777778
333 0.121942 0.976471 0.777778
334 0.125972 0.970588 0.777778
335 0.126155 0.970588 0.777778
336 0.121314 0.976471 0.777778
337 0.121220 0.970588 0.777778
338 0.124541 0.976471 0.777778
339 0.118710 0.976471 0.777778
340 0.118238 0.964706 0.777778
341 0.128094 0.964706 0.777778
342 0.121425 0.976471 0.777778
343 0.125902 0.976471 0.777778
344 0.121714 0.976471 0.777778
345 0.128924 0.976471 0.777778
346 0.127033 0.976471 0.777778
347 0.118133 0.970588 0.777778
348 0.127382 0.976471 0.777778
349 0.122565 0.976471 0.777778
350 0.125673 0.976471 0.777778
