1 4.516521 0.513333 0.446667
2 2.751125 0.515556 0.426667
3 2.026767 0.497037 0.400000
4 1.367971 0.557778 0.466667
5 1.255134 0.525185 0.493333
6 1.178105 0.562963 0.493333
7 1.178647 0.565185 0.493333
8 1.330393 0.511852 0.453333
9 1.170870 0.563704 0.446667
10 1.233360 0.537778 0.433333
11 1.166862 0.558519 0.466667
12 1.234077 0.576296 0.506667
13 1.211755 0.559259 0.480000
14 1.088257 0.571111 0.480000
15 0.982747 0.582963 0.473333
16 1.024000 0.571111 0.520000
17 0.965086 0.571852 0.480000
18 0.895664 0.582222 0.466667
19 0.884341 0.608148 0.466667
20 0.861875 0.605926 0.500000
21 0.858876 0.614815 0.513333
22 0.851705 0.614815 0.446667
23 0.829165 0.617037 0.486667
24 0.887632 0.614074 0.466667
25 0.850674 0.608148 0.486667
26 0.893571 0.622963 0.480000
27 0.845399 0.621481 0.460000
28 0.940173 0.591111 0.466667
29 0.950262 0.596296 0.473333
30 0.889113 0.615556 0.466667
31 0.837448 0.621481 0.466667
32 0.849107 0.608889 0.473333
33 0.830837 0.625185 0.480000
34 0.801170 0.611852 0.420000
35 0.810990 0.631111 0.473333
36 0.835357 0.624444 0.486667
37 0.825066 0.628889 0.480000
38 0.803477 0.633333 0.453333
39 0.883591 0.597037 0.440000
40 0.847571 0.565185 0.426667
41 0.860454 0.616296 0.466667
42 0.878093 0.611852 0.466667
43 0.861216 0.624444 0.480000
44 0.815642 0.626667 0.506667
45 0.805933 0.634074 0.486667
46 0.830614 0.594074 0.466667
47 0.787322 0.631852 0.506667
48 0.805532 0.626667 0.480000
49 0.808379 0.636296 0.480000
50 0.791168 0.631852 0.453333
