1 1.653286 0.668639 0.684211
2 0.714834 0.792899 0.578947
3 0.623942 0.857988 0.789474
4 0.536725 0.869822 0.842105
5 0.578284 0.745562 0.789474
6 0.462468 0.781065 0.789474
7 0.442117 0.840237 0.947368
8 0.394859 0.934911 0.789474
9 0.436842 0.893491 0.842105
10 0.320874 0.869822 0.789474
11 0.361959 0.911243 0.842105
12 0.418324 0.857988 0.789474
13 0.368222 0.763314 0.736842
14 0.344098 0.852071 0.947368
15 0.333632 0.887574 0.789474
16 0.365899 0.899408 0.789474
17 0.328652 0.828402 0.789474
18 0.273644 0.893491 0.789474
19 0.283427 0.893491 0.894737
20 0.305550 0.881657 0.947368
21 0.283946 0.857988 0.947368
22 0.293551 0.875740 0.789474
23 0.293444 0.899408 0.894737
24 0.287462 0.668639 0.789474
25 0.295357 0.911243 0.842105
26 0.303252 0.911243 0.894737
27 0.297046 0.857988 0.842105
28 0.332302 0.893491 0.894737
29 0.284133 0.911243 0.842105
30 0.246211 0.928994 0.789474
31 0.249454 0.964497 0.947368
32 0.264313 0.893491 0.894737
33 0.246009 0.923077 0.789474
34 0.245499 0.928994 0.947368
35 0.262120 0.881657 0.842105
36 0.259896 0.934911 0.947368
37 0.230557 0.946746 0.894737
38 0.280051 0.698225 0.789474
39 0.244161 0.911243 0.894737
40 0.275405 0.905325 0.894737
41 0.252772 0.899408 0.894737
42 0.234513 0.946746 0.947368
43 0.232845 0.911243 0.894737
44 0.246943 0.952663 0.894737
45 0.240662 0.857988 0.842105
46 0.236547 0.917160 0.894737
47 0.231244 0.934911 0.947368
48 0.229617 0.905325 0.842105
49 0.225450 0.905325 0.842105
50 0.206173 0.899408 0.947368
51 0.195004 0.934911 0.842105
52 0.200696 0.923077 0.842105
53 0.199605 0.769231 0.789474
54 0.202785 0.964497 0.894737
55 0.212606 0.934911 0.842105
56 0.210172 0.940828 0.842105
57 0.203537 0.958580 0.894737
58 0.202088 0.952663 0.894737
59 0.209255 0.911243 0.894737
60 0.227372 0.816568 0.894737
61 0.196199 0.923077 0.842105
62 0.204843 0.911243 0.894737
63 0.206366 0.911243 0.894737
64 0.202760 0.928994 0.842105
65 0.199477 0.940828 0.842105
66 0.209641 0.656805 0.789474
67 0.210199 0.893491 0.894737
68 0.204283 0.952663 0.842105
69 0.215652 0.893491 0.842105
70 0.199032 0.946746 0.947368
71 0.203635 0.940828 0.894737
72 0.207306 0.934911 0.947368
73 0.211925 0.940828 0.894737
74 0.217516 0.917160 0.842105
75 0.195825 0.934911 0.947368
76 0.207268 0.911243 0.894737
77 0.198371 0.923077 0.894737
78 0.187683 0.917160 0.842105
79 0.204931 0.863905 0.947368
80 0.201924 0.934911 0.842105
81 0.192666 0.928994 0.842105
82 0.209657 0.792899 0.789474
83 0.206513 0.964497 0.894737
84 0.200853 0.899408 0.894737
85 0.196246 0.928994 0.947368
86 0.187959 0.958580 0.894737
87 0.200247 0.970414 0.894737
88 0.194416 0.964497 0.894737
89 0.206877 0.952663 0.894737
90 0.207035 0.964497 0.894737
91 0.195404 0.899408 0.947368
92 0.206571 0.952663 0.894737
93 0.203869 0.952663 0.842105
94 0.195232 0.928994 0.947368
95 0.187942 0.869822 0.894737
96 0.219791 0.751479 0.789474
97 0.211483 0.887574 0.789474
98 0.201362 0.923077 0.894737
99 0.198085 0.923077 0.894737
100 0.191880 0.917160 0.894737
101 0.185092 0.923077 0.842105
102 0.178293 0.952663 0.894737
103 0.182942 0.911243 0.894737
104 0.176157 0.970414 0.894737
105 0.187864 0.940828 0.842105
106 0.184958 0.928994 0.947368
107 0.185192 0.934911 0.842105
108 0.182183 0.946746 0.842105
109 0.181606 0.970414 0.894737
110 0.184390 0.934911 0.842105
111 0.183838 0.958580 0.894737
112 0.174289 0.958580 0.894737
113 0.177412 0.946746 0.894737
114 0.188063 0.958580 0.894737
115 0.183602 0.934911 0.842105
116 0.192884 0.917160 0.842105
117 0.183596 0.923077 0.947368
118 0.182173 0.923077 0.842105
119 0.179283 0.923077 0.894737
120 0.185261 0.934911 0.842105
121 0.200817 0.881657 0.789474
122 0.184226 0.946746 0.789474
123 0.183999 0.970414 0.894737
124 0.184047 0.952663 0.842105
125 0.181702 0.934911 0.789474
126 0.180977 0.928994 0.842105
127 0.180358 0.928994 0.947368
128 0.181554 0.923077 0.842105
129 0.182273 0.946746 0.894737
130 0.193801 0.917160 0.947368
131 0.175019 0.946746 0.894737
132 0.179840 0.934911 0.789474
133 0.185779 0.928994 0.894737
134 0.182883 0.911243 0.842105
135 0.186452 0.905325 0.736842
136 0.182047 0.923077 0.789474
137 0.182811 0.964497 0.842105
138 0.183343 0.958580 0.842105
139 0.177601 0.958580 0.842105
140 0.187274 0.928994 0.789474
141 0.182831 0.852071 0.789474
142 0.192095 0.934911 0.789474
143 0.187692 0.923077 0.842105
144 0.178254 0.911243 0.842105
145 0.182800 0.928994 0.789474
146 0.179990 0.952663 0.789474
147 0.179159 0.940828 0.789474
148 0.187851 0.934911 0.842105
149 0.180508 0.940828 0.789474
150 0.178234 0.946746 0.789474
151 0.175719 0.928994 0.789474
152 0.175249 0.958580 0.789474
153 0.175204 0.928994 0.789474
154 0.167479 0.940828 0.842105
155 0.168638 0.911243 0.842105
156 0.177602 0.964497 0.842105
157 0.181589 0.946746 0.842105
158 0.166522 0.934911 0.789474
159 0.174888 0.934911 0.789474
160 0.175441 0.928994 0.789474
161 0.174696 0.940828 0.789474
162 0.180223 0.923077 0.789474
163 0.178513 0.958580 0.842105
164 0.179052 0.934911 0.789474
165 0.173214 0.940828 0.789474
166 0.173135 0.958580 0.842105
167 0.169042 0.911243 0.842105
168 0.172912 0.946746 0.789474
169 0.173346 0.923077 0.789474
170 0.172638 0.952663 0.842105
171 0.174556 0.952663 0.789474
172 0.175313 0.928994 0.789474
173 0.167693 0.940828 0.789474
174 0.165930 0.934911 0.789474
175 0.176714 0.940828 0.789474
176 0.176234 0.928994 0.789474
177 0.172015 0.934911 0.789474
178 0.169917 0.952663 0.894737
179 0.174850 0.928994 0.789474
180 0.166112 0.946746 0.789474
181 0.176243 0.964497 0.842105
182 0.181334 0.934911 0.789474
183 0.177772 0.946746 0.842105
184 0.167535 0.964497 0.842105
185 0.174416 0.934911 0.789474
186 0.167684 0.923077 0.789474
187 0.177858 0.958580 0.894737
188 0.180971 0.917160 0.842105
189 0.172607 0.964497 0.894737
190 0.170608 0.934911 0.789474
191 0.164666 0.946746 0.789474
192 0.180680 0.940828 0.789474
193 0.169291 0.934911 0.789474
194 0.173413 0.934911 0.789474
195 0.171436 0.970414 0.842105
196 0.169588 0.934911 0.789474
197 0.177967 0.952663 0.842105
198 0.168830 0.940828 0.789474
199 0.171470 0.964497 0.842105
200 0.164878 0.946746 0.789474
201 0.166413 0.934911 0.789474
202 0.169747 0.952663 0.789474
203 0.172121 0.940828 0.789474
204 0.173116 0.946746 0.789474
205 0.164825 0.928994 0.789474
206 0.164181 0.952663 0.789474
207 0.173127 0.946746 0.789474
208 0.165031 0.940828 0.789474
209 0.175410 0.934911 0.789474
210 0.167804 0.946746 0.789474
211 0.168371 0.940828 0.789474
212 0.164154 0.940828 0.789474
213 0.163336 0.940828 0.789474
214 0.163259 0.940828 0.789474
215 0.164902 0.940828 0.789474
216 0.160554 0.940828 0.789474
217 0.172432 0.946746 0.789474
218 0.170578 0.934911 0.789474
219 0.171992 0.940828 0.789474
220 0.169225 0.934911 0.789474
221 0.167775 0.952663 0.789474
222 0.168193 0.940828 0.789474
223 0.169310 0.946746 0.789474
224 0.167629 0.940828 0.789474
225 0.174261 0.952663 0.789474
226 0.167775 0.934911 0.789474
227 0.163461 0.952663 0.789474
228 0.164692 0.958580 0.842105
229 0.168134 0.940828 0.789474
230 0.165725 0.946746 0.789474
231 0.168812 0.934911 0.789474
232 0.173952 0.928994 0.789474
233 0.167527 0.964497 0.842105
234 0.168502 0.946746 0.894737
235 0.169607 0.946746 0.789474
236 0.170088 0.940828 0.789474
237 0.173356 0.934911 0.789474
238 0.163721 0.952663 0.789474
239 0.165393 0.934911 0.789474
240 0.173478 0.958580 0.842105
241 0.169184 0.934911 0.789474
242 0.164459 0.946746 0.789474
243 0.166333 0.940828 0.842105
244 0.164655 0.940828 0.789474
245 0.160951 0.946746 0.789474
246 0.165750 0.934911 0.789474
247 0.174401 0.958580 0.842105
248 0.172384 0.952663 0.789474
249 0.167619 0.952663 0.894737
250 0.169424 0.934911 0.789474
251 0.163855 0.934911 0.789474
252 0.158776 0.946746 0.789474
253 0.168266 0.946746 0.842105
254 0.174160 0.946746 0.842105
255 0.162746 0.940828 0.789474
256 0.169639 0.934911 0.789474
257 0.162206 0.940828 0.789474
258 0.167236 0.952663 0.789474
259 0.170862 0.934911 0.789474
260 0.165119 0.934911 0.789474
261 0.164788 0.946746 0.789474
262 0.160341 0.934911 0.789474
263 0.171831 0.952663 0.789474
264 0.161766 0.952663 0.789474
265 0.164307 0.940828 0.789474
266 0.166385 0.934911 0.789474
267 0.160206 0.928994 0.789474
268 0.165270 0.934911 0.789474
269 0.161368 0.946746 0.789474
270 0.159274 0.940828 0.789474
271 0.167007 0.928994 0.789474
272 0.164005 0.952663 0.789474
273 0.166243 0.940828 0.789474
274 0.164563 0.946746 0.789474
275 0.158437 0.934911 0.789474
276 0.162936 0.946746 0.789474
277 0.167788 0.934911 0.789474
278 0.160705 0.952663 0.789474
279 0.164194 0.934911 0.789474
280 0.168686 0.928994 0.789474
281 0.159952 0.934911 0.789474
282 0.165103 0.946746 0.789474
283 0.161095 0.946746 0.789474
284 0.159299 0.946746 0.789474
285 0.169818 0.952663 0.789474
286 0.164705 0.934911 0.789474
287 0.166551 0.934911 0.789474
288 0.165210 0.946746 0.789474
289 0.168906 0.946746 0.789474
290 0.165302 0.934911 0.789474
291 0.163595 0.940828 0.789474
292 0.166760 0.940828 0.789474
293 0.168224 0.934911 0.789474
294 0.165029 0.940828 0.789474
295 0.165919 0.934911 0.789474
296 0.160800 0.952663 0.789474
297 0.165196 0.952663 0.789474
298 0.161081 0.946746 0.789474
299 0.167905 0.940828 0.789474
300 0.166881 0.946746 0.789474
301 0.163497 0.952663 0.789474
302 0.168225 0.952663 0.789474
303 0.160305 0.946746 0.789474
304 0.162852 0.934911 0.789474
305 0.166960 0.940828 0.789474
306 0.163540 0.946746 0.789474
307 0.167509 0.934911 0.789474
308 0.160548 0.946746 0.789474
309 0.163894 0.940828 0.789474
310 0.159839 0.946746 0.789474
311 0.164519 0.940828 0.789474
312 0.169623 0.952663 0.789474
313 0.167552 0.940828 0.789474
314 0.162816 0.934911 0.789474
315 0.166136 0.946746 0.789474
316 0.158490 0.946746 0.789474
317 0.163482 0.940828 0.789474
318 0.156184 0.946746 0.789474
319 0.162295 0.946746 0.789474
320 0.156551 0.940828 0.789474
321 0.165848 0.940828 0.789474
322 0.164790 0.934911 0.789474
323 0.164669 0.934911 0.789474
324 0.167023 0.952663 0.789474
325 0.164459 0.946746 0.789474
326 0.166299 0.934911 0.789474
327 0.171689 0.946746 0.789474
328 0.167887 0.934911 0.789474
329 0.157090 0.946746 0.789474
330 0.163623 0.940828 0.789474
331 0.158215 0.946746 0.789474
332 0.168880 0.940828 0.789474
333 0.162038 0.946746 0.789474
334 0.165033 0.952663 0.789474
335 0.157466 0.952663 0.789474
336 0.159701 0.952663 0.789474
337 0.164592 0.946746 0.789474
338 0.162960 0.952663 0.789474
339 0.152073 0.940828 0.789474
340 0.156019 0.934911 0.789474
341 0.164445 0.940828 0.789474
342 0.164492 0.940828 0.789474
343 0.163841 0.952663 0.789474
344 0.168538 0.934911 0.789474
345 0.168045 0.952663 0.842105
346 0.161870 0.946746 0.789474
347 0.161842 0.940828 0.789474
348 0.162773 0.934911 0.789474
349 0.159992 0.946746 0.789474
350 0.162203 0.940828 0.789474
