1 4.101643 0.628548 0.642336
2 1.886309 0.568262 0.559611
3 1.878985 0.648824 0.669100
4 1.916329 0.660449 0.671533
5 1.063716 0.653149 0.686131
6 1.034814 0.727494 0.739659
7 0.884234 0.710462 0.715328
8 1.133894 0.611517 0.598540
9 1.250989 0.584212 0.576642
10 0.898765 0.715869 0.722628
11 0.746721 0.590160 0.574209
12 0.799811 0.636929 0.637470
13 0.811784 0.674507 0.690998
14 0.804837 0.640984 0.642336
15 0.702703 0.606380 0.610706
16 0.670985 0.699108 0.693431
17 0.724443 0.669911 0.683698
18 0.693742 0.727494 0.725061
19 0.628743 0.714247 0.708029
20 0.626554 0.730468 0.712895
21 0.621615 0.671263 0.683698
22 0.661457 0.708570 0.700730
23 0.613963 0.732360 0.746959
24 0.629558 0.731008 0.732360
25 0.625144 0.729657 0.725061
26 0.635763 0.699649 0.686131
27 0.585185 0.715058 0.734793
28 0.579267 0.709922 0.708029
29 0.593594 0.698838 0.705596
30 0.573950 0.724520 0.729927
31 0.603187 0.727764 0.729927
32 0.641269 0.709922 0.698297
33 0.623520 0.730197 0.720195
34 0.611329 0.729386 0.744526
35 0.564046 0.731819 0.732360
36 0.568533 0.744526 0.751825
37 0.572539 0.732630 0.742092
38 0.617696 0.728846 0.722628
39 0.585738 0.731819 0.722628
40 0.580834 0.732901 0.739659
41 0.596596 0.734523 0.727494
42 0.596206 0.731549 0.739659
43 0.578128 0.744255 0.720195
44 0.622491 0.707489 0.693431
45 0.579314 0.742363 0.729927
46 0.592766 0.740200 0.722628
47 0.570864 0.739119 0.732360
48 0.555295 0.728846 0.725061
49 0.598536 0.702893 0.700730
50 0.624268 0.747499 0.725061
51 0.574675 0.739119 0.737226
52 0.572814 0.729386 0.729927
53 0.543114 0.739930 0.737226
54 0.558767 0.747229 0.737226
55 0.544113 0.738037 0.720195
56 0.552663 0.746148 0.734793
57 0.538617 0.749121 0.729927
58 0.585139 0.756691 0.744526
59 0.573731 0.733441 0.717762
60 0.559451 0.744796 0.734793
61 0.567620 0.755339 0.749392
62 0.556155 0.758854 0.751825
63 0.527995 0.757502 0.720195
64 0.527540 0.753717 0.725061
65 0.552150 0.750203 0.737226
66 0.577221 0.731819 0.729927
67 0.547442 0.721276 0.708029
68 0.526105 0.750203 0.720195
69 0.557199 0.760205 0.737226
70 0.534312 0.749121 0.737226
71 0.526489 0.754258 0.749392
72 0.525635 0.767234 0.739659
73 0.527675 0.751014 0.744526
74 0.536622 0.759394 0.734793
75 0.534858 0.758313 0.734793
76 0.531177 0.763720 0.746959
77 0.534341 0.754799 0.734793
78 0.532618 0.752636 0.751825
79 0.535623 0.762368 0.746959
80 0.506779 0.767775 0.759124
81 0.521153 0.757232 0.744526
82 0.532602 0.753988 0.754258
83 0.526457 0.762639 0.761557
84 0.531114 0.753717 0.759124
85 0.526995 0.757502 0.732360
86 0.514108 0.765072 0.754258
87 0.523259 0.766423 0.737226
88 0.530957 0.753717 0.771290
89 0.546656 0.761828 0.771290
90 0.514179 0.771290 0.759124
91 0.521141 0.747229 0.746959
92 0.518356 0.766423 0.766423
93 0.523018 0.761016 0.756691
94 0.515751 0.755069 0.737226
95 0.527895 0.761287 0.756691
96 0.534752 0.762368 0.761557
97 0.545327 0.774534 0.756691
98 0.528358 0.720195 0.695864
99 0.535175 0.758043 0.744526
100 0.508066 0.776426 0.776156
101 0.488989 0.779670 0.781022
102 0.490980 0.770749 0.751825
103 0.516525 0.780211 0.759124
104 0.502014 0.776967 0.751825
105 0.495220 0.778589 0.756691
106 0.484662 0.780481 0.759124
107 0.502213 0.770208 0.749392
108 0.494198 0.776696 0.744526
109 0.496284 0.779129 0.710462
110 0.505839 0.778048 0.763990
111 0.487406 0.786158 0.766423
112 0.499483 0.776426 0.754258
113 0.490484 0.781833 0.773723
114 0.482873 0.778318 0.761557
115 0.506755 0.785077 0.776156
116 0.487177 0.773452 0.783455
117 0.491082 0.771830 0.768856
118 0.503734 0.774804 0.766423
119 0.480936 0.790484 0.778589
120 0.494435 0.761557 0.759124
121 0.483990 0.779400 0.778589
122 0.494008 0.783455 0.763990
123 0.491065 0.792647 0.778589
124 0.489182 0.792917 0.788321
125 0.493365 0.791836 0.771290
126 0.499204 0.776426 0.754258
127 0.501329 0.779129 0.754258
128 0.491259 0.781833 0.749392
129 0.483463 0.791295 0.773723
130 0.480215 0.783455 0.776156
131 0.475330 0.785888 0.766423
132 0.478057 0.788321 0.768856
133 0.478581 0.779670 0.763990
134 0.487873 0.796161 0.763990
135 0.478913 0.778318 0.776156
136 0.498488 0.788321 0.761557
137 0.482013 0.793998 0.768856
138 0.485301 0.782914 0.763990
139 0.486291 0.796972 0.776156
140 0.482172 0.779670 0.778589
141 0.488539 0.793728 0.761557
142 0.479327 0.790754 0.759124
143 0.478515 0.788321 0.766423
144 0.466354 0.793728 0.756691
145 0.467850 0.772371 0.763990
146 0.465629 0.788321 0.763990
147 0.482841 0.784807 0.766423
148 0.485595 0.785347 0.761557
149 0.485442 0.779670 0.773723
150 0.460955 0.798324 0.771290
151 0.466735 0.802920 0.759124
152 0.445708 0.804812 0.771290
153 0.452106 0.806705 0.776156
154 0.451495 0.807786 0.785888
155 0.460783 0.809949 0.778589
156 0.462177 0.810760 0.771290
157 0.448002 0.809949 0.781022
158 0.455179 0.819411 0.781022
159 0.437490 0.813193 0.776156
160 0.439779 0.813733 0.785888
161 0.452012 0.798054 0.768856
162 0.447510 0.812111 0.768856
163 0.438737 0.813733 0.788321
164 0.444091 0.818329 0.771290
165 0.442895 0.816437 0.756691
166 0.441670 0.815356 0.783455
167 0.430595 0.811300 0.768856
168 0.445447 0.820762 0.778589
169 0.441439 0.810760 0.773723
170 0.442666 0.804001 0.756691
171 0.441221 0.816978 0.783455
172 0.441325 0.820222 0.785888
173 0.433729 0.818329 0.785888
174 0.426646 0.814544 0.768856
175 0.429120 0.819411 0.773723
176 0.439048 0.815085 0.795620
177 0.445439 0.813463 0.778589
178 0.438869 0.819951 0.790754
179 0.434401 0.823466 0.778589
180 0.434875 0.820762 0.785888
181 0.429312 0.819140 0.781022
182 0.442270 0.780752 0.768856
183 0.445437 0.829143 0.781022
184 0.429319 0.829143 0.781022
185 0.418623 0.823195 0.781022
186 0.428975 0.812922 0.771290
187 0.431151 0.817518 0.773723
188 0.449200 0.818870 0.781022
189 0.428142 0.828332 0.778589
190 0.426694 0.818870 0.761557
191 0.418816 0.824547 0.790754
192 0.443656 0.823195 0.776156
193 0.426324 0.820492 0.788321
194 0.420245 0.803731 0.766423
195 0.424420 0.837253 0.793187
196 0.409757 0.827791 0.790754
197 0.430492 0.812922 0.778589
198 0.428577 0.828062 0.783455
199 0.433593 0.829684 0.793187
200 0.418196 0.833198 0.788321
201 0.420426 0.830765 0.788321
202 0.421702 0.838335 0.800487
203 0.412884 0.837524 0.781022
204 0.407999 0.837794 0.798054
205 0.397110 0.839686 0.795620
206 0.405869 0.828332 0.781022
207 0.416610 0.835091 0.790754
208 0.410431 0.831306 0.781022
209 0.408135 0.842390 0.783455
210 0.405334 0.843471 0.788321
211 0.396442 0.842660 0.798054
212 0.395297 0.837794 0.785888
213 0.404057 0.842390 0.781022
214 0.400472 0.843201 0.788321
215 0.420907 0.835631 0.785888
216 0.409419 0.840768 0.788321
217 0.403776 0.844823 0.793187
218 0.414073 0.840497 0.788321
219 0.411955 0.844012 0.785888
220 0.410902 0.841038 0.798054
221 0.398933 0.842660 0.785888
222 0.402250 0.842390 0.795620
223 0.394739 0.841849 0.783455
224 0.404530 0.843742 0.783455
225 0.401167 0.836442 0.783455
226 0.393712 0.845634 0.793187
227 0.391671 0.846445 0.788321
228 0.404877 0.848608 0.795620
229 0.416686 0.844823 0.776156
230 0.394646 0.844282 0.766423
231 0.387086 0.851582 0.783455
232 0.405024 0.838875 0.785888
233 0.403090 0.840497 0.790754
234 0.387260 0.848337 0.788321
235 0.387254 0.852933 0.798054
236 0.392529 0.847256 0.790754
237 0.396778 0.849689 0.793187
238 0.402652 0.849689 0.790754
239 0.386998 0.842390 0.788321
240 0.392840 0.845364 0.788321
241 0.401612 0.849419 0.790754
242 0.409181 0.846715 0.781022
243 0.391542 0.849148 0.802920
244 0.388395 0.853204 0.778589
245 0.392971 0.849148 0.795620
246 0.396992 0.849959 0.805353
247 0.381875 0.848067 0.783455
248 0.388527 0.851852 0.795620
249 0.389455 0.848878 0.805353
250 0.394781 0.851311 0.788321
251 0.391737 0.852393 0.783455
252 0.383833 0.852122 0.778589
253 0.401141 0.853204 0.781022
254 0.380081 0.852663 0.793187
255 0.382558 0.849959 0.781022
256 0.392830 0.857529 0.788321
257 0.381582 0.853474 0.790754
258 0.379156 0.853204 0.790754
259 0.398060 0.850500 0.783455
260 0.388986 0.853204 0.781022
261 0.377342 0.855637 0.785888
262 0.386865 0.854015 0.793187
263 0.392695 0.855096 0.802920
264 0.374648 0.854826 0.788321
265 0.384153 0.851582 0.790754
266 0.380185 0.859151 0.795620
267 0.376857 0.854015 0.783455
268 0.374701 0.853744 0.783455
269 0.372950 0.855907 0.793187
270 0.380029 0.856177 0.788321
271 0.378958 0.858610 0.807786
272 0.371458 0.860503 0.793187
273 0.384821 0.856718 0.793187
274 0.386043 0.859151 0.798054
275 0.376461 0.858881 0.793187
276 0.368062 0.855637 0.793187
277 0.369471 0.855907 0.790754
278 0.387988 0.856177 0.788321
279 0.384534 0.854015 0.793187
280 0.371264 0.859421 0.781022
281 0.380772 0.861584 0.802920
282 0.380899 0.859962 0.793187
283 0.372027 0.859151 0.793187
284 0.381348 0.861314 0.795620
285 0.381242 0.854826 0.798054
286 0.366681 0.863477 0.793187
287 0.374867 0.857529 0.788321
288 0.375534 0.856177 0.783455
289 0.380834 0.861855 0.783455
290 0.379962 0.860232 0.790754
291 0.384017 0.859421 0.771290
292 0.379161 0.857259 0.795620
293 0.379882 0.859962 0.785888
294 0.376922 0.860232 0.790754
295 0.383515 0.861855 0.783455
296 0.373810 0.861314 0.776156
297 0.368660 0.862936 0.785888
298 0.372715 0.863477 0.798054
299 0.371831 0.864558 0.795620
300 0.377607 0.862125 0.802920
301 0.374986 0.864017 0.795620
302 0.384399 0.863206 0.795620
303 0.380554 0.865639 0.795620
304 0.375127 0.866450 0.802920
305 0.369933 0.864558 0.798054
306 0.381427 0.862395 0.785888
307 0.380586 0.863477 0.793187
308 0.365726 0.862125 0.788321
309 0.375608 0.861044 0.790754
310 0.377628 0.861314 0.800487
311 0.379998 0.860232 0.795620
312 0.366090 0.861314 0.795620
313 0.377518 0.864828 0.788321
314 0.370969 0.858881 0.795620
315 0.370254 0.863206 0.783455
316 0.368120 0.862395 0.800487
317 0.367490 0.864288 0.788321
318 0.366928 0.859692 0.800487
319 0.369912 0.862395 0.788321
320 0.370867 0.863747 0.800487
321 0.368998 0.860773 0.798054
322 0.368282 0.865369 0.798054
323 0.380225 0.864558 0.785888
324 0.374581 0.864288 0.798054
325 0.369501 0.864017 0.788321
326 0.362763 0.861855 0.790754
327 0.371862 0.857799 0.783455
328 0.362710 0.861314 0.788321
329 0.378081 0.863747 0.788321
330 0.362004 0.864558 0.793187
331 0.376991 0.864288 0.800487
332 0.371768 0.867802 0.795620
333 0.366665 0.866450 0.798054
334 0.375950 0.867261 0.798054
335 0.374971 0.863477 0.800487
336 0.374149 0.866450 0.793187
337 0.362135 0.862936 0.793187
338 0.366402 0.861584 0.783455
339 0.358615 0.865639 0.802920
340 0.361860 0.864017 0.793187
341 0.371000 0.867532 0.798054
342 0.346567 0.865639 0.810219
343 0.377158 0.861044 0.788321
344 0.368027 0.861855 0.802920
345 0.363212 0.865910 0.790754
346 0.375151 0.866450 0.802920
347 0.377342 0.866180 0.795620
348 0.367358 0.869424 0.776156
349 0.381961 0.865910 0.785888
350 0.361922 0.865639 0.788321
