1 2.329644 0.755556 0.700000
2 0.742646 0.781111 0.710000
3 0.525610 0.786667 0.690000
4 0.459313 0.818889 0.710000
5 0.430558 0.822222 0.690000
6 0.409003 0.838889 0.640000
7 0.396753 0.835556 0.730000
8 0.387484 0.854444 0.680000
9 0.361290 0.846667 0.710000
10 0.354096 0.842222 0.670000
11 0.472576 0.848889 0.730000
12 0.363415 0.821111 0.730000
13 0.358236 0.862222 0.720000
14 0.315337 0.868889 0.670000
15 0.301772 0.880000 0.700000
16 0.287025 0.881111 0.720000
17 0.273480 0.878889 0.740000
18 0.280857 0.854444 0.690000
19 0.265065 0.876667 0.780000
20 0.276257 0.874444 0.660000
21 0.307282 0.852222 0.790000
22 0.301559 0.884444 0.730000
23 0.268304 0.881111 0.760000
24 0.269111 0.884444 0.760000
25 0.285417 0.873333 0.680000
26 0.267844 0.885556 0.660000
27 0.252857 0.888889 0.730000
28 0.246287 0.894444 0.740000
29 0.259522 0.874444 0.700000
30 0.270787 0.892222 0.740000
31 0.250886 0.878889 0.660000
32 0.286554 0.875556 0.740000
33 0.271382 0.881111 0.710000
34 0.264252 0.884444 0.720000
35 0.217880 0.895556 0.770000
36 0.221689 0.892222 0.680000
37 0.228799 0.888889 0.760000
38 0.229926 0.903333 0.710000
39 0.227056 0.895556 0.700000
40 0.237477 0.897778 0.670000
41 0.254826 0.900000 0.710000
42 0.223065 0.905556 0.730000
43 0.219204 0.903333 0.760000
44 0.245440 0.897778 0.740000
45 0.268878 0.890000 0.730000
46 0.267849 0.890000 0.640000
47 0.224211 0.900000 0.690000
48 0.232066 0.896667 0.690000
49 0.239661 0.891111 0.660000
50 0.219064 0.907778 0.690000
51 0.200887 0.902222 0.690000
52 0.198553 0.907778 0.740000
53 0.190369 0.902222 0.760000
54 0.195932 0.906667 0.750000
55 0.191915 0.906667 0.720000
56 0.204237 0.907778 0.690000
57 0.196906 0.904444 0.720000
58 0.174329 0.907778 0.690000
59 0.181224 0.906667 0.690000
60 0.189042 0.904444 0.700000
61 0.195553 0.904444 0.690000
62 0.188232 0.906667 0.710000
63 0.180952 0.906667 0.710000
64 0.198584 0.904444 0.690000
65 0.185209 0.910000 0.680000
66 0.254190 0.902222 0.750000
67 0.198995 0.904444 0.760000
68 0.209342 0.901111 0.670000
69 0.209022 0.905556 0.710000
70 0.197857 0.911111 0.680000
71 0.200474 0.897778 0.730000
72 0.201463 0.907778 0.700000
73 0.191405 0.902222 0.730000
74 0.179507 0.907778 0.670000
75 0.182164 0.906667 0.660000
76 0.187290 0.908889 0.720000
77 0.180952 0.904444 0.730000
78 0.188339 0.911111 0.680000
79 0.186608 0.901111 0.740000
80 0.241665 0.906667 0.700000
81 0.201113 0.906667 0.680000
82 0.191738 0.908889 0.700000
83 0.199826 0.908889 0.740000
84 0.194028 0.907778 0.720000
85 0.204004 0.907778 0.750000
86 0.200133 0.907778 0.670000
87 0.183066 0.908889 0.710000
88 0.213641 0.894444 0.760000
89 0.210020 0.905556 0.680000
90 0.196609 0.907778 0.740000
91 0.185402 0.902222 0.720000
92 0.185684 0.902222 0.700000
93 0.185591 0.907778 0.700000
94 0.186114 0.900000 0.700000
95 0.202434 0.904444 0.730000
96 0.198700 0.908889 0.740000
97 0.226196 0.904444 0.680000
98 0.189751 0.907778 0.670000
99 0.197558 0.901111 0.680000
100 0.207576 0.907778 0.700000
101 0.180368 0.910000 0.710000
102 0.178116 0.911111 0.700000
103 0.182939 0.911111 0.680000
104 0.179287 0.908889 0.710000
105 0.169602 0.912222 0.690000
106 0.178362 0.911111 0.700000
107 0.172722 0.903333 0.660000
108 0.171800 0.913333 0.660000
109 0.179981 0.906667 0.730000
110 0.170501 0.910000 0.720000
111 0.177282 0.908889 0.710000
112 0.170838 0.912222 0.690000
113 0.173061 0.912222 0.720000
114 0.173049 0.912222 0.680000
115 0.177769 0.911111 0.740000
116 0.172433 0.912222 0.710000
117 0.171230 0.910000 0.710000
118 0.172635 0.910000 0.720000
119 0.176208 0.908889 0.730000
120 0.173348 0.912222 0.700000
121 0.177930 0.910000 0.720000
122 0.167061 0.911111 0.720000
123 0.195270 0.904444 0.730000
124 0.183582 0.907778 0.680000
125 0.176931 0.910000 0.700000
126 0.172524 0.911111 0.710000
127 0.180305 0.911111 0.670000
128 0.174905 0.910000 0.710000
129 0.186767 0.907778 0.700000
130 0.173702 0.910000 0.670000
131 0.171425 0.911111 0.700000
132 0.190436 0.910000 0.690000
133 0.176735 0.904444 0.720000
134 0.165721 0.910000 0.670000
135 0.170691 0.910000 0.760000
136 0.183347 0.912222 0.700000
137 0.172953 0.910000 0.730000
138 0.183933 0.910000 0.730000
139 0.186251 0.908889 0.740000
140 0.183005 0.910000 0.710000
141 0.172029 0.911111 0.720000
142 0.170863 0.911111 0.720000
143 0.166684 0.911111 0.710000
144 0.186030 0.908889 0.700000
145 0.171332 0.907778 0.740000
146 0.172670 0.908889 0.710000
147 0.170554 0.912222 0.680000
148 0.177597 0.911111 0.710000
149 0.176118 0.910000 0.710000
150 0.173406 0.908889 0.700000
151 0.167345 0.911111 0.720000
152 0.169157 0.912222 0.700000
153 0.170416 0.912222 0.690000
154 0.176933 0.911111 0.720000
155 0.168292 0.913333 0.690000
156 0.169327 0.910000 0.700000
157 0.169527 0.912222 0.700000
158 0.172435 0.910000 0.700000
159 0.174298 0.913333 0.680000
160 0.163513 0.912222 0.710000
161 0.165985 0.913333 0.660000
162 0.175967 0.910000 0.700000
163 0.164001 0.911111 0.690000
164 0.172923 0.913333 0.690000
165 0.172959 0.908889 0.700000
166 0.176563 0.912222 0.660000
167 0.173944 0.911111 0.690000
168 0.170017 0.907778 0.710000
169 0.171667 0.911111 0.690000
170 0.167300 0.912222 0.660000
171 0.169379 0.910000 0.680000
172 0.169303 0.907778 0.710000
173 0.166092 0.912222 0.690000
174 0.171563 0.913333 0.670000
175 0.172282 0.912222 0.680000
176 0.172703 0.913333 0.680000
177 0.166727 0.912222 0.670000
178 0.169128 0.912222 0.650000
179 0.168261 0.908889 0.670000
180 0.172142 0.913333 0.680000
181 0.169510 0.912222 0.650000
182 0.173161 0.912222 0.680000
183 0.171097 0.912222 0.670000
184 0.164785 0.911111 0.700000
185 0.172223 0.912222 0.670000
186 0.169090 0.912222 0.660000
187 0.166790 0.908889 0.690000
188 0.178573 0.912222 0.680000
189 0.170247 0.912222 0.700000
190 0.170027 0.912222 0.680000
191 0.162315 0.910000 0.670000
192 0.162032 0.912222 0.730000
193 0.171478 0.907778 0.680000
194 0.162625 0.907778 0.690000
195 0.172211 0.912222 0.680000
196 0.173151 0.908889 0.690000
197 0.175832 0.910000 0.680000
198 0.174911 0.908889 0.690000
199 0.168297 0.911111 0.670000
200 0.178978 0.911111 0.690000
201 0.169325 0.910000 0.680000
202 0.170832 0.911111 0.700000
203 0.170274 0.908889 0.700000
204 0.171187 0.910000 0.670000
205 0.161762 0.912222 0.670000
206 0.166924 0.910000 0.680000
207 0.170782 0.910000 0.680000
208 0.165299 0.912222 0.670000
209 0.165251 0.910000 0.700000
210 0.167988 0.910000 0.700000
211 0.163408 0.910000 0.650000
212 0.168804 0.913333 0.690000
213 0.168142 0.913333 0.670000
214 0.164834 0.913333 0.680000
215 0.165609 0.914444 0.680000
216 0.164861 0.912222 0.680000
217 0.168586 0.912222 0.700000
218 0.173466 0.913333 0.650000
219 0.168781 0.912222 0.640000
220 0.164333 0.912222 0.690000
221 0.166682 0.911111 0.690000
222 0.161643 0.912222 0.660000
223 0.166003 0.914444 0.650000
224 0.167851 0.911111 0.680000
225 0.161941 0.913333 0.660000
226 0.161460 0.912222 0.690000
227 0.165389 0.913333 0.660000
228 0.167416 0.912222 0.690000
229 0.168041 0.911111 0.690000
230 0.167990 0.912222 0.670000
231 0.166624 0.912222 0.650000
232 0.167688 0.911111 0.670000
233 0.170786 0.910000 0.690000
234 0.160243 0.912222 0.670000
235 0.161050 0.912222 0.710000
236 0.169562 0.907778 0.680000
237 0.165161 0.910000 0.690000
238 0.161455 0.910000 0.680000
239 0.158193 0.908889 0.680000
240 0.160227 0.910000 0.660000
241 0.165892 0.911111 0.690000
242 0.168927 0.910000 0.690000
243 0.173433 0.912222 0.670000
244 0.166054 0.911111 0.680000
245 0.179968 0.910000 0.690000
246 0.160124 0.911111 0.700000
247 0.170250 0.911111 0.710000
248 0.166182 0.911111 0.680000
249 0.159476 0.908889 0.730000
250 0.166261 0.907778 0.700000
251 0.164252 0.908889 0.720000
252 0.160711 0.911111 0.720000
253 0.162815 0.910000 0.710000
254 0.169569 0.910000 0.710000
255 0.162663 0.911111 0.710000
256 0.166656 0.910000 0.730000
257 0.160876 0.913333 0.690000
258 0.167183 0.912222 0.690000
259 0.164779 0.913333 0.690000
260 0.167128 0.910000 0.720000
261 0.169527 0.913333 0.680000
262 0.164945 0.912222 0.680000
263 0.162214 0.911111 0.700000
264 0.167276 0.912222 0.690000
265 0.165811 0.912222 0.690000
266 0.172353 0.910000 0.730000
267 0.162997 0.911111 0.720000
268 0.169005 0.912222 0.730000
269 0.164476 0.912222 0.680000
270 0.168758 0.913333 0.690000
271 0.172333 0.911111 0.710000
272 0.160246 0.912222 0.670000
273 0.166447 0.912222 0.700000
274 0.162973 0.911111 0.730000
275 0.164344 0.912222 0.690000
276 0.170867 0.912222 0.690000
277 0.168846 0.912222 0.680000
278 0.163096 0.913333 0.680000
279 0.166292 0.913333 0.690000
280 0.162597 0.910000 0.720000
281 0.165231 0.910000 0.710000
282 0.168612 0.913333 0.690000
283 0.164388 0.913333 0.680000
284 0.167674 0.912222 0.670000
285 0.167696 0.910000 0.700000
286 0.171432 0.912222 0.700000
287 0.167936 0.911111 0.680000
288 0.167416 0.911111 0.710000
289 0.164117 0.912222 0.690000
290 0.163658 0.911111 0.710000
291 0.173117 0.911111 0.710000
292 0.162470 0.911111 0.710000
293 0.157466 0.911111 0.700000
294 0.159192 0.913333 0.670000
295 0.166153 0.912222 0.690000
296 0.159081 0.910000 0.690000
297 0.166929 0.910000 0.690000
298 0.165282 0.912222 0.690000
299 0.166287 0.913333 0.700000
300 0.157542 0.911111 0.700000
301 0.162679 0.911111 0.690000
302 0.164754 0.911111 0.670000
303 0.164098 0.911111 0.700000
304 0.160531 0.912222 0.690000
305 0.166173 0.910000 0.720000
306 0.166576 0.913333 0.700000
307 0.157364 0.913333 0.700000
308 0.167071 0.910000 0.720000
309 0.161919 0.913333 0.700000
310 0.174043 0.908889 0.710000
311 0.168267 0.907778 0.710000
312 0.165791 0.908889 0.720000
313 0.161253 0.911111 0.700000
314 0.158970 0.910000 0.720000
315 0.163515 0.913333 0.690000
316 0.166418 0.911111 0.690000
317 0.166569 0.911111 0.710000
318 0.161161 0.911111 0.690000
319 0.161823 0.911111 0.680000
320 0.164667 0.908889 0.730000
321 0.164717 0.910000 0.680000
322 0.162380 0.907778 0.720000
323 0.162574 0.910000 0.690000
324 0.164498 0.910000 0.710000
325 0.159855 0.910000 0.700000
326 0.161177 0.911111 0.700000
327 0.162589 0.910000 0.680000
328 0.157507 0.910000 0.730000
329 0.158932 0.911111 0.720000
330 0.166982 0.913333 0.700000
331 0.160826 0.913333 0.690000
332 0.160272 0.913333 0.690000
333 0.160108 0.910000 0.730000
334 0.161952 0.911111 0.710000
335 0.155837 0.911111 0.730000
336 0.165233 0.910000 0.710000
337 0.162698 0.911111 0.690000
338 0.173735 0.911111 0.720000
339 0.163526 0.911111 0.730000
340 0.162915 0.913333 0.690000
341 0.165569 0.910000 0.720000
342 0.164706 0.912222 0.720000
343 0.160708 0.913333 0.700000
344 0.166627 0.913333 0.710000
345 0.164040 0.914444 0.700000
346 0.163114 0.912222 0.690000
347 0.162840 0.913333 0.700000
348 0.164646 0.913333 0.710000
349 0.161907 0.912222 0.710000
350 0.165198 0.912222 0.690000
