1 5.065820 0.485926 0.433333
2 2.652850 0.501481 0.393333
3 2.279293 0.510370 0.460000
4 1.686508 0.456296 0.473333
5 1.530327 0.540000 0.520000
6 1.275868 0.556296 0.460000
7 1.144040 0.556296 0.486667
8 1.181481 0.534815 0.473333
9 1.180410 0.568148 0.500000
10 1.069097 0.564444 0.493333
11 0.936736 0.571111 0.500000
12 0.961246 0.573333 0.480000
13 1.022781 0.555556 0.406667
14 0.949474 0.580741 0.533333
15 0.965893 0.577037 0.506667
16 0.935453 0.582222 0.540000
17 0.929589 0.584444 0.480000
18 0.894110 0.598519 0.506667
19 0.888349 0.601481 0.500000
20 0.865659 0.605185 0.513333
21 0.887790 0.607407 0.493333
22 0.883702 0.598519 0.460000
23 0.837887 0.606667 0.506667
24 0.864524 0.592593 0.480000
25 0.866416 0.606667 0.480000
26 0.870459 0.596296 0.566667
27 0.873924 0.619259 0.480000
28 0.876012 0.613333 0.500000
29 0.890021 0.605185 0.513333
30 1.112052 0.573333 0.526667
31 0.988612 0.595556 0.520000
32 0.911981 0.577778 0.513333
33 0.887299 0.594074 0.513333
34 0.872812 0.599259 0.506667
35 0.868891 0.601481 0.493333
36 0.864407 0.600000 0.513333
37 0.847425 0.600741 0.486667
38 0.902230 0.605926 0.526667
39 0.870454 0.598519 0.460000
40 0.848399 0.610370 0.540000
41 0.848294 0.585185 0.446667
42 0.844689 0.614074 0.493333
43 0.846730 0.585926 0.446667
44 0.839096 0.618519 0.506667
45 0.817949 0.580000 0.453333
46 0.838053 0.624444 0.533333
47 0.840914 0.607407 0.520000
48 0.838711 0.602963 0.426667
49 0.829695 0.622222 0.466667
50 0.822897 0.626667 0.480000
