1 3.519958 0.535484 0.529412
2 1.710857 0.612903 0.705882
3 1.429348 0.700000 0.647059
4 1.177832 0.651613 0.470588
5 0.863459 0.783871 0.617647
6 0.746475 0.700000 0.647059
7 0.892172 0.783871 0.558824
8 0.877172 0.764516 0.411765
9 0.612720 0.838710 0.558824
10 0.490074 0.787097 0.470588
11 0.602453 0.825806 0.382353
12 0.573176 0.883871 0.441176
13 0.494466 0.838710 0.529412
14 0.428068 0.854839 0.588235
15 0.432932 0.822581 0.558824
16 0.347405 0.900000 0.529412
17 0.306124 0.829032 0.529412
18 0.487268 0.880645 0.470588
19 0.316705 0.841935 0.470588
20 0.329832 0.909677 0.441176
21 0.309959 0.848387 0.470588
22 0.284029 0.909677 0.588235
23 0.278769 0.896774 0.411765
24 0.276587 0.919355 0.500000
25 0.311536 0.922581 0.529412
26 0.331142 0.854839 0.441176
27 0.289396 0.890323 0.470588
28 0.391397 0.903226 0.441176
29 0.306673 0.825806 0.500000
30 0.258132 0.919355 0.529412
31 0.207748 0.935484 0.441176
32 0.249475 0.916129 0.411765
33 0.211476 0.929032 0.470588
34 0.396147 0.783871 0.588235
35 0.349428 0.912903 0.500000
36 0.237921 0.919355 0.470588
37 0.237518 0.919355 0.470588
38 0.248728 0.925806 0.470588
39 0.215502 0.935484 0.500000
40 0.212658 0.941935 0.558824
41 0.194077 0.935484 0.441176
42 0.189541 0.890323 0.529412
43 0.240874 0.935484 0.558824
44 0.209240 0.935484 0.529412
45 0.194095 0.938710 0.500000
46 0.181968 0.938710 0.500000
47 0.195037 0.935484 0.500000
48 0.184373 0.925806 0.470588
49 0.312909 0.900000 0.500000
50 0.219835 0.938710 0.500000
51 0.175647 0.951613 0.529412
52 0.157041 0.954839 0.470588
53 0.161030 0.951613 0.441176
54 0.157411 0.941935 0.470588
55 0.154539 0.938710 0.470588
56 0.151873 0.951613 0.441176
57 0.149071 0.958065 0.411765
58 0.152497 0.948387 0.441176
59 0.151065 0.951613 0.441176
60 0.145552 0.954839 0.411765
61 0.136816 0.964516 0.500000
62 0.151396 0.941935 0.500000
63 0.154818 0.951613 0.470588
64 0.142847 0.961290 0.470588
65 0.161963 0.954839 0.558824
66 0.146721 0.954839 0.558824
67 0.146066 0.958065 0.441176
68 0.150457 0.951613 0.588235
69 0.145655 0.948387 0.470588
70 0.173622 0.954839 0.470588
71 0.143912 0.945161 0.500000
72 0.191571 0.935484 0.529412
73 0.248300 0.919355 0.500000
74 0.192588 0.948387 0.441176
75 0.155891 0.948387 0.500000
76 0.150851 0.941935 0.558824
77 0.167902 0.954839 0.500000
78 0.144860 0.961290 0.441176
79 0.147643 0.951613 0.500000
80 0.139249 0.951613 0.470588
81 0.132961 0.964516 0.529412
82 0.149983 0.951613 0.470588
83 0.186455 0.935484 0.441176
84 0.157937 0.941935 0.441176
85 0.145315 0.945161 0.441176
86 0.138802 0.954839 0.441176
87 0.136203 0.954839 0.558824
88 0.137163 0.948387 0.500000
89 0.128228 0.958065 0.558824
90 0.131378 0.954839 0.500000
91 0.159787 0.874194 0.470588
92 0.217239 0.932258 0.470588
93 0.213893 0.903226 0.529412
94 0.200564 0.948387 0.558824
95 0.175172 0.941935 0.529412
96 0.163846 0.954839 0.470588
97 0.137810 0.958065 0.441176
98 0.138530 0.958065 0.470588
99 0.130769 0.964516 0.529412
100 0.129699 0.961290 0.441176
101 0.117478 0.958065 0.441176
102 0.112403 0.961290 0.500000
103 0.116973 0.961290 0.411765
104 0.120390 0.961290 0.441176
105 0.115881 0.964516 0.500000
106 0.127097 0.951613 0.500000
107 0.118283 0.961290 0.441176
108 0.116243 0.970968 0.411765
109 0.113702 0.961290 0.411765
110 0.110027 0.961290 0.470588
111 0.114662 0.974194 0.470588
112 0.115618 0.954839 0.500000
113 0.115447 0.954839 0.500000
114 0.120705 0.954839 0.441176
115 0.124024 0.954839 0.558824
116 0.125538 0.951613 0.500000
117 0.108925 0.964516 0.529412
118 0.115006 0.970968 0.470588
119 0.108140 0.967742 0.470588
120 0.112785 0.951613 0.470588
121 0.112978 0.961290 0.470588
122 0.102580 0.967742 0.500000
123 0.120648 0.967742 0.470588
124 0.157647 0.948387 0.470588
125 0.144483 0.964516 0.441176
126 0.125280 0.967742 0.529412
127 0.116317 0.970968 0.500000
128 0.115164 0.967742 0.558824
129 0.118452 0.964516 0.441176
130 0.112320 0.967742 0.529412
131 0.123527 0.974194 0.500000
132 0.113454 0.964516 0.529412
133 0.113065 0.970968 0.558824
134 0.108172 0.967742 0.558824
135 0.108211 0.958065 0.500000
136 0.113919 0.961290 0.558824
137 0.116780 0.967742 0.500000
138 0.103855 0.970968 0.500000
139 0.119949 0.967742 0.558824
140 0.106871 0.970968 0.529412
141 0.103703 0.967742 0.529412
142 0.121500 0.951613 0.529412
143 0.153411 0.916129 0.558824
144 0.183838 0.951613 0.558824
145 0.127041 0.961290 0.529412
146 0.112409 0.958065 0.558824
147 0.114648 0.970968 0.558824
148 0.109265 0.964516 0.529412
149 0.108259 0.970968 0.529412
150 0.100855 0.977419 0.558824
151 0.099029 0.974194 0.529412
152 0.104192 0.970968 0.558824
153 0.097870 0.970968 0.558824
154 0.098065 0.970968 0.588235
155 0.094024 0.974194 0.558824
156 0.106391 0.967742 0.558824
157 0.102194 0.970968 0.500000
158 0.095855 0.967742 0.529412
159 0.095848 0.974194 0.588235
160 0.099755 0.964516 0.529412
161 0.102837 0.970968 0.529412
162 0.096977 0.974194 0.500000
163 0.097307 0.970968 0.529412
164 0.099600 0.974194 0.500000
165 0.093871 0.967742 0.529412
166 0.099828 0.970968 0.588235
167 0.100829 0.970968 0.558824
168 0.101637 0.964516 0.529412
169 0.098321 0.961290 0.529412
170 0.097632 0.970968 0.529412
171 0.088174 0.974194 0.529412
172 0.105790 0.974194 0.588235
173 0.098398 0.974194 0.529412
174 0.099909 0.974194 0.529412
175 0.100358 0.974194 0.588235
176 0.093649 0.970968 0.588235
177 0.097113 0.980645 0.529412
178 0.091771 0.967742 0.529412
179 0.096330 0.967742 0.588235
180 0.099544 0.974194 0.529412
181 0.094074 0.967742 0.529412
182 0.095202 0.967742 0.558824
183 0.091397 0.967742 0.529412
184 0.098779 0.964516 0.529412
185 0.098431 0.964516 0.588235
186 0.096343 0.970968 0.529412
187 0.095231 0.977419 0.558824
188 0.095227 0.974194 0.529412
189 0.091449 0.964516 0.558824
190 0.099114 0.974194 0.558824
191 0.099100 0.967742 0.588235
192 0.098769 0.970968 0.558824
193 0.098304 0.970968 0.588235
194 0.094782 0.967742 0.588235
195 0.097484 0.974194 0.558824
196 0.091502 0.970968 0.529412
197 0.094689 0.980645 0.558824
198 0.087567 0.974194 0.588235
199 0.101004 0.964516 0.558824
200 0.092727 0.974194 0.558824
201 0.090721 0.977419 0.558824
202 0.092935 0.974194 0.617647
203 0.086015 0.977419 0.558824
204 0.092909 0.977419 0.588235
205 0.089334 0.980645 0.558824
206 0.087205 0.970968 0.558824
207 0.088894 0.967742 0.617647
208 0.085361 0.974194 0.558824
209 0.090270 0.977419 0.617647
210 0.085825 0.970968 0.558824
211 0.089786 0.974194 0.558824
212 0.090182 0.977419 0.558824
213 0.086188 0.977419 0.558824
214 0.092030 0.967742 0.588235
215 0.087941 0.977419 0.558824
216 0.087937 0.977419 0.529412
217 0.086295 0.967742 0.558824
218 0.088788 0.974194 0.588235
219 0.095474 0.967742 0.558824
220 0.084619 0.967742 0.558824
221 0.084110 0.977419 0.558824
222 0.091804 0.967742 0.617647
223 0.090806 0.970968 0.558824
224 0.084928 0.974194 0.558824
225 0.087113 0.974194 0.588235
226 0.088255 0.974194 0.558824
227 0.084642 0.977419 0.558824
228 0.088786 0.980645 0.558824
229 0.090441 0.970968 0.558824
230 0.088066 0.977419 0.558824
231 0.083285 0.967742 0.617647
232 0.088884 0.980645 0.558824
233 0.082055 0.977419 0.529412
234 0.082286 0.980645 0.558824
235 0.086085 0.970968 0.558824
236 0.091178 0.977419 0.558824
237 0.089635 0.977419 0.588235
238 0.089208 0.970968 0.588235
239 0.088055 0.967742 0.558824
240 0.087094 0.974194 0.558824
241 0.082206 0.980645 0.558824
242 0.085835 0.977419 0.558824
243 0.084403 0.977419 0.588235
244 0.091303 0.977419 0.588235
245 0.084224 0.970968 0.558824
246 0.086974 0.977419 0.558824
247 0.083061 0.977419 0.558824
248 0.088229 0.970968 0.558824
249 0.089279 0.977419 0.558824
250 0.089362 0.974194 0.588235
251 0.085501 0.970968 0.617647
252 0.084524 0.980645 0.588235
253 0.081863 0.980645 0.558824
254 0.083518 0.977419 0.588235
255 0.079129 0.980645 0.588235
256 0.082421 0.977419 0.558824
257 0.078215 0.974194 0.558824
258 0.084551 0.974194 0.529412
259 0.085943 0.977419 0.558824
260 0.083909 0.980645 0.558824
261 0.088315 0.977419 0.529412
262 0.085515 0.977419 0.529412
263 0.077504 0.980645 0.558824
264 0.076954 0.977419 0.558824
265 0.084515 0.980645 0.558824
266 0.080881 0.980645 0.558824
267 0.078273 0.980645 0.558824
268 0.085019 0.967742 0.558824
269 0.084357 0.980645 0.588235
270 0.080588 0.980645 0.558824
271 0.081654 0.977419 0.588235
272 0.080465 0.977419 0.558824
273 0.085763 0.977419 0.558824
274 0.080437 0.977419 0.558824
275 0.078879 0.980645 0.558824
276 0.080850 0.980645 0.558824
277 0.083016 0.977419 0.588235
278 0.080873 0.980645 0.588235
279 0.082536 0.977419 0.558824
280 0.079241 0.977419 0.588235
281 0.083708 0.974194 0.617647
282 0.083255 0.977419 0.558824
283 0.085721 0.974194 0.558824
284 0.082931 0.977419 0.588235
285 0.081796 0.980645 0.529412
286 0.084233 0.977419 0.558824
287 0.081117 0.977419 0.617647
288 0.078824 0.980645 0.588235
289 0.083524 0.980645 0.558824
290 0.082290 0.980645 0.558824
291 0.082095 0.977419 0.558824
292 0.082124 0.970968 0.588235
293 0.080761 0.980645 0.500000
294 0.078953 0.977419 0.558824
295 0.082170 0.980645 0.558824
296 0.079434 0.977419 0.558824
297 0.078848 0.974194 0.558824
298 0.082556 0.977419 0.529412
299 0.081316 0.980645 0.558824
300 0.080327 0.980645 0.558824
301 0.077458 0.980645 0.558824
302 0.085245 0.977419 0.558824
303 0.083440 0.977419 0.529412
304 0.075115 0.980645 0.529412
305 0.077803 0.977419 0.588235
306 0.078434 0.974194 0.617647
307 0.080961 0.977419 0.588235
308 0.079980 0.977419 0.617647
309 0.082033 0.980645 0.529412
310 0.081924 0.977419 0.529412
311 0.077988 0.980645 0.529412
312 0.076100 0.980645 0.529412
313 0.080237 0.974194 0.529412
314 0.079445 0.980645 0.558824
315 0.077114 0.980645 0.558824
316 0.078102 0.980645 0.558824
317 0.081157 0.977419 0.529412
318 0.077058 0.980645 0.558824
319 0.082894 0.977419 0.529412
320 0.079227 0.980645 0.500000
321 0.079316 0.980645 0.500000
322 0.077122 0.977419 0.500000
323 0.074231 0.980645 0.529412
324 0.078296 0.980645 0.500000
325 0.080725 0.980645 0.500000
326 0.079361 0.977419 0.500000
327 0.081239 0.977419 0.500000
328 0.077491 0.980645 0.529412
329 0.076122 0.980645 0.529412
330 0.078278 0.977419 0.529412
331 0.077675 0.977419 0.529412
332 0.078736 0.980645 0.529412
333 0.080988 0.980645 0.529412
334 0.078749 0.980645 0.529412
335 0.080024 0.980645 0.529412
336 0.078958 0.980645 0.500000
337 0.076788 0.980645 0.558824
338 0.076376 0.980645 0.588235
339 0.076429 0.980645 0.558824
340 0.082859 0.980645 0.558824
341 0.073996 0.980645 0.529412
342 0.077646 0.980645 0.529412
343 0.079925 0.977419 0.529412
344 0.076658 0.977419 0.529412
345 0.080288 0.980645 0.529412
346 0.078127 0.980645 0.558824
347 0.082044 0.980645 0.529412
348 0.079835 0.980645 0.558824
349 0.075127 0.980645 0.558824
350 0.080507 0.980645 0.558824
