1 2.864409 0.746667 0.730000
2 0.794198 0.784444 0.700000
3 0.697638 0.778889 0.730000
4 0.597500 0.811111 0.750000
5 0.716885 0.793333 0.680000
6 0.503295 0.810000 0.690000
7 0.481175 0.805556 0.760000
8 0.398661 0.853333 0.750000
9 0.473287 0.836667 0.760000
10 0.391810 0.835556 0.720000
11 0.365086 0.852222 0.700000
12 0.366334 0.860000 0.750000
13 0.351665 0.847778 0.780000
14 0.316315 0.870000 0.730000
15 0.332479 0.841111 0.700000
16 0.345583 0.868889 0.720000
17 0.296652 0.874444 0.710000
18 0.289686 0.882222 0.790000
19 0.278629 0.877778 0.680000
20 0.304695 0.873333 0.730000
21 0.293510 0.880000 0.720000
22 0.297257 0.881111 0.730000
23 0.286223 0.857778 0.690000
24 0.297087 0.865556 0.680000
25 0.281210 0.886667 0.660000
26 0.298925 0.866667 0.710000
27 0.279752 0.868889 0.740000
28 0.263521 0.881111 0.710000
29 0.270820 0.881111 0.710000
30 0.256102 0.828889 0.770000
31 0.267081 0.878889 0.770000
32 0.250541 0.888889 0.730000
33 0.240481 0.885556 0.700000
34 0.245481 0.893333 0.750000
35 0.224270 0.890000 0.770000
36 0.241334 0.897778 0.750000
37 0.281584 0.884444 0.740000
38 0.248612 0.886667 0.720000
39 0.246421 0.898889 0.740000
40 0.224956 0.900000 0.740000
41 0.224280 0.894444 0.740000
42 0.229629 0.896667 0.770000
43 0.224808 0.893333 0.710000
44 0.213902 0.896667 0.740000
45 0.221500 0.887778 0.750000
46 0.240342 0.888889 0.760000
47 0.235558 0.894444 0.740000
48 0.234409 0.897778 0.730000
49 0.218846 0.897778 0.750000
50 0.219231 0.902222 0.740000
51 0.193686 0.900000 0.750000
52 0.188211 0.907778 0.750000
53 0.193884 0.905556 0.710000
54 0.178079 0.907778 0.750000
55 0.180224 0.901111 0.730000
56 0.188393 0.908889 0.740000
57 0.190921 0.904444 0.760000
58 0.186323 0.904444 0.740000
59 0.194942 0.903333 0.720000
60 0.190094 0.906667 0.760000
61 0.202165 0.904444 0.730000
62 0.211714 0.905556 0.750000
63 0.213602 0.904444 0.720000
64 0.196604 0.907778 0.760000
65 0.188980 0.903333 0.720000
66 0.235103 0.897778 0.770000
67 0.206207 0.907778 0.750000
68 0.206583 0.897778 0.700000
69 0.197640 0.903333 0.740000
70 0.193296 0.907778 0.750000
71 0.189245 0.904444 0.710000
72 0.203997 0.906667 0.740000
73 0.218209 0.904444 0.700000
74 0.194718 0.907778 0.710000
75 0.197522 0.908889 0.730000
76 0.186977 0.904444 0.720000
77 0.182506 0.910000 0.760000
78 0.180500 0.905556 0.780000
79 0.183211 0.908889 0.740000
80 0.180996 0.906667 0.750000
81 0.189557 0.892222 0.740000
82 0.195965 0.901111 0.790000
83 0.220318 0.906667 0.730000
84 0.207593 0.892222 0.750000
85 0.231619 0.904444 0.750000
86 0.185207 0.905556 0.720000
87 0.193724 0.900000 0.770000
88 0.206686 0.898889 0.770000
89 0.217178 0.901111 0.700000
90 0.203390 0.906667 0.780000
91 0.208198 0.898889 0.710000
92 0.197321 0.901111 0.730000
93 0.190290 0.908889 0.770000
94 0.205024 0.894444 0.770000
95 0.204609 0.903333 0.780000
96 0.200391 0.904444 0.760000
97 0.202142 0.900000 0.730000
98 0.201082 0.900000 0.710000
99 0.187976 0.904444 0.750000
100 0.186015 0.907778 0.760000
101 0.170884 0.908889 0.780000
102 0.176825 0.910000 0.760000
103 0.176860 0.907778 0.740000
104 0.173112 0.910000 0.740000
105 0.175069 0.904444 0.720000
106 0.176612 0.908889 0.750000
107 0.166398 0.911111 0.770000
108 0.174094 0.906667 0.760000
109 0.179586 0.910000 0.750000
110 0.170304 0.904444 0.720000
111 0.179606 0.905556 0.720000
112 0.179571 0.908889 0.740000
113 0.184870 0.906667 0.730000
114 0.170487 0.906667 0.740000
115 0.176962 0.906667 0.740000
116 0.180241 0.906667 0.720000
117 0.172129 0.908889 0.750000
118 0.169447 0.908889 0.730000
119 0.177689 0.906667 0.720000
120 0.170399 0.910000 0.760000
121 0.174231 0.908889 0.800000
122 0.168578 0.906667 0.760000
123 0.180095 0.908889 0.760000
124 0.174807 0.907778 0.760000
125 0.177037 0.907778 0.780000
126 0.172467 0.907778 0.760000
127 0.167993 0.907778 0.770000
128 0.169176 0.908889 0.770000
129 0.174805 0.904444 0.760000
130 0.173601 0.910000 0.780000
131 0.170727 0.911111 0.780000
132 0.170996 0.910000 0.780000
133 0.177017 0.908889 0.780000
134 0.172919 0.906667 0.790000
135 0.184193 0.908889 0.790000
136 0.211521 0.908889 0.760000
137 0.211808 0.901111 0.750000
138 0.197855 0.907778 0.770000
139 0.187019 0.910000 0.770000
140 0.201185 0.904444 0.740000
141 0.207864 0.907778 0.750000
142 0.173287 0.907778 0.750000
143 0.175026 0.910000 0.770000
144 0.184693 0.907778 0.760000
145 0.177159 0.906667 0.730000
146 0.173096 0.908889 0.770000
147 0.169961 0.910000 0.780000
148 0.179168 0.906667 0.740000
149 0.168978 0.904444 0.770000
150 0.173546 0.908889 0.770000
151 0.164209 0.908889 0.780000
152 0.166879 0.911111 0.760000
153 0.167736 0.911111 0.760000
154 0.168791 0.907778 0.740000
155 0.164191 0.910000 0.780000
156 0.167591 0.907778 0.790000
157 0.166285 0.907778 0.770000
158 0.165877 0.908889 0.760000
159 0.171951 0.908889 0.780000
160 0.171473 0.908889 0.800000
161 0.172837 0.907778 0.810000
162 0.172295 0.910000 0.760000
163 0.172184 0.910000 0.780000
164 0.172645 0.910000 0.770000
165 0.169462 0.910000 0.790000
166 0.167554 0.908889 0.760000
167 0.171461 0.911111 0.780000
168 0.171205 0.910000 0.780000
169 0.169540 0.911111 0.770000
170 0.170489 0.911111 0.740000
171 0.171411 0.911111 0.740000
172 0.160309 0.910000 0.760000
173 0.174818 0.910000 0.790000
174 0.173306 0.906667 0.790000
175 0.173890 0.906667 0.760000
176 0.167328 0.907778 0.780000
177 0.157653 0.908889 0.790000
178 0.164963 0.908889 0.750000
179 0.169895 0.908889 0.770000
180 0.165137 0.910000 0.780000
181 0.158496 0.908889 0.790000
182 0.166462 0.910000 0.760000
183 0.167988 0.905556 0.750000
184 0.167173 0.908889 0.800000
185 0.165531 0.911111 0.770000
186 0.168093 0.911111 0.790000
187 0.171434 0.911111 0.770000
188 0.169526 0.908889 0.770000
189 0.173176 0.910000 0.730000
190 0.163961 0.908889 0.740000
191 0.161920 0.908889 0.750000
192 0.161130 0.910000 0.770000
193 0.173869 0.907778 0.810000
194 0.167665 0.911111 0.760000
195 0.168556 0.910000 0.780000
196 0.171716 0.911111 0.750000
197 0.170367 0.911111 0.750000
198 0.162402 0.910000 0.760000
199 0.171352 0.908889 0.760000
200 0.161782 0.908889 0.720000
201 0.167796 0.910000 0.730000
202 0.173012 0.908889 0.750000
203 0.165105 0.908889 0.750000
204 0.164385 0.911111 0.780000
205 0.163287 0.911111 0.760000
206 0.165851 0.910000 0.740000
207 0.161486 0.911111 0.740000
208 0.165525 0.908889 0.710000
209 0.187562 0.911111 0.740000
210 0.167502 0.911111 0.780000
211 0.164064 0.911111 0.730000
212 0.162932 0.911111 0.750000
213 0.165222 0.911111 0.760000
214 0.172935 0.911111 0.770000
215 0.165842 0.911111 0.780000
216 0.162630 0.910000 0.770000
217 0.169384 0.911111 0.780000
218 0.169936 0.911111 0.790000
219 0.168836 0.908889 0.800000
220 0.160887 0.911111 0.790000
221 0.163174 0.911111 0.790000
222 0.162701 0.910000 0.780000
223 0.168967 0.911111 0.760000
224 0.162019 0.911111 0.770000
225 0.167906 0.910000 0.760000
226 0.166157 0.911111 0.770000
227 0.166037 0.911111 0.770000
228 0.166790 0.907778 0.750000
229 0.156177 0.911111 0.780000
230 0.169765 0.911111 0.760000
231 0.163493 0.911111 0.790000
232 0.162932 0.910000 0.770000
233 0.156876 0.912222 0.790000
234 0.162434 0.910000 0.780000
235 0.156173 0.911111 0.780000
236 0.160955 0.911111 0.780000
237 0.171520 0.911111 0.770000
238 0.161478 0.911111 0.770000
239 0.169199 0.911111 0.760000
240 0.161227 0.911111 0.760000
241 0.168788 0.911111 0.770000
242 0.166592 0.911111 0.780000
243 0.162287 0.911111 0.770000
244 0.161620 0.911111 0.800000
245 0.165773 0.910000 0.790000
246 0.167168 0.911111 0.760000
247 0.166199 0.911111 0.790000
248 0.170941 0.911111 0.790000
249 0.160009 0.911111 0.810000
250 0.172373 0.911111 0.760000
251 0.163715 0.911111 0.760000
252 0.165613 0.912222 0.790000
253 0.158880 0.910000 0.760000
254 0.158311 0.911111 0.770000
255 0.157938 0.911111 0.770000
256 0.159997 0.910000 0.780000
257 0.159655 0.911111 0.790000
258 0.165638 0.911111 0.780000
259 0.156748 0.912222 0.790000
260 0.159580 0.912222 0.810000
261 0.162319 0.911111 0.760000
262 0.166557 0.912222 0.760000
263 0.153317 0.912222 0.780000
264 0.161574 0.912222 0.780000
265 0.160954 0.912222 0.810000
266 0.161467 0.912222 0.800000
267 0.164426 0.912222 0.780000
268 0.169081 0.912222 0.800000
269 0.157283 0.912222 0.830000
270 0.165762 0.911111 0.800000
271 0.170626 0.912222 0.790000
272 0.161563 0.910000 0.770000
273 0.159599 0.912222 0.800000
274 0.165645 0.910000 0.800000
275 0.160680 0.911111 0.780000
276 0.161740 0.911111 0.780000
277 0.167603 0.911111 0.790000
278 0.168853 0.910000 0.790000
279 0.170908 0.911111 0.770000
280 0.159062 0.911111 0.780000
281 0.162469 0.911111 0.740000
282 0.160699 0.911111 0.760000
283 0.166322 0.911111 0.760000
284 0.169661 0.911111 0.770000
285 0.170528 0.910000 0.800000
286 0.166844 0.911111 0.760000
287 0.168672 0.912222 0.790000
288 0.160348 0.910000 0.790000
289 0.162062 0.911111 0.770000
290 0.163618 0.911111 0.770000
291 0.159333 0.911111 0.780000
292 0.159423 0.911111 0.760000
293 0.153164 0.910000 0.760000
294 0.163938 0.911111 0.800000
295 0.157911 0.911111 0.770000
296 0.170148 0.910000 0.780000
297 0.159851 0.911111 0.800000
298 0.152487 0.911111 0.780000
299 0.164897 0.910000 0.760000
300 0.164333 0.911111 0.750000
301 0.162399 0.908889 0.760000
302 0.172541 0.911111 0.770000
303 0.164238 0.911111 0.760000
304 0.155913 0.910000 0.780000
305 0.156067 0.911111 0.770000
306 0.152768 0.911111 0.770000
307 0.156928 0.911111 0.790000
308 0.157797 0.910000 0.780000
309 0.161064 0.910000 0.790000
310 0.166445 0.911111 0.780000
311 0.160515 0.911111 0.760000
312 0.160419 0.911111 0.780000
313 0.164205 0.910000 0.760000
314 0.155925 0.911111 0.760000
315 0.161099 0.910000 0.770000
316 0.165820 0.911111 0.770000
317 0.162664 0.911111 0.760000
318 0.158676 0.911111 0.750000
319 0.160839 0.911111 0.770000
320 0.161980 0.911111 0.800000
321 0.166237 0.912222 0.790000
322 0.161630 0.911111 0.760000
323 0.161381 0.911111 0.780000
324 0.161064 0.911111 0.790000
325 0.160970 0.910000 0.760000
326 0.158974 0.911111 0.760000
327 0.161365 0.910000 0.760000
328 0.158588 0.910000 0.770000
329 0.164508 0.910000 0.790000
330 0.158486 0.910000 0.760000
331 0.162929 0.911111 0.770000
332 0.160538 0.911111 0.770000
333 0.157007 0.910000 0.750000
334 0.162171 0.908889 0.770000
335 0.160163 0.911111 0.770000
336 0.164592 0.910000 0.760000
337 0.159349 0.912222 0.780000
338 0.168129 0.911111 0.790000
339 0.159654 0.910000 0.790000
340 0.164820 0.912222 0.790000
341 0.166286 0.911111 0.790000
342 0.162841 0.911111 0.780000
343 0.168098 0.910000 0.780000
344 0.161426 0.910000 0.770000
345 0.164561 0.911111 0.770000
346 0.164837 0.912222 0.800000
347 0.161850 0.911111 0.770000
348 0.161856 0.911111 0.780000
349 0.165329 0.911111 0.770000
350 0.164798 0.911111 0.770000
