1 4.007595 0.657009 0.566387
2 1.740607 0.693801 0.598907
3 1.303413 0.715102 0.564034
4 1.246334 0.695084 0.589664
5 1.024738 0.736158 0.595630
6 0.874152 0.744845 0.607731
7 0.880454 0.775872 0.592437
8 0.695568 0.791662 0.593109
9 0.645170 0.788137 0.613109
10 0.647375 0.767118 0.590084
11 0.611024 0.794565 0.609748
12 0.564241 0.836207 0.613277
13 0.495373 0.836550 0.599244
14 0.451180 0.835896 0.627563
15 0.465593 0.849485 0.628067
16 0.417830 0.825188 0.587647
17 0.399568 0.845593 0.604118
18 0.421313 0.857882 0.624958
19 0.374195 0.851058 0.587647
20 0.384138 0.872413 0.601681
21 0.352676 0.875316 0.610168
22 0.316436 0.863082 0.595967
23 0.295032 0.895678 0.607395
24 0.303217 0.868551 0.607395
25 0.356483 0.881789 0.578319
26 0.329909 0.876968 0.607395
27 0.307489 0.880758 0.616051
28 0.321559 0.888222 0.636386
29 0.306906 0.895355 0.578487
30 0.291191 0.917617 0.610336
31 0.274142 0.913113 0.610420
32 0.271275 0.907321 0.592689
33 0.274355 0.916021 0.610504
34 0.268928 0.901192 0.619244
35 0.255459 0.915371 0.595798
36 0.253499 0.909210 0.589832
37 0.259454 0.920845 0.590084
38 0.241754 0.919261 0.581008
39 0.269307 0.904059 0.598907
40 0.270013 0.923426 0.610504
41 0.235543 0.926685 0.601596
42 0.242222 0.912798 0.613361
43 0.242632 0.918308 0.604538
44 0.227125 0.919887 0.630924
45 0.221787 0.930864 0.598319
46 0.221048 0.916953 0.598572
47 0.246696 0.894055 0.581597
48 0.250157 0.921829 0.604370
49 0.225475 0.931522 0.607311
50 0.187023 0.951222 0.592857
51 0.165856 0.955100 0.595966
52 0.158744 0.955099 0.575378
53 0.166879 0.953800 0.587395
54 0.159817 0.954778 0.595882
55 0.155156 0.952838 0.592689
56 0.160489 0.959625 0.595546
57 0.149706 0.959624 0.572521
58 0.152922 0.959293 0.563950
59 0.155575 0.951208 0.587059
60 0.159802 0.953151 0.584202
61 0.167535 0.957994 0.584202
62 0.160628 0.957683 0.592857
63 0.161679 0.949265 0.598571
64 0.167398 0.956057 0.618656
65 0.161515 0.957356 0.621849
66 0.156774 0.955420 0.604706
67 0.153159 0.958327 0.598655
68 0.154251 0.954459 0.595798
69 0.154464 0.958976 0.595798
70 0.165662 0.933445 0.601512
71 0.179870 0.946697 0.630672
72 0.181895 0.946694 0.601849
73 0.183930 0.941852 0.598319
74 0.176396 0.937021 0.607059
75 0.164246 0.957359 0.592773
76 0.170280 0.931809 0.572605
77 0.170270 0.957037 0.622101
78 0.157389 0.953794 0.578151
79 0.181688 0.943122 0.607227
80 0.167027 0.957036 0.612773
81 0.156725 0.958657 0.607311
82 0.153616 0.961563 0.592857
83 0.159556 0.955430 0.589916
84 0.159948 0.956394 0.604370
85 0.165322 0.950910 0.581345
86 0.154810 0.956061 0.601512
87 0.175255 0.937625 0.616386
88 0.162648 0.957039 0.601513
89 0.162179 0.957361 0.607479
90 0.162066 0.953787 0.601429
91 0.187301 0.929594 0.598655
92 0.173576 0.947664 0.598319
93 0.163911 0.955429 0.607395
94 0.156390 0.958010 0.630420
95 0.160666 0.958336 0.627563
96 0.157436 0.959946 0.610252
97 0.162436 0.949302 0.613109
98 0.148047 0.963502 0.595546
99 0.155481 0.949263 0.596135
100 0.138092 0.966731 0.598487
101 0.124339 0.966410 0.604202
102 0.119342 0.967375 0.596050
103 0.119527 0.967374 0.592605
104 0.117862 0.968664 0.607395
105 0.117031 0.967052 0.616050
106 0.121250 0.968023 0.613277
107 0.115359 0.967698 0.598488
108 0.120281 0.969954 0.615630
109 0.116792 0.969957 0.610252
110 0.110322 0.967701 0.601344
111 0.113907 0.970925 0.601429
112 0.118076 0.965764 0.619076
113 0.115342 0.964795 0.613109
114 0.119327 0.966727 0.601429
115 0.113907 0.968019 0.627563
116 0.115803 0.966408 0.630336
117 0.108907 0.969959 0.624538
118 0.112119 0.972215 0.607395
119 0.111935 0.968665 0.621848
120 0.118884 0.965112 0.610084
121 0.116125 0.968018 0.627479
122 0.113552 0.967692 0.615966
123 0.114878 0.969313 0.604118
124 0.117914 0.966405 0.621681
125 0.121924 0.968345 0.607143
126 0.129751 0.963505 0.630504
127 0.127216 0.963505 0.638992
128 0.133344 0.968019 0.639244
129 0.125064 0.962529 0.604370
130 0.120933 0.967373 0.618739
131 0.117171 0.972221 0.633362
132 0.128249 0.959931 0.636302
133 0.128338 0.970926 0.630672
134 0.116341 0.967373 0.627731
135 0.114641 0.968665 0.601513
136 0.119766 0.958008 0.612773
137 0.134542 0.963821 0.592857
138 0.115277 0.969956 0.610168
139 0.120055 0.969959 0.627731
140 0.111809 0.969311 0.619076
141 0.112523 0.970281 0.624790
142 0.114883 0.967057 0.607143
143 0.127924 0.962539 0.616050
144 0.121774 0.967057 0.624706
145 0.118181 0.966407 0.627731
146 0.117021 0.966407 0.615966
147 0.115406 0.971247 0.624790
148 0.114673 0.967374 0.613025
149 0.116858 0.969307 0.618572
150 0.107747 0.969957 0.627647
151 0.101938 0.971898 0.639328
152 0.102629 0.972217 0.624874
153 0.097064 0.972868 0.624706
154 0.097367 0.972864 0.630588
155 0.098643 0.973186 0.610084
156 0.099826 0.971895 0.618908
157 0.097708 0.972541 0.621681
158 0.096461 0.971251 0.624706
159 0.098070 0.972541 0.630504
160 0.099230 0.969957 0.624622
161 0.100300 0.971896 0.613025
162 0.097823 0.974156 0.615714
163 0.093403 0.971897 0.615966
164 0.098905 0.971898 0.621681
165 0.096544 0.970608 0.615882
166 0.098467 0.972219 0.630420
167 0.099087 0.972542 0.621765
168 0.096520 0.971898 0.607143
169 0.097252 0.972546 0.627479
170 0.100572 0.973188 0.618739
171 0.096951 0.973512 0.613025
172 0.099503 0.974802 0.633529
173 0.097023 0.972219 0.621597
174 0.097444 0.971571 0.618992
175 0.097240 0.975128 0.636302
176 0.097841 0.972865 0.636386
177 0.095409 0.973829 0.615630
178 0.093847 0.972866 0.627479
179 0.096648 0.971570 0.630420
180 0.100259 0.974804 0.630672
181 0.096215 0.973190 0.630504
182 0.096322 0.973833 0.621765
183 0.094085 0.971254 0.615798
184 0.096308 0.972224 0.627563
185 0.093584 0.973509 0.633445
186 0.095815 0.973190 0.621680
187 0.099055 0.974482 0.624790
188 0.095715 0.974803 0.618908
189 0.097244 0.972218 0.624622
190 0.095857 0.974804 0.624706
191 0.097925 0.971577 0.633529
192 0.105322 0.971250 0.627815
193 0.097582 0.973832 0.633614
194 0.093636 0.974804 0.627815
195 0.099278 0.974480 0.627563
196 0.094308 0.973189 0.618908
197 0.095441 0.973511 0.621849
198 0.091965 0.970597 0.636471
199 0.099552 0.972543 0.633445
200 0.089629 0.976098 0.616219
201 0.088161 0.976094 0.610504
202 0.093083 0.974478 0.625042
203 0.087648 0.976097 0.613193
204 0.089196 0.976094 0.624874
205 0.088184 0.976418 0.616135
206 0.087869 0.975775 0.619160
207 0.088172 0.971894 0.624874
208 0.089593 0.973512 0.619160
209 0.089593 0.975127 0.630840
210 0.088608 0.974159 0.627815
211 0.089158 0.975126 0.630672
212 0.092786 0.975446 0.624958
213 0.088505 0.975770 0.639496
214 0.090355 0.975450 0.630756
215 0.089101 0.974481 0.616050
216 0.086795 0.976741 0.630672
217 0.086312 0.975125 0.624958
218 0.089174 0.976419 0.630756
219 0.091853 0.973511 0.627899
220 0.087833 0.974481 0.627731
221 0.085132 0.976419 0.619160
222 0.089931 0.972867 0.636555
223 0.090638 0.974803 0.627899
224 0.085237 0.975448 0.630672
225 0.087794 0.974481 0.627815
226 0.088469 0.975125 0.622017
227 0.085879 0.975771 0.624790
228 0.088878 0.976418 0.624790
229 0.085970 0.976742 0.621849
230 0.083898 0.975125 0.624874
231 0.087119 0.974482 0.630756
232 0.086527 0.976095 0.633530
233 0.084173 0.976417 0.633529
234 0.084603 0.977387 0.633613
235 0.086703 0.975775 0.613193
236 0.083592 0.975772 0.610252
237 0.088652 0.977061 0.627815
238 0.086540 0.975125 0.624790
239 0.086827 0.976744 0.636471
240 0.087683 0.975127 0.621849
241 0.085442 0.975124 0.621849
242 0.084805 0.976418 0.621849
243 0.081998 0.975450 0.627815
244 0.088607 0.977388 0.621933
245 0.085321 0.977061 0.613025
246 0.086931 0.975128 0.615966
247 0.084349 0.976418 0.604454
248 0.089017 0.977712 0.616051
249 0.085644 0.975771 0.621933
250 0.087858 0.977711 0.627731
251 0.084521 0.976741 0.624790
252 0.081841 0.978679 0.627815
253 0.080240 0.978357 0.618992
254 0.082384 0.977064 0.618992
255 0.079938 0.978356 0.616134
256 0.080622 0.978356 0.616051
257 0.080631 0.978033 0.621765
258 0.084172 0.975773 0.618908
259 0.084054 0.979001 0.621849
260 0.082237 0.977385 0.615967
261 0.085805 0.978034 0.618908
262 0.083627 0.978678 0.607143
263 0.080284 0.978678 0.618908
264 0.081438 0.977387 0.618908
265 0.083247 0.977061 0.618824
266 0.081095 0.978030 0.615966
267 0.081319 0.979002 0.627647
268 0.082672 0.978032 0.621849
269 0.082503 0.978357 0.624790
270 0.079995 0.976417 0.627731
271 0.080668 0.978356 0.630672
272 0.080765 0.976742 0.621933
273 0.084947 0.977710 0.613109
274 0.082953 0.978680 0.624790
275 0.080072 0.979327 0.624790
276 0.082231 0.977064 0.630672
277 0.081819 0.978678 0.618992
278 0.079766 0.977710 0.621849
279 0.081972 0.978678 0.624790
280 0.078195 0.977710 0.618992
281 0.083625 0.976743 0.630504
282 0.081445 0.978357 0.627731
283 0.079822 0.977711 0.618992
284 0.081795 0.976094 0.627731
285 0.081304 0.978355 0.624790
286 0.079746 0.977386 0.627647
287 0.082576 0.977711 0.627647
288 0.078791 0.978356 0.624790
289 0.083743 0.978677 0.621765
290 0.081256 0.977063 0.624706
291 0.081493 0.978032 0.633361
292 0.080588 0.978679 0.630504
293 0.079985 0.977710 0.615967
294 0.079907 0.979003 0.624790
295 0.080971 0.979000 0.615882
296 0.081014 0.978358 0.624706
297 0.080993 0.977710 0.630588
298 0.082849 0.978033 0.624706
299 0.079857 0.978031 0.624706
300 0.079062 0.979002 0.630588
301 0.076635 0.978034 0.624706
302 0.080926 0.979327 0.618992
303 0.081114 0.979001 0.624790
304 0.076263 0.979000 0.624706
305 0.079979 0.979002 0.627731
306 0.078150 0.978356 0.633614
307 0.080218 0.978678 0.627731
308 0.077213 0.978357 0.636471
309 0.079129 0.979324 0.615967
310 0.080971 0.979325 0.621765
311 0.078642 0.979647 0.627647
312 0.077327 0.979325 0.621849
313 0.077714 0.978356 0.618908
314 0.076558 0.979324 0.624790
315 0.077346 0.979647 0.627647
316 0.077947 0.979324 0.624790
317 0.079523 0.978678 0.624790
318 0.076814 0.979324 0.627731
319 0.079033 0.979003 0.618908
320 0.078134 0.979648 0.618908
321 0.079281 0.979970 0.624706
322 0.076922 0.979648 0.621765
323 0.076768 0.978678 0.621849
324 0.076603 0.978032 0.621849
325 0.079009 0.978032 0.621849
326 0.079599 0.979647 0.624706
327 0.079483 0.979002 0.624790
328 0.077998 0.979001 0.616051
329 0.078105 0.979648 0.627647
330 0.078117 0.979647 0.621849
331 0.075800 0.978677 0.630588
332 0.076269 0.979648 0.624790
333 0.077485 0.979647 0.627647
334 0.077357 0.978679 0.624790
335 0.079133 0.978355 0.621849
336 0.078923 0.979649 0.618824
337 0.076515 0.978033 0.624790
338 0.076856 0.978355 0.636471
339 0.077809 0.978678 0.630588
340 0.079532 0.978033 0.624790
341 0.075509 0.979646 0.621849
342 0.078936 0.979001 0.621933
343 0.076833 0.978679 0.621849
344 0.077573 0.979002 0.621849
345 0.078834 0.978678 0.624790
346 0.077170 0.979003 0.624790
347 0.078956 0.978031 0.621849
348 0.080100 0.979001 0.627647
349 0.077058 0.979646 0.618992
350 0.079681 0.979324 0.624706
