1 4.064540 0.629032 0.588235
2 1.379556 0.693548 0.558824
3 1.155284 0.693548 0.647059
4 0.880851 0.716129 0.647059
5 0.798195 0.735484 0.647059
6 0.676472 0.729032 0.676471
7 0.911354 0.670968 0.617647
8 1.005205 0.674194 0.617647
9 0.621828 0.722581 0.705882
10 0.584844 0.590323 0.558824
11 0.608394 0.764516 0.676471
12 0.550731 0.729032 0.647059
13 0.529290 0.819355 0.647059
14 0.507673 0.800000 0.647059
15 0.507172 0.841935 0.676471
16 0.356358 0.858065 0.705882
17 0.335914 0.896774 0.647059
18 0.418778 0.854839 0.588235
19 0.318920 0.893548 0.588235
20 0.316821 0.874194 0.617647
21 0.317781 0.867742 0.588235
22 0.334280 0.877419 0.617647
23 0.318208 0.867742 0.676471
24 0.297450 0.877419 0.588235
25 0.329159 0.887097 0.558824
26 0.300052 0.877419 0.676471
27 0.276575 0.900000 0.588235
28 0.219174 0.903226 0.558824
29 0.271897 0.887097 0.617647
30 0.223389 0.912903 0.558824
31 0.216647 0.912903 0.588235
32 0.216650 0.912903 0.617647
33 0.208337 0.906452 0.588235
34 0.195124 0.922581 0.529412
35 0.320877 0.851613 0.558824
36 0.486248 0.900000 0.647059
37 0.267848 0.848387 0.558824
38 0.256480 0.903226 0.558824
39 0.292993 0.896774 0.588235
40 0.222905 0.909677 0.558824
41 0.218966 0.912903 0.529412
42 0.198929 0.919355 0.558824
43 0.204515 0.919355 0.617647
44 0.202931 0.874194 0.617647
45 0.432314 0.809677 0.676471
46 0.360961 0.874194 0.647059
47 0.259164 0.906452 0.617647
48 0.212963 0.912903 0.558824
49 0.216237 0.880645 0.617647
50 0.206175 0.916129 0.588235
51 0.175284 0.932258 0.588235
52 0.174872 0.925806 0.558824
53 0.173462 0.938710 0.588235
54 0.168857 0.922581 0.558824
55 0.162178 0.922581 0.617647
56 0.158442 0.945161 0.647059
57 0.162608 0.922581 0.617647
58 0.151391 0.948387 0.588235
59 0.142714 0.948387 0.647059
60 0.165980 0.932258 0.705882
61 0.165955 0.929032 0.588235
62 0.158010 0.945161 0.588235
63 0.161651 0.929032 0.617647
64 0.160686 0.945161 0.617647
65 0.150668 0.948387 0.617647
66 0.145960 0.948387 0.647059
67 0.143316 0.941935 0.617647
68 0.194061 0.916129 0.647059
69 0.183595 0.935484 0.558824
70 0.157034 0.938710 0.617647
71 0.158441 0.941935 0.647059
72 0.188683 0.945161 0.558824
73 0.183699 0.925806 0.588235
74 0.183987 0.929032 0.588235
75 0.164172 0.938710 0.647059
76 0.147314 0.941935 0.588235
77 0.144414 0.948387 0.647059
78 0.146384 0.948387 0.588235
79 0.163740 0.945161 0.617647
80 0.138917 0.948387 0.617647
81 0.141585 0.951613 0.647059
82 0.159047 0.948387 0.617647
83 0.148072 0.951613 0.588235
84 0.350687 0.825806 0.617647
85 0.320235 0.932258 0.676471
86 0.204111 0.922581 0.676471
87 0.169904 0.941935 0.617647
88 0.153195 0.945161 0.588235
89 0.160917 0.932258 0.588235
90 0.151649 0.951613 0.676471
91 0.140809 0.954839 0.617647
92 0.138214 0.951613 0.647059
93 0.161872 0.948387 0.617647
94 0.149629 0.948387 0.705882
95 0.144148 0.945161 0.705882
96 0.141187 0.951613 0.617647
97 0.163537 0.932258 0.705882
98 0.263570 0.906452 0.617647
99 0.233014 0.935484 0.647059
100 0.169805 0.941935 0.647059
101 0.140047 0.961290 0.647059
102 0.127323 0.954839 0.647059
103 0.126580 0.951613 0.647059
104 0.124071 0.954839 0.705882
105 0.119600 0.945161 0.676471
106 0.120957 0.961290 0.676471
107 0.125889 0.951613 0.705882
108 0.124664 0.967742 0.647059
109 0.115043 0.958065 0.705882
110 0.107910 0.961290 0.705882
111 0.113547 0.970968 0.705882
112 0.111720 0.967742 0.735294
113 0.111342 0.964516 0.735294
114 0.111519 0.964516 0.705882
115 0.104503 0.964516 0.705882
116 0.113782 0.967742 0.705882
117 0.107023 0.958065 0.705882
118 0.103687 0.967742 0.705882
119 0.100642 0.970968 0.705882
120 0.111313 0.964516 0.705882
121 0.106948 0.970968 0.705882
122 0.103600 0.967742 0.705882
123 0.101706 0.967742 0.735294
124 0.103704 0.964516 0.705882
125 0.109505 0.961290 0.705882
126 0.107734 0.964516 0.705882
127 0.099210 0.964516 0.705882
128 0.101174 0.970968 0.735294
129 0.109709 0.958065 0.676471
130 0.120059 0.958065 0.676471
131 0.103546 0.967742 0.705882
132 0.103660 0.967742 0.705882
133 0.149450 0.948387 0.647059
134 0.151334 0.964516 0.647059
135 0.117640 0.961290 0.647059
136 0.109039 0.964516 0.676471
137 0.106314 0.970968 0.676471
138 0.099451 0.964516 0.676471
139 0.107091 0.967742 0.647059
140 0.101315 0.970968 0.676471
141 0.100439 0.970968 0.676471
142 0.111544 0.970968 0.676471
143 0.100413 0.970968 0.705882
144 0.104283 0.967742 0.676471
145 0.102683 0.970968 0.676471
146 0.108394 0.967742 0.705882
147 0.100446 0.967742 0.705882
148 0.104585 0.967742 0.676471
149 0.098825 0.970968 0.676471
150 0.094945 0.970968 0.676471
151 0.095437 0.970968 0.676471
152 0.096123 0.970968 0.705882
153 0.096321 0.967742 0.705882
154 0.090790 0.974194 0.705882
155 0.087097 0.967742 0.676471
156 0.093915 0.970968 0.705882
157 0.094372 0.967742 0.705882
158 0.089057 0.964516 0.705882
159 0.089991 0.970968 0.705882
160 0.089681 0.970968 0.676471
161 0.093663 0.970968 0.705882
162 0.088791 0.974194 0.735294
163 0.086242 0.970968 0.705882
164 0.088077 0.967742 0.705882
165 0.087133 0.967742 0.705882
166 0.088700 0.967742 0.676471
167 0.087355 0.970968 0.676471
168 0.091282 0.964516 0.705882
169 0.088369 0.964516 0.705882
170 0.093206 0.970968 0.705882
171 0.086583 0.964516 0.735294
172 0.091318 0.967742 0.676471
173 0.086163 0.974194 0.676471
174 0.091472 0.970968 0.676471
175 0.089146 0.970968 0.676471
176 0.089948 0.967742 0.705882
177 0.087126 0.967742 0.705882
178 0.085894 0.967742 0.676471
179 0.092849 0.970968 0.676471
180 0.095390 0.967742 0.705882
181 0.146185 0.961290 0.676471
182 0.106586 0.967742 0.647059
183 0.088871 0.970968 0.647059
184 0.096760 0.967742 0.705882
185 0.087200 0.967742 0.705882
186 0.093481 0.967742 0.735294
187 0.091990 0.974194 0.647059
188 0.088545 0.964516 0.676471
189 0.090860 0.967742 0.705882
190 0.085226 0.970968 0.676471
191 0.090691 0.964516 0.705882
192 0.088261 0.970968 0.676471
193 0.090753 0.970968 0.705882
194 0.085705 0.967742 0.676471
195 0.091823 0.967742 0.676471
196 0.088691 0.964516 0.676471
197 0.086526 0.974194 0.676471
198 0.087924 0.961290 0.676471
199 0.091346 0.964516 0.676471
200 0.083768 0.967742 0.676471
201 0.083800 0.974194 0.617647
202 0.082644 0.970968 0.676471
203 0.082987 0.970968 0.676471
204 0.081110 0.970968 0.647059
205 0.081497 0.970968 0.617647
206 0.083413 0.974194 0.676471
207 0.080370 0.970968 0.676471
208 0.087229 0.970968 0.647059
209 0.086299 0.970968 0.676471
210 0.085656 0.967742 0.676471
211 0.085919 0.967742 0.676471
212 0.088260 0.970968 0.676471
213 0.083250 0.970968 0.676471
214 0.084969 0.967742 0.676471
215 0.083736 0.970968 0.676471
216 0.082354 0.967742 0.705882
217 0.078823 0.970968 0.676471
218 0.084891 0.967742 0.705882
219 0.089210 0.970968 0.676471
220 0.083117 0.974194 0.647059
221 0.082270 0.967742 0.676471
222 0.084840 0.967742 0.705882
223 0.086310 0.967742 0.676471
224 0.080311 0.967742 0.647059
225 0.082028 0.974194 0.647059
226 0.083933 0.970968 0.676471
227 0.085481 0.970968 0.647059
228 0.086772 0.970968 0.705882
229 0.085503 0.967742 0.705882
230 0.079891 0.970968 0.647059
231 0.081873 0.974194 0.676471
232 0.083455 0.970968 0.676471
233 0.079193 0.970968 0.676471
234 0.075537 0.967742 0.676471
235 0.077444 0.961290 0.676471
236 0.082802 0.977419 0.676471
237 0.082047 0.970968 0.676471
238 0.076476 0.974194 0.676471
239 0.082911 0.970968 0.676471
240 0.081574 0.970968 0.647059
241 0.081478 0.970968 0.676471
242 0.076864 0.970968 0.676471
243 0.075645 0.970968 0.676471
244 0.079597 0.974194 0.676471
245 0.077185 0.970968 0.676471
246 0.080616 0.974194 0.676471
247 0.078153 0.970968 0.676471
248 0.078812 0.967742 0.647059
249 0.076582 0.974194 0.676471
250 0.084034 0.970968 0.647059
251 0.083801 0.977419 0.676471
252 0.080348 0.970968 0.676471
253 0.073446 0.970968 0.676471
254 0.077949 0.974194 0.647059
255 0.074484 0.970968 0.647059
256 0.078203 0.974194 0.676471
257 0.078188 0.974194 0.647059
258 0.078814 0.970968 0.647059
259 0.081405 0.970968 0.647059
260 0.075907 0.977419 0.647059
261 0.082491 0.970968 0.647059
262 0.079936 0.970968 0.676471
263 0.074419 0.970968 0.647059
264 0.075730 0.977419 0.647059
265 0.077771 0.967742 0.647059
266 0.077518 0.970968 0.647059
267 0.079679 0.970968 0.647059
268 0.081506 0.974194 0.647059
269 0.075441 0.970968 0.647059
270 0.074670 0.974194 0.647059
271 0.078254 0.977419 0.647059
272 0.073238 0.970968 0.617647
273 0.077166 0.967742 0.647059
274 0.078744 0.970968 0.647059
275 0.076552 0.970968 0.647059
276 0.080732 0.974194 0.647059
277 0.074459 0.977419 0.617647
278 0.073955 0.967742 0.647059
279 0.078772 0.970968 0.647059
280 0.075539 0.967742 0.647059
281 0.083090 0.970968 0.647059
282 0.080016 0.974194 0.617647
283 0.075933 0.977419 0.617647
284 0.077920 0.977419 0.617647
285 0.075143 0.967742 0.617647
286 0.076925 0.970968 0.647059
287 0.078191 0.970968 0.617647
288 0.073622 0.974194 0.647059
289 0.083134 0.970968 0.647059
290 0.080905 0.974194 0.617647
291 0.078535 0.977419 0.647059
292 0.076974 0.967742 0.617647
293 0.077122 0.974194 0.617647
294 0.074772 0.970968 0.617647
295 0.075322 0.970968 0.617647
296 0.075246 0.970968 0.617647
297 0.081167 0.970968 0.617647
298 0.082217 0.974194 0.647059
299 0.077916 0.970968 0.647059
300 0.070471 0.970968 0.647059
301 0.071973 0.970968 0.617647
302 0.075840 0.970968 0.647059
303 0.078546 0.970968 0.617647
304 0.070148 0.974194 0.617647
305 0.077298 0.974194 0.647059
306 0.072671 0.970968 0.617647
307 0.076815 0.974194 0.647059
308 0.076586 0.970968 0.617647
309 0.077646 0.974194 0.647059
310 0.078690 0.977419 0.617647
311 0.075240 0.974194 0.647059
312 0.073062 0.974194 0.617647
313 0.076806 0.977419 0.617647
314 0.070954 0.967742 0.617647
315 0.075040 0.974194 0.617647
316 0.074085 0.974194 0.617647
317 0.079280 0.977419 0.617647
318 0.076777 0.974194 0.647059
319 0.077356 0.974194 0.647059
320 0.075784 0.970968 0.617647
321 0.073842 0.974194 0.647059
322 0.070483 0.970968 0.647059
323 0.071377 0.970968 0.617647
324 0.072690 0.970968 0.617647
325 0.072824 0.974194 0.647059
326 0.078492 0.974194 0.617647
327 0.071404 0.970968 0.647059
328 0.070473 0.970968 0.647059
329 0.074944 0.977419 0.647059
330 0.078214 0.970968 0.617647
331 0.071391 0.974194 0.617647
332 0.072210 0.970968 0.617647
333 0.073433 0.974194 0.647059
334 0.072677 0.977419 0.617647
335 0.075020 0.970968 0.617647
336 0.077763 0.974194 0.617647
337 0.072459 0.970968 0.617647
338 0.072442 0.974194 0.617647
339 0.074678 0.970968 0.617647
340 0.074245 0.974194 0.617647
341 0.072253 0.974194 0.647059
342 0.074028 0.974194 0.617647
343 0.073545 0.970968 0.617647
344 0.073874 0.977419 0.617647
345 0.073510 0.977419 0.617647
346 0.073315 0.977419 0.617647
347 0.074849 0.970968 0.617647
348 0.073769 0.970968 0.617647
349 0.074356 0.974194 0.617647
350 0.077785 0.977419 0.617647
