1 3.856158 0.699029 0.628571
2 1.578159 0.682848 0.485714
3 1.264320 0.699029 0.514286
4 1.805604 0.702265 0.714286
5 1.489562 0.792880 0.685714
6 0.830242 0.786408 0.600000
7 0.867631 0.805825 0.657143
8 0.549781 0.825243 0.600000
9 0.595992 0.770227 0.714286
10 0.602811 0.809061 0.514286
11 0.668126 0.673139 0.714286
12 0.637728 0.786408 0.657143
13 0.573452 0.851133 0.514286
14 0.511588 0.734628 0.685714
15 0.480970 0.867314 0.657143
16 0.426220 0.692557 0.428571
17 0.425848 0.799353 0.800000
18 0.492810 0.834951 0.685714
19 0.411505 0.692557 0.428571
20 0.465296 0.906149 0.600000
21 0.347864 0.889968 0.628571
22 0.318624 0.906149 0.571429
23 0.280608 0.906149 0.657143
24 0.301397 0.883495 0.628571
25 0.326109 0.886731 0.542857
26 0.280736 0.925566 0.657143
27 0.268590 0.851133 0.714286
28 0.297276 0.915858 0.685714
29 0.286189 0.925566 0.514286
30 0.435489 0.906149 0.600000
31 0.311264 0.906149 0.600000
32 0.244548 0.932039 0.657143
33 0.229633 0.935275 0.685714
34 0.221968 0.932039 0.657143
35 0.247395 0.899676 0.542857
36 0.309147 0.867314 0.628571
37 0.405171 0.847896 0.571429
38 0.279034 0.938511 0.685714
39 0.242794 0.925566 0.657143
40 0.216574 0.948220 0.628571
41 0.216382 0.941748 0.628571
42 0.204237 0.915858 0.685714
43 0.214044 0.954693 0.628571
44 0.218523 0.935275 0.600000
45 0.183226 0.951456 0.657143
46 0.241831 0.883495 0.657143
47 0.238135 0.815534 0.485714
48 0.270650 0.925566 0.657143
49 0.221602 0.932039 0.657143
50 0.186452 0.944984 0.628571
51 0.174142 0.957929 0.600000
52 0.156773 0.951456 0.571429
53 0.198593 0.935275 0.600000
54 0.171877 0.951456 0.600000
55 0.160428 0.954693 0.628571
56 0.158594 0.964401 0.600000
57 0.147761 0.970874 0.514286
58 0.169925 0.948220 0.542857
59 0.161533 0.948220 0.571429
60 0.160652 0.970874 0.542857
61 0.148530 0.957929 0.600000
62 0.157887 0.964401 0.657143
63 0.152361 0.961165 0.657143
64 0.217438 0.919094 0.714286
65 0.258089 0.941748 0.657143
66 0.198614 0.935275 0.571429
67 0.169209 0.948220 0.600000
68 0.174422 0.964401 0.542857
69 0.153042 0.961165 0.600000
70 0.145070 0.964401 0.628571
71 0.143322 0.951456 0.628571
72 0.154669 0.961165 0.600000
73 0.153396 0.951456 0.714286
74 0.143919 0.957929 0.714286
75 0.157981 0.957929 0.600000
76 0.216190 0.741100 0.485714
77 0.250105 0.944984 0.657143
78 0.165246 0.954693 0.600000
79 0.203660 0.886731 0.628571
80 0.208937 0.948220 0.714286
81 0.191660 0.967638 0.657143
82 0.170911 0.957929 0.600000
83 0.146979 0.967638 0.600000
84 0.138598 0.964401 0.600000
85 0.146088 0.951456 0.542857
86 0.145113 0.964401 0.628571
87 0.134128 0.967638 0.628571
88 0.152440 0.964401 0.628571
89 0.137131 0.961165 0.657143
90 0.149581 0.957929 0.628571
91 0.142504 0.970874 0.600000
92 0.205217 0.893204 0.714286
93 0.203861 0.954693 0.685714
94 0.187230 0.954693 0.657143
95 0.158292 0.967638 0.657143
96 0.149635 0.961165 0.600000
97 0.180548 0.954693 0.657143
98 0.138921 0.967638 0.685714
99 0.206623 0.838188 0.542857
100 0.168245 0.961165 0.628571
101 0.130122 0.970874 0.628571
102 0.126621 0.974110 0.600000
103 0.116145 0.970874 0.600000
104 0.118385 0.974110 0.628571
105 0.119198 0.974110 0.628571
106 0.121168 0.974110 0.628571
107 0.118110 0.974110 0.600000
108 0.124082 0.974110 0.685714
109 0.120016 0.970874 0.600000
110 0.112746 0.970874 0.600000
111 0.124369 0.970874 0.657143
112 0.122519 0.977346 0.628571
113 0.117470 0.964401 0.600000
114 0.123699 0.964401 0.657143
115 0.115663 0.970874 0.657143
116 0.115673 0.967638 0.628571
117 0.118532 0.970874 0.685714
118 0.107085 0.964401 0.628571
119 0.114722 0.964401 0.628571
120 0.115417 0.967638 0.628571
121 0.118942 0.964401 0.657143
122 0.113360 0.967638 0.628571
123 0.120809 0.970874 0.628571
124 0.119205 0.970874 0.657143
125 0.114825 0.974110 0.628571
126 0.119369 0.967638 0.628571
127 0.133691 0.974110 0.657143
128 0.122220 0.967638 0.657143
129 0.122425 0.970874 0.685714
130 0.129681 0.967638 0.685714
131 0.124190 0.980583 0.657143
132 0.116769 0.967638 0.685714
133 0.124752 0.974110 0.657143
134 0.125961 0.970874 0.657143
135 0.110179 0.967638 0.657143
136 0.111238 0.974110 0.685714
137 0.126114 0.967638 0.628571
138 0.114352 0.974110 0.600000
139 0.127049 0.974110 0.657143
140 0.110379 0.974110 0.600000
141 0.113271 0.967638 0.628571
142 0.112998 0.977346 0.657143
143 0.121671 0.970874 0.685714
144 0.107283 0.974110 0.657143
145 0.115284 0.961165 0.628571
146 0.116892 0.967638 0.657143
147 0.105324 0.974110 0.657143
148 0.113827 0.967638 0.657143
149 0.142127 0.951456 0.657143
150 0.121926 0.967638 0.685714
151 0.109645 0.970874 0.685714
152 0.104950 0.970874 0.685714
153 0.095105 0.974110 0.685714
154 0.097725 0.974110 0.685714
155 0.106008 0.970874 0.657143
156 0.106402 0.970874 0.657143
157 0.100162 0.970874 0.657143
158 0.099479 0.970874 0.657143
159 0.096632 0.977346 0.657143
160 0.099989 0.970874 0.657143
161 0.102845 0.974110 0.657143
162 0.098751 0.977346 0.657143
163 0.092372 0.967638 0.657143
164 0.106194 0.970874 0.685714
165 0.104094 0.974110 0.657143
166 0.104936 0.974110 0.657143
167 0.101416 0.980583 0.657143
168 0.089180 0.977346 0.657143
169 0.096333 0.977346 0.685714
170 0.116889 0.977346 0.685714
171 0.097560 0.970874 0.628571
172 0.092292 0.974110 0.657143
173 0.097556 0.967638 0.657143
174 0.103385 0.974110 0.657143
175 0.091980 0.974110 0.714286
176 0.100999 0.977346 0.657143
177 0.092643 0.974110 0.657143
178 0.091619 0.977346 0.685714
179 0.098462 0.977346 0.685714
180 0.101050 0.977346 0.657143
181 0.097986 0.980583 0.685714
182 0.093410 0.974110 0.628571
183 0.101200 0.974110 0.685714
184 0.094906 0.977346 0.685714
185 0.087876 0.974110 0.657143
186 0.091818 0.970874 0.628571
187 0.095549 0.974110 0.628571
188 0.091838 0.977346 0.657143
189 0.096121 0.970874 0.657143
190 0.096313 0.977346 0.657143
191 0.096679 0.977346 0.628571
192 0.102855 0.974110 0.628571
193 0.093705 0.974110 0.657143
194 0.090121 0.977346 0.628571
195 0.099169 0.970874 0.657143
196 0.094829 0.977346 0.657143
197 0.096323 0.977346 0.628571
198 0.089424 0.980583 0.685714
199 0.097916 0.974110 0.657143
200 0.092077 0.980583 0.628571
201 0.087727 0.980583 0.628571
202 0.091875 0.977346 0.657143
203 0.086039 0.977346 0.657143
204 0.090067 0.983819 0.685714
205 0.083390 0.977346 0.657143
206 0.086014 0.980583 0.628571
207 0.085130 0.970874 0.714286
208 0.092949 0.977346 0.628571
209 0.082959 0.980583 0.657143
210 0.089598 0.977346 0.685714
211 0.088555 0.974110 0.657143
212 0.092274 0.974110 0.657143
213 0.087173 0.974110 0.657143
214 0.094472 0.980583 0.657143
215 0.086992 0.977346 0.657143
216 0.083033 0.977346 0.628571
217 0.086058 0.977346 0.628571
218 0.085297 0.980583 0.657143
219 0.084921 0.974110 0.628571
220 0.084824 0.977346 0.657143
221 0.086070 0.980583 0.628571
222 0.089552 0.977346 0.685714
223 0.088142 0.977346 0.628571
224 0.084484 0.983819 0.657143
225 0.084355 0.974110 0.657143
226 0.085489 0.977346 0.657143
227 0.082570 0.980583 0.657143
228 0.088148 0.980583 0.657143
229 0.085479 0.980583 0.685714
230 0.084314 0.977346 0.657143
231 0.085496 0.977346 0.657143
232 0.082537 0.974110 0.657143
233 0.085349 0.977346 0.657143
234 0.084574 0.980583 0.628571
235 0.085315 0.980583 0.628571
236 0.080462 0.983819 0.628571
237 0.085348 0.977346 0.657143
238 0.087739 0.980583 0.657143
239 0.083737 0.983819 0.657143
240 0.086303 0.980583 0.657143
241 0.088017 0.977346 0.657143
242 0.080763 0.980583 0.657143
243 0.080284 0.977346 0.657143
244 0.082604 0.977346 0.657143
245 0.082763 0.980583 0.657143
246 0.084066 0.980583 0.685714
247 0.080680 0.983819 0.657143
248 0.088686 0.983819 0.628571
249 0.083783 0.977346 0.657143
250 0.084603 0.983819 0.685714
251 0.081345 0.980583 0.657143
252 0.079781 0.983819 0.628571
253 0.080642 0.983819 0.628571
254 0.076372 0.980583 0.628571
255 0.080052 0.983819 0.628571
256 0.077826 0.983819 0.628571
257 0.081082 0.983819 0.657143
258 0.082650 0.983819 0.657143
259 0.082373 0.983819 0.657143
260 0.082828 0.977346 0.657143
261 0.086228 0.983819 0.657143
262 0.079340 0.980583 0.657143
263 0.079036 0.983819 0.657143
264 0.082787 0.980583 0.657143
265 0.081106 0.977346 0.657143
266 0.081321 0.983819 0.657143
267 0.078869 0.983819 0.657143
268 0.079867 0.983819 0.657143
269 0.078785 0.980583 0.657143
270 0.079926 0.980583 0.657143
271 0.079767 0.980583 0.657143
272 0.074339 0.980583 0.657143
273 0.083662 0.980583 0.657143
274 0.084386 0.980583 0.657143
275 0.079566 0.983819 0.657143
276 0.081867 0.980583 0.657143
277 0.079918 0.983819 0.657143
278 0.080218 0.980583 0.657143
279 0.079869 0.983819 0.657143
280 0.072288 0.980583 0.657143
281 0.077173 0.980583 0.657143
282 0.082310 0.983819 0.657143
283 0.079252 0.980583 0.657143
284 0.077986 0.980583 0.657143
285 0.079569 0.980583 0.657143
286 0.075447 0.977346 0.657143
287 0.080362 0.983819 0.657143
288 0.079179 0.983819 0.657143
289 0.080633 0.983819 0.657143
290 0.076811 0.980583 0.657143
291 0.082129 0.980583 0.685714
292 0.076785 0.980583 0.657143
293 0.080591 0.987055 0.657143
294 0.076268 0.983819 0.657143
295 0.078850 0.980583 0.657143
296 0.083512 0.980583 0.657143
297 0.079921 0.980583 0.657143
298 0.078636 0.983819 0.657143
299 0.079650 0.980583 0.657143
300 0.079141 0.983819 0.657143
301 0.077150 0.983819 0.657143
302 0.077000 0.983819 0.657143
303 0.076355 0.983819 0.657143
304 0.073650 0.980583 0.657143
305 0.079751 0.983819 0.657143
306 0.077961 0.983819 0.657143
307 0.075949 0.983819 0.657143
308 0.073858 0.983819 0.657143
309 0.075040 0.983819 0.657143
310 0.080296 0.983819 0.657143
311 0.076769 0.983819 0.657143
312 0.073448 0.983819 0.657143
313 0.074718 0.980583 0.657143
314 0.074573 0.980583 0.657143
315 0.072934 0.983819 0.657143
316 0.075495 0.983819 0.657143
317 0.075655 0.983819 0.657143
318 0.075399 0.983819 0.657143
319 0.071255 0.983819 0.657143
320 0.081288 0.983819 0.657143
321 0.074375 0.983819 0.657143
322 0.071444 0.983819 0.657143
323 0.073740 0.980583 0.657143
324 0.074274 0.980583 0.657143
325 0.077585 0.980583 0.657143
326 0.076711 0.983819 0.657143
327 0.079524 0.983819 0.657143
328 0.077400 0.983819 0.657143
329 0.074042 0.983819 0.657143
330 0.079786 0.983819 0.657143
331 0.072382 0.980583 0.657143
332 0.075022 0.983819 0.657143
333 0.076061 0.983819 0.657143
334 0.078374 0.983819 0.657143
335 0.078653 0.983819 0.657143
336 0.072725 0.983819 0.657143
337 0.073158 0.980583 0.657143
338 0.075826 0.983819 0.657143
339 0.076164 0.983819 0.657143
340 0.078834 0.980583 0.657143
341 0.072505 0.980583 0.657143
342 0.077976 0.983819 0.657143
343 0.078386 0.983819 0.657143
344 0.076489 0.983819 0.657143
345 0.077258 0.983819 0.657143
346 0.074780 0.980583 0.657143
347 0.076687 0.980583 0.657143
348 0.080178 0.980583 0.657143
349 0.076730 0.983819 0.657143
350 0.078043 0.983819 0.657143
