1 4.729332 0.449630 0.440000
2 2.628146 0.482963 0.453333
3 2.053751 0.533333 0.466667
4 1.863642 0.488148 0.413333
5 1.444308 0.478519 0.440000
6 1.332255 0.497778 0.453333
7 1.462708 0.540000 0.466667
8 1.568672 0.543704 0.506667
9 1.449960 0.548148 0.486667
10 1.284648 0.565926 0.486667
11 1.156957 0.562963 0.500000
12 1.138195 0.567407 0.460000
13 0.983803 0.577778 0.513333
14 0.956553 0.558519 0.513333
15 0.932501 0.597037 0.520000
16 0.928765 0.600000 0.460000
17 0.904426 0.594815 0.493333
18 0.910842 0.606667 0.513333
19 0.885144 0.585926 0.480000
20 0.889854 0.590370 0.460000
21 0.857247 0.601481 0.480000
22 0.845420 0.605926 0.460000
23 0.833202 0.587407 0.520000
24 0.832654 0.607407 0.520000
25 0.859372 0.610370 0.460000
26 0.826874 0.618519 0.473333
27 0.874080 0.613333 0.500000
28 0.897867 0.620000 0.486667
29 0.845956 0.630370 0.466667
30 0.850681 0.622963 0.480000
31 0.801692 0.614815 0.506667
32 0.837227 0.613333 0.553333
33 0.819735 0.622963 0.500000
34 0.795368 0.626667 0.473333
35 0.786783 0.627407 0.486667
36 0.789835 0.615556 0.520000
37 0.797337 0.608148 0.506667
38 0.803921 0.629630 0.500000
39 0.783839 0.628889 0.520000
40 0.772482 0.634074 0.493333
41 0.809443 0.612593 0.466667
42 0.863813 0.615556 0.473333
43 0.803431 0.625185 0.506667
44 0.788808 0.630370 0.466667
45 0.787428 0.627407 0.466667
46 0.819452 0.628148 0.506667
47 0.773050 0.629630 0.486667
48 0.800672 0.629630 0.486667
49 0.801804 0.625926 0.506667
50 0.770438 0.639259 0.526667
