1 4.879305 0.457778 0.426667
2 2.461915 0.437037 0.426667
3 1.975711 0.478519 0.433333
4 2.172343 0.518519 0.480000
5 1.350045 0.528889 0.446667
6 1.376545 0.559259 0.486667
7 1.105537 0.575556 0.480000
8 1.002572 0.577037 0.480000
9 1.121529 0.552593 0.453333
10 1.008296 0.565185 0.486667
11 0.935376 0.574815 0.486667
12 0.965147 0.579259 0.486667
13 1.232165 0.558519 0.473333
14 1.067504 0.529630 0.413333
15 1.028066 0.591852 0.513333
16 0.955145 0.594815 0.480000
17 0.993826 0.577778 0.506667
18 1.003844 0.579259 0.466667
19 1.090367 0.591111 0.533333
20 0.936971 0.604444 0.466667
21 0.894123 0.607407 0.506667
22 0.878717 0.585926 0.493333
23 0.874545 0.602222 0.453333
24 0.862031 0.613333 0.473333
25 0.847689 0.608889 0.466667
26 0.888670 0.600000 0.486667
27 0.877726 0.620000 0.473333
28 0.832824 0.611111 0.486667
29 0.852004 0.622963 0.486667
30 0.852681 0.617037 0.480000
31 0.828832 0.614074 0.480000
32 0.828492 0.617778 0.466667
33 0.821504 0.625926 0.493333
34 0.832899 0.617778 0.513333
35 0.824432 0.611852 0.466667
36 0.823539 0.605185 0.486667
37 0.808027 0.624444 0.513333
38 0.814635 0.629630 0.500000
39 0.791264 0.625185 0.506667
40 0.783829 0.627407 0.533333
41 0.794025 0.622222 0.500000
42 0.819517 0.620000 0.473333
43 0.837906 0.593333 0.426667
44 0.828626 0.620741 0.506667
45 0.790602 0.637037 0.520000
46 0.788602 0.628148 0.493333
47 0.798134 0.621481 0.480000
48 0.781990 0.633333 0.506667
49 0.801603 0.628889 0.513333
50 0.801663 0.634074 0.493333
