1 7.100220 0.421578 0.428571
2 4.274921 0.677323 0.651786
3 3.285481 0.696304 0.660714
4 2.305450 0.747253 0.705357
5 2.086006 0.718282 0.687500
6 2.365413 0.704296 0.714286
7 1.477493 0.741259 0.723214
8 1.597760 0.732268 0.714286
9 1.267938 0.741259 0.785714
10 1.214211 0.760240 0.732143
11 0.924010 0.709291 0.723214
12 1.101686 0.709291 0.669643
13 0.977670 0.715285 0.723214
14 0.804472 0.747253 0.776786
15 0.744926 0.729271 0.678571
16 0.736014 0.745255 0.758929
17 0.822567 0.743257 0.758929
18 0.774458 0.743257 0.750000
19 0.683872 0.765235 0.758929
20 0.689280 0.737263 0.705357
21 0.632516 0.726274 0.776786
22 0.634665 0.749251 0.758929
23 0.620512 0.734266 0.705357
24 0.637466 0.740260 0.714286
25 0.664649 0.731269 0.794643
26 0.634612 0.729271 0.687500
27 0.590298 0.720280 0.750000
28 0.565677 0.736264 0.758929
29 0.568816 0.747253 0.723214
30 0.596128 0.743257 0.696429
31 0.581592 0.693307 0.651786
32 0.555966 0.730270 0.705357
33 0.551970 0.582418 0.589286
34 0.580729 0.732268 0.741071
35 0.563873 0.754246 0.723214
36 0.558872 0.747253 0.758929
37 0.543180 0.740260 0.723214
38 0.546077 0.742258 0.732143
39 0.536779 0.759241 0.741071
40 0.563837 0.725275 0.687500
41 0.530765 0.748252 0.741071
42 0.553168 0.498501 0.473214
43 0.565328 0.697303 0.651786
44 0.552317 0.757243 0.723214
45 0.543006 0.431568 0.419643
46 0.547544 0.673327 0.625000
47 0.552240 0.435564 0.419643
48 0.561895 0.459540 0.428571
49 0.549674 0.705295 0.642857
50 0.551871 0.761239 0.741071
51 0.545819 0.745255 0.723214
52 0.539098 0.756244 0.732143
53 0.545619 0.745255 0.723214
54 0.534581 0.765235 0.723214
55 0.544878 0.742258 0.705357
56 0.563130 0.714286 0.678571
57 0.533390 0.763237 0.767857
58 0.542985 0.651349 0.607143
59 0.527488 0.551449 0.508929
60 0.546995 0.730270 0.696429
61 0.546325 0.722278 0.669643
62 0.530377 0.619381 0.571429
63 0.537654 0.767233 0.741071
64 0.552798 0.598402 0.571429
65 0.543008 0.701299 0.660714
66 0.543281 0.759241 0.758929
67 0.529987 0.472527 0.455357
68 0.552500 0.760240 0.741071
69 0.570099 0.540460 0.500000
70 0.563285 0.750250 0.758929
71 0.558069 0.726274 0.714286
72 0.541837 0.753247 0.714286
73 0.523815 0.731269 0.714286
74 0.539098 0.683317 0.633929
75 0.528304 0.735265 0.705357
76 0.526294 0.748252 0.732143
77 0.547867 0.752248 0.732143
78 0.539569 0.762238 0.741071
79 0.551069 0.710290 0.642857
80 0.530189 0.736264 0.696429
81 0.545133 0.767233 0.732143
82 0.540714 0.759241 0.758929
83 0.542552 0.762238 0.758929
84 0.533726 0.764236 0.732143
85 0.535195 0.745255 0.723214
86 0.528494 0.739261 0.732143
87 0.542015 0.750250 0.723214
88 0.559081 0.728272 0.633929
89 0.536870 0.617383 0.589286
90 0.547073 0.715285 0.633929
91 0.535633 0.721279 0.687500
92 0.539508 0.763237 0.767857
93 0.545979 0.702298 0.678571
94 0.540443 0.730270 0.714286
95 0.531130 0.708292 0.660714
96 0.540789 0.758242 0.758929
97 0.543601 0.739261 0.732143
98 0.546908 0.762238 0.723214
99 0.520196 0.764236 0.750000
100 0.528238 0.749251 0.705357
101 0.524935 0.764236 0.750000
102 0.516607 0.740260 0.687500
103 0.537214 0.758242 0.750000
104 0.531638 0.745255 0.705357
105 0.537373 0.757243 0.741071
106 0.527825 0.742258 0.705357
107 0.532683 0.762238 0.750000
108 0.526987 0.763237 0.741071
109 0.525942 0.751249 0.714286
110 0.515333 0.728272 0.696429
111 0.522788 0.753247 0.741071
112 0.529923 0.760240 0.741071
113 0.522665 0.765235 0.732143
114 0.530817 0.769231 0.750000
115 0.529257 0.765235 0.758929
116 0.528802 0.757243 0.714286
117 0.522994 0.754246 0.758929
118 0.534040 0.759241 0.741071
119 0.528544 0.744256 0.696429
120 0.533722 0.766234 0.776786
121 0.529034 0.755245 0.732143
122 0.532542 0.721279 0.669643
123 0.532866 0.768232 0.741071
124 0.532681 0.750250 0.705357
125 0.526802 0.746254 0.741071
126 0.548116 0.747253 0.723214
127 0.532960 0.739261 0.696429
128 0.527784 0.750250 0.705357
129 0.519566 0.759241 0.732143
130 0.529159 0.766234 0.776786
131 0.526265 0.771229 0.767857
132 0.530910 0.753247 0.723214
133 0.532405 0.748252 0.723214
134 0.528621 0.771229 0.758929
135 0.535157 0.759241 0.758929
136 0.531051 0.746254 0.732143
137 0.527361 0.757243 0.741071
138 0.520765 0.747253 0.714286
139 0.520344 0.763237 0.758929
140 0.518330 0.759241 0.767857
141 0.531025 0.755245 0.714286
142 0.518459 0.762238 0.750000
143 0.529575 0.759241 0.741071
144 0.527102 0.759241 0.705357
145 0.527576 0.768232 0.741071
146 0.528285 0.761239 0.758929
147 0.528168 0.763237 0.758929
148 0.533384 0.758242 0.750000
149 0.523252 0.750250 0.696429
150 0.528560 0.767233 0.758929
151 0.515025 0.750250 0.705357
152 0.522891 0.768232 0.758929
153 0.518240 0.770230 0.758929
154 0.514788 0.770230 0.758929
155 0.513673 0.748252 0.723214
156 0.530796 0.769231 0.750000
157 0.527530 0.762238 0.750000
158 0.520217 0.758242 0.741071
159 0.520141 0.765235 0.776786
160 0.520742 0.770230 0.758929
161 0.522939 0.769231 0.758929
162 0.515716 0.769231 0.741071
163 0.516011 0.760240 0.750000
164 0.516586 0.766234 0.776786
165 0.507446 0.756244 0.741071
166 0.526783 0.755245 0.732143
167 0.525501 0.763237 0.767857
168 0.524755 0.768232 0.758929
169 0.529776 0.750250 0.696429
170 0.516356 0.757243 0.732143
171 0.521191 0.766234 0.714286
172 0.520088 0.767233 0.758929
173 0.521071 0.749251 0.705357
174 0.516156 0.753247 0.723214
175 0.523690 0.754246 0.705357
176 0.523067 0.766234 0.758929
177 0.523530 0.757243 0.732143
178 0.521836 0.770230 0.758929
179 0.521177 0.743257 0.696429
180 0.526519 0.768232 0.714286
181 0.518496 0.768232 0.767857
182 0.521276 0.774226 0.767857
183 0.501400 0.757243 0.732143
184 0.513002 0.752248 0.714286
185 0.525500 0.760240 0.696429
186 0.519021 0.766234 0.741071
187 0.517461 0.774226 0.767857
188 0.520712 0.763237 0.767857
189 0.521772 0.756244 0.732143
190 0.519374 0.769231 0.758929
191 0.511739 0.772228 0.750000
192 0.521300 0.752248 0.705357
193 0.525029 0.753247 0.705357
194 0.509926 0.748252 0.696429
195 0.507935 0.753247 0.705357
196 0.508644 0.768232 0.750000
197 0.519588 0.766234 0.750000
198 0.528036 0.769231 0.750000
199 0.519955 0.729271 0.678571
200 0.519774 0.771229 0.758929
201 0.519387 0.751249 0.687500
202 0.512133 0.759241 0.687500
203 0.516467 0.770230 0.750000
204 0.507018 0.777223 0.767857
205 0.524586 0.766234 0.714286
206 0.509364 0.774226 0.714286
207 0.515629 0.767233 0.723214
208 0.514084 0.767233 0.687500
209 0.512448 0.772228 0.741071
210 0.512318 0.772228 0.750000
211 0.507778 0.772228 0.741071
212 0.508550 0.772228 0.750000
213 0.512513 0.771229 0.714286
214 0.507467 0.780220 0.767857
215 0.512277 0.770230 0.741071
216 0.514017 0.771229 0.741071
217 0.519879 0.776224 0.741071
218 0.513773 0.774226 0.741071
219 0.511576 0.775225 0.732143
220 0.514658 0.770230 0.741071
221 0.508737 0.775225 0.750000
222 0.519824 0.775225 0.750000
223 0.503319 0.773227 0.750000
224 0.505722 0.774226 0.714286
225 0.519340 0.755245 0.696429
226 0.510842 0.775225 0.750000
227 0.510882 0.777223 0.758929
228 0.509022 0.774226 0.732143
229 0.512107 0.771229 0.732143
230 0.506898 0.769231 0.741071
231 0.509591 0.757243 0.705357
232 0.514593 0.756244 0.696429
233 0.509323 0.770230 0.732143
234 0.522236 0.772228 0.741071
235 0.519250 0.773227 0.723214
236 0.513417 0.775225 0.750000
237 0.511667 0.776224 0.750000
238 0.515688 0.774226 0.723214
239 0.519022 0.768232 0.705357
240 0.512036 0.772228 0.741071
241 0.508740 0.769231 0.723214
242 0.512928 0.777223 0.750000
243 0.506212 0.777223 0.750000
244 0.498993 0.775225 0.741071
245 0.511553 0.774226 0.741071
246 0.518800 0.778222 0.741071
247 0.511808 0.773227 0.741071
248 0.510103 0.772228 0.714286
249 0.504582 0.777223 0.741071
250 0.515706 0.773227 0.741071
251 0.511999 0.772228 0.732143
252 0.509880 0.774226 0.741071
253 0.515874 0.771229 0.741071
254 0.513310 0.776224 0.741071
255 0.512730 0.771229 0.723214
256 0.509269 0.778222 0.750000
257 0.499290 0.772228 0.750000
258 0.509056 0.779221 0.750000
259 0.510691 0.774226 0.741071
260 0.508145 0.765235 0.696429
261 0.499365 0.775225 0.741071
262 0.506257 0.774226 0.750000
263 0.502262 0.777223 0.741071
264 0.502571 0.777223 0.750000
265 0.512742 0.775225 0.741071
266 0.508633 0.775225 0.741071
267 0.511319 0.774226 0.723214
268 0.518733 0.773227 0.732143
269 0.517665 0.775225 0.741071
270 0.504505 0.775225 0.741071
271 0.511199 0.775225 0.723214
272 0.518760 0.772228 0.723214
273 0.507762 0.776224 0.741071
274 0.517220 0.771229 0.705357
275 0.512853 0.772228 0.732143
276 0.506326 0.774226 0.741071
277 0.510256 0.756244 0.705357
278 0.511313 0.773227 0.714286
279 0.509754 0.770230 0.714286
280 0.507803 0.773227 0.696429
281 0.503129 0.772228 0.741071
282 0.511206 0.772228 0.723214
283 0.516725 0.776224 0.741071
284 0.508031 0.768232 0.714286
285 0.512224 0.777223 0.723214
286 0.514829 0.764236 0.705357
287 0.515317 0.769231 0.705357
288 0.506400 0.773227 0.741071
289 0.517746 0.771229 0.732143
290 0.512499 0.774226 0.741071
291 0.511678 0.766234 0.687500
292 0.512002 0.772228 0.741071
293 0.502653 0.775225 0.741071
294 0.508590 0.776224 0.732143
295 0.521821 0.777223 0.750000
296 0.494550 0.774226 0.741071
297 0.512976 0.772228 0.732143
298 0.510022 0.774226 0.714286
299 0.505190 0.772228 0.741071
300 0.521295 0.771229 0.723214
301 0.507676 0.772228 0.732143
302 0.513518 0.771229 0.723214
303 0.501012 0.772228 0.705357
304 0.502044 0.777223 0.741071
305 0.519192 0.776224 0.741071
306 0.515589 0.770230 0.732143
307 0.519764 0.776224 0.732143
308 0.497313 0.770230 0.741071
309 0.503450 0.775225 0.732143
310 0.503687 0.775225 0.732143
311 0.514034 0.777223 0.750000
312 0.495605 0.777223 0.741071
313 0.506758 0.774226 0.732143
314 0.500495 0.773227 0.732143
315 0.513020 0.774226 0.732143
316 0.507536 0.776224 0.723214
317 0.506529 0.773227 0.732143
318 0.510940 0.776224 0.723214
319 0.508056 0.778222 0.732143
320 0.501325 0.772228 0.741071
321 0.504922 0.773227 0.714286
322 0.504301 0.773227 0.741071
323 0.505599 0.775225 0.723214
324 0.498858 0.776224 0.732143
325 0.495431 0.778222 0.741071
326 0.513206 0.775225 0.750000
327 0.506753 0.772228 0.714286
328 0.509035 0.774226 0.732143
329 0.499661 0.775225 0.741071
330 0.505908 0.774226 0.732143
331 0.500982 0.776224 0.741071
332 0.513467 0.774226 0.732143
333 0.506242 0.776224 0.723214
334 0.505777 0.773227 0.732143
335 0.518223 0.771229 0.687500
336 0.506578 0.778222 0.741071
337 0.509170 0.771229 0.732143
338 0.507075 0.776224 0.732143
339 0.508740 0.769231 0.705357
340 0.496600 0.773227 0.705357
341 0.504995 0.775225 0.741071
342 0.510006 0.777223 0.732143
343 0.513644 0.774226 0.732143
344 0.507913 0.772228 0.732143
345 0.507718 0.776224 0.741071
346 0.513654 0.774226 0.741071
347 0.500203 0.774226 0.741071
348 0.512454 0.767233 0.714286
349 0.502388 0.773227 0.741071
350 0.511367 0.776224 0.732143
