1 3.031211 0.757778 0.730000
2 0.903313 0.764444 0.710000
3 0.784291 0.770000 0.700000
4 0.764608 0.771111 0.680000
5 0.761032 0.788889 0.690000
6 0.531865 0.811111 0.700000
7 0.430839 0.818889 0.730000
8 0.422083 0.828889 0.720000
9 0.435194 0.816667 0.710000
10 0.386802 0.850000 0.700000
11 0.339035 0.866667 0.690000
12 0.361914 0.847778 0.730000
13 0.381576 0.863333 0.710000
14 0.334483 0.837778 0.700000
15 0.338927 0.865556 0.670000
16 0.325684 0.850000 0.680000
17 0.331291 0.868889 0.680000
18 0.297892 0.875556 0.660000
19 0.290411 0.881111 0.680000
20 0.294749 0.878889 0.710000
21 0.297052 0.868889 0.720000
22 0.307039 0.871111 0.650000
23 0.264370 0.888889 0.690000
24 0.269867 0.880000 0.700000
25 0.284924 0.872222 0.720000
26 0.319384 0.863333 0.700000
27 0.306637 0.891111 0.680000
28 0.284386 0.875556 0.680000
29 0.258911 0.893333 0.750000
30 0.304893 0.856667 0.690000
31 0.323899 0.886667 0.680000
32 0.288909 0.877778 0.730000
33 0.300339 0.867778 0.700000
34 0.292839 0.887778 0.660000
35 0.266947 0.896667 0.710000
36 0.258553 0.883333 0.690000
37 0.248994 0.884444 0.700000
38 0.232893 0.893333 0.680000
39 0.248928 0.890000 0.680000
40 0.242816 0.897778 0.730000
41 0.237413 0.897778 0.720000
42 0.231758 0.894444 0.700000
43 0.256434 0.885556 0.720000
44 0.237529 0.894444 0.690000
45 0.219661 0.886667 0.700000
46 0.234914 0.894444 0.680000
47 0.227166 0.891111 0.710000
48 0.226776 0.896667 0.710000
49 0.224809 0.902222 0.720000
50 0.210878 0.901111 0.740000
51 0.249436 0.873333 0.700000
52 0.358461 0.878889 0.720000
53 0.267321 0.894444 0.700000
54 0.251300 0.901111 0.700000
55 0.324313 0.890000 0.730000
56 0.279209 0.895556 0.680000
57 0.279194 0.895556 0.720000
58 0.239137 0.898889 0.710000
59 0.235059 0.895556 0.670000
60 0.217548 0.903333 0.700000
61 0.210451 0.903333 0.710000
62 0.214168 0.905556 0.730000
63 0.214003 0.902222 0.700000
64 0.206938 0.885556 0.720000
65 0.220250 0.891111 0.710000
66 0.207497 0.904444 0.690000
67 0.203138 0.904444 0.700000
68 0.201968 0.904444 0.730000
69 0.225594 0.902222 0.720000
70 0.196602 0.900000 0.710000
71 0.204821 0.903333 0.700000
72 0.211183 0.904444 0.730000
73 0.218182 0.902222 0.720000
74 0.197596 0.905556 0.670000
75 0.206352 0.901111 0.690000
76 0.192828 0.904444 0.710000
77 0.198402 0.902222 0.700000
78 0.201482 0.897778 0.740000
79 0.189060 0.904444 0.710000
80 0.191841 0.904444 0.730000
81 0.193727 0.902222 0.700000
82 0.193924 0.897778 0.720000
83 0.198598 0.906667 0.740000
84 0.192129 0.901111 0.730000
85 0.194587 0.904444 0.720000
86 0.194176 0.901111 0.730000
87 0.188873 0.892222 0.740000
88 0.204296 0.905556 0.730000
89 0.205823 0.903333 0.720000
90 0.190987 0.904444 0.740000
91 0.191005 0.895556 0.730000
92 0.201513 0.895556 0.730000
93 0.235224 0.896667 0.720000
94 0.202195 0.906667 0.720000
95 0.217765 0.901111 0.720000
96 0.212028 0.900000 0.730000
97 0.201987 0.906667 0.760000
98 0.222656 0.896667 0.730000
99 0.252220 0.890000 0.730000
100 0.215297 0.902222 0.750000
101 0.186684 0.904444 0.730000
102 0.190197 0.905556 0.730000
103 0.180214 0.905556 0.760000
104 0.190067 0.908889 0.740000
105 0.185074 0.900000 0.750000
106 0.180967 0.905556 0.720000
107 0.181583 0.902222 0.740000
108 0.183419 0.906667 0.720000
109 0.187204 0.903333 0.700000
110 0.192451 0.905556 0.720000
111 0.185623 0.906667 0.740000
112 0.192329 0.904444 0.740000
113 0.179526 0.906667 0.720000
114 0.183706 0.895556 0.750000
115 0.183283 0.906667 0.730000
116 0.179086 0.906667 0.740000
117 0.179460 0.907778 0.720000
118 0.182502 0.905556 0.740000
119 0.182428 0.906667 0.720000
120 0.193882 0.903333 0.740000
121 0.199064 0.901111 0.710000
122 0.190739 0.902222 0.690000
123 0.193888 0.903333 0.710000
124 0.186472 0.907778 0.750000
125 0.201164 0.903333 0.720000
126 0.180460 0.904444 0.740000
127 0.186803 0.897778 0.750000
128 0.178130 0.903333 0.740000
129 0.187172 0.903333 0.710000
130 0.174156 0.906667 0.740000
131 0.188852 0.905556 0.750000
132 0.180901 0.907778 0.740000
133 0.178649 0.907778 0.760000
134 0.178757 0.908889 0.750000
135 0.183229 0.903333 0.740000
136 0.182112 0.906667 0.720000
137 0.178509 0.905556 0.750000
138 0.178641 0.906667 0.730000
139 0.184500 0.902222 0.750000
140 0.187344 0.894444 0.760000
141 0.186054 0.904444 0.730000
142 0.187217 0.905556 0.720000
143 0.181933 0.908889 0.710000
144 0.183709 0.906667 0.720000
145 0.190007 0.904444 0.710000
146 0.187441 0.907778 0.740000
147 0.180632 0.906667 0.730000
148 0.175131 0.902222 0.730000
149 0.215465 0.903333 0.720000
150 0.209731 0.903333 0.720000
151 0.185324 0.906667 0.720000
152 0.175801 0.907778 0.740000
153 0.181321 0.907778 0.750000
154 0.174948 0.907778 0.740000
155 0.174801 0.907778 0.720000
156 0.182362 0.908889 0.730000
157 0.184688 0.907778 0.730000
158 0.175709 0.908889 0.740000
159 0.176658 0.906667 0.740000
160 0.170390 0.907778 0.750000
161 0.171640 0.907778 0.730000
162 0.174670 0.908889 0.750000
163 0.172853 0.907778 0.740000
164 0.177337 0.907778 0.730000
165 0.173697 0.908889 0.750000
166 0.168576 0.905556 0.760000
167 0.178434 0.907778 0.750000
168 0.176702 0.907778 0.740000
169 0.171388 0.905556 0.740000
170 0.161859 0.910000 0.760000
171 0.177420 0.906667 0.750000
172 0.178900 0.907778 0.730000
173 0.187500 0.911111 0.730000
174 0.178205 0.908889 0.740000
175 0.184224 0.907778 0.720000
176 0.186679 0.907778 0.710000
177 0.183809 0.907778 0.730000
178 0.174578 0.907778 0.730000
179 0.180821 0.908889 0.740000
180 0.177656 0.908889 0.740000
181 0.161562 0.908889 0.740000
182 0.164899 0.907778 0.730000
183 0.169467 0.908889 0.740000
184 0.173620 0.906667 0.720000
185 0.170266 0.907778 0.720000
186 0.178361 0.907778 0.730000
187 0.184333 0.907778 0.720000
188 0.173522 0.906667 0.740000
189 0.172007 0.908889 0.730000
190 0.176948 0.905556 0.730000
191 0.172415 0.908889 0.740000
192 0.166964 0.905556 0.720000
193 0.175545 0.907778 0.730000
194 0.168531 0.906667 0.740000
195 0.173383 0.907778 0.750000
196 0.178949 0.910000 0.740000
197 0.176805 0.910000 0.750000
198 0.168708 0.908889 0.750000
199 0.174638 0.905556 0.730000
200 0.165139 0.908889 0.730000
201 0.167699 0.907778 0.740000
202 0.162263 0.907778 0.740000
203 0.172048 0.907778 0.730000
204 0.165989 0.908889 0.750000
205 0.161993 0.907778 0.730000
206 0.165365 0.908889 0.730000
207 0.171041 0.905556 0.740000
208 0.172700 0.908889 0.730000
209 0.171864 0.908889 0.740000
210 0.174597 0.908889 0.720000
211 0.169358 0.906667 0.740000
212 0.174127 0.908889 0.730000
213 0.172728 0.905556 0.730000
214 0.166076 0.906667 0.740000
215 0.169285 0.910000 0.740000
216 0.166058 0.907778 0.720000
217 0.168087 0.908889 0.720000
218 0.176650 0.908889 0.740000
219 0.172055 0.903333 0.740000
220 0.168006 0.906667 0.720000
221 0.163710 0.905556 0.730000
222 0.170969 0.907778 0.730000
223 0.169267 0.908889 0.730000
224 0.170965 0.907778 0.740000
225 0.170859 0.907778 0.740000
226 0.168490 0.907778 0.720000
227 0.162903 0.906667 0.740000
228 0.177143 0.907778 0.720000
229 0.167641 0.907778 0.740000
230 0.172417 0.908889 0.730000
231 0.166659 0.905556 0.710000
232 0.172584 0.908889 0.740000
233 0.168125 0.910000 0.740000
234 0.172963 0.908889 0.740000
235 0.165616 0.908889 0.740000
236 0.177435 0.907778 0.740000
237 0.196880 0.908889 0.730000
238 0.170890 0.907778 0.730000
239 0.175422 0.910000 0.740000
240 0.166061 0.906667 0.740000
241 0.177333 0.906667 0.740000
242 0.170867 0.905556 0.750000
243 0.172578 0.907778 0.740000
244 0.168401 0.907778 0.730000
245 0.171422 0.908889 0.740000
246 0.167363 0.908889 0.730000
247 0.169477 0.908889 0.730000
248 0.175456 0.908889 0.730000
249 0.170228 0.908889 0.730000
250 0.169878 0.907778 0.740000
251 0.172064 0.908889 0.740000
252 0.167859 0.906667 0.720000
253 0.170259 0.908889 0.730000
254 0.173200 0.908889 0.730000
255 0.168867 0.908889 0.740000
256 0.168725 0.908889 0.730000
257 0.168456 0.907778 0.740000
258 0.167851 0.910000 0.740000
259 0.165982 0.910000 0.730000
260 0.170894 0.908889 0.730000
261 0.172443 0.908889 0.730000
262 0.172284 0.908889 0.730000
263 0.167415 0.908889 0.740000
264 0.172427 0.907778 0.730000
265 0.164783 0.907778 0.740000
266 0.169507 0.907778 0.730000
267 0.166666 0.906667 0.720000
268 0.170631 0.906667 0.710000
269 0.168910 0.907778 0.720000
270 0.167789 0.908889 0.740000
271 0.169073 0.908889 0.720000
272 0.164608 0.908889 0.740000
273 0.167524 0.908889 0.720000
274 0.171332 0.908889 0.710000
275 0.162646 0.907778 0.720000
276 0.164841 0.908889 0.730000
277 0.167616 0.908889 0.730000
278 0.170602 0.908889 0.730000
279 0.168098 0.907778 0.730000
280 0.175798 0.907778 0.720000
281 0.164848 0.907778 0.730000
282 0.176795 0.908889 0.740000
283 0.174730 0.908889 0.730000
284 0.167838 0.906667 0.730000
285 0.174543 0.908889 0.730000
286 0.176278 0.910000 0.730000
287 0.173465 0.907778 0.750000
288 0.167295 0.908889 0.730000
289 0.164572 0.910000 0.720000
290 0.162930 0.907778 0.740000
291 0.170656 0.907778 0.740000
292 0.164821 0.908889 0.750000
293 0.162472 0.910000 0.740000
294 0.170624 0.908889 0.730000
295 0.164466 0.908889 0.740000
296 0.165833 0.910000 0.730000
297 0.169997 0.908889 0.740000
298 0.164119 0.908889 0.730000
299 0.160489 0.905556 0.740000
300 0.167768 0.905556 0.730000
301 0.167068 0.908889 0.740000
302 0.167593 0.908889 0.730000
303 0.171087 0.907778 0.730000
304 0.165976 0.910000 0.740000
305 0.170614 0.908889 0.740000
306 0.166562 0.908889 0.740000
307 0.171845 0.908889 0.740000
308 0.168778 0.908889 0.740000
309 0.169452 0.910000 0.730000
310 0.165375 0.908889 0.740000
311 0.170720 0.908889 0.740000
312 0.170822 0.908889 0.740000
313 0.172858 0.908889 0.740000
314 0.164341 0.910000 0.740000
315 0.164844 0.910000 0.740000
316 0.163259 0.910000 0.740000
317 0.169509 0.910000 0.740000
318 0.168392 0.910000 0.730000
319 0.167633 0.910000 0.740000
320 0.165385 0.908889 0.740000
321 0.165027 0.908889 0.740000
322 0.170889 0.910000 0.730000
323 0.168256 0.908889 0.740000
324 0.170239 0.908889 0.740000
325 0.168108 0.911111 0.730000
326 0.165343 0.908889 0.730000
327 0.171059 0.908889 0.740000
328 0.165044 0.910000 0.740000
329 0.166094 0.908889 0.740000
330 0.166673 0.910000 0.740000
331 0.165214 0.907778 0.730000
332 0.167766 0.908889 0.730000
333 0.166035 0.910000 0.730000
334 0.166534 0.908889 0.740000
335 0.166253 0.908889 0.730000
336 0.164223 0.907778 0.730000
337 0.170132 0.908889 0.730000
338 0.174765 0.908889 0.730000
339 0.164602 0.910000 0.730000
340 0.172534 0.910000 0.730000
341 0.168173 0.910000 0.730000
342 0.171421 0.908889 0.730000
343 0.166498 0.908889 0.730000
344 0.163158 0.908889 0.730000
345 0.169545 0.908889 0.740000
346 0.162316 0.908889 0.730000
347 0.165437 0.908889 0.740000
348 0.174640 0.910000 0.740000
349 0.166139 0.908889 0.730000
350 0.167241 0.907778 0.740000
