1 5.714377 0.511490 0.520681
2 2.002081 0.659638 0.630170
3 1.349630 0.587997 0.549878
4 1.191868 0.656123 0.656934
5 1.078842 0.699108 0.671533
6 0.964883 0.706948 0.693431
7 0.901575 0.656664 0.652068
8 1.139319 0.638821 0.622871
9 1.112458 0.689105 0.688564
10 1.006086 0.699378 0.693431
11 0.885574 0.707489 0.703163
12 0.826429 0.692620 0.676399
13 0.992818 0.708300 0.671533
14 0.929387 0.650987 0.642336
15 1.120466 0.679643 0.671533
16 0.791388 0.703974 0.678832
17 0.707574 0.684239 0.676399
18 0.699536 0.708840 0.686131
19 0.689534 0.723979 0.703163
20 0.768997 0.523655 0.535280
21 0.656759 0.698297 0.686131
22 0.649844 0.713706 0.695864
23 0.645008 0.674236 0.676399
24 0.619571 0.722357 0.700730
25 0.599002 0.668018 0.644769
26 0.640730 0.713706 0.698297
27 0.605875 0.699378 0.683698
28 0.589184 0.723439 0.693431
29 0.605931 0.708300 0.700730
30 0.587257 0.712084 0.710462
31 0.606818 0.724250 0.705596
32 0.602680 0.722628 0.710462
33 0.596831 0.670992 0.671533
34 0.621294 0.717221 0.710462
35 0.598788 0.697215 0.683698
36 0.603108 0.725061 0.710462
37 0.582566 0.725061 0.698297
38 0.580426 0.701811 0.678832
39 0.627430 0.701271 0.698297
40 0.618759 0.731549 0.725061
41 0.603498 0.693971 0.671533
42 0.594715 0.726953 0.708029
43 0.567140 0.723168 0.683698
44 0.636590 0.719384 0.681265
45 0.599829 0.724520 0.710462
46 0.592187 0.705596 0.695864
47 0.574075 0.732360 0.717762
48 0.584805 0.733441 0.712895
49 0.591515 0.661260 0.639903
50 0.579593 0.734793 0.717762
51 0.564122 0.737226 0.722628
52 0.550617 0.726142 0.710462
53 0.560268 0.731008 0.703163
54 0.548578 0.728575 0.729927
55 0.541323 0.712625 0.700730
56 0.535665 0.736686 0.693431
57 0.556313 0.701271 0.673966
58 0.561617 0.741281 0.732360
59 0.549204 0.729657 0.732360
60 0.562545 0.727764 0.727494
61 0.538908 0.744526 0.720195
62 0.549804 0.743985 0.734793
63 0.546066 0.740200 0.725061
64 0.551141 0.742903 0.739659
65 0.548254 0.714247 0.708029
66 0.548823 0.743985 0.742092
67 0.559090 0.746418 0.725061
68 0.541826 0.743985 0.710462
69 0.534713 0.747229 0.742092
70 0.545823 0.751284 0.742092
71 0.541057 0.748851 0.727494
72 0.551433 0.739119 0.698297
73 0.546807 0.756691 0.729927
74 0.548475 0.756961 0.729927
75 0.559652 0.757232 0.746959
76 0.541282 0.746959 0.734793
77 0.540938 0.750203 0.744526
78 0.545730 0.744796 0.732360
79 0.544675 0.743985 0.708029
80 0.539989 0.746959 0.734793
81 0.533836 0.754799 0.749392
82 0.537956 0.751825 0.739659
83 0.525363 0.749121 0.749392
84 0.537307 0.731549 0.725061
85 0.567447 0.747770 0.734793
86 0.543446 0.743715 0.722628
87 0.543516 0.751014 0.756691
88 0.550778 0.754528 0.722628
89 0.533797 0.762098 0.744526
90 0.532815 0.764261 0.761557
91 0.547708 0.735604 0.725061
92 0.527592 0.769397 0.763990
93 0.528488 0.751284 0.749392
94 0.547108 0.735064 0.712895
95 0.546150 0.756150 0.729927
96 0.529126 0.764531 0.742092
97 0.529810 0.751014 0.744526
98 0.539164 0.757502 0.746959
99 0.535559 0.732360 0.712895
100 0.524022 0.765342 0.761557
101 0.510577 0.769397 0.749392
102 0.510535 0.763990 0.739659
103 0.522595 0.764531 0.744526
104 0.506626 0.767505 0.766423
105 0.501753 0.774804 0.754258
106 0.507863 0.766153 0.746959
107 0.515140 0.768586 0.746959
108 0.508446 0.771830 0.768856
109 0.501722 0.766423 0.766423
110 0.510517 0.754258 0.715328
111 0.499865 0.770208 0.739659
112 0.496278 0.770749 0.744526
113 0.512665 0.771290 0.751825
114 0.505223 0.774263 0.739659
115 0.492388 0.764531 0.739659
116 0.503721 0.753988 0.732360
117 0.514761 0.758854 0.708029
118 0.511017 0.767505 0.722628
119 0.497619 0.778859 0.742092
120 0.504260 0.768316 0.749392
121 0.494454 0.766964 0.746959
122 0.497704 0.773182 0.773723
123 0.505208 0.766153 0.751825
124 0.513986 0.774804 0.751825
125 0.508682 0.768856 0.759124
126 0.495977 0.766153 0.754258
127 0.503501 0.778048 0.778589
128 0.485896 0.779670 0.751825
129 0.497212 0.778048 0.778589
130 0.496944 0.777507 0.734793
131 0.484296 0.767775 0.744526
132 0.495902 0.782914 0.756691
133 0.480601 0.776156 0.768856
134 0.486326 0.775074 0.751825
135 0.491686 0.760205 0.739659
136 0.497642 0.773452 0.749392
137 0.486138 0.771560 0.749392
138 0.502049 0.773452 0.771290
139 0.494599 0.780752 0.751825
140 0.497108 0.759935 0.725061
141 0.497008 0.786158 0.761557
142 0.486690 0.782644 0.759124
143 0.499197 0.789673 0.763990
144 0.483767 0.783725 0.759124
145 0.482734 0.782914 0.773723
146 0.497944 0.782374 0.768856
147 0.482879 0.772371 0.737226
148 0.494057 0.769127 0.732360
149 0.486851 0.785077 0.756691
150 0.474784 0.794809 0.763990
151 0.476244 0.791836 0.763990
152 0.474235 0.789943 0.759124
153 0.466045 0.790484 0.739659
154 0.461680 0.786969 0.749392
155 0.458086 0.804542 0.744526
156 0.470930 0.793728 0.756691
157 0.461183 0.789132 0.776156
158 0.457505 0.799676 0.759124
159 0.473858 0.793998 0.756691
160 0.464755 0.799405 0.751825
161 0.479726 0.791836 0.766423
162 0.463691 0.796702 0.756691
163 0.457422 0.806975 0.756691
164 0.449849 0.801027 0.756691
165 0.464220 0.803731 0.766423
166 0.461054 0.791295 0.734793
167 0.455612 0.806975 0.751825
168 0.452298 0.802379 0.778589
169 0.444830 0.806975 0.773723
170 0.443614 0.804812 0.766423
171 0.457615 0.809949 0.768856
172 0.456047 0.807245 0.751825
173 0.453680 0.809138 0.742092
174 0.447745 0.801298 0.744526
175 0.454215 0.814004 0.761557
176 0.456919 0.821844 0.763990
177 0.453883 0.804001 0.771290
178 0.459490 0.810489 0.754258
179 0.461513 0.815626 0.754258
180 0.451152 0.812382 0.771290
181 0.449744 0.811571 0.763990
182 0.450263 0.811571 0.768856
183 0.451447 0.812382 0.773723
184 0.447061 0.812111 0.773723
185 0.445839 0.806434 0.763990
186 0.432842 0.816167 0.761557
187 0.439422 0.804812 0.756691
188 0.433983 0.810760 0.751825
189 0.443248 0.820492 0.761557
190 0.463759 0.817789 0.756691
191 0.445502 0.815356 0.771290
192 0.456660 0.822925 0.771290
193 0.440066 0.826169 0.773723
194 0.431758 0.822925 0.763990
195 0.433533 0.819951 0.754258
196 0.437838 0.825629 0.756691
197 0.452237 0.813463 0.751825
198 0.448871 0.813733 0.776156
199 0.438244 0.813733 0.766423
200 0.440292 0.827521 0.773723
201 0.426494 0.821033 0.778589
202 0.433269 0.823736 0.768856
203 0.433460 0.824547 0.756691
204 0.431152 0.831035 0.776156
205 0.432760 0.832117 0.763990
206 0.425238 0.824277 0.771290
207 0.427311 0.827521 0.781022
208 0.429902 0.824277 0.763990
209 0.422787 0.828332 0.771290
210 0.424719 0.822384 0.759124
211 0.414370 0.837524 0.771290
212 0.424272 0.821303 0.781022
213 0.410049 0.835631 0.768856
214 0.407328 0.831035 0.771290
215 0.420974 0.830495 0.773723
216 0.409841 0.835091 0.763990
217 0.429140 0.831846 0.768856
218 0.425017 0.836172 0.783455
219 0.424373 0.835631 0.776156
220 0.415612 0.834009 0.761557
221 0.408595 0.834009 0.768856
222 0.410688 0.832387 0.754258
223 0.424593 0.832928 0.768856
224 0.415394 0.836983 0.776156
225 0.416226 0.836713 0.763990
226 0.411959 0.833469 0.759124
227 0.410492 0.834820 0.763990
228 0.428981 0.838875 0.771290
229 0.417407 0.837524 0.761557
230 0.412104 0.830495 0.778589
231 0.410218 0.839686 0.763990
232 0.412271 0.836713 0.763990
233 0.419717 0.837524 0.768856
234 0.417870 0.836172 0.766423
235 0.416880 0.841849 0.766423
236 0.401838 0.832117 0.771290
237 0.423820 0.846175 0.773723
238 0.407288 0.841308 0.768856
239 0.402783 0.839686 0.766423
240 0.418068 0.840768 0.763990
241 0.406113 0.837253 0.761557
242 0.409504 0.837253 0.761557
243 0.412354 0.837253 0.754258
244 0.403935 0.840768 0.768856
245 0.400562 0.845093 0.766423
246 0.403887 0.841579 0.763990
247 0.403685 0.842931 0.768856
248 0.407759 0.835361 0.778589
249 0.403122 0.844823 0.766423
250 0.413962 0.847797 0.776156
251 0.407372 0.849148 0.773723
252 0.394717 0.843742 0.763990
253 0.396310 0.850500 0.763990
254 0.388760 0.843471 0.763990
255 0.392258 0.842660 0.771290
256 0.387673 0.851311 0.773723
257 0.388850 0.851311 0.773723
258 0.388969 0.845634 0.773723
259 0.387295 0.849689 0.771290
260 0.403212 0.851311 0.778589
261 0.392926 0.849689 0.776156
262 0.393934 0.848337 0.756691
263 0.401215 0.851311 0.761557
264 0.387040 0.848337 0.778589
265 0.392415 0.850230 0.759124
266 0.401282 0.844553 0.761557
267 0.387126 0.851041 0.761557
268 0.400350 0.852933 0.763990
269 0.383078 0.854285 0.761557
270 0.394591 0.851311 0.768856
271 0.377783 0.849148 0.763990
272 0.393015 0.851041 0.768856
273 0.397896 0.853474 0.766423
274 0.387947 0.847526 0.749392
275 0.387867 0.850500 0.768856
276 0.394271 0.849689 0.766423
277 0.388952 0.851311 0.763990
278 0.387586 0.845634 0.761557
279 0.388214 0.853204 0.771290
280 0.401240 0.848608 0.761557
281 0.395186 0.851852 0.766423
282 0.399729 0.851311 0.771290
283 0.379841 0.852393 0.773723
284 0.386084 0.852393 0.766423
285 0.398923 0.842119 0.759124
286 0.394705 0.851311 0.751825
287 0.388285 0.855637 0.761557
288 0.402180 0.851311 0.759124
289 0.387259 0.854015 0.766423
290 0.384315 0.855366 0.771290
291 0.377574 0.855637 0.771290
292 0.381478 0.858610 0.778589
293 0.391872 0.856448 0.761557
294 0.391260 0.857799 0.761557
295 0.386998 0.852933 0.763990
296 0.387635 0.852122 0.768856
297 0.384531 0.855907 0.763990
298 0.388563 0.854826 0.766423
299 0.386371 0.855366 0.756691
300 0.391852 0.858340 0.759124
301 0.381106 0.852663 0.766423
302 0.376429 0.857799 0.768856
303 0.378617 0.857259 0.761557
304 0.388730 0.856718 0.761557
305 0.400122 0.856718 0.759124
306 0.382438 0.856177 0.771290
307 0.368103 0.852122 0.766423
308 0.385211 0.855907 0.768856
309 0.377963 0.858070 0.771290
310 0.387272 0.856448 0.754258
311 0.373402 0.860503 0.756691
312 0.389193 0.858881 0.766423
313 0.386043 0.859962 0.771290
314 0.388170 0.858610 0.763990
315 0.372900 0.852663 0.763990
316 0.379393 0.854555 0.771290
317 0.389394 0.856718 0.756691
318 0.376577 0.857799 0.766423
319 0.367069 0.861855 0.761557
320 0.378065 0.856448 0.756691
321 0.380960 0.859421 0.761557
322 0.380168 0.859962 0.754258
323 0.394140 0.862395 0.766423
324 0.382707 0.862936 0.759124
325 0.382637 0.859692 0.771290
326 0.382123 0.856988 0.771290
327 0.377695 0.854555 0.768856
328 0.364774 0.862395 0.763990
329 0.382220 0.861314 0.754258
330 0.376049 0.859421 0.756691
331 0.379527 0.855366 0.754258
332 0.383509 0.862395 0.761557
333 0.395033 0.858610 0.756691
334 0.377861 0.862936 0.763990
335 0.364898 0.861314 0.766423
336 0.382085 0.860232 0.766423
337 0.373663 0.861314 0.761557
338 0.386304 0.861314 0.759124
339 0.381499 0.861855 0.761557
340 0.364177 0.858340 0.766423
341 0.374396 0.862125 0.766423
342 0.378970 0.859962 0.763990
343 0.378794 0.859692 0.754258
344 0.370805 0.857799 0.768856
345 0.390180 0.861584 0.761557
346 0.386176 0.860503 0.763990
347 0.375669 0.857529 0.763990
348 0.384623 0.858610 0.766423
349 0.384195 0.861855 0.766423
350 0.383459 0.855637 0.766423
