1 5.051375 0.543444 0.539659
2 2.003497 0.616897 0.610219
3 1.658606 0.611003 0.602920
4 1.444602 0.668343 0.660341
5 1.156081 0.662693 0.648175
6 1.129747 0.662152 0.653041
7 1.063052 0.669992 0.656204
8 1.088726 0.639551 0.633090
9 1.038514 0.639659 0.635037
10 0.878441 0.678913 0.667640
11 0.865673 0.673561 0.665450
12 0.842372 0.666451 0.654988
13 0.870222 0.670073 0.664964
14 0.835221 0.671992 0.659367
15 0.800606 0.662341 0.653285
16 0.744094 0.686375 0.679075
17 0.745644 0.697324 0.685888
18 0.710620 0.697107 0.690511
19 0.698694 0.700811 0.686375
20 0.683757 0.687321 0.679805
21 0.642775 0.705839 0.696107
22 0.630790 0.703433 0.698540
23 0.638097 0.704461 0.694161
24 0.656685 0.712030 0.701460
25 0.618276 0.709678 0.698054
26 0.644760 0.709786 0.698540
27 0.595167 0.717680 0.705596
28 0.611848 0.708516 0.692457
29 0.601605 0.713652 0.701217
30 0.589012 0.725169 0.707299
31 0.601192 0.726277 0.713139
32 0.618249 0.719789 0.708516
33 0.601367 0.718140 0.706083
34 0.598887 0.728927 0.719708
35 0.595707 0.712922 0.702190
36 0.608003 0.725493 0.711922
37 0.584812 0.715274 0.702677
38 0.591775 0.729197 0.717275
39 0.600592 0.727440 0.709002
40 0.591109 0.737308 0.722871
41 0.587588 0.721438 0.706083
42 0.580006 0.729197 0.713382
43 0.579693 0.728684 0.711192
44 0.601246 0.722006 0.699513
45 0.586633 0.732063 0.710705
46 0.579486 0.723277 0.709976
47 0.573603 0.737875 0.720681
48 0.566188 0.725872 0.709732
49 0.574040 0.713085 0.696837
50 0.569875 0.743742 0.727981
51 0.552855 0.745742 0.727494
52 0.551431 0.731062 0.709002
53 0.554863 0.737956 0.715085
54 0.552155 0.748175 0.735036
55 0.546437 0.740443 0.722628
56 0.540884 0.746337 0.722384
57 0.550281 0.745174 0.721411
58 0.546021 0.744985 0.722628
59 0.549713 0.734604 0.717032
60 0.550490 0.737686 0.715085
61 0.541373 0.753934 0.733090
62 0.541980 0.755204 0.730413
63 0.540855 0.750906 0.725548
64 0.542846 0.748527 0.725061
65 0.537494 0.743958 0.719708
66 0.545200 0.750122 0.732603
67 0.538492 0.747337 0.721655
68 0.534237 0.752555 0.728954
69 0.539554 0.754853 0.732847
70 0.537224 0.754501 0.727494
71 0.533639 0.757448 0.731387
72 0.532934 0.756204 0.725791
73 0.534441 0.755475 0.728954
74 0.536450 0.759503 0.739416
75 0.541531 0.756069 0.725791
76 0.533735 0.754096 0.736983
77 0.538581 0.752393 0.727494
78 0.534951 0.754582 0.726521
79 0.533136 0.757205 0.728224
80 0.526357 0.758313 0.735280
81 0.529522 0.759773 0.733333
82 0.528427 0.755204 0.728710
83 0.531325 0.755745 0.728467
84 0.531624 0.752663 0.729927
85 0.541040 0.757421 0.727251
86 0.531138 0.756421 0.731144
87 0.535288 0.757394 0.731387
88 0.535932 0.757069 0.729441
89 0.535674 0.758232 0.730900
90 0.518192 0.763017 0.738200
91 0.531618 0.759935 0.728954
92 0.526224 0.767315 0.737469
93 0.531651 0.758367 0.735523
94 0.523938 0.746580 0.714598
95 0.533115 0.763612 0.729440
96 0.522834 0.762233 0.732603
97 0.528478 0.765018 0.740389
98 0.529077 0.733847 0.707299
99 0.535002 0.756502 0.733333
100 0.514449 0.771884 0.744769
101 0.502008 0.776453 0.748175
102 0.502202 0.772533 0.737226
103 0.503668 0.774209 0.739173
104 0.503234 0.774696 0.740633
105 0.496770 0.777697 0.744769
106 0.497731 0.774804 0.736010
107 0.498240 0.777534 0.741119
108 0.499345 0.776183 0.741362
109 0.495864 0.779237 0.744769
110 0.504476 0.771911 0.727494
111 0.495831 0.777048 0.741849
112 0.492802 0.778075 0.742579
113 0.501094 0.779427 0.740389
114 0.493741 0.776426 0.734307
115 0.491640 0.778670 0.740876
116 0.495265 0.778670 0.744769
117 0.498898 0.780751 0.745012
118 0.499129 0.781022 0.741849
119 0.492639 0.784861 0.748418
120 0.496186 0.779941 0.736253
121 0.486623 0.780589 0.745742
122 0.491347 0.781725 0.743309
123 0.490270 0.776453 0.738199
124 0.492543 0.787510 0.749392
125 0.492725 0.783563 0.742093
126 0.490827 0.781508 0.737956
127 0.491163 0.783969 0.745255
128 0.485731 0.786131 0.739903
129 0.488392 0.787132 0.752555
130 0.487482 0.782941 0.746715
131 0.488248 0.783779 0.742093
132 0.487633 0.790186 0.748662
133 0.488243 0.788321 0.754744
134 0.485954 0.789754 0.746715
135 0.482408 0.781833 0.742336
136 0.490488 0.787889 0.746959
137 0.486769 0.786888 0.747689
138 0.486283 0.789403 0.751338
139 0.483547 0.794188 0.752555
140 0.485492 0.784239 0.737713
141 0.482227 0.791484 0.747932
142 0.479256 0.792430 0.745255
143 0.484887 0.792430 0.749392
144 0.472270 0.791971 0.747445
145 0.478824 0.786591 0.746959
146 0.479052 0.792430 0.749392
147 0.476869 0.785050 0.743309
148 0.482879 0.785699 0.745742
149 0.481979 0.792971 0.753528
150 0.464187 0.802082 0.751338
151 0.459054 0.804163 0.747932
152 0.458548 0.797999 0.749878
153 0.459947 0.803893 0.750122
154 0.452973 0.806840 0.754501
155 0.458946 0.807002 0.752555
156 0.453339 0.808543 0.758394
157 0.457611 0.808029 0.763747
158 0.452232 0.811625 0.753528
159 0.455377 0.807516 0.758394
160 0.446883 0.811138 0.751825
161 0.459696 0.803487 0.748905
162 0.452227 0.808489 0.755961
163 0.450048 0.813247 0.753771
164 0.447716 0.813085 0.762044
165 0.445922 0.812841 0.754258
166 0.451312 0.812057 0.754014
167 0.446931 0.814382 0.755474
168 0.447559 0.813652 0.755718
169 0.446584 0.810192 0.749635
170 0.439826 0.813084 0.755231
171 0.440043 0.815572 0.756934
172 0.447611 0.814220 0.755718
173 0.446977 0.818275 0.757421
174 0.444706 0.815626 0.753285
175 0.438572 0.816356 0.751582
176 0.447565 0.820006 0.758394
177 0.444648 0.815166 0.763990
178 0.439846 0.819438 0.759367
179 0.442194 0.821276 0.757908
180 0.441400 0.819870 0.759124
181 0.440920 0.814950 0.755474
182 0.439862 0.811922 0.756204
183 0.440024 0.823925 0.762774
184 0.438685 0.816410 0.763504
185 0.432499 0.818437 0.754744
186 0.434749 0.818383 0.756691
187 0.435357 0.817032 0.753041
188 0.436845 0.813733 0.752555
189 0.436204 0.827332 0.758394
190 0.434330 0.824115 0.757421
191 0.429729 0.825764 0.757664
192 0.433134 0.825088 0.758881
193 0.430733 0.825953 0.760827
194 0.426200 0.823060 0.753285
195 0.431543 0.828197 0.757908
196 0.429896 0.827494 0.760097
197 0.437922 0.825196 0.754501
198 0.429294 0.826304 0.761801
199 0.429608 0.829927 0.759124
200 0.422660 0.836334 0.761800
201 0.415511 0.831549 0.758638
202 0.417619 0.837740 0.765450
203 0.419138 0.839092 0.756691
204 0.416291 0.837334 0.764720
205 0.411491 0.839416 0.762287
206 0.414965 0.833280 0.755231
207 0.411746 0.837280 0.763017
208 0.415626 0.835766 0.762044
209 0.410918 0.839254 0.761071
210 0.409771 0.839794 0.763260
211 0.408701 0.840687 0.763261
212 0.407904 0.840470 0.764720
213 0.409761 0.842633 0.763504
214 0.403169 0.841606 0.765207
215 0.409073 0.840038 0.759854
216 0.406361 0.842038 0.761800
217 0.405720 0.844255 0.769830
218 0.413243 0.843336 0.768370
219 0.412755 0.843444 0.763747
220 0.406028 0.843093 0.765694
221 0.405653 0.843633 0.765693
222 0.402617 0.842877 0.762287
223 0.406002 0.841633 0.765693
224 0.402446 0.843606 0.765694
225 0.406595 0.844120 0.767153
226 0.403640 0.846445 0.764233
227 0.402501 0.845309 0.767396
228 0.409711 0.846391 0.770073
229 0.405799 0.846229 0.761314
230 0.399263 0.846093 0.763260
231 0.397946 0.848094 0.767396
232 0.400885 0.845688 0.761800
233 0.402809 0.846148 0.771776
234 0.397056 0.848500 0.767153
235 0.397423 0.850446 0.767397
236 0.396819 0.848338 0.764477
237 0.401091 0.849824 0.767640
238 0.398586 0.849338 0.764233
239 0.395616 0.847743 0.764720
240 0.400029 0.849770 0.768613
241 0.397531 0.849040 0.770073
242 0.396455 0.849527 0.765450
243 0.398250 0.850635 0.761557
244 0.392374 0.852176 0.765207
245 0.395770 0.852609 0.767883
246 0.397901 0.852582 0.766910
247 0.391788 0.851122 0.767153
248 0.396120 0.851771 0.767883
249 0.390470 0.850095 0.768370
250 0.394078 0.855961 0.768370
251 0.387644 0.856475 0.767153
252 0.384874 0.857286 0.767640
253 0.389233 0.857475 0.763990
254 0.387738 0.856583 0.767397
255 0.382549 0.855826 0.765207
256 0.383869 0.857042 0.766667
257 0.383877 0.858178 0.770803
258 0.380810 0.856907 0.767883
259 0.379552 0.858556 0.766667
260 0.384977 0.858692 0.768856
261 0.383083 0.859259 0.765937
262 0.385450 0.860260 0.766667
263 0.381993 0.859638 0.768613
264 0.379061 0.859881 0.765450
265 0.382117 0.859043 0.765450
266 0.386896 0.860881 0.766666
267 0.378662 0.857205 0.764964
268 0.383358 0.858529 0.767397
269 0.377547 0.860990 0.765450
270 0.384952 0.859043 0.765450
271 0.381149 0.858502 0.771776
272 0.381607 0.860854 0.770316
273 0.384113 0.861125 0.768856
274 0.380544 0.862179 0.765207
275 0.379338 0.861855 0.768370
276 0.380593 0.857313 0.768856
277 0.378421 0.860260 0.769586
278 0.379153 0.861908 0.768370
279 0.381172 0.861125 0.772263
280 0.379426 0.861098 0.769343
281 0.381750 0.864098 0.770803
282 0.380144 0.861882 0.767397
283 0.374296 0.862368 0.771046
284 0.378975 0.863152 0.767883
285 0.382062 0.859989 0.765694
286 0.373996 0.865018 0.769100
287 0.373372 0.863341 0.767883
288 0.383938 0.861584 0.768126
289 0.375713 0.862720 0.765937
290 0.375248 0.864179 0.767883
291 0.376121 0.861828 0.765937
292 0.377045 0.864423 0.769829
293 0.375002 0.865369 0.767640
294 0.376413 0.864801 0.769586
295 0.374403 0.865180 0.765937
296 0.378062 0.864801 0.766423
297 0.374482 0.865342 0.769100
298 0.374982 0.865234 0.769343
299 0.376771 0.865207 0.770803
300 0.378566 0.866775 0.768856
301 0.370550 0.866775 0.770073
302 0.373952 0.866396 0.773966
303 0.372011 0.866883 0.773236
304 0.376896 0.868072 0.772749
305 0.373712 0.866775 0.770803
306 0.373529 0.867153 0.770316
307 0.371411 0.867424 0.769830
308 0.367263 0.868559 0.771776
309 0.369331 0.867694 0.770073
310 0.371661 0.867667 0.771290
311 0.373491 0.867613 0.770803
312 0.369124 0.867370 0.769586
313 0.367780 0.868640 0.770560
314 0.369223 0.867234 0.770803
315 0.366746 0.866126 0.771533
316 0.365000 0.867478 0.772749
317 0.371497 0.868721 0.771289
318 0.365838 0.868099 0.772506
319 0.366608 0.868181 0.771533
320 0.369783 0.867586 0.772019
321 0.371628 0.867586 0.768857
322 0.372012 0.868775 0.769830
323 0.371297 0.869343 0.771046
324 0.369457 0.869776 0.771046
325 0.369898 0.868640 0.772506
326 0.369743 0.868965 0.773479
327 0.365892 0.866640 0.770560
328 0.364663 0.871019 0.768613
329 0.369772 0.869478 0.767153
330 0.365529 0.870262 0.769586
331 0.368545 0.865639 0.772993
332 0.374599 0.870181 0.770316
333 0.365727 0.869857 0.771047
334 0.366581 0.870316 0.769586
335 0.363915 0.870614 0.771046
336 0.367339 0.870289 0.771046
337 0.364496 0.869451 0.772263
338 0.370206 0.868937 0.768370
339 0.366214 0.870452 0.770559
340 0.360535 0.870505 0.768613
341 0.364746 0.871830 0.768370
342 0.363450 0.869046 0.770560
343 0.364963 0.870370 0.772993
344 0.367334 0.870695 0.771533
345 0.368452 0.870776 0.770073
346 0.365166 0.869695 0.773723
347 0.363683 0.870884 0.772019
348 0.368107 0.867397 0.770560
349 0.368549 0.871344 0.770073
350 0.366180 0.870857 0.770073
