1 4.137839 0.585158 0.586618
2 1.770347 0.630224 0.625061
3 1.480023 0.643769 0.635767
4 1.264255 0.651446 0.647445
5 1.180844 0.657962 0.651338
6 1.042979 0.639011 0.631387
7 1.048883 0.682752 0.679076
8 1.020659 0.655042 0.651095
9 0.968135 0.655745 0.649392
10 0.909501 0.679697 0.672506
11 0.850339 0.670398 0.658151
12 0.763892 0.685401 0.674453
13 0.740005 0.699541 0.689294
14 0.708716 0.696161 0.684671
15 0.688884 0.696188 0.686618
16 0.669439 0.674480 0.664233
17 0.679125 0.698810 0.683942
18 0.668329 0.694458 0.682725
19 0.640053 0.696351 0.683942
20 0.643802 0.698162 0.688808
21 0.636163 0.710787 0.700730
22 0.626785 0.699432 0.689538
23 0.633635 0.692566 0.687591
24 0.623146 0.715599 0.701947
25 0.604304 0.695972 0.688564
26 0.626201 0.702487 0.702190
27 0.600657 0.705758 0.699757
28 0.612898 0.700406 0.693674
29 0.601692 0.706867 0.695620
30 0.590469 0.715653 0.711922
31 0.597693 0.718275 0.711679
32 0.596362 0.718248 0.705840
33 0.603210 0.716924 0.705840
34 0.598617 0.720816 0.708029
35 0.588316 0.713085 0.703163
36 0.599004 0.720952 0.710949
37 0.584762 0.711544 0.702919
38 0.593629 0.717924 0.710705
39 0.605761 0.722817 0.714598
40 0.589786 0.724628 0.711679
41 0.593681 0.720168 0.706813
42 0.585836 0.720654 0.713139
43 0.579079 0.724574 0.719951
44 0.595154 0.719735 0.711922
45 0.589848 0.725250 0.716788
46 0.585907 0.711111 0.698783
47 0.575420 0.726305 0.717275
48 0.572141 0.722547 0.713625
49 0.577524 0.716545 0.705353
50 0.569078 0.734874 0.721654
51 0.557376 0.738226 0.722628
52 0.557694 0.724709 0.707543
53 0.561977 0.723601 0.707542
54 0.559258 0.733361 0.727494
55 0.555971 0.728034 0.708516
56 0.553335 0.730387 0.717032
57 0.557754 0.735118 0.720924
58 0.556249 0.734090 0.722871
59 0.552347 0.726494 0.719221
60 0.558278 0.730792 0.719221
61 0.550474 0.744553 0.729684
62 0.549174 0.742660 0.729684
63 0.548125 0.742525 0.725547
64 0.553639 0.733766 0.719221
65 0.544171 0.734739 0.719708
66 0.549747 0.745445 0.730414
67 0.545440 0.736388 0.727980
68 0.542581 0.740768 0.726277
69 0.546314 0.747175 0.731144
70 0.543529 0.743147 0.727494
71 0.541831 0.745066 0.729440
72 0.544829 0.741038 0.723358
73 0.541203 0.745958 0.720681
74 0.542243 0.746823 0.727494
75 0.546407 0.748202 0.730414
76 0.541175 0.746499 0.731144
77 0.542394 0.745147 0.723844
78 0.541189 0.748364 0.727007
79 0.540216 0.746202 0.727981
80 0.535012 0.748851 0.728467
81 0.533923 0.749419 0.738200
82 0.534192 0.747229 0.727007
83 0.538257 0.740470 0.718978
84 0.536233 0.749554 0.726034
85 0.541874 0.749121 0.725061
86 0.534302 0.744336 0.717275
87 0.541275 0.750500 0.728711
88 0.543718 0.748824 0.718005
89 0.537855 0.754285 0.739173
90 0.527153 0.750933 0.732603
91 0.536623 0.755069 0.733333
92 0.531689 0.752906 0.731387
93 0.533352 0.751608 0.729440
94 0.531668 0.743093 0.720924
95 0.533011 0.753122 0.729440
96 0.530519 0.751798 0.721168
97 0.533612 0.757826 0.733577
98 0.531856 0.744174 0.719222
99 0.534182 0.759205 0.735523
100 0.517467 0.765072 0.740146
101 0.510713 0.768532 0.739659
102 0.508195 0.769127 0.733820
103 0.513308 0.768559 0.736010
104 0.510587 0.768964 0.738443
105 0.505985 0.770749 0.737713
106 0.504330 0.770803 0.737713
107 0.504256 0.775858 0.741362
108 0.505027 0.776372 0.740876
109 0.502613 0.776507 0.741119
110 0.509761 0.775291 0.741119
111 0.502060 0.771425 0.735766
112 0.499629 0.777372 0.736740
113 0.505444 0.776642 0.736496
114 0.502141 0.769370 0.734793
115 0.497952 0.779048 0.743066
116 0.498001 0.780806 0.747445
117 0.503159 0.778643 0.740146
118 0.499975 0.779211 0.739903
119 0.495878 0.781184 0.746715
120 0.498055 0.777507 0.739416
121 0.491321 0.783752 0.745986
122 0.492225 0.780103 0.745986
123 0.492090 0.776453 0.743552
124 0.493961 0.790051 0.747932
125 0.491981 0.784023 0.744039
126 0.489868 0.788159 0.745255
127 0.493445 0.785699 0.747445
128 0.486240 0.790133 0.744525
129 0.488296 0.789322 0.753528
130 0.487672 0.786888 0.740389
131 0.488171 0.784455 0.745012
132 0.487457 0.788970 0.742579
133 0.486881 0.793403 0.750122
134 0.480409 0.793647 0.746472
135 0.483964 0.789592 0.746959
136 0.485783 0.794863 0.750365
137 0.483903 0.793268 0.748662
138 0.482322 0.792241 0.747202
139 0.482674 0.796296 0.750122
140 0.482302 0.791484 0.746472
141 0.478640 0.794918 0.752555
142 0.478768 0.799838 0.750852
143 0.482523 0.798919 0.749878
144 0.473200 0.796756 0.747689
145 0.475225 0.796675 0.746472
146 0.473288 0.799081 0.746715
147 0.469988 0.792701 0.743796
148 0.475933 0.793999 0.743796
149 0.474464 0.800973 0.749148
150 0.460284 0.808516 0.748662
151 0.448970 0.811652 0.746959
152 0.453808 0.806515 0.745499
153 0.451876 0.813517 0.750122
154 0.445754 0.813977 0.753041
155 0.451583 0.815653 0.751338
156 0.445398 0.815193 0.755231
157 0.450169 0.815058 0.753771
158 0.445306 0.818924 0.758151
159 0.444972 0.815518 0.755718
160 0.440138 0.817599 0.750852
161 0.450678 0.813571 0.744526
162 0.443222 0.817789 0.751095
163 0.440516 0.817140 0.751095
164 0.438967 0.820871 0.749635
165 0.438741 0.823520 0.749635
166 0.442130 0.821060 0.750852
167 0.437682 0.823628 0.755961
168 0.438572 0.821709 0.751095
169 0.437056 0.819384 0.745255
170 0.430993 0.824439 0.747932
171 0.425153 0.825872 0.756691
172 0.434962 0.824331 0.754258
173 0.436483 0.825953 0.752555
174 0.433618 0.822303 0.750851
175 0.428841 0.823547 0.751825
176 0.434577 0.828197 0.751338
177 0.432910 0.823682 0.747445
178 0.424975 0.829738 0.751582
179 0.431544 0.827386 0.749635
180 0.430465 0.829819 0.750365
181 0.428806 0.827305 0.748905
182 0.426345 0.826953 0.748905
183 0.423223 0.831089 0.753528
184 0.424585 0.830468 0.753528
185 0.418271 0.828602 0.751095
186 0.422620 0.831279 0.746959
187 0.424246 0.827926 0.751582
188 0.422432 0.829765 0.754015
189 0.423933 0.835280 0.750122
190 0.419884 0.834280 0.755718
191 0.418495 0.835983 0.753528
192 0.416407 0.836740 0.752798
193 0.415753 0.833847 0.750852
194 0.413144 0.839443 0.753285
195 0.417195 0.839173 0.747202
196 0.410337 0.836740 0.754258
197 0.422650 0.835739 0.749149
198 0.414328 0.839524 0.755961
199 0.416382 0.837037 0.750122
200 0.408834 0.844147 0.753285
201 0.397982 0.845309 0.746959
202 0.402879 0.847635 0.751825
203 0.401613 0.848797 0.753771
204 0.395700 0.850176 0.757178
205 0.394950 0.849689 0.753041
206 0.397380 0.847878 0.746958
207 0.393409 0.850013 0.755474
208 0.395243 0.849094 0.750852
209 0.393456 0.852852 0.757178
210 0.393152 0.851095 0.754501
211 0.391503 0.850662 0.754015
212 0.388742 0.853420 0.747932
213 0.386847 0.854339 0.752068
214 0.385921 0.853150 0.755475
215 0.389877 0.851987 0.750608
216 0.385207 0.855339 0.751095
217 0.385423 0.855258 0.755231
218 0.387365 0.855772 0.755231
219 0.392425 0.856123 0.757908
220 0.383589 0.855447 0.751338
221 0.382751 0.857070 0.747689
222 0.383804 0.857016 0.754501
223 0.383858 0.855583 0.754745
224 0.384067 0.853906 0.752311
225 0.386502 0.859800 0.751582
226 0.384571 0.857259 0.756691
227 0.381949 0.859178 0.753528
228 0.387663 0.859908 0.755231
229 0.382796 0.859557 0.753041
230 0.377110 0.859476 0.756204
231 0.379794 0.861314 0.756448
232 0.378715 0.859719 0.754015
233 0.379948 0.860692 0.755231
234 0.375700 0.859800 0.752312
235 0.378696 0.860070 0.753285
236 0.374523 0.861071 0.753771
237 0.377432 0.862449 0.756934
238 0.373592 0.863125 0.755718
239 0.374384 0.862044 0.757178
240 0.375789 0.863747 0.759854
241 0.375219 0.861530 0.753041
242 0.372977 0.864504 0.759367
243 0.375333 0.863936 0.754988
244 0.370972 0.865450 0.755475
245 0.370303 0.866099 0.762774
246 0.373718 0.866910 0.756448
247 0.369292 0.865018 0.755961
248 0.371998 0.866288 0.756448
249 0.367776 0.865126 0.751338
250 0.368033 0.869532 0.755718
251 0.363409 0.870641 0.758394
252 0.357741 0.871966 0.754014
253 0.362603 0.871209 0.755231
254 0.359051 0.871830 0.754258
255 0.358425 0.870668 0.756691
256 0.358563 0.870830 0.757908
257 0.359367 0.872614 0.757907
258 0.355393 0.871857 0.759611
259 0.351680 0.872182 0.758151
260 0.359414 0.873398 0.757178
261 0.358326 0.871992 0.758394
262 0.358405 0.873128 0.760827
263 0.354406 0.873912 0.761071
264 0.353633 0.874074 0.758394
265 0.356551 0.874966 0.758394
266 0.360147 0.875669 0.759854
267 0.353559 0.874155 0.754258
268 0.355058 0.875453 0.756934
269 0.352344 0.876480 0.760341
270 0.355829 0.874831 0.755961
271 0.353960 0.875507 0.752555
272 0.354748 0.875291 0.757664
273 0.355421 0.874669 0.757664
274 0.353517 0.877480 0.760584
275 0.347523 0.876615 0.760584
276 0.353126 0.875372 0.756934
277 0.350873 0.875723 0.762774
278 0.350017 0.879562 0.756691
279 0.350842 0.877048 0.758394
280 0.349228 0.877534 0.758394
281 0.352602 0.878589 0.763747
282 0.348992 0.878913 0.757908
283 0.346524 0.879265 0.761071
284 0.350024 0.877237 0.759124
285 0.353943 0.877670 0.755474
286 0.344959 0.878400 0.758881
287 0.344647 0.879913 0.762287
288 0.355550 0.878697 0.758151
289 0.344469 0.879562 0.763747
290 0.346691 0.879454 0.763017
291 0.349292 0.878994 0.756934
292 0.348010 0.879589 0.763747
293 0.344964 0.881049 0.761071
294 0.346156 0.880698 0.761314
295 0.348523 0.879778 0.767397
296 0.347424 0.879589 0.760584
297 0.345276 0.880508 0.764233
298 0.345454 0.880914 0.761557
299 0.349076 0.880833 0.760341
300 0.348101 0.882887 0.763260
301 0.338160 0.883293 0.760827
302 0.342102 0.883293 0.762774
303 0.340519 0.883374 0.762530
304 0.344328 0.884455 0.763747
305 0.340865 0.883590 0.763747
306 0.342707 0.883428 0.761557
307 0.339269 0.884158 0.763261
308 0.338823 0.885509 0.762044
309 0.336244 0.884131 0.762044
310 0.339567 0.884563 0.761071
311 0.341935 0.884753 0.763504
312 0.336580 0.884942 0.764964
313 0.335924 0.885888 0.760827
314 0.335438 0.885185 0.763017
315 0.336426 0.884239 0.763504
316 0.333606 0.885591 0.763260
317 0.339209 0.885266 0.766180
318 0.335042 0.885347 0.763504
319 0.336002 0.885591 0.759854
320 0.336462 0.884618 0.759611
321 0.338387 0.885807 0.762287
322 0.341314 0.885456 0.760584
323 0.338396 0.885212 0.764477
324 0.338555 0.884239 0.765937
325 0.338027 0.884942 0.763017
326 0.336110 0.885456 0.761071
327 0.331428 0.886267 0.762044
328 0.333857 0.887077 0.767153
329 0.335943 0.885942 0.762287
330 0.332811 0.887240 0.764477
331 0.334364 0.886131 0.762530
332 0.341832 0.886996 0.758637
333 0.334242 0.886429 0.763747
334 0.335201 0.887591 0.761071
335 0.331515 0.886375 0.763747
336 0.336130 0.888321 0.763504
337 0.332503 0.886591 0.763261
338 0.337593 0.886375 0.761557
339 0.332988 0.887943 0.762530
340 0.330029 0.887889 0.764964
341 0.332533 0.888294 0.764720
342 0.332968 0.887023 0.764720
343 0.331987 0.886429 0.763990
344 0.333099 0.886861 0.761314
345 0.337870 0.887321 0.764720
346 0.332612 0.887862 0.758881
347 0.331949 0.888456 0.764477
348 0.337005 0.887267 0.763990
349 0.337369 0.888456 0.762287
350 0.334829 0.887591 0.762774
