1 5.286785 0.474074 0.393333
2 2.651667 0.494074 0.473333
3 1.874481 0.479259 0.486667
4 1.761004 0.506667 0.466667
5 1.306143 0.489630 0.520000
6 1.148274 0.582963 0.460000
7 1.173568 0.560741 0.446667
8 1.250536 0.551852 0.420000
9 1.047696 0.573333 0.493333
10 0.997917 0.548889 0.473333
11 0.934228 0.599259 0.480000
12 0.895109 0.596296 0.486667
13 0.918142 0.594074 0.486667
14 0.905923 0.611852 0.506667
15 0.883934 0.617778 0.460000
16 0.911378 0.603704 0.506667
17 0.988870 0.569630 0.446667
18 0.934884 0.611111 0.473333
19 0.891607 0.606667 0.486667
20 0.880537 0.608889 0.473333
21 0.908236 0.610370 0.480000
22 0.885972 0.581481 0.460000
23 0.878244 0.618519 0.493333
24 0.882007 0.615556 0.486667
25 0.864547 0.604444 0.413333
26 0.842541 0.624444 0.453333
27 0.824239 0.630370 0.446667
28 0.876162 0.605926 0.473333
29 0.871628 0.624444 0.480000
30 0.814941 0.618519 0.493333
31 0.846569 0.625185 0.480000
32 0.821474 0.622222 0.466667
33 0.821303 0.638519 0.486667
34 0.799112 0.637778 0.473333
35 0.790098 0.621481 0.446667
36 0.832689 0.612593 0.426667
37 0.807091 0.617778 0.413333
38 0.800490 0.631111 0.466667
39 0.820222 0.628889 0.480000
40 0.789531 0.632593 0.486667
41 0.820990 0.619259 0.420000
42 0.971334 0.597778 0.460000
43 0.939015 0.582963 0.473333
44 0.936358 0.599259 0.480000
45 0.900742 0.615556 0.480000
46 0.844437 0.583704 0.420000
47 0.805099 0.633333 0.506667
48 0.809927 0.625926 0.473333
49 0.808171 0.633333 0.473333
50 0.787673 0.632593 0.493333
