1 4.211446 0.590700 0.608273
2 1.760033 0.548527 0.530414
3 1.889890 0.660719 0.610706
4 1.511802 0.680725 0.666667
5 1.310552 0.678021 0.637470
6 1.179386 0.698838 0.688564
7 1.092083 0.688564 0.678832
8 1.095610 0.645310 0.637470
9 1.277030 0.652879 0.639903
10 0.908493 0.675588 0.639903
11 1.015422 0.596648 0.581509
12 0.859212 0.714247 0.693431
13 0.781195 0.709922 0.708029
14 0.826047 0.693431 0.688564
15 0.845985 0.692349 0.652068
16 0.725472 0.717762 0.688564
17 0.754086 0.725331 0.698297
18 0.748183 0.599081 0.596107
19 0.700656 0.694242 0.671533
20 0.721041 0.665045 0.676399
21 0.630489 0.713436 0.710462
22 0.594264 0.715058 0.712895
23 0.599629 0.670722 0.678832
24 0.587636 0.728305 0.722628
25 0.580300 0.711544 0.681265
26 0.601487 0.665856 0.681265
27 0.582563 0.717762 0.705596
28 0.582492 0.719654 0.722628
29 0.569039 0.722628 0.708029
30 0.564200 0.727764 0.734793
31 0.567621 0.717762 0.715328
32 0.574693 0.724250 0.727494
33 0.583428 0.718302 0.715328
34 0.573110 0.731008 0.739659
35 0.582535 0.708029 0.715328
36 0.613791 0.716680 0.720195
37 0.567391 0.732090 0.737226
38 0.564005 0.729386 0.729927
39 0.569152 0.732630 0.734793
40 0.562529 0.731819 0.734793
41 0.573281 0.725602 0.720195
42 0.567980 0.735604 0.754258
43 0.546928 0.734523 0.715328
44 0.569411 0.734523 0.732360
45 0.565368 0.723168 0.732360
46 0.559471 0.716139 0.705596
47 0.557010 0.733982 0.715328
48 0.562767 0.713977 0.712895
49 0.568250 0.727764 0.725061
50 0.552413 0.735604 0.727494
51 0.546880 0.751284 0.717762
52 0.543995 0.745607 0.746959
53 0.550971 0.732901 0.703163
54 0.546245 0.749392 0.739659
55 0.537969 0.738308 0.729927
56 0.532085 0.747499 0.739659
57 0.540422 0.745607 0.732360
58 0.532365 0.749932 0.746959
59 0.526726 0.739119 0.732360
60 0.539693 0.748040 0.739659
61 0.527637 0.750203 0.754258
62 0.521809 0.749932 0.742092
63 0.528320 0.751825 0.710462
64 0.537314 0.752636 0.763990
65 0.518700 0.741281 0.742092
66 0.526887 0.766423 0.742092
67 0.525138 0.748581 0.742092
68 0.525161 0.763990 0.759124
69 0.548672 0.764531 0.746959
70 0.525945 0.760746 0.751825
71 0.521236 0.757772 0.759124
72 0.541962 0.740741 0.717762
73 0.520729 0.768856 0.761557
74 0.521364 0.768316 0.744526
75 0.535188 0.743444 0.720195
76 0.523320 0.755610 0.744526
77 0.530432 0.754258 0.720195
78 0.517374 0.758583 0.734793
79 0.528570 0.750473 0.725061
80 0.524101 0.754528 0.725061
81 0.517606 0.759394 0.768856
82 0.514199 0.752095 0.744526
83 0.523266 0.769938 0.754258
84 0.524632 0.769938 0.754258
85 0.518386 0.759124 0.734793
86 0.505901 0.755880 0.712895
87 0.509629 0.763720 0.734793
88 0.517383 0.768856 0.729927
89 0.516307 0.776967 0.746959
90 0.508225 0.765072 0.732360
91 0.519460 0.770479 0.729927
92 0.499584 0.773182 0.742092
93 0.510742 0.775885 0.754258
94 0.507881 0.768856 0.751825
95 0.513625 0.763990 0.763990
96 0.532257 0.768586 0.729927
97 0.523138 0.782914 0.744526
98 0.506581 0.775885 0.746959
99 0.511365 0.779941 0.751825
100 0.491128 0.785888 0.756691
101 0.487251 0.789403 0.763990
102 0.492291 0.789403 0.766423
103 0.492661 0.788592 0.756691
104 0.481744 0.792106 0.746959
105 0.489084 0.782914 0.729927
106 0.479017 0.791025 0.734793
107 0.481731 0.792106 0.727494
108 0.470454 0.802379 0.763990
109 0.468158 0.790214 0.756691
110 0.489645 0.799946 0.751825
111 0.476487 0.791565 0.746959
112 0.478181 0.798594 0.744526
113 0.486167 0.795891 0.749392
114 0.473636 0.780752 0.756691
115 0.470973 0.797242 0.749392
116 0.473426 0.796702 0.759124
117 0.478024 0.801027 0.771290
118 0.465416 0.801027 0.751825
119 0.466606 0.806434 0.763990
120 0.472137 0.798054 0.761557
121 0.465943 0.801298 0.749392
122 0.456990 0.805893 0.766423
123 0.455633 0.808597 0.763990
124 0.454728 0.804542 0.761557
125 0.468069 0.804271 0.751825
126 0.455656 0.813733 0.751825
127 0.462448 0.806434 0.763990
128 0.456251 0.806434 0.754258
129 0.465991 0.808597 0.761557
130 0.458083 0.810489 0.744526
131 0.451890 0.818059 0.756691
132 0.464856 0.806434 0.749392
133 0.469442 0.816167 0.759124
134 0.442047 0.816437 0.746959
135 0.445142 0.815626 0.766423
136 0.458619 0.812652 0.778589
137 0.463524 0.815626 0.749392
138 0.457137 0.813463 0.746959
139 0.456710 0.812111 0.751825
140 0.443717 0.809949 0.744526
141 0.456076 0.815896 0.754258
142 0.447166 0.819951 0.749392
143 0.446144 0.830495 0.751825
144 0.444501 0.821573 0.744526
145 0.464356 0.811571 0.756691
146 0.450644 0.828602 0.749392
147 0.441497 0.808327 0.756691
148 0.446676 0.801298 0.739659
149 0.457859 0.818600 0.763990
150 0.424748 0.836172 0.759124
151 0.423591 0.835631 0.773723
152 0.428646 0.829684 0.754258
153 0.422354 0.836713 0.771290
154 0.406347 0.834550 0.751825
155 0.419624 0.832117 0.766423
156 0.406090 0.836713 0.754258
157 0.422608 0.826980 0.766423
158 0.412255 0.834280 0.766423
159 0.409197 0.838064 0.749392
160 0.417368 0.838605 0.759124
161 0.428446 0.842660 0.759124
162 0.409898 0.835091 0.763990
163 0.410342 0.839146 0.751825
164 0.407709 0.838335 0.766423
165 0.403095 0.844012 0.771290
166 0.414171 0.842931 0.746959
167 0.415421 0.846986 0.756691
168 0.413773 0.840227 0.761557
169 0.412604 0.839957 0.754258
170 0.402122 0.842119 0.746959
171 0.393565 0.850230 0.778589
172 0.408150 0.846445 0.771290
173 0.406839 0.845904 0.766423
174 0.402001 0.848337 0.768856
175 0.395210 0.849959 0.766423
176 0.409892 0.847526 0.746959
177 0.392855 0.840768 0.766423
178 0.399393 0.854826 0.763990
179 0.392968 0.849419 0.778589
180 0.395110 0.856988 0.746959
181 0.390796 0.855366 0.773723
182 0.382591 0.859692 0.761557
183 0.392519 0.858881 0.771290
184 0.401952 0.849148 0.763990
185 0.379731 0.859421 0.763990
186 0.403381 0.853204 0.766423
187 0.390226 0.852663 0.771290
188 0.390431 0.859421 0.771290
189 0.384405 0.857799 0.761557
190 0.382405 0.867532 0.785888
191 0.380733 0.867261 0.768856
192 0.391865 0.861044 0.761557
193 0.378664 0.866991 0.759124
194 0.377052 0.860503 0.756691
195 0.388546 0.858340 0.759124
196 0.367076 0.858340 0.768856
197 0.386412 0.859151 0.754258
198 0.374161 0.869965 0.773723
199 0.371285 0.862666 0.734793
200 0.372766 0.870776 0.766423
201 0.359773 0.872668 0.739659
202 0.361303 0.873750 0.766423
203 0.367778 0.879427 0.768856
204 0.362179 0.875642 0.768856
205 0.360653 0.876994 0.773723
206 0.360922 0.874020 0.737226
207 0.358601 0.878886 0.749392
208 0.349405 0.879157 0.737226
209 0.355039 0.882671 0.759124
210 0.345188 0.875101 0.773723
211 0.357971 0.876183 0.776156
212 0.360181 0.877534 0.749392
213 0.353452 0.877264 0.763990
214 0.368246 0.876453 0.761557
215 0.340818 0.875912 0.751825
216 0.349726 0.878886 0.744526
217 0.346724 0.879157 0.744526
218 0.350800 0.876994 0.754258
219 0.345334 0.882671 0.749392
220 0.347507 0.883752 0.761557
221 0.347920 0.882401 0.763990
222 0.353236 0.885915 0.749392
223 0.343546 0.881319 0.746959
224 0.355164 0.882130 0.754258
225 0.345573 0.885104 0.737226
226 0.358664 0.882401 0.763990
227 0.353540 0.884563 0.751825
228 0.354796 0.883212 0.756691
229 0.349520 0.887267 0.727494
230 0.339209 0.888619 0.751825
231 0.335849 0.886456 0.759124
232 0.350933 0.877264 0.744526
233 0.327808 0.888348 0.756691
234 0.333182 0.888889 0.751825
235 0.340694 0.883212 0.756691
236 0.326264 0.884023 0.763990
237 0.345412 0.884023 0.759124
238 0.344621 0.892133 0.751825
239 0.334253 0.887808 0.773723
240 0.329401 0.888078 0.763990
241 0.341247 0.885645 0.751825
242 0.324596 0.886456 0.759124
243 0.336197 0.889430 0.756691
244 0.344970 0.893214 0.756691
245 0.342034 0.889159 0.763990
246 0.343160 0.891322 0.759124
247 0.332204 0.893214 0.744526
248 0.335081 0.892403 0.754258
249 0.337048 0.894566 0.749392
250 0.326901 0.896999 0.754258
251 0.317680 0.893755 0.732360
252 0.315339 0.900514 0.744526
253 0.322715 0.898892 0.744526
254 0.338507 0.898081 0.761557
255 0.324714 0.896459 0.754258
256 0.316224 0.899162 0.759124
257 0.333126 0.897540 0.763990
258 0.310455 0.898081 0.746959
259 0.312141 0.899432 0.756691
260 0.321280 0.899162 0.763990
261 0.313115 0.898621 0.756691
262 0.324292 0.900514 0.763990
263 0.318763 0.899703 0.761557
264 0.317204 0.901595 0.751825
265 0.322190 0.898081 0.756691
266 0.326689 0.901054 0.749392
267 0.314883 0.901054 0.737226
268 0.321845 0.901054 0.751825
269 0.317609 0.900514 0.751825
270 0.321151 0.901595 0.742092
271 0.312873 0.899162 0.725061
272 0.320762 0.899432 0.744526
273 0.327409 0.899973 0.759124
274 0.309978 0.902406 0.754258
275 0.308320 0.898892 0.751825
276 0.318107 0.899432 0.751825
277 0.313666 0.900243 0.742092
278 0.307736 0.901595 0.756691
279 0.316218 0.899973 0.742092
280 0.299864 0.902406 0.761557
281 0.323275 0.903487 0.756691
282 0.307442 0.904839 0.749392
283 0.306544 0.904298 0.759124
284 0.299327 0.901325 0.756691
285 0.322966 0.899703 0.729927
286 0.309760 0.901595 0.749392
287 0.306774 0.901054 0.751825
288 0.318319 0.902947 0.746959
289 0.303298 0.904298 0.751825
290 0.310048 0.902947 0.751825
291 0.312900 0.903487 0.742092
292 0.305747 0.901325 0.744526
293 0.303075 0.903487 0.739659
294 0.308691 0.904569 0.739659
295 0.311708 0.901865 0.756691
296 0.314870 0.902406 0.742092
297 0.306379 0.907002 0.763990
298 0.306690 0.903487 0.761557
299 0.321190 0.902676 0.751825
300 0.321833 0.908624 0.759124
301 0.297352 0.907002 0.756691
302 0.298276 0.908354 0.763990
303 0.307194 0.905650 0.761557
304 0.317320 0.904569 0.754258
305 0.302725 0.907543 0.749392
306 0.309142 0.907543 0.759124
307 0.304819 0.906191 0.751825
308 0.306714 0.906461 0.742092
309 0.304640 0.908624 0.751825
310 0.303842 0.905650 0.744526
311 0.305209 0.907272 0.759124
312 0.308240 0.906732 0.754258
313 0.303463 0.906191 0.749392
314 0.296073 0.907543 0.761557
315 0.306347 0.904569 0.759124
316 0.299383 0.906461 0.759124
317 0.304726 0.908894 0.763990
318 0.299760 0.907543 0.754258
319 0.299104 0.904839 0.737226
320 0.299819 0.909435 0.742092
321 0.291924 0.908624 0.749392
322 0.309864 0.907813 0.744526
323 0.303487 0.905380 0.761557
324 0.303079 0.908354 0.766423
325 0.299080 0.908083 0.749392
326 0.287454 0.908354 0.749392
327 0.292538 0.905921 0.739659
328 0.299368 0.906461 0.754258
329 0.299314 0.907813 0.756691
330 0.304576 0.907813 0.739659
331 0.296879 0.909165 0.737226
332 0.322652 0.911057 0.737226
333 0.304336 0.909165 0.759124
334 0.296432 0.908624 0.742092
335 0.304579 0.909435 0.754258
336 0.302641 0.913490 0.751825
337 0.299581 0.910787 0.746959
338 0.310222 0.910246 0.729927
339 0.290835 0.909165 0.749392
340 0.293223 0.908894 0.746959
341 0.298843 0.911868 0.749392
342 0.298121 0.908894 0.739659
343 0.288448 0.907543 0.751825
344 0.298954 0.907813 0.739659
345 0.313260 0.911598 0.754258
346 0.296448 0.909976 0.744526
347 0.292088 0.911598 0.759124
348 0.295135 0.912138 0.739659
349 0.300323 0.912949 0.744526
350 0.304448 0.912949 0.737226
