1 4.526286 0.559881 0.547445
2 2.304926 0.669911 0.656934
3 1.521734 0.645310 0.637470
4 1.734227 0.673425 0.649635
5 1.219506 0.613950 0.600973
6 1.015110 0.632874 0.649635
7 0.926578 0.723709 0.700730
8 1.116428 0.615031 0.630170
9 0.989368 0.699649 0.695864
10 0.891485 0.706137 0.690998
11 0.780740 0.724790 0.700730
12 0.843208 0.562855 0.576642
13 0.801624 0.668559 0.671533
14 0.894194 0.715058 0.698297
15 0.786298 0.648013 0.622871
16 0.789279 0.639092 0.639903
17 0.830023 0.658556 0.681265
18 0.719252 0.673155 0.671533
19 0.696732 0.715058 0.698297
20 0.622912 0.716680 0.703163
21 0.603626 0.725061 0.700730
22 0.615487 0.731008 0.720195
23 0.638531 0.724520 0.671533
24 0.628954 0.729927 0.720195
25 0.592118 0.718843 0.686131
26 0.643730 0.732630 0.705596
27 0.597632 0.738037 0.710462
28 0.632166 0.719924 0.690998
29 0.592086 0.738037 0.717762
30 0.589581 0.729657 0.690998
31 0.610910 0.732901 0.700730
32 0.593353 0.737497 0.720195
33 0.575566 0.708300 0.681265
34 0.576940 0.727494 0.690998
35 0.577204 0.741281 0.751825
36 0.615531 0.701541 0.676399
37 0.595954 0.722898 0.722628
38 0.594786 0.739119 0.720195
39 0.606410 0.727224 0.686131
40 0.617788 0.739930 0.744526
41 0.593861 0.705596 0.681265
42 0.599139 0.709111 0.688564
43 0.565751 0.737767 0.712895
44 0.568338 0.729116 0.705596
45 0.580886 0.726413 0.703163
46 0.597369 0.717221 0.700730
47 0.557853 0.746688 0.727494
48 0.558940 0.728035 0.715328
49 0.565407 0.712084 0.693431
50 0.578601 0.753177 0.710462
51 0.540573 0.753177 0.729927
52 0.533595 0.712625 0.686131
53 0.546969 0.747770 0.712895
54 0.562919 0.749932 0.744526
55 0.557228 0.706137 0.686131
56 0.533543 0.761016 0.722628
57 0.530787 0.763720 0.722628
58 0.520680 0.753717 0.732360
59 0.545165 0.752366 0.746959
60 0.539070 0.750743 0.732360
61 0.539420 0.761287 0.734793
62 0.536281 0.760205 0.739659
63 0.537778 0.751284 0.725061
64 0.543714 0.758854 0.739659
65 0.541414 0.745337 0.717762
66 0.523394 0.758583 0.734793
67 0.525217 0.722087 0.695864
68 0.541951 0.746148 0.717762
69 0.528792 0.742633 0.708029
70 0.540919 0.761016 0.708029
71 0.540670 0.758583 0.727494
72 0.524572 0.767234 0.715328
73 0.523477 0.752636 0.729927
74 0.518103 0.766694 0.734793
75 0.529546 0.753177 0.717762
76 0.512132 0.768316 0.751825
77 0.536332 0.744526 0.715328
78 0.513585 0.767775 0.725061
79 0.519271 0.762368 0.705596
80 0.527601 0.760746 0.742092
81 0.521286 0.772371 0.732360
82 0.513728 0.742633 0.700730
83 0.518253 0.760476 0.722628
84 0.516452 0.762909 0.729927
85 0.525671 0.765883 0.717762
86 0.518378 0.747499 0.727494
87 0.533631 0.755069 0.712895
88 0.527568 0.772641 0.727494
89 0.528611 0.771560 0.722628
90 0.503186 0.780211 0.729927
91 0.517119 0.764801 0.715328
92 0.517025 0.772641 0.710462
93 0.508701 0.766423 0.734793
94 0.511025 0.770749 0.727494
95 0.527830 0.781022 0.710462
96 0.524558 0.754799 0.717762
97 0.512448 0.776156 0.737226
98 0.515813 0.754258 0.700730
99 0.513590 0.772641 0.722628
100 0.502657 0.781292 0.749392
101 0.491725 0.781292 0.744526
102 0.494518 0.780481 0.734793
103 0.483564 0.776967 0.734793
104 0.502104 0.786158 0.729927
105 0.487161 0.783996 0.739659
106 0.483556 0.783455 0.729927
107 0.493085 0.787510 0.734793
108 0.489882 0.783725 0.742092
109 0.490879 0.792106 0.742092
110 0.491776 0.770749 0.725061
111 0.483584 0.784266 0.737226
112 0.482230 0.792106 0.739659
113 0.491617 0.788051 0.739659
114 0.482015 0.786969 0.720195
115 0.486851 0.795620 0.734793
116 0.482956 0.797783 0.737226
117 0.497168 0.794809 0.737226
118 0.494779 0.785888 0.732360
119 0.482477 0.790214 0.751825
120 0.479774 0.789132 0.737226
121 0.467071 0.782103 0.742092
122 0.487679 0.795080 0.742092
123 0.482776 0.785347 0.715328
124 0.470529 0.796431 0.722628
125 0.471749 0.790484 0.737226
126 0.472806 0.792647 0.754258
127 0.484503 0.794809 0.737226
128 0.477163 0.798865 0.754258
129 0.476904 0.793458 0.742092
130 0.480170 0.781563 0.754258
131 0.492029 0.799946 0.744526
132 0.475709 0.800216 0.751825
133 0.480815 0.786158 0.759124
134 0.485449 0.803460 0.742092
135 0.470265 0.798865 0.749392
136 0.459584 0.801298 0.766423
137 0.473488 0.801027 0.749392
138 0.463317 0.797783 0.756691
139 0.467726 0.811030 0.756691
140 0.467187 0.802649 0.751825
141 0.462710 0.809138 0.742092
142 0.463449 0.811300 0.746959
143 0.483421 0.796702 0.751825
144 0.452483 0.800487 0.754258
145 0.458780 0.803731 0.751825
146 0.468335 0.800216 0.754258
147 0.458248 0.809138 0.756691
148 0.475893 0.813463 0.759124
149 0.461228 0.801298 0.761557
150 0.431382 0.817518 0.746959
151 0.443514 0.824818 0.763990
152 0.449600 0.818600 0.754258
153 0.441709 0.817518 0.759124
154 0.434439 0.818870 0.756691
155 0.443822 0.818870 0.751825
156 0.424181 0.824277 0.751825
157 0.437129 0.824006 0.771290
158 0.431931 0.832117 0.761557
159 0.447963 0.833198 0.759124
160 0.421256 0.825899 0.739659
161 0.446960 0.820492 0.751825
162 0.430213 0.820762 0.744526
163 0.435761 0.824818 0.751825
164 0.430818 0.825088 0.773723
165 0.429910 0.830224 0.749392
166 0.427508 0.824818 0.756691
167 0.424103 0.826169 0.751825
168 0.432823 0.824277 0.751825
169 0.437221 0.826169 0.756691
170 0.413944 0.824277 0.754258
171 0.429576 0.824006 0.754258
172 0.430923 0.821844 0.759124
173 0.437375 0.834820 0.761557
174 0.433511 0.836172 0.768856
175 0.412609 0.827791 0.734793
176 0.434220 0.835902 0.759124
177 0.422527 0.839957 0.771290
178 0.412527 0.836713 0.759124
179 0.419994 0.836442 0.751825
180 0.419385 0.825629 0.746959
181 0.424651 0.836983 0.756691
182 0.415257 0.832387 0.754258
183 0.424306 0.831576 0.773723
184 0.415320 0.839146 0.763990
185 0.400844 0.832928 0.773723
186 0.425665 0.826710 0.766423
187 0.423957 0.832928 0.754258
188 0.422793 0.828062 0.754258
189 0.429090 0.845093 0.751825
190 0.410060 0.836713 0.778589
191 0.410707 0.839957 0.759124
192 0.415389 0.837253 0.761557
193 0.406738 0.838605 0.746959
194 0.414850 0.838875 0.768856
195 0.408745 0.843742 0.766423
196 0.407596 0.833198 0.751825
197 0.419959 0.839416 0.763990
198 0.404050 0.837524 0.776156
199 0.414669 0.842660 0.763990
200 0.398014 0.846445 0.761557
201 0.387075 0.846715 0.768856
202 0.387223 0.851852 0.766423
203 0.397394 0.853474 0.751825
204 0.402336 0.851311 0.754258
205 0.385850 0.858340 0.761557
206 0.394229 0.847797 0.768856
207 0.386508 0.849419 0.761557
208 0.394699 0.850770 0.773723
209 0.397350 0.850230 0.761557
210 0.396043 0.856718 0.776156
211 0.388552 0.852933 0.761557
212 0.386642 0.854826 0.771290
213 0.395705 0.858881 0.761557
214 0.383869 0.853204 0.773723
215 0.382267 0.854555 0.751825
216 0.375386 0.851582 0.763990
217 0.383415 0.862125 0.781022
218 0.399111 0.858881 0.763990
219 0.395525 0.855907 0.766423
220 0.379954 0.857259 0.768856
221 0.383903 0.860503 0.766423
222 0.381025 0.855637 0.761557
223 0.399376 0.855096 0.763990
224 0.392523 0.856718 0.778589
225 0.379563 0.859421 0.776156
226 0.383249 0.862936 0.759124
227 0.387794 0.855366 0.761557
228 0.387139 0.858881 0.771290
229 0.393349 0.857529 0.773723
230 0.374288 0.859421 0.761557
231 0.367395 0.857799 0.766423
232 0.386965 0.860503 0.763990
233 0.369730 0.863206 0.781022
234 0.380836 0.861314 0.773723
235 0.379498 0.864558 0.766423
236 0.370022 0.864288 0.754258
237 0.375792 0.863747 0.771290
238 0.368313 0.870776 0.771290
239 0.379912 0.865639 0.773723
240 0.368474 0.869965 0.773723
241 0.378337 0.863206 0.773723
242 0.376064 0.866450 0.771290
243 0.384346 0.865099 0.761557
244 0.375737 0.864558 0.759124
245 0.371958 0.866721 0.778589
246 0.375977 0.869695 0.766423
247 0.366613 0.864558 0.756691
248 0.370984 0.872939 0.766423
249 0.368522 0.862125 0.771290
250 0.368810 0.871857 0.768856
251 0.365977 0.873479 0.763990
252 0.369668 0.871317 0.766423
253 0.385261 0.868613 0.771290
254 0.365556 0.871046 0.768856
255 0.356482 0.872128 0.771290
256 0.361784 0.868613 0.766423
257 0.360994 0.871046 0.768856
258 0.362055 0.866450 0.766423
259 0.360201 0.875101 0.763990
260 0.362793 0.873209 0.763990
261 0.363212 0.873750 0.766423
262 0.373217 0.872939 0.766423
263 0.361503 0.876453 0.771290
264 0.353488 0.876183 0.768856
265 0.364875 0.878886 0.773723
266 0.374745 0.880508 0.763990
267 0.361617 0.871587 0.773723
268 0.372557 0.873209 0.766423
269 0.354400 0.877264 0.768856
270 0.374340 0.872398 0.759124
271 0.362203 0.874290 0.766423
272 0.365755 0.878075 0.766423
273 0.367883 0.872668 0.766423
274 0.362056 0.878616 0.766423
275 0.345967 0.873479 0.761557
276 0.366014 0.875642 0.773723
277 0.372143 0.874561 0.761557
278 0.360335 0.879968 0.759124
279 0.362091 0.872668 0.771290
280 0.358052 0.876723 0.763990
281 0.360324 0.878886 0.761557
282 0.372040 0.876994 0.773723
283 0.359554 0.875912 0.754258
284 0.357552 0.878886 0.756691
285 0.354601 0.876994 0.754258
286 0.355818 0.876994 0.763990
287 0.354790 0.876994 0.749392
288 0.356984 0.876453 0.763990
289 0.351301 0.868613 0.768856
290 0.359160 0.875372 0.761557
291 0.362878 0.878075 0.766423
292 0.350921 0.877805 0.759124
293 0.349638 0.880238 0.768856
294 0.353070 0.877264 0.773723
295 0.360721 0.877534 0.763990
296 0.349027 0.878886 0.768856
297 0.356645 0.878886 0.759124
298 0.348840 0.877534 0.761557
299 0.358428 0.879157 0.771290
300 0.348533 0.878345 0.759124
301 0.345402 0.879427 0.778589
302 0.353756 0.879157 0.776156
303 0.358360 0.881590 0.763990
304 0.361496 0.880508 0.766423
305 0.359582 0.877264 0.759124
306 0.343472 0.879157 0.766423
307 0.344963 0.881860 0.768856
308 0.340550 0.884563 0.768856
309 0.349126 0.883752 0.773723
310 0.348149 0.881860 0.773723
311 0.347386 0.879427 0.776156
312 0.344151 0.878345 0.768856
313 0.340598 0.883212 0.768856
314 0.339453 0.878616 0.771290
315 0.351806 0.881590 0.768856
316 0.340140 0.883212 0.766423
317 0.352897 0.883482 0.761557
318 0.357496 0.883212 0.766423
319 0.339903 0.879968 0.771290
320 0.356822 0.879427 0.766423
321 0.345118 0.884563 0.771290
322 0.354695 0.884834 0.759124
323 0.345749 0.882941 0.771290
324 0.348519 0.881590 0.756691
325 0.354087 0.882130 0.763990
326 0.353751 0.884563 0.759124
327 0.355731 0.878886 0.761557
328 0.344809 0.887808 0.763990
329 0.344746 0.885374 0.763990
330 0.349531 0.885374 0.756691
331 0.340260 0.882401 0.768856
332 0.350790 0.886456 0.756691
333 0.340081 0.885374 0.759124
334 0.344938 0.883212 0.761557
335 0.352008 0.883752 0.766423
336 0.346047 0.884023 0.759124
337 0.347677 0.883752 0.773723
338 0.361235 0.882671 0.756691
339 0.338841 0.882941 0.766423
340 0.352186 0.886456 0.761557
341 0.338785 0.885104 0.759124
342 0.345566 0.881860 0.763990
343 0.344082 0.888078 0.771290
344 0.360977 0.886996 0.761557
345 0.355084 0.886185 0.759124
346 0.339718 0.883212 0.754258
347 0.338635 0.887537 0.756691
348 0.360497 0.881590 0.763990
349 0.346711 0.881319 0.759124
350 0.346224 0.886185 0.763990
