1 4.404279 0.480741 0.440000
2 2.695143 0.486667 0.420000
3 1.906600 0.530370 0.446667
4 1.529940 0.517037 0.446667
5 1.392441 0.528148 0.460000
6 1.293168 0.562222 0.473333
7 1.117445 0.569630 0.486667
8 1.125070 0.577037 0.500000
9 1.002266 0.537778 0.420000
10 0.985953 0.590370 0.500000
11 1.004229 0.594074 0.466667
12 0.967065 0.588148 0.466667
13 0.933766 0.584444 0.453333
14 1.013706 0.567407 0.486667
15 1.063986 0.568148 0.493333
16 1.025919 0.591111 0.500000
17 0.953590 0.559259 0.513333
18 0.881222 0.607407 0.513333
19 0.848609 0.592593 0.486667
20 0.849839 0.609630 0.473333
21 0.849204 0.621481 0.526667
22 0.917040 0.583704 0.486667
23 0.878969 0.591852 0.426667
24 0.916945 0.592593 0.460000
25 0.893820 0.577778 0.440000
26 0.873651 0.620741 0.480000
27 0.858897 0.611111 0.473333
28 0.850212 0.613333 0.500000
29 0.825081 0.621481 0.486667
30 0.822998 0.618519 0.506667
31 0.813919 0.620741 0.506667
32 0.808312 0.625926 0.480000
33 0.832877 0.625926 0.466667
34 0.835835 0.612593 0.493333
35 0.829036 0.624444 0.486667
36 0.818312 0.605926 0.480000
37 0.807831 0.622222 0.486667
38 0.811153 0.593333 0.486667
39 0.813023 0.620741 0.486667
40 0.798583 0.622222 0.520000
41 0.814471 0.622222 0.506667
42 0.812820 0.629630 0.493333
43 0.817412 0.621481 0.466667
44 0.831671 0.626667 0.506667
45 0.790694 0.626667 0.506667
46 0.797593 0.617778 0.486667
47 0.806060 0.621481 0.446667
48 0.790550 0.617037 0.500000
49 0.846220 0.624444 0.526667
50 0.851261 0.623704 0.480000
