1 4.967374 0.500000 0.440000
2 2.207795 0.534074 0.493333
3 1.957052 0.545926 0.440000
4 1.433064 0.522963 0.400000
5 1.458173 0.546667 0.433333
6 1.253705 0.546667 0.433333
7 1.189275 0.556296 0.466667
8 1.242356 0.583704 0.473333
9 0.994288 0.564444 0.500000
10 0.979163 0.582222 0.486667
11 0.895491 0.595556 0.513333
12 0.920703 0.577037 0.433333
13 0.892076 0.601481 0.493333
14 0.866622 0.595556 0.433333
15 0.866752 0.616296 0.453333
16 0.848488 0.613333 0.453333
17 0.847209 0.599259 0.406667
18 0.857528 0.619259 0.460000
19 0.872430 0.617778 0.480000
20 0.853621 0.610370 0.480000
21 1.012076 0.588148 0.486667
22 1.199600 0.564444 0.426667
23 1.086489 0.581481 0.446667
24 0.939314 0.588889 0.473333
25 0.898081 0.612593 0.466667
26 0.906724 0.605185 0.486667
27 0.863060 0.615556 0.453333
28 0.849271 0.612593 0.460000
29 0.844995 0.605926 0.453333
30 0.838195 0.622963 0.446667
31 0.815875 0.621481 0.466667
32 0.834477 0.625926 0.433333
33 0.808650 0.621481 0.486667
34 0.825618 0.628889 0.473333
35 0.835625 0.608148 0.446667
36 0.878408 0.619259 0.473333
37 0.816994 0.616296 0.400000
38 0.831614 0.617037 0.473333
39 0.813656 0.614815 0.446667
40 0.810040 0.616296 0.473333
41 0.789478 0.634074 0.466667
42 0.815945 0.628889 0.460000
43 0.812910 0.622222 0.466667
44 0.826058 0.629630 0.480000
45 0.805806 0.628148 0.480000
46 0.784640 0.628889 0.513333
47 0.810683 0.628148 0.480000
48 0.833358 0.607407 0.466667
49 0.863850 0.615556 0.453333
50 0.839839 0.614815 0.420000
