1 3.029765 0.765556 0.720000
2 0.928473 0.783333 0.710000
3 0.846379 0.774444 0.700000
4 0.733196 0.790000 0.720000
5 0.572093 0.806667 0.770000
6 0.468547 0.826667 0.730000
7 0.490822 0.811111 0.720000
8 0.413259 0.866667 0.750000
9 0.396617 0.838889 0.720000
10 0.375269 0.822222 0.690000
11 0.383285 0.861111 0.780000
12 0.381058 0.838889 0.720000
13 0.402888 0.845556 0.720000
14 0.366443 0.870000 0.740000
15 0.353945 0.875556 0.740000
16 0.340786 0.833333 0.710000
17 0.330997 0.851111 0.740000
18 0.370122 0.868889 0.730000
19 0.309541 0.871111 0.750000
20 0.351500 0.877778 0.740000
21 0.358073 0.847778 0.780000
22 0.341817 0.866667 0.740000
23 0.305683 0.881111 0.750000
24 0.282800 0.876667 0.720000
25 0.285717 0.866667 0.690000
26 0.274880 0.884444 0.750000
27 0.272003 0.883333 0.740000
28 0.259573 0.873333 0.730000
29 0.399493 0.864444 0.730000
30 0.348503 0.878889 0.740000
31 0.282686 0.878889 0.730000
32 0.314966 0.884444 0.740000
33 0.269718 0.894444 0.730000
34 0.265055 0.887778 0.730000
35 0.252846 0.891111 0.740000
36 0.239534 0.891111 0.720000
37 0.258978 0.886667 0.760000
38 0.254778 0.893333 0.730000
39 0.247895 0.888889 0.720000
40 0.271710 0.891111 0.750000
41 0.334877 0.795556 0.700000
42 0.289034 0.883333 0.710000
43 0.259044 0.898889 0.740000
44 0.268400 0.893333 0.700000
45 0.265522 0.865556 0.720000
46 0.255667 0.893333 0.780000
47 0.242135 0.900000 0.690000
48 0.248820 0.897778 0.740000
49 0.240578 0.897778 0.710000
50 0.224467 0.898889 0.690000
51 0.217841 0.904444 0.710000
52 0.200701 0.907778 0.720000
53 0.195798 0.907778 0.720000
54 0.209065 0.908889 0.730000
55 0.209799 0.902222 0.730000
56 0.203404 0.910000 0.720000
57 0.208720 0.901111 0.750000
58 0.201872 0.907778 0.730000
59 0.202876 0.901111 0.740000
60 0.192588 0.908889 0.730000
61 0.193760 0.910000 0.730000
62 0.201444 0.906667 0.750000
63 0.217753 0.902222 0.750000
64 0.216794 0.910000 0.750000
65 0.220117 0.902222 0.740000
66 0.214704 0.907778 0.730000
67 0.203037 0.906667 0.720000
68 0.208278 0.908889 0.710000
69 0.190014 0.911111 0.720000
70 0.202042 0.911111 0.730000
71 0.186357 0.907778 0.730000
72 0.189226 0.908889 0.740000
73 0.202798 0.902222 0.740000
74 0.201570 0.895556 0.750000
75 0.215225 0.901111 0.710000
76 0.196343 0.905556 0.740000
77 0.206569 0.904444 0.710000
78 0.204135 0.906667 0.730000
79 0.190859 0.908889 0.750000
80 0.192450 0.907778 0.750000
81 0.205054 0.904444 0.720000
82 0.221853 0.906667 0.720000
83 0.203166 0.906667 0.760000
84 0.199372 0.907778 0.740000
85 0.210362 0.906667 0.760000
86 0.200326 0.905556 0.720000
87 0.211428 0.902222 0.730000
88 0.212369 0.895556 0.730000
89 0.204045 0.910000 0.750000
90 0.194969 0.912222 0.710000
91 0.175554 0.912222 0.730000
92 0.184211 0.912222 0.740000
93 0.181398 0.908889 0.740000
94 0.184394 0.907778 0.770000
95 0.185035 0.911111 0.710000
96 0.196034 0.907778 0.710000
97 0.208583 0.906667 0.720000
98 0.189136 0.913333 0.720000
99 0.185088 0.908889 0.720000
100 0.177590 0.912222 0.690000
101 0.173059 0.913333 0.710000
102 0.172152 0.914444 0.730000
103 0.183302 0.912222 0.720000
104 0.172838 0.914444 0.710000
105 0.178845 0.911111 0.710000
106 0.173689 0.910000 0.700000
107 0.165788 0.912222 0.690000
108 0.177332 0.908889 0.730000
109 0.177526 0.913333 0.690000
110 0.175562 0.913333 0.700000
111 0.169481 0.914444 0.700000
112 0.169822 0.912222 0.710000
113 0.185628 0.915556 0.700000
114 0.174272 0.906667 0.690000
115 0.171407 0.911111 0.710000
116 0.186829 0.911111 0.710000
117 0.169077 0.915556 0.700000
118 0.170299 0.910000 0.670000
119 0.173679 0.910000 0.720000
120 0.180228 0.907778 0.700000
121 0.184571 0.912222 0.720000
122 0.177244 0.913333 0.700000
123 0.190257 0.913333 0.700000
124 0.180872 0.910000 0.680000
125 0.176253 0.913333 0.710000
126 0.178340 0.914444 0.690000
127 0.174606 0.914444 0.690000
128 0.167479 0.907778 0.730000
129 0.183499 0.911111 0.690000
130 0.174780 0.915556 0.680000
131 0.173534 0.910000 0.700000
132 0.185826 0.907778 0.690000
133 0.181376 0.913333 0.700000
134 0.190703 0.914444 0.690000
135 0.177084 0.913333 0.700000
136 0.174180 0.913333 0.690000
137 0.182092 0.910000 0.690000
138 0.173846 0.912222 0.690000
139 0.169518 0.911111 0.680000
140 0.171393 0.912222 0.710000
141 0.165105 0.913333 0.680000
142 0.176307 0.914444 0.670000
143 0.175880 0.912222 0.690000
144 0.178377 0.908889 0.710000
145 0.174121 0.905556 0.710000
146 0.176841 0.913333 0.680000
147 0.169012 0.907778 0.680000
148 0.172387 0.911111 0.710000
149 0.184615 0.908889 0.690000
150 0.183046 0.914444 0.690000
151 0.185342 0.914444 0.700000
152 0.174192 0.911111 0.680000
153 0.170483 0.914444 0.680000
154 0.170186 0.915556 0.690000
155 0.155420 0.914444 0.680000
156 0.166358 0.911111 0.690000
157 0.164470 0.915556 0.670000
158 0.164224 0.915556 0.700000
159 0.171391 0.914444 0.670000
160 0.172555 0.914444 0.670000
161 0.163582 0.912222 0.710000
162 0.162852 0.908889 0.700000
163 0.170676 0.911111 0.720000
164 0.165587 0.914444 0.700000
165 0.163812 0.914444 0.700000
166 0.164460 0.913333 0.720000
167 0.168060 0.913333 0.700000
168 0.165329 0.911111 0.720000
169 0.157023 0.912222 0.700000
170 0.158393 0.914444 0.690000
171 0.167324 0.910000 0.690000
172 0.170970 0.914444 0.700000
173 0.159946 0.913333 0.690000
174 0.158607 0.910000 0.720000
175 0.162076 0.913333 0.700000
176 0.166214 0.912222 0.710000
177 0.164165 0.912222 0.710000
178 0.171006 0.915556 0.680000
179 0.174693 0.915556 0.680000
180 0.165235 0.914444 0.690000
181 0.153784 0.915556 0.690000
182 0.161319 0.914444 0.680000
183 0.170127 0.913333 0.710000
184 0.167677 0.913333 0.700000
185 0.162420 0.912222 0.690000
186 0.160559 0.912222 0.690000
187 0.160004 0.912222 0.690000
188 0.164112 0.915556 0.680000
189 0.159350 0.914444 0.680000
190 0.165818 0.911111 0.700000
191 0.163530 0.913333 0.690000
192 0.157136 0.912222 0.710000
193 0.162814 0.913333 0.700000
194 0.161879 0.913333 0.690000
195 0.159013 0.912222 0.710000
196 0.176943 0.913333 0.680000
197 0.167761 0.912222 0.690000
198 0.167140 0.908889 0.690000
199 0.167049 0.914444 0.700000
200 0.162275 0.912222 0.680000
201 0.157501 0.914444 0.690000
202 0.163081 0.915556 0.670000
203 0.160422 0.914444 0.690000
204 0.160675 0.913333 0.670000
205 0.156806 0.912222 0.680000
206 0.163651 0.915556 0.680000
207 0.165230 0.913333 0.680000
208 0.161222 0.915556 0.680000
209 0.166265 0.914444 0.680000
210 0.157787 0.913333 0.680000
211 0.161321 0.911111 0.690000
212 0.162899 0.913333 0.690000
213 0.156859 0.914444 0.700000
214 0.162475 0.912222 0.690000
215 0.160818 0.912222 0.680000
216 0.156652 0.915556 0.670000
217 0.159514 0.914444 0.680000
218 0.160142 0.914444 0.680000
219 0.161480 0.914444 0.680000
220 0.160145 0.913333 0.670000
221 0.157460 0.915556 0.670000
222 0.158978 0.915556 0.670000
223 0.162793 0.913333 0.670000
224 0.163967 0.914444 0.670000
225 0.166880 0.913333 0.680000
226 0.160375 0.915556 0.680000
227 0.157650 0.914444 0.680000
228 0.167832 0.914444 0.680000
229 0.157869 0.911111 0.670000
230 0.165306 0.914444 0.690000
231 0.160336 0.916667 0.680000
232 0.158841 0.915556 0.670000
233 0.151403 0.915556 0.670000
234 0.158210 0.913333 0.680000
235 0.161236 0.915556 0.670000
236 0.161383 0.914444 0.690000
237 0.162121 0.915556 0.680000
238 0.157475 0.914444 0.680000
239 0.162472 0.914444 0.700000
240 0.160817 0.910000 0.710000
241 0.159505 0.914444 0.700000
242 0.159528 0.914444 0.700000
243 0.166103 0.913333 0.690000
244 0.154788 0.912222 0.690000
245 0.161692 0.915556 0.690000
246 0.164698 0.913333 0.680000
247 0.164543 0.915556 0.690000
248 0.166061 0.914444 0.700000
249 0.159578 0.913333 0.700000
250 0.168095 0.914444 0.690000
251 0.163857 0.915556 0.700000
252 0.160199 0.915556 0.700000
253 0.157457 0.914444 0.690000
254 0.158620 0.912222 0.690000
255 0.156443 0.915556 0.700000
256 0.161112 0.915556 0.680000
257 0.156954 0.914444 0.690000
258 0.161330 0.915556 0.690000
259 0.156098 0.914444 0.690000
260 0.160305 0.915556 0.690000
261 0.159145 0.915556 0.690000
262 0.169809 0.913333 0.690000
263 0.157292 0.914444 0.690000
264 0.165469 0.914444 0.690000
265 0.154225 0.914444 0.680000
266 0.153685 0.914444 0.690000
267 0.161115 0.913333 0.690000
268 0.157207 0.915556 0.680000
269 0.157410 0.914444 0.680000
270 0.162012 0.914444 0.690000
271 0.159020 0.916667 0.680000
272 0.155647 0.914444 0.690000
273 0.155808 0.914444 0.690000
274 0.153168 0.914444 0.690000
275 0.156530 0.915556 0.680000
276 0.161415 0.913333 0.690000
277 0.160165 0.916667 0.680000
278 0.156392 0.913333 0.680000
279 0.157281 0.913333 0.680000
280 0.155270 0.913333 0.690000
281 0.161965 0.913333 0.680000
282 0.158295 0.913333 0.680000
283 0.156965 0.913333 0.680000
284 0.156694 0.913333 0.690000
285 0.160451 0.913333 0.690000
286 0.160020 0.914444 0.680000
287 0.151366 0.914444 0.690000
288 0.159705 0.914444 0.680000
289 0.153639 0.914444 0.690000
290 0.159986 0.914444 0.690000
291 0.151844 0.913333 0.690000
292 0.156966 0.914444 0.680000
293 0.151420 0.914444 0.680000
294 0.159038 0.913333 0.680000
295 0.156829 0.913333 0.680000
296 0.152689 0.915556 0.670000
297 0.162054 0.913333 0.680000
298 0.155948 0.914444 0.680000
299 0.152149 0.913333 0.690000
300 0.158101 0.913333 0.700000
301 0.158267 0.914444 0.680000
302 0.162376 0.915556 0.690000
303 0.159113 0.915556 0.690000
304 0.155663 0.914444 0.690000
305 0.152168 0.915556 0.700000
306 0.157726 0.913333 0.700000
307 0.159656 0.914444 0.680000
308 0.159457 0.914444 0.700000
309 0.161435 0.914444 0.680000
310 0.161214 0.915556 0.680000
311 0.159376 0.916667 0.680000
312 0.157113 0.916667 0.700000
313 0.158406 0.915556 0.680000
314 0.151576 0.915556 0.700000
315 0.152307 0.916667 0.680000
316 0.163604 0.915556 0.680000
317 0.159248 0.915556 0.690000
318 0.160492 0.914444 0.680000
319 0.157494 0.913333 0.680000
320 0.159431 0.914444 0.700000
321 0.158711 0.914444 0.690000
322 0.159387 0.915556 0.690000
323 0.160020 0.914444 0.690000
324 0.156471 0.913333 0.700000
325 0.157852 0.913333 0.710000
326 0.157216 0.915556 0.690000
327 0.151511 0.913333 0.690000
328 0.160756 0.913333 0.690000
329 0.157051 0.914444 0.680000
330 0.161655 0.914444 0.680000
331 0.154778 0.915556 0.680000
332 0.154508 0.915556 0.690000
333 0.160060 0.915556 0.690000
334 0.158150 0.915556 0.700000
335 0.154460 0.915556 0.700000
336 0.156774 0.914444 0.690000
337 0.164323 0.915556 0.700000
338 0.162191 0.915556 0.690000
339 0.153461 0.914444 0.690000
340 0.158819 0.913333 0.680000
341 0.158337 0.915556 0.690000
342 0.157018 0.915556 0.690000
343 0.164260 0.915556 0.710000
344 0.153318 0.915556 0.700000
345 0.157639 0.913333 0.690000
346 0.162688 0.915556 0.690000
347 0.157715 0.914444 0.700000
348 0.157969 0.914444 0.690000
349 0.161014 0.915556 0.690000
350 0.157777 0.914444 0.690000
