1 2.692034 0.774444 0.770000
2 0.817873 0.766667 0.740000
3 0.846899 0.682222 0.660000
4 0.659480 0.805556 0.690000
5 0.606911 0.786667 0.700000
6 0.520274 0.830000 0.750000
7 0.453682 0.807778 0.760000
8 0.429098 0.845556 0.690000
9 0.479236 0.824444 0.770000
10 0.394016 0.803333 0.650000
11 0.343336 0.874444 0.720000
12 0.331740 0.875556 0.760000
13 0.322906 0.848889 0.750000
14 0.336659 0.870000 0.750000
15 0.297804 0.868889 0.720000
16 0.289387 0.878889 0.770000
17 0.283249 0.894444 0.760000
18 0.282597 0.882222 0.700000
19 0.280172 0.873333 0.720000
20 0.288066 0.870000 0.700000
21 0.275516 0.886667 0.740000
22 0.267167 0.883333 0.730000
23 0.287280 0.886667 0.770000
24 0.272321 0.888889 0.710000
25 0.299342 0.888889 0.710000
26 0.322490 0.886667 0.750000
27 0.265512 0.894444 0.740000
28 0.261363 0.890000 0.750000
29 0.263800 0.894444 0.740000
30 0.288133 0.893333 0.720000
31 0.243878 0.893333 0.670000
32 0.323719 0.885556 0.710000
33 0.265083 0.887778 0.700000
34 0.326925 0.895556 0.700000
35 0.261898 0.888889 0.720000
36 0.248227 0.905556 0.730000
37 0.239490 0.903333 0.710000
38 0.230224 0.904444 0.730000
39 0.218423 0.898889 0.730000
40 0.260210 0.894444 0.730000
41 0.229033 0.887778 0.710000
42 0.229824 0.896667 0.710000
43 0.230048 0.905556 0.710000
44 0.235900 0.904444 0.690000
45 0.242286 0.888889 0.710000
46 0.231404 0.904444 0.720000
47 0.212362 0.904444 0.710000
48 0.225870 0.883333 0.700000
49 0.245635 0.888889 0.670000
50 0.214901 0.893333 0.700000
51 0.200511 0.901111 0.680000
52 0.182825 0.908889 0.720000
53 0.186398 0.906667 0.690000
54 0.191381 0.902222 0.700000
55 0.198659 0.905556 0.650000
56 0.192126 0.912222 0.720000
57 0.182458 0.912222 0.690000
58 0.189622 0.911111 0.730000
59 0.182950 0.908889 0.680000
60 0.182141 0.911111 0.730000
61 0.183563 0.903333 0.720000
62 0.194763 0.908889 0.680000
63 0.185844 0.912222 0.710000
64 0.180193 0.911111 0.720000
65 0.187867 0.910000 0.690000
66 0.195352 0.908889 0.700000
67 0.188865 0.911111 0.690000
68 0.185370 0.912222 0.690000
69 0.185000 0.903333 0.700000
70 0.199232 0.911111 0.700000
71 0.183908 0.911111 0.700000
72 0.180581 0.914444 0.680000
73 0.184727 0.906667 0.690000
74 0.184071 0.912222 0.690000
75 0.181089 0.907778 0.700000
76 0.185823 0.911111 0.690000
77 0.205462 0.905556 0.710000
78 0.197921 0.907778 0.710000
79 0.196460 0.905556 0.700000
80 0.185630 0.910000 0.710000
81 0.194230 0.907778 0.730000
82 0.189714 0.911111 0.680000
83 0.185696 0.904444 0.710000
84 0.179383 0.913333 0.710000
85 0.182525 0.905556 0.680000
86 0.177442 0.915556 0.730000
87 0.186242 0.912222 0.710000
88 0.187450 0.911111 0.730000
89 0.197564 0.911111 0.730000
90 0.182119 0.904444 0.730000
91 0.188680 0.891111 0.630000
92 0.238525 0.903333 0.720000
93 0.197438 0.908889 0.710000
94 0.178299 0.913333 0.740000
95 0.185333 0.913333 0.760000
96 0.195746 0.907778 0.720000
97 0.199965 0.908889 0.720000
98 0.185670 0.911111 0.740000
99 0.196918 0.902222 0.710000
100 0.200706 0.915556 0.710000
101 0.172951 0.908889 0.730000
102 0.176457 0.914444 0.710000
103 0.171588 0.912222 0.700000
104 0.175309 0.915556 0.700000
105 0.170458 0.908889 0.680000
106 0.175704 0.910000 0.720000
107 0.174333 0.908889 0.700000
108 0.162903 0.915556 0.730000
109 0.166818 0.912222 0.710000
110 0.171528 0.912222 0.720000
111 0.170387 0.914444 0.720000
112 0.165525 0.915556 0.710000
113 0.172312 0.911111 0.710000
114 0.169010 0.906667 0.710000
115 0.170693 0.906667 0.740000
116 0.177209 0.912222 0.770000
117 0.169571 0.912222 0.740000
118 0.176669 0.913333 0.720000
119 0.179231 0.911111 0.730000
120 0.163077 0.913333 0.710000
121 0.179928 0.914444 0.740000
122 0.174070 0.912222 0.720000
123 0.175509 0.913333 0.720000
124 0.180960 0.913333 0.730000
125 0.166436 0.907778 0.700000
126 0.168487 0.911111 0.690000
127 0.171593 0.911111 0.670000
128 0.167372 0.914444 0.700000
129 0.170029 0.915556 0.710000
130 0.166526 0.914444 0.730000
131 0.165445 0.916667 0.710000
132 0.170529 0.912222 0.710000
133 0.170001 0.911111 0.710000
134 0.168334 0.915556 0.740000
135 0.165292 0.914444 0.720000
136 0.163510 0.913333 0.730000
137 0.181110 0.910000 0.710000
138 0.168656 0.910000 0.730000
139 0.160978 0.906667 0.720000
140 0.183504 0.908889 0.680000
141 0.178509 0.907778 0.690000
142 0.170760 0.910000 0.770000
143 0.177625 0.911111 0.720000
144 0.191206 0.912222 0.750000
145 0.173502 0.907778 0.740000
146 0.174232 0.915556 0.710000
147 0.172058 0.911111 0.710000
148 0.160785 0.912222 0.730000
149 0.176352 0.915556 0.740000
150 0.175577 0.916667 0.720000
151 0.164749 0.915556 0.720000
152 0.162491 0.915556 0.700000
153 0.164076 0.916667 0.720000
154 0.160100 0.915556 0.720000
155 0.165711 0.916667 0.710000
156 0.167965 0.908889 0.720000
157 0.165377 0.914444 0.700000
158 0.156774 0.914444 0.700000
159 0.163932 0.916667 0.740000
160 0.164698 0.915556 0.720000
161 0.160996 0.917778 0.700000
162 0.157739 0.916667 0.750000
163 0.160790 0.914444 0.700000
164 0.170581 0.917778 0.720000
165 0.159027 0.910000 0.710000
166 0.150376 0.910000 0.700000
167 0.167414 0.915556 0.700000
168 0.165660 0.911111 0.710000
169 0.160554 0.913333 0.730000
170 0.164185 0.914444 0.700000
171 0.165060 0.914444 0.700000
172 0.163272 0.915556 0.730000
173 0.168873 0.915556 0.750000
174 0.164174 0.915556 0.740000
175 0.169337 0.916667 0.770000
176 0.163210 0.912222 0.700000
177 0.170397 0.914444 0.730000
178 0.161769 0.912222 0.730000
179 0.163279 0.914444 0.700000
180 0.173315 0.913333 0.720000
181 0.161614 0.913333 0.740000
182 0.159188 0.912222 0.700000
183 0.166987 0.913333 0.740000
184 0.167016 0.915556 0.730000
185 0.162417 0.915556 0.720000
186 0.165730 0.911111 0.750000
187 0.155331 0.914444 0.730000
188 0.161809 0.912222 0.710000
189 0.157926 0.916667 0.750000
190 0.162889 0.915556 0.730000
191 0.164838 0.915556 0.720000
192 0.164673 0.914444 0.700000
193 0.167848 0.915556 0.730000
194 0.159824 0.912222 0.690000
195 0.165407 0.907778 0.700000
196 0.162038 0.914444 0.730000
197 0.155344 0.914444 0.690000
198 0.155108 0.912222 0.690000
199 0.166728 0.917778 0.680000
200 0.160435 0.916667 0.690000
201 0.161300 0.917778 0.690000
202 0.151101 0.916667 0.710000
203 0.168006 0.916667 0.740000
204 0.158644 0.916667 0.730000
205 0.161324 0.915556 0.730000
206 0.157256 0.913333 0.730000
207 0.161108 0.916667 0.720000
208 0.157622 0.915556 0.670000
209 0.162112 0.916667 0.710000
210 0.156428 0.917778 0.700000
211 0.159347 0.916667 0.690000
212 0.160339 0.915556 0.730000
213 0.159499 0.916667 0.740000
214 0.155957 0.914444 0.720000
215 0.157342 0.915556 0.730000
216 0.155275 0.915556 0.710000
217 0.163071 0.915556 0.710000
218 0.163706 0.915556 0.710000
219 0.158524 0.914444 0.710000
220 0.166965 0.915556 0.740000
221 0.164588 0.915556 0.730000
222 0.167546 0.914444 0.720000
223 0.160458 0.915556 0.750000
224 0.173692 0.916667 0.720000
225 0.158870 0.916667 0.710000
226 0.165709 0.916667 0.720000
227 0.158393 0.915556 0.710000
228 0.157069 0.916667 0.710000
229 0.156287 0.915556 0.690000
230 0.160248 0.915556 0.690000
231 0.161447 0.913333 0.700000
232 0.148665 0.915556 0.690000
233 0.157975 0.915556 0.700000
234 0.164104 0.914444 0.700000
235 0.161669 0.915556 0.700000
236 0.167812 0.916667 0.700000
237 0.165773 0.914444 0.690000
238 0.157075 0.914444 0.710000
239 0.162375 0.915556 0.700000
240 0.158927 0.914444 0.720000
241 0.157054 0.916667 0.700000
242 0.161440 0.913333 0.710000
243 0.166235 0.915556 0.720000
244 0.155019 0.915556 0.710000
245 0.155875 0.914444 0.720000
246 0.158009 0.916667 0.730000
247 0.158075 0.915556 0.710000
248 0.164674 0.916667 0.690000
249 0.154675 0.915556 0.710000
250 0.154491 0.914444 0.700000
251 0.159453 0.914444 0.690000
252 0.150447 0.915556 0.700000
253 0.151235 0.915556 0.710000
254 0.163251 0.915556 0.700000
255 0.153593 0.916667 0.710000
256 0.157251 0.916667 0.700000
257 0.158313 0.915556 0.720000
258 0.162084 0.915556 0.700000
259 0.160970 0.915556 0.710000
260 0.159740 0.915556 0.720000
261 0.158094 0.915556 0.720000
262 0.160592 0.915556 0.720000
263 0.155217 0.914444 0.720000
264 0.154137 0.914444 0.710000
265 0.156335 0.916667 0.720000
266 0.155847 0.915556 0.710000
267 0.159388 0.916667 0.730000
268 0.164115 0.916667 0.730000
269 0.157726 0.916667 0.730000
270 0.166702 0.915556 0.720000
271 0.156311 0.916667 0.710000
272 0.153012 0.913333 0.720000
273 0.160891 0.916667 0.750000
274 0.161690 0.915556 0.720000
275 0.154678 0.915556 0.730000
276 0.155098 0.914444 0.720000
277 0.158830 0.916667 0.730000
278 0.161371 0.915556 0.710000
279 0.157056 0.915556 0.710000
280 0.161393 0.916667 0.720000
281 0.160760 0.916667 0.730000
282 0.164736 0.916667 0.720000
283 0.161011 0.915556 0.720000
284 0.163834 0.916667 0.720000
285 0.164401 0.916667 0.720000
286 0.162124 0.916667 0.720000
287 0.154235 0.915556 0.700000
288 0.161131 0.915556 0.690000
289 0.160171 0.915556 0.690000
290 0.161599 0.915556 0.700000
291 0.149446 0.916667 0.720000
292 0.159285 0.914444 0.720000
293 0.155905 0.916667 0.730000
294 0.162521 0.916667 0.700000
295 0.154903 0.914444 0.710000
296 0.163102 0.916667 0.720000
297 0.159026 0.916667 0.720000
298 0.161324 0.914444 0.710000
299 0.155044 0.913333 0.710000
300 0.149170 0.915556 0.700000
301 0.155662 0.915556 0.710000
302 0.159483 0.915556 0.700000
303 0.158254 0.914444 0.690000
304 0.156427 0.916667 0.700000
305 0.159636 0.916667 0.690000
306 0.155213 0.916667 0.710000
307 0.160310 0.915556 0.730000
308 0.158763 0.917778 0.710000
309 0.161495 0.915556 0.720000
310 0.156967 0.916667 0.720000
311 0.156944 0.916667 0.720000
312 0.155436 0.916667 0.710000
313 0.152791 0.916667 0.720000
314 0.161305 0.916667 0.720000
315 0.144784 0.915556 0.710000
316 0.162617 0.915556 0.720000
317 0.160570 0.915556 0.720000
318 0.160310 0.914444 0.730000
319 0.156459 0.917778 0.710000
320 0.151849 0.916667 0.720000
321 0.154438 0.916667 0.710000
322 0.149980 0.916667 0.730000
323 0.157187 0.915556 0.730000
324 0.150562 0.916667 0.730000
325 0.164575 0.915556 0.720000
326 0.151495 0.916667 0.730000
327 0.161125 0.915556 0.720000
328 0.159268 0.914444 0.720000
329 0.156131 0.915556 0.710000
330 0.160677 0.915556 0.720000
331 0.152740 0.917778 0.710000
332 0.154484 0.915556 0.720000
333 0.149102 0.917778 0.720000
334 0.153657 0.914444 0.700000
335 0.162607 0.914444 0.720000
336 0.155014 0.915556 0.710000
337 0.159921 0.916667 0.720000
338 0.156146 0.915556 0.720000
339 0.146239 0.914444 0.720000
340 0.154159 0.916667 0.710000
341 0.153765 0.915556 0.720000
342 0.158215 0.915556 0.710000
343 0.164128 0.916667 0.730000
344 0.155426 0.915556 0.720000
345 0.158412 0.916667 0.730000
346 0.155419 0.916667 0.720000
347 0.161150 0.916667 0.710000
348 0.158789 0.915556 0.710000
349 0.160552 0.915556 0.720000
350 0.157308 0.916667 0.730000
