1 1.814572 0.750654 0.723392
2 0.760481 0.745827 0.676901
3 0.615378 0.719454 0.642398
4 0.534367 0.791305 0.713743
5 0.481884 0.806101 0.734795
6 0.459417 0.729474 0.621345
7 0.460526 0.799158 0.700292
8 0.395832 0.849843 0.745321
9 0.390563 0.822715 0.734211
10 0.387660 0.866418 0.782456
11 0.343314 0.907814 0.787719
12 0.317855 0.856530 0.775146
13 0.301577 0.897758 0.766667
14 0.298375 0.873487 0.766959
15 0.326932 0.890063 0.767252
16 0.283188 0.897195 0.781579
17 0.283414 0.895444 0.770176
18 0.259451 0.854518 0.734795
19 0.264213 0.904810 0.755848
20 0.258989 0.902499 0.792982
21 0.262744 0.881768 0.755848
22 0.257865 0.912534 0.782456
23 0.248509 0.928504 0.819591
24 0.254896 0.910157 0.771637
25 0.246408 0.907800 0.771638
26 0.229108 0.903686 0.766082
27 0.235924 0.919043 0.792983
28 0.244751 0.913167 0.797661
29 0.237718 0.915496 0.797953
30 0.226823 0.914915 0.777193
31 0.231901 0.929662 0.797953
32 0.222831 0.923164 0.797953
33 0.221652 0.927289 0.782164
34 0.223436 0.915520 0.803509
35 0.226310 0.926700 0.792983
36 0.206798 0.922029 0.786842
37 0.208257 0.919603 0.771638
38 0.208934 0.918451 0.766374
39 0.212589 0.939721 0.797953
40 0.226338 0.888918 0.755556
41 0.222464 0.914389 0.770176
42 0.209627 0.933801 0.792690
43 0.206541 0.940303 0.798246
44 0.209773 0.926112 0.776901
45 0.203979 0.923136 0.782164
46 0.211146 0.909568 0.782164
47 0.211838 0.913216 0.770760
48 0.206202 0.919050 0.802924
49 0.198253 0.919600 0.819298
50 0.184998 0.939697 0.787719
51 0.177257 0.942666 0.792690
52 0.180095 0.933784 0.797953
53 0.180502 0.953916 0.808480
54 0.183684 0.945030 0.797953
55 0.183232 0.940908 0.803216
56 0.181059 0.930835 0.771638
57 0.179244 0.937369 0.792983
58 0.179146 0.942075 0.814327
59 0.181710 0.943254 0.798246
60 0.182242 0.948006 0.782164
61 0.179223 0.941465 0.787427
62 0.179694 0.923171 0.782164
63 0.178648 0.947974 0.782164
64 0.179350 0.938531 0.808772
65 0.178666 0.942064 0.782164
66 0.179580 0.936760 0.782164
67 0.176589 0.953310 0.819006
68 0.174860 0.941486 0.782456
69 0.179373 0.939701 0.787427
70 0.179578 0.945635 0.803216
71 0.180575 0.942656 0.776901
72 0.181727 0.932638 0.781871
73 0.180749 0.933185 0.797953
74 0.178476 0.940898 0.803216
75 0.177586 0.936157 0.819298
76 0.184258 0.940894 0.787427
77 0.176515 0.929071 0.787427
78 0.176524 0.939113 0.808772
79 0.184016 0.930240 0.755848
80 0.182861 0.920188 0.760819
81 0.178778 0.926693 0.782164
82 0.183626 0.940891 0.781871
83 0.178244 0.940285 0.792983
84 0.185707 0.911312 0.771638
85 0.174763 0.930825 0.797953
86 0.177280 0.942106 0.787134
87 0.175639 0.923164 0.792398
88 0.176426 0.942082 0.787135
89 0.180835 0.930265 0.786842
90 0.180781 0.932631 0.771053
91 0.177991 0.928479 0.792690
92 0.183137 0.939130 0.787135
93 0.176162 0.945019 0.776901
94 0.175339 0.936185 0.787135
95 0.174043 0.943272 0.787427
96 0.175511 0.945618 0.782164
97 0.175179 0.941493 0.766374
98 0.174494 0.924911 0.798538
99 0.189497 0.929666 0.771345
100 0.174321 0.936175 0.771638
101 0.167741 0.941486 0.792983
102 0.164525 0.948566 0.798246
103 0.167291 0.932628 0.776901
104 0.168031 0.953321 0.808187
105 0.166851 0.942081 0.792690
106 0.171417 0.948601 0.776901
107 0.168240 0.939119 0.808187
108 0.165250 0.945604 0.782164
109 0.169085 0.953902 0.803216
110 0.165273 0.940279 0.776901
111 0.166740 0.937348 0.797953
112 0.163763 0.940891 0.787719
113 0.163081 0.941486 0.776901
114 0.168032 0.941483 0.771637
115 0.168200 0.940905 0.798246
116 0.168075 0.932029 0.782164
117 0.165127 0.943857 0.777193
118 0.170249 0.937950 0.766667
119 0.168427 0.939711 0.803216
120 0.168280 0.943237 0.782164
121 0.170475 0.940887 0.771637
122 0.167247 0.943268 0.782164
123 0.166577 0.939708 0.766667
124 0.167353 0.953885 0.766374
125 0.166817 0.923122 0.761111
126 0.166321 0.945614 0.797953
127 0.165250 0.944427 0.782456
128 0.166677 0.945628 0.808772
129 0.168339 0.944438 0.771638
130 0.167987 0.944431 0.782164
131 0.163856 0.945635 0.776901
132 0.168069 0.943258 0.771638
133 0.169437 0.941490 0.776901
134 0.172113 0.945016 0.776901
135 0.170779 0.937939 0.792690
136 0.166589 0.934998 0.771638
137 0.170626 0.942095 0.781872
138 0.164769 0.947992 0.803216
139 0.167527 0.936157 0.777193
140 0.166610 0.942085 0.792690
141 0.169138 0.923153 0.745029
142 0.169223 0.943261 0.766374
143 0.170610 0.936784 0.761111
144 0.164409 0.938517 0.776901
145 0.168030 0.941493 0.766082
146 0.167601 0.949189 0.776901
147 0.167624 0.940331 0.787134
148 0.166789 0.937946 0.782164
149 0.167704 0.941490 0.771637
150 0.164755 0.939701 0.782164
151 0.160467 0.945019 0.776901
152 0.160540 0.947403 0.792690
153 0.160401 0.940299 0.776901
154 0.160477 0.944438 0.782164
155 0.159657 0.940898 0.776901
156 0.162373 0.949756 0.787427
157 0.162070 0.943846 0.776901
158 0.159014 0.946192 0.777193
159 0.160898 0.949753 0.787427
160 0.159746 0.942666 0.771638
161 0.160843 0.945023 0.766374
162 0.161765 0.939722 0.771638
163 0.162347 0.951535 0.771637
164 0.161038 0.943258 0.776901
165 0.160394 0.947974 0.782164
166 0.159259 0.954494 0.819006
167 0.158712 0.934410 0.761111
168 0.159485 0.939722 0.782164
169 0.160168 0.943241 0.782164
170 0.159736 0.948576 0.761111
171 0.162354 0.948576 0.771638
172 0.162710 0.944431 0.787427
173 0.160669 0.943853 0.771637
174 0.159531 0.945019 0.755848
175 0.162642 0.949756 0.782164
176 0.162950 0.936766 0.776901
177 0.160025 0.942071 0.782164
178 0.157867 0.941469 0.782164
179 0.159037 0.945635 0.776901
180 0.158522 0.953303 0.761111
181 0.161610 0.946805 0.787427
182 0.160082 0.947393 0.771638
183 0.162032 0.945625 0.782164
184 0.159394 0.945023 0.776901
185 0.157656 0.943244 0.787427
186 0.154499 0.947386 0.776901
187 0.164094 0.944431 0.766082
188 0.161712 0.942081 0.755848
189 0.161012 0.942642 0.782164
190 0.157813 0.934963 0.782164
191 0.158079 0.950954 0.776901
192 0.165140 0.949739 0.771637
193 0.159767 0.952106 0.782164
194 0.159219 0.944438 0.755848
195 0.160808 0.939109 0.760819
196 0.154897 0.943825 0.755848
197 0.163123 0.946217 0.782164
198 0.155796 0.948562 0.776901
199 0.159981 0.946213 0.782164
200 0.153759 0.942656 0.771637
201 0.156138 0.945030 0.766374
202 0.158224 0.946791 0.766374
203 0.156683 0.942074 0.776901
204 0.157878 0.947389 0.771638
205 0.153757 0.945621 0.771637
206 0.157530 0.947389 0.776901
207 0.159830 0.945614 0.782164
208 0.154260 0.945023 0.771637
209 0.158731 0.943825 0.771638
210 0.157287 0.950355 0.782164
211 0.156608 0.948576 0.776901
212 0.158326 0.948573 0.792690
213 0.155985 0.943846 0.771637
214 0.156024 0.946209 0.787427
215 0.154106 0.947393 0.782164
216 0.154075 0.945621 0.771637
217 0.156377 0.950933 0.797953
218 0.157095 0.945621 0.787427
219 0.160366 0.949746 0.761111
220 0.157931 0.951535 0.782164
221 0.158139 0.943846 0.771638
222 0.155883 0.953898 0.782164
223 0.159940 0.944438 0.787427
224 0.154586 0.948583 0.771638
225 0.159108 0.950362 0.782164
226 0.159939 0.955086 0.797953
227 0.156250 0.943255 0.771637
228 0.158340 0.949760 0.766082
229 0.155829 0.949753 0.766374
230 0.156225 0.942078 0.771637
231 0.157812 0.942074 0.782164
232 0.154090 0.947393 0.771638
233 0.157884 0.955674 0.792690
234 0.155311 0.943244 0.776901
235 0.156751 0.941490 0.776901
236 0.155684 0.945019 0.771638
237 0.157362 0.949165 0.776901
238 0.152774 0.949753 0.776901
239 0.154640 0.948559 0.771638
240 0.160556 0.944441 0.761111
241 0.154956 0.946798 0.766374
242 0.152313 0.947383 0.776901
243 0.154723 0.943244 0.776901
244 0.154779 0.945618 0.787427
245 0.151857 0.947390 0.776901
246 0.155707 0.951535 0.782164
247 0.157138 0.943853 0.776901
248 0.159496 0.952120 0.766374
249 0.156172 0.944452 0.803509
250 0.156469 0.949756 0.771638
251 0.154419 0.942656 0.776901
252 0.150535 0.943843 0.776901
253 0.153349 0.939715 0.776901
254 0.156846 0.947389 0.776901
255 0.153789 0.949168 0.787427
256 0.156120 0.947393 0.771637
257 0.151041 0.949161 0.771637
258 0.155074 0.949172 0.771638
259 0.155841 0.941472 0.771637
260 0.153946 0.946798 0.776901
261 0.153919 0.946794 0.771638
262 0.152416 0.947981 0.776901
263 0.154167 0.947967 0.776901
264 0.151935 0.944434 0.771637
265 0.154819 0.947974 0.771638
266 0.153466 0.945614 0.766374
267 0.151283 0.946798 0.766374
268 0.155262 0.947981 0.771638
269 0.152189 0.948569 0.771637
270 0.154138 0.946209 0.776901
271 0.155004 0.942652 0.771637
272 0.153993 0.946801 0.776901
273 0.155134 0.942064 0.776901
274 0.153711 0.945628 0.776901
275 0.150354 0.947386 0.782164
276 0.150834 0.945621 0.782164
277 0.154297 0.943839 0.776901
278 0.152448 0.949756 0.766374
279 0.153087 0.948566 0.766374
280 0.153576 0.944438 0.776901
281 0.150999 0.949165 0.776901
282 0.156120 0.948569 0.776901
283 0.150432 0.951532 0.787427
284 0.150690 0.949753 0.776901
285 0.158472 0.946206 0.766374
286 0.154407 0.943846 0.782456
287 0.154057 0.945618 0.766667
288 0.155514 0.947985 0.782456
289 0.154974 0.947389 0.771638
290 0.154837 0.948573 0.782164
291 0.152895 0.946794 0.787719
292 0.151391 0.943836 0.771638
293 0.155365 0.946216 0.771638
294 0.155535 0.946206 0.776901
295 0.152420 0.945022 0.782456
296 0.154206 0.947981 0.787719
297 0.154134 0.949757 0.782456
298 0.152777 0.947390 0.777193
299 0.155010 0.950940 0.771637
300 0.155108 0.949161 0.766667
301 0.152711 0.943839 0.766667
302 0.156719 0.951531 0.771930
303 0.151596 0.947390 0.766374
304 0.151907 0.945030 0.771637
305 0.156420 0.945023 0.771930
306 0.153019 0.943244 0.777193
307 0.153694 0.947985 0.771638
308 0.152558 0.946794 0.777193
309 0.152962 0.945016 0.777193
310 0.152255 0.947393 0.766374
311 0.153216 0.943839 0.766667
312 0.153603 0.947393 0.782456
313 0.155309 0.943247 0.787719
314 0.152933 0.943839 0.776901
315 0.152844 0.949161 0.782456
316 0.149657 0.945608 0.766374
317 0.152746 0.945614 0.777193
318 0.148132 0.943251 0.766374
319 0.150645 0.947386 0.755848
320 0.148251 0.946203 0.761111
321 0.152706 0.946199 0.771637
322 0.151373 0.946206 0.777193
323 0.152933 0.946798 0.776901
324 0.153762 0.946206 0.771638
325 0.154373 0.946798 0.776901
326 0.153411 0.946199 0.777193
327 0.156614 0.949161 0.771930
328 0.153491 0.945611 0.787719
329 0.150814 0.945614 0.787719
330 0.153524 0.945607 0.771638
331 0.151336 0.949161 0.782456
332 0.153784 0.945019 0.771638
333 0.149659 0.950345 0.776901
334 0.151788 0.946213 0.771638
335 0.152706 0.944431 0.771637
336 0.149576 0.946206 0.771638
337 0.152632 0.947985 0.776901
338 0.152987 0.943251 0.766374
339 0.147727 0.946794 0.782456
340 0.149834 0.944434 0.777193
341 0.153617 0.942663 0.777193
342 0.151832 0.947985 0.766667
343 0.152925 0.949756 0.771930
344 0.154458 0.946206 0.771930
345 0.156040 0.947981 0.777193
346 0.151731 0.949165 0.782456
347 0.151025 0.944434 0.782456
348 0.153759 0.944427 0.782456
349 0.151633 0.948573 0.787719
350 0.154217 0.945022 0.776901
