1 5.133025 0.486667 0.440000
2 1.973108 0.508889 0.513333
3 1.438253 0.488148 0.446667
4 1.597330 0.518519 0.466667
5 1.613926 0.512593 0.480000
6 1.541595 0.552593 0.460000
7 1.371175 0.543704 0.480000
8 1.299041 0.555556 0.520000
9 1.118171 0.554074 0.446667
10 1.058121 0.563704 0.493333
11 1.047053 0.587407 0.493333
12 0.981625 0.585926 0.486667
13 0.970064 0.600000 0.500000
14 0.910634 0.591852 0.453333
15 0.972761 0.585926 0.480000
16 0.938582 0.586667 0.493333
17 1.040414 0.591852 0.453333
18 1.013946 0.607407 0.480000
19 0.911284 0.608148 0.480000
20 0.888321 0.607407 0.473333
21 0.888541 0.611111 0.466667
22 0.915126 0.607407 0.453333
23 0.837676 0.611852 0.453333
24 0.862223 0.622222 0.500000
25 0.891818 0.611111 0.466667
26 0.859593 0.621481 0.460000
27 0.837068 0.608148 0.440000
28 0.846966 0.620000 0.480000
29 0.833145 0.625926 0.446667
30 0.824253 0.617778 0.480000
31 0.827324 0.625926 0.460000
32 0.845025 0.621481 0.426667
33 0.818153 0.632593 0.460000
34 0.806301 0.636296 0.473333
35 0.803598 0.637778 0.500000
36 0.797831 0.596296 0.440000
37 0.833311 0.614074 0.466667
38 0.814921 0.633333 0.480000
39 0.804656 0.635556 0.486667
40 0.798592 0.633333 0.506667
41 0.775899 0.628889 0.420000
42 0.788165 0.637037 0.473333
43 0.787149 0.630370 0.460000
44 0.799163 0.628148 0.473333
45 0.803264 0.639259 0.460000
46 0.783082 0.588148 0.420000
47 0.777270 0.634815 0.506667
48 0.774993 0.640741 0.480000
49 0.790417 0.634074 0.460000
50 0.759065 0.640741 0.500000
