1 1.530076 0.786982 0.631579
2 0.957008 0.863905 0.736842
3 0.556582 0.863905 0.578947
4 0.519065 0.857988 0.736842
5 0.491260 0.875740 0.684211
6 0.359973 0.816568 0.421053
7 0.365761 0.899408 0.684211
8 0.340566 0.893491 0.684211
9 0.487796 0.917160 0.684211
10 0.361347 0.869822 0.631579
11 0.370831 0.893491 0.526316
12 0.330897 0.881657 0.631579
13 0.326425 0.905325 0.684211
14 0.276449 0.928994 0.684211
15 0.299768 0.923077 0.578947
16 0.277765 0.905325 0.526316
17 0.300267 0.934911 0.684211
18 0.277162 0.905325 0.578947
19 0.333601 0.863905 0.526316
20 0.251362 0.917160 0.684211
21 0.285714 0.899408 0.684211
22 0.266451 0.869822 0.631579
23 0.256589 0.917160 0.631579
24 0.304614 0.875740 0.578947
25 0.279445 0.934911 0.684211
26 0.237225 0.917160 0.684211
27 0.267268 0.934911 0.578947
28 0.265528 0.928994 0.631579
29 0.228533 0.923077 0.631579
30 0.244287 0.923077 0.684211
31 0.246048 0.917160 0.684211
32 0.248047 0.804734 0.473684
33 0.279622 0.928994 0.736842
34 0.227212 0.934911 0.736842
35 0.273269 0.893491 0.684211
36 0.268093 0.923077 0.684211
37 0.205274 0.893491 0.473684
38 0.242217 0.917160 0.631579
39 0.246024 0.952663 0.736842
40 0.226074 0.928994 0.684211
41 0.246581 0.917160 0.631579
42 0.211096 0.917160 0.631579
43 0.198001 0.928994 0.684211
44 0.209917 0.869822 0.526316
45 0.195881 0.917160 0.631579
46 0.216692 0.958580 0.789474
47 0.238388 0.928994 0.684211
48 0.198309 0.934911 0.631579
49 0.201507 0.899408 0.684211
50 0.187547 0.917160 0.684211
51 0.179612 0.923077 0.684211
52 0.185467 0.928994 0.684211
53 0.201598 0.875740 0.526316
54 0.189270 0.946746 0.684211
55 0.192390 0.934911 0.684211
56 0.183226 0.928994 0.684211
57 0.182745 0.917160 0.631579
58 0.182035 0.928994 0.631579
59 0.188905 0.958580 0.789474
60 0.184507 0.928994 0.631579
61 0.184832 0.928994 0.631579
62 0.188636 0.917160 0.684211
63 0.185424 0.928994 0.684211
64 0.182252 0.940828 0.736842
65 0.186276 0.940828 0.736842
66 0.197290 0.928994 0.684211
67 0.183480 0.958580 0.789474
68 0.176791 0.928994 0.684211
69 0.180609 0.923077 0.631579
70 0.183170 0.928994 0.578947
71 0.184592 0.940828 0.736842
72 0.189273 0.923077 0.684211
73 0.184320 0.923077 0.684211
74 0.178683 0.928994 0.578947
75 0.176072 0.928994 0.631579
76 0.195470 0.952663 0.684211
77 0.180389 0.923077 0.631579
78 0.171124 0.928994 0.684211
79 0.174706 0.946746 0.736842
80 0.181901 0.952663 0.736842
81 0.180159 0.958580 0.736842
82 0.194218 0.917160 0.736842
83 0.181744 0.923077 0.631579
84 0.177841 0.923077 0.684211
85 0.179955 0.923077 0.684211
86 0.176725 0.964497 0.789474
87 0.177083 0.946746 0.736842
88 0.179373 0.952663 0.684211
89 0.189088 0.940828 0.684211
90 0.183130 0.928994 0.578947
91 0.192034 0.899408 0.684211
92 0.194279 0.928994 0.684211
93 0.172118 0.940828 0.631579
94 0.184483 0.952663 0.684211
95 0.173263 0.952663 0.736842
96 0.175722 0.952663 0.736842
97 0.173613 0.940828 0.631579
98 0.173536 0.958580 0.736842
99 0.174143 0.958580 0.631579
100 0.168461 0.923077 0.684211
101 0.158989 0.958580 0.736842
102 0.166437 0.934911 0.631579
103 0.163485 0.923077 0.631579
104 0.169654 0.964497 0.736842
105 0.169394 0.958580 0.789474
106 0.180969 0.952663 0.789474
107 0.172641 0.952663 0.684211
108 0.165615 0.928994 0.631579
109 0.171549 0.923077 0.684211
110 0.169340 0.940828 0.736842
111 0.160964 0.940828 0.684211
112 0.154725 0.934911 0.631579
113 0.167691 0.928994 0.631579
114 0.171781 0.940828 0.684211
115 0.171552 0.923077 0.684211
116 0.168666 0.946746 0.684211
117 0.162390 0.964497 0.736842
118 0.167314 0.958580 0.736842
119 0.170369 0.940828 0.684211
120 0.172660 0.934911 0.578947
121 0.173004 0.934911 0.631579
122 0.168442 0.905325 0.736842
123 0.169725 0.940828 0.684211
124 0.159833 0.928994 0.631579
125 0.163934 0.928994 0.631579
126 0.159484 0.964497 0.789474
127 0.165582 0.946746 0.684211
128 0.165252 0.940828 0.684211
129 0.168621 0.940828 0.631579
130 0.161939 0.940828 0.631579
131 0.162084 0.940828 0.684211
132 0.158775 0.958580 0.789474
133 0.166448 0.934911 0.631579
134 0.165489 0.952663 0.684211
135 0.172656 0.911243 0.631579
136 0.169939 0.934911 0.631579
137 0.166959 0.905325 0.578947
138 0.163129 0.952663 0.736842
139 0.161629 0.923077 0.631579
140 0.155773 0.964497 0.736842
141 0.178363 0.917160 0.631579
142 0.166005 0.940828 0.684211
143 0.166715 0.905325 0.578947
144 0.162886 0.923077 0.631579
145 0.164713 0.934911 0.631579
146 0.173039 0.917160 0.631579
147 0.162291 0.946746 0.631579
148 0.156852 0.946746 0.684211
149 0.159395 0.928994 0.631579
150 0.162252 0.952663 0.736842
151 0.153412 0.928994 0.631579
152 0.155617 0.928994 0.631579
153 0.158625 0.934911 0.736842
154 0.163001 0.940828 0.684211
155 0.161289 0.940828 0.736842
156 0.157789 0.952663 0.684211
157 0.156038 0.958580 0.736842
158 0.159040 0.934911 0.684211
159 0.160632 0.958580 0.789474
160 0.156303 0.934911 0.631579
161 0.153979 0.940828 0.684211
162 0.160765 0.940828 0.684211
163 0.164326 0.928994 0.684211
164 0.154457 0.946746 0.684211
165 0.155395 0.946746 0.684211
166 0.155994 0.934911 0.631579
167 0.154515 0.934911 0.684211
168 0.154343 0.934911 0.631579
169 0.152227 0.940828 0.684211
170 0.150385 0.934911 0.684211
171 0.162716 0.952663 0.736842
172 0.162440 0.934911 0.684211
173 0.158690 0.928994 0.631579
174 0.160096 0.923077 0.631579
175 0.164524 0.958580 0.736842
176 0.161898 0.934911 0.631579
177 0.157629 0.934911 0.631579
178 0.161762 0.940828 0.631579
179 0.154656 0.940828 0.684211
180 0.158238 0.940828 0.684211
181 0.168154 0.952663 0.736842
182 0.161818 0.934911 0.631579
183 0.160619 0.940828 0.631579
184 0.156488 0.928994 0.684211
185 0.151722 0.934911 0.631579
186 0.149559 0.934911 0.684211
187 0.159440 0.964497 0.789474
188 0.158717 0.934911 0.631579
189 0.156746 0.964497 0.789474
190 0.150037 0.946746 0.684211
191 0.151584 0.958580 0.789474
192 0.160057 0.934911 0.631579
193 0.158399 0.928994 0.684211
194 0.159031 0.934911 0.631579
195 0.156916 0.934911 0.631579
196 0.154231 0.970414 0.789474
197 0.156250 0.958580 0.736842
198 0.151176 0.952663 0.736842
199 0.161195 0.934911 0.631579
200 0.151001 0.958580 0.736842
201 0.159223 0.928994 0.631579
202 0.156832 0.934911 0.684211
203 0.148991 0.952663 0.684211
204 0.158932 0.964497 0.736842
205 0.153288 0.934911 0.631579
206 0.157119 0.934911 0.684211
207 0.155871 0.940828 0.684211
208 0.154063 0.923077 0.631579
209 0.151679 0.934911 0.631579
210 0.150478 0.940828 0.631579
211 0.154394 0.934911 0.684211
212 0.155846 0.934911 0.631579
213 0.153131 0.934911 0.631579
214 0.152704 0.940828 0.684211
215 0.153937 0.934911 0.631579
216 0.154596 0.946746 0.684211
217 0.147412 0.952663 0.736842
218 0.150242 0.946746 0.631579
219 0.158467 0.923077 0.631579
220 0.150890 0.970414 0.789474
221 0.152825 0.940828 0.684211
222 0.147850 0.958580 0.736842
223 0.158342 0.940828 0.631579
224 0.152177 0.934911 0.684211
225 0.153042 0.940828 0.684211
226 0.151907 0.934911 0.631579
227 0.151079 0.946746 0.736842
228 0.159239 0.934911 0.631579
229 0.154895 0.958580 0.736842
230 0.154979 0.934911 0.684211
231 0.156482 0.934911 0.631579
232 0.149323 0.940828 0.684211
233 0.157377 0.958580 0.736842
234 0.158097 0.946746 0.736842
235 0.149647 0.934911 0.684211
236 0.147086 0.928994 0.631579
237 0.156889 0.940828 0.684211
238 0.151619 0.934911 0.684211
239 0.151251 0.934911 0.684211
240 0.156147 0.952663 0.684211
241 0.146026 0.934911 0.631579
242 0.150179 0.923077 0.631579
243 0.154049 0.934911 0.631579
244 0.156228 0.958580 0.736842
245 0.150576 0.934911 0.631579
246 0.151705 0.940828 0.684211
247 0.156624 0.964497 0.736842
248 0.156353 0.940828 0.684211
249 0.150685 0.952663 0.684211
250 0.154218 0.940828 0.684211
251 0.145566 0.923077 0.631579
252 0.149818 0.940828 0.684211
253 0.144706 0.923077 0.631579
254 0.147283 0.952663 0.736842
255 0.155490 0.934911 0.631579
256 0.152412 0.940828 0.684211
257 0.144480 0.934911 0.684211
258 0.152756 0.934911 0.631579
259 0.151336 0.940828 0.684211
260 0.144557 0.964497 0.736842
261 0.153819 0.958580 0.684211
262 0.153719 0.940828 0.684211
263 0.150255 0.940828 0.684211
264 0.152551 0.946746 0.684211
265 0.149019 0.952663 0.736842
266 0.149348 0.940828 0.684211
267 0.145661 0.940828 0.684211
268 0.155100 0.934911 0.684211
269 0.149640 0.946746 0.684211
270 0.154576 0.934911 0.631579
271 0.152168 0.934911 0.684211
272 0.148931 0.940828 0.684211
273 0.150881 0.923077 0.631579
274 0.151552 0.934911 0.631579
275 0.149423 0.940828 0.684211
276 0.145110 0.940828 0.684211
277 0.155280 0.946746 0.684211
278 0.156699 0.940828 0.684211
279 0.144032 0.940828 0.684211
280 0.150378 0.934911 0.631579
281 0.147100 0.934911 0.684211
282 0.151108 0.946746 0.684211
283 0.146045 0.934911 0.684211
284 0.145986 0.952663 0.684211
285 0.150519 0.940828 0.684211
286 0.152388 0.928994 0.684211
287 0.150905 0.940828 0.684211
288 0.151496 0.940828 0.684211
289 0.151318 0.940828 0.684211
290 0.150139 0.934911 0.684211
291 0.146034 0.934911 0.631579
292 0.146498 0.940828 0.684211
293 0.152736 0.940828 0.684211
294 0.151846 0.934911 0.631579
295 0.147047 0.934911 0.684211
296 0.153885 0.940828 0.684211
297 0.144513 0.946746 0.684211
298 0.150264 0.952663 0.736842
299 0.147230 0.940828 0.684211
300 0.150848 0.940828 0.684211
301 0.146279 0.940828 0.684211
302 0.153999 0.940828 0.684211
303 0.149314 0.940828 0.684211
304 0.145333 0.940828 0.684211
305 0.147965 0.946746 0.684211
306 0.143960 0.940828 0.684211
307 0.147044 0.946746 0.684211
308 0.158212 0.940828 0.684211
309 0.148137 0.934911 0.684211
310 0.153630 0.928994 0.684211
311 0.146501 0.940828 0.684211
312 0.150762 0.946746 0.684211
313 0.147730 0.940828 0.684211
314 0.147688 0.940828 0.684211
315 0.145739 0.934911 0.631579
316 0.146273 0.940828 0.684211
317 0.147273 0.940828 0.684211
318 0.144856 0.940828 0.684211
319 0.146518 0.940828 0.684211
320 0.147029 0.940828 0.684211
321 0.151987 0.923077 0.631579
322 0.146256 0.940828 0.684211
323 0.145219 0.940828 0.684211
324 0.148741 0.940828 0.684211
325 0.147549 0.940828 0.684211
326 0.150147 0.940828 0.684211
327 0.147067 0.940828 0.684211
328 0.148082 0.934911 0.684211
329 0.145518 0.940828 0.684211
330 0.146425 0.940828 0.684211
331 0.151035 0.940828 0.684211
332 0.149037 0.952663 0.684211
333 0.143569 0.940828 0.684211
334 0.146937 0.940828 0.684211
335 0.148677 0.940828 0.684211
336 0.144549 0.940828 0.684211
337 0.144276 0.940828 0.736842
338 0.152400 0.940828 0.684211
339 0.144382 0.940828 0.684211
340 0.144805 0.946746 0.684211
341 0.150199 0.940828 0.684211
342 0.141621 0.940828 0.684211
343 0.144227 0.940828 0.684211
344 0.155168 0.958580 0.736842
345 0.153814 0.940828 0.684211
346 0.147532 0.940828 0.684211
347 0.142430 0.940828 0.684211
348 0.152200 0.940828 0.684211
349 0.153208 0.940828 0.684211
350 0.151213 0.940828 0.684211
