1 4.588269 0.548387 0.441176
2 1.804743 0.667742 0.558824
3 1.262393 0.754839 0.470588
4 1.230502 0.619355 0.470588
5 0.824294 0.722581 0.529412
6 1.131501 0.725806 0.647059
7 0.946642 0.745161 0.558824
8 0.702686 0.809677 0.588235
9 0.684520 0.812903 0.676471
10 0.673632 0.603226 0.558824
11 0.631820 0.829032 0.588235
12 0.448316 0.870968 0.588235
13 0.404758 0.832258 0.588235
14 0.448887 0.812903 0.558824
15 0.439202 0.838710 0.588235
16 0.383871 0.867742 0.588235
17 0.368019 0.867742 0.529412
18 0.337599 0.851613 0.617647
19 0.388057 0.900000 0.558824
20 0.422721 0.854839 0.588235
21 0.419820 0.906452 0.558824
22 0.329662 0.864516 0.617647
23 0.326836 0.922581 0.558824
24 0.314011 0.896774 0.588235
25 0.385711 0.835484 0.500000
26 0.411476 0.906452 0.588235
27 0.320309 0.929032 0.558824
28 0.297895 0.912903 0.558824
29 0.272840 0.916129 0.558824
30 0.222608 0.932258 0.558824
31 0.271836 0.922581 0.558824
32 0.289044 0.922581 0.558824
33 0.251901 0.938710 0.558824
34 0.238363 0.932258 0.529412
35 0.234624 0.938710 0.529412
36 0.302522 0.858065 0.441176
37 0.324809 0.919355 0.529412
38 0.285515 0.880645 0.470588
39 0.302392 0.906452 0.617647
40 0.282909 0.935484 0.529412
41 0.238776 0.903226 0.588235
42 0.238865 0.912903 0.558824
43 0.302685 0.935484 0.529412
44 0.230029 0.932258 0.588235
45 0.222142 0.922581 0.470588
46 0.198009 0.951613 0.500000
47 0.230553 0.896774 0.558824
48 0.215165 0.941935 0.588235
49 0.191993 0.938710 0.588235
50 0.179273 0.964516 0.588235
51 0.155966 0.964516 0.588235
52 0.148341 0.964516 0.588235
53 0.153107 0.964516 0.588235
54 0.149164 0.964516 0.588235
55 0.148421 0.958065 0.588235
56 0.160237 0.961290 0.558824
57 0.141408 0.964516 0.558824
58 0.147078 0.970968 0.558824
59 0.151771 0.964516 0.588235
60 0.155581 0.954839 0.588235
61 0.145083 0.974194 0.588235
62 0.135708 0.970968 0.588235
63 0.145599 0.974194 0.558824
64 0.142729 0.970968 0.558824
65 0.139024 0.964516 0.558824
66 0.153178 0.951613 0.617647
67 0.147948 0.967742 0.588235
68 0.159591 0.916129 0.500000
69 0.197343 0.954839 0.558824
70 0.168211 0.961290 0.588235
71 0.143097 0.961290 0.588235
72 0.139252 0.974194 0.588235
73 0.154345 0.970968 0.558824
74 0.199126 0.900000 0.558824
75 0.190851 0.964516 0.529412
76 0.295290 0.912903 0.529412
77 0.215465 0.961290 0.588235
78 0.153461 0.967742 0.529412
79 0.156557 0.974194 0.617647
80 0.152012 0.967742 0.588235
81 0.151379 0.961290 0.617647
82 0.147687 0.964516 0.588235
83 0.195229 0.941935 0.617647
84 0.180073 0.974194 0.588235
85 0.153918 0.967742 0.588235
86 0.151251 0.964516 0.647059
87 0.170379 0.970968 0.617647
88 0.173992 0.961290 0.558824
89 0.214030 0.948387 0.617647
90 0.161560 0.977419 0.588235
91 0.138180 0.967742 0.617647
92 0.154119 0.951613 0.588235
93 0.177860 0.948387 0.617647
94 0.191495 0.945161 0.647059
95 0.171983 0.954839 0.617647
96 0.153480 0.967742 0.617647
97 0.142913 0.961290 0.617647
98 0.128974 0.970968 0.617647
99 0.132020 0.970968 0.617647
100 0.117885 0.964516 0.588235
101 0.141340 0.974194 0.558824
102 0.117610 0.974194 0.617647
103 0.110840 0.977419 0.588235
104 0.113183 0.980645 0.617647
105 0.114093 0.977419 0.588235
106 0.113220 0.977419 0.588235
107 0.108656 0.970968 0.617647
108 0.120061 0.980645 0.588235
109 0.108093 0.980645 0.617647
110 0.098378 0.974194 0.588235
111 0.106248 0.974194 0.617647
112 0.114890 0.970968 0.647059
113 0.116200 0.974194 0.617647
114 0.111426 0.977419 0.617647
115 0.115874 0.970968 0.647059
116 0.112299 0.970968 0.617647
117 0.104648 0.970968 0.617647
118 0.109759 0.977419 0.588235
119 0.103392 0.974194 0.588235
120 0.105277 0.974194 0.588235
121 0.109567 0.970968 0.647059
122 0.111025 0.970968 0.617647
123 0.115173 0.970968 0.588235
124 0.107194 0.974194 0.617647
125 0.119568 0.977419 0.588235
126 0.116535 0.970968 0.617647
127 0.110930 0.970968 0.647059
128 0.125288 0.970968 0.676471
129 0.114253 0.964516 0.558824
130 0.122738 0.974194 0.617647
131 0.115095 0.977419 0.647059
132 0.100719 0.977419 0.588235
133 0.111117 0.980645 0.647059
134 0.116070 0.970968 0.676471
135 0.117799 0.980645 0.529412
136 0.145677 0.906452 0.500000
137 0.228363 0.954839 0.588235
138 0.118041 0.974194 0.588235
139 0.124643 0.977419 0.617647
140 0.111752 0.977419 0.617647
141 0.111281 0.974194 0.647059
142 0.109734 0.980645 0.617647
143 0.106579 0.974194 0.588235
144 0.112222 0.970968 0.617647
145 0.106946 0.977419 0.617647
146 0.108707 0.974194 0.617647
147 0.109569 0.974194 0.617647
148 0.113083 0.970968 0.617647
149 0.110688 0.967742 0.558824
150 0.105628 0.974194 0.647059
151 0.105123 0.970968 0.676471
152 0.104186 0.980645 0.617647
153 0.093753 0.977419 0.617647
154 0.088651 0.980645 0.647059
155 0.094610 0.980645 0.588235
156 0.096457 0.980645 0.617647
157 0.092817 0.980645 0.647059
158 0.094285 0.980645 0.647059
159 0.097097 0.980645 0.647059
160 0.095503 0.977419 0.676471
161 0.096023 0.974194 0.617647
162 0.092879 0.977419 0.647059
163 0.086193 0.977419 0.647059
164 0.097064 0.980645 0.647059
165 0.088835 0.977419 0.558824
166 0.102008 0.977419 0.617647
167 0.099866 0.974194 0.617647
168 0.095404 0.980645 0.617647
169 0.096364 0.974194 0.647059
170 0.100958 0.977419 0.617647
171 0.099837 0.980645 0.617647
172 0.098433 0.980645 0.647059
173 0.091579 0.977419 0.588235
174 0.093514 0.977419 0.676471
175 0.098327 0.977419 0.676471
176 0.095976 0.977419 0.676471
177 0.096106 0.980645 0.588235
178 0.094030 0.980645 0.617647
179 0.092649 0.980645 0.676471
180 0.097070 0.977419 0.676471
181 0.097229 0.974194 0.676471
182 0.098131 0.977419 0.647059
183 0.089097 0.974194 0.588235
184 0.093369 0.974194 0.647059
185 0.092375 0.980645 0.617647
186 0.087684 0.977419 0.617647
187 0.097196 0.980645 0.647059
188 0.091367 0.977419 0.647059
189 0.097259 0.980645 0.617647
190 0.098048 0.980645 0.617647
191 0.094260 0.977419 0.617647
192 0.098951 0.977419 0.647059
193 0.094130 0.977419 0.676471
194 0.092280 0.977419 0.676471
195 0.091345 0.974194 0.676471
196 0.091938 0.980645 0.647059
197 0.088316 0.977419 0.676471
198 0.088599 0.977419 0.676471
199 0.101307 0.974194 0.676471
200 0.088313 0.980645 0.647059
201 0.085714 0.980645 0.647059
202 0.090651 0.983871 0.676471
203 0.087974 0.980645 0.676471
204 0.088988 0.980645 0.647059
205 0.088231 0.980645 0.676471
206 0.087303 0.977419 0.676471
207 0.095792 0.980645 0.676471
208 0.090040 0.977419 0.676471
209 0.089330 0.980645 0.676471
210 0.086569 0.977419 0.676471
211 0.084376 0.980645 0.676471
212 0.092827 0.983871 0.676471
213 0.087784 0.980645 0.676471
214 0.087601 0.977419 0.676471
215 0.085894 0.980645 0.676471
216 0.085708 0.980645 0.676471
217 0.083172 0.983871 0.676471
218 0.086232 0.983871 0.676471
219 0.095333 0.977419 0.647059
220 0.088868 0.980645 0.676471
221 0.083215 0.980645 0.676471
222 0.089804 0.977419 0.676471
223 0.087131 0.980645 0.676471
224 0.083885 0.980645 0.676471
225 0.087373 0.977419 0.647059
226 0.087169 0.977419 0.676471
227 0.085609 0.983871 0.676471
228 0.084797 0.980645 0.617647
229 0.083126 0.980645 0.647059
230 0.077611 0.980645 0.647059
231 0.088242 0.977419 0.647059
232 0.082209 0.977419 0.647059
233 0.083203 0.980645 0.647059
234 0.082878 0.980645 0.647059
235 0.084175 0.974194 0.647059
236 0.080513 0.983871 0.647059
237 0.091995 0.983871 0.647059
238 0.084705 0.983871 0.676471
239 0.085537 0.980645 0.676471
240 0.087586 0.980645 0.647059
241 0.081661 0.980645 0.647059
242 0.082122 0.974194 0.676471
243 0.083129 0.974194 0.676471
244 0.086359 0.983871 0.676471
245 0.081780 0.987097 0.647059
246 0.090438 0.983871 0.647059
247 0.084374 0.983871 0.647059
248 0.090368 0.980645 0.647059
249 0.083234 0.980645 0.647059
250 0.085093 0.980645 0.647059
251 0.084654 0.983871 0.647059
252 0.081079 0.980645 0.676471
253 0.076554 0.980645 0.647059
254 0.086140 0.980645 0.647059
255 0.078302 0.983871 0.647059
256 0.077551 0.980645 0.647059
257 0.078578 0.980645 0.647059
258 0.085620 0.983871 0.647059
259 0.084138 0.987097 0.647059
260 0.082930 0.987097 0.647059
261 0.084926 0.987097 0.647059
262 0.079735 0.983871 0.647059
263 0.082216 0.983871 0.647059
264 0.081149 0.980645 0.647059
265 0.085296 0.983871 0.647059
266 0.081636 0.983871 0.647059
267 0.080971 0.983871 0.647059
268 0.081893 0.983871 0.647059
269 0.079879 0.987097 0.676471
270 0.079363 0.983871 0.676471
271 0.077928 0.983871 0.676471
272 0.080327 0.980645 0.676471
273 0.086806 0.977419 0.676471
274 0.085544 0.983871 0.676471
275 0.079859 0.983871 0.676471
276 0.078044 0.980645 0.676471
277 0.080618 0.983871 0.676471
278 0.079740 0.980645 0.676471
279 0.081130 0.983871 0.647059
280 0.079571 0.983871 0.676471
281 0.080078 0.980645 0.647059
282 0.082800 0.980645 0.676471
283 0.078860 0.983871 0.676471
284 0.080310 0.983871 0.676471
285 0.079673 0.987097 0.676471
286 0.079399 0.980645 0.676471
287 0.079080 0.980645 0.676471
288 0.079271 0.987097 0.676471
289 0.087573 0.983871 0.676471
290 0.079394 0.980645 0.676471
291 0.081747 0.977419 0.676471
292 0.079428 0.980645 0.676471
293 0.079436 0.980645 0.676471
294 0.080108 0.983871 0.676471
295 0.078646 0.983871 0.647059
296 0.081388 0.980645 0.676471
297 0.081067 0.983871 0.676471
298 0.083189 0.983871 0.676471
299 0.076950 0.983871 0.676471
300 0.080292 0.983871 0.676471
301 0.075509 0.983871 0.676471
302 0.082206 0.987097 0.676471
303 0.079817 0.987097 0.676471
304 0.077810 0.987097 0.676471
305 0.080606 0.983871 0.676471
306 0.075727 0.987097 0.676471
307 0.081881 0.983871 0.676471
308 0.074457 0.987097 0.676471
309 0.078990 0.987097 0.676471
310 0.082148 0.987097 0.676471
311 0.077485 0.987097 0.676471
312 0.077696 0.987097 0.676471
313 0.078796 0.987097 0.676471
314 0.074546 0.983871 0.676471
315 0.078298 0.983871 0.676471
316 0.074130 0.987097 0.676471
317 0.079826 0.987097 0.676471
318 0.076494 0.983871 0.647059
319 0.078367 0.983871 0.647059
320 0.075454 0.987097 0.647059
321 0.078350 0.987097 0.676471
322 0.076397 0.987097 0.676471
323 0.077671 0.983871 0.647059
324 0.079436 0.980645 0.676471
325 0.079743 0.980645 0.676471
326 0.082343 0.987097 0.647059
327 0.077150 0.987097 0.676471
328 0.075351 0.980645 0.647059
329 0.079089 0.980645 0.676471
330 0.076575 0.987097 0.647059
331 0.074945 0.987097 0.676471
332 0.074987 0.987097 0.647059
333 0.074938 0.987097 0.676471
334 0.072414 0.983871 0.676471
335 0.077135 0.983871 0.676471
336 0.079166 0.980645 0.676471
337 0.077130 0.983871 0.676471
338 0.076510 0.987097 0.676471
339 0.073160 0.983871 0.676471
340 0.074484 0.983871 0.676471
341 0.075321 0.983871 0.676471
342 0.080063 0.983871 0.676471
343 0.072029 0.987097 0.676471
344 0.078787 0.987097 0.647059
345 0.078539 0.987097 0.676471
346 0.076311 0.987097 0.647059
347 0.078261 0.983871 0.676471
348 0.078856 0.987097 0.676471
349 0.077199 0.987097 0.647059
350 0.078673 0.983871 0.676471
