1 4.609179 0.502963 0.520000
2 2.138428 0.503704 0.546667
3 1.424496 0.552593 0.533333
4 1.530995 0.482222 0.453333
5 1.724816 0.511852 0.453333
6 1.604564 0.546667 0.533333
7 1.361630 0.544444 0.533333
8 1.232587 0.557037 0.546667
9 1.056393 0.561481 0.553333
10 1.002039 0.561481 0.520000
11 1.020796 0.571852 0.520000
12 0.955017 0.585926 0.546667
13 0.969186 0.588889 0.586667
14 0.905179 0.577778 0.520000
15 0.903502 0.602963 0.520000
16 0.910417 0.582963 0.533333
17 0.935618 0.522963 0.506667
18 0.964708 0.583704 0.546667
19 0.920096 0.561481 0.553333
20 1.127504 0.560741 0.540000
21 1.031123 0.578519 0.546667
22 0.930631 0.592593 0.540000
23 0.920428 0.562963 0.546667
24 0.894265 0.590370 0.520000
25 0.895148 0.604444 0.573333
26 0.857860 0.607407 0.560000
27 0.855671 0.604444 0.540000
28 0.853569 0.586667 0.493333
29 0.864421 0.603704 0.533333
30 0.824771 0.605185 0.553333
31 0.846664 0.608148 0.520000
32 0.849082 0.597778 0.533333
33 0.823418 0.612593 0.566667
34 0.830967 0.605185 0.553333
35 0.822210 0.599259 0.553333
36 0.862415 0.611111 0.540000
37 0.828828 0.620000 0.546667
38 0.873323 0.607407 0.573333
39 0.849834 0.615556 0.533333
40 0.904205 0.608148 0.553333
41 0.830458 0.623704 0.540000
42 0.961917 0.546667 0.506667
43 1.055310 0.557037 0.573333
44 1.026752 0.561481 0.546667
45 0.903706 0.588889 0.533333
46 0.921158 0.558519 0.480000
47 0.906146 0.590370 0.546667
48 0.879576 0.576296 0.526667
49 0.883929 0.591852 0.546667
50 0.843991 0.596296 0.520000
