1 3.008072 0.764444 0.690000
2 0.761766 0.814444 0.700000
3 0.658059 0.803333 0.680000
4 0.469839 0.833333 0.680000
5 0.440440 0.836667 0.690000
6 0.423993 0.868889 0.700000
7 0.441601 0.842222 0.670000
8 0.369440 0.873333 0.700000
9 0.351831 0.872222 0.690000
10 0.320461 0.877778 0.700000
11 0.357406 0.842222 0.680000
12 0.328981 0.862222 0.660000
13 0.311352 0.873333 0.660000
14 0.334224 0.875556 0.710000
15 0.313184 0.893333 0.690000
16 0.283978 0.885556 0.710000
17 0.305845 0.877778 0.700000
18 0.328769 0.865556 0.690000
19 0.296046 0.870000 0.700000
20 0.298978 0.896667 0.660000
21 0.290690 0.877778 0.710000
22 0.275081 0.878889 0.730000
23 0.281311 0.894444 0.660000
24 0.252967 0.894444 0.710000
25 0.243351 0.892222 0.660000
26 0.247444 0.898889 0.690000
27 0.241712 0.902222 0.670000
28 0.236725 0.901111 0.660000
29 0.220672 0.895556 0.670000
30 0.235928 0.877778 0.680000
31 0.282594 0.868889 0.650000
32 0.328733 0.876667 0.710000
33 0.247788 0.901111 0.700000
34 0.213514 0.898889 0.700000
35 0.224454 0.903333 0.740000
36 0.223673 0.893333 0.690000
37 0.230483 0.900000 0.710000
38 0.198269 0.903333 0.700000
39 0.211192 0.910000 0.680000
40 0.227481 0.901111 0.670000
41 0.243043 0.892222 0.670000
42 0.233266 0.901111 0.670000
43 0.220921 0.901111 0.690000
44 0.226431 0.905556 0.680000
45 0.210639 0.904444 0.660000
46 0.531862 0.751111 0.660000
47 0.514925 0.820000 0.670000
48 0.363854 0.852222 0.630000
49 0.384786 0.830000 0.700000
50 0.362571 0.871111 0.680000
51 0.314911 0.881111 0.670000
52 0.290342 0.880000 0.700000
53 0.266500 0.888889 0.710000
54 0.266099 0.894444 0.700000
55 0.266000 0.900000 0.690000
56 0.246853 0.898889 0.690000
57 0.240245 0.898889 0.680000
58 0.247310 0.898889 0.700000
59 0.244819 0.898889 0.700000
60 0.238353 0.898889 0.670000
61 0.229713 0.892222 0.700000
62 0.244379 0.894444 0.670000
63 0.238681 0.902222 0.680000
64 0.216031 0.906667 0.680000
65 0.226939 0.903333 0.660000
66 0.233989 0.903333 0.680000
67 0.225121 0.905556 0.700000
68 0.217500 0.906667 0.680000
69 0.217220 0.907778 0.680000
70 0.207185 0.912222 0.670000
71 0.212282 0.910000 0.680000
72 0.224960 0.901111 0.670000
73 0.212546 0.906667 0.650000
74 0.195450 0.910000 0.680000
75 0.209106 0.910000 0.660000
76 0.201683 0.910000 0.690000
77 0.201243 0.914444 0.690000
78 0.208004 0.911111 0.670000
79 0.209435 0.901111 0.650000
80 0.209292 0.911111 0.670000
81 0.196400 0.910000 0.670000
82 0.203111 0.912222 0.670000
83 0.200273 0.908889 0.680000
84 0.185977 0.914444 0.670000
85 0.204825 0.911111 0.660000
86 0.186716 0.912222 0.650000
87 0.195336 0.908889 0.630000
88 0.200881 0.907778 0.660000
89 0.194059 0.913333 0.680000
90 0.196047 0.905556 0.720000
91 0.193753 0.911111 0.650000
92 0.203453 0.908889 0.670000
93 0.199889 0.915556 0.680000
94 0.185216 0.913333 0.650000
95 0.181716 0.914444 0.660000
96 0.207154 0.912222 0.640000
97 0.188757 0.910000 0.660000
98 0.184076 0.915556 0.650000
99 0.194702 0.915556 0.660000
100 0.193041 0.914444 0.660000
101 0.177004 0.915556 0.670000
102 0.178762 0.914444 0.650000
103 0.176888 0.915556 0.670000
104 0.178968 0.916667 0.650000
105 0.176493 0.915556 0.630000
106 0.164453 0.917778 0.630000
107 0.163345 0.915556 0.640000
108 0.173818 0.920000 0.670000
109 0.174302 0.917778 0.660000
110 0.191706 0.915556 0.660000
111 0.176902 0.917778 0.660000
112 0.172298 0.916667 0.670000
113 0.166876 0.917778 0.680000
114 0.168328 0.917778 0.660000
115 0.171570 0.920000 0.650000
116 0.180071 0.917778 0.680000
117 0.165595 0.916667 0.670000
118 0.166863 0.920000 0.660000
119 0.158345 0.916667 0.680000
120 0.173851 0.917778 0.690000
121 0.173750 0.917778 0.670000
122 0.162977 0.917778 0.670000
123 0.173817 0.916667 0.700000
124 0.160873 0.917778 0.700000
125 0.165538 0.915556 0.640000
126 0.176237 0.917778 0.660000
127 0.173325 0.917778 0.670000
128 0.176319 0.916667 0.650000
129 0.168002 0.917778 0.680000
130 0.171653 0.918889 0.650000
131 0.173436 0.917778 0.690000
132 0.165668 0.916667 0.690000
133 0.170398 0.916667 0.690000
134 0.169560 0.913333 0.670000
135 0.171430 0.914444 0.670000
136 0.176083 0.918889 0.660000
137 0.166657 0.917778 0.670000
138 0.164920 0.917778 0.690000
139 0.163750 0.918889 0.680000
140 0.175456 0.918889 0.660000
141 0.166714 0.917778 0.680000
142 0.157664 0.917778 0.660000
143 0.163656 0.918889 0.650000
144 0.166483 0.916667 0.690000
145 0.167248 0.918889 0.700000
146 0.214628 0.907778 0.680000
147 0.200226 0.918889 0.660000
148 0.173753 0.917778 0.670000
149 0.168419 0.920000 0.650000
150 0.162197 0.920000 0.690000
151 0.170782 0.921111 0.670000
152 0.164789 0.920000 0.650000
153 0.166375 0.920000 0.690000
154 0.160745 0.918889 0.690000
155 0.163368 0.921111 0.670000
156 0.168844 0.918889 0.670000
157 0.165881 0.920000 0.680000
158 0.158667 0.918889 0.650000
159 0.160255 0.920000 0.650000
160 0.158747 0.918889 0.670000
161 0.166715 0.918889 0.670000
162 0.163121 0.917778 0.680000
163 0.170432 0.918889 0.690000
164 0.161079 0.918889 0.700000
165 0.156046 0.917778 0.690000
166 0.160239 0.918889 0.670000
167 0.165038 0.918889 0.690000
168 0.167427 0.918889 0.690000
169 0.168130 0.920000 0.680000
170 0.162023 0.920000 0.660000
171 0.170776 0.918889 0.670000
172 0.156626 0.920000 0.650000
173 0.163222 0.917778 0.670000
174 0.159218 0.917778 0.670000
175 0.169550 0.921111 0.670000
176 0.164198 0.920000 0.680000
177 0.159041 0.917778 0.660000
178 0.157852 0.917778 0.670000
179 0.160778 0.918889 0.680000
180 0.169429 0.918889 0.650000
181 0.164096 0.918889 0.660000
182 0.158909 0.917778 0.670000
183 0.151559 0.918889 0.670000
184 0.156858 0.921111 0.650000
185 0.156822 0.920000 0.670000
186 0.165596 0.920000 0.630000
187 0.159543 0.920000 0.690000
188 0.158001 0.916667 0.680000
189 0.152186 0.916667 0.660000
190 0.162080 0.918889 0.690000
191 0.154989 0.921111 0.650000
192 0.158565 0.920000 0.660000
193 0.162089 0.920000 0.670000
194 0.161286 0.920000 0.660000
195 0.164332 0.917778 0.670000
196 0.163117 0.918889 0.660000
197 0.157078 0.921111 0.660000
198 0.162869 0.918889 0.660000
199 0.159595 0.918889 0.680000
200 0.150592 0.918889 0.680000
201 0.159985 0.918889 0.670000
202 0.160364 0.920000 0.680000
203 0.157964 0.920000 0.680000
204 0.161245 0.918889 0.660000
205 0.158054 0.920000 0.660000
206 0.155574 0.918889 0.670000
207 0.161821 0.917778 0.670000
208 0.160791 0.918889 0.690000
209 0.155321 0.920000 0.670000
210 0.157164 0.920000 0.660000
211 0.159593 0.918889 0.660000
212 0.158778 0.918889 0.670000
213 0.154424 0.920000 0.670000
214 0.164186 0.918889 0.670000
215 0.157688 0.917778 0.680000
216 0.158091 0.918889 0.670000
217 0.161119 0.918889 0.680000
218 0.161556 0.918889 0.670000
219 0.163524 0.918889 0.690000
220 0.162714 0.918889 0.680000
221 0.158653 0.920000 0.690000
222 0.157957 0.918889 0.680000
223 0.159649 0.920000 0.670000
224 0.160682 0.920000 0.670000
225 0.157712 0.920000 0.670000
226 0.161562 0.921111 0.660000
227 0.157654 0.920000 0.680000
228 0.156444 0.920000 0.680000
229 0.153096 0.920000 0.680000
230 0.161110 0.920000 0.660000
231 0.156410 0.917778 0.670000
232 0.154568 0.918889 0.690000
233 0.154871 0.917778 0.700000
234 0.155141 0.918889 0.660000
235 0.158788 0.918889 0.670000
236 0.156418 0.918889 0.690000
237 0.158870 0.917778 0.680000
238 0.155328 0.918889 0.690000
239 0.154322 0.920000 0.680000
240 0.151142 0.918889 0.670000
241 0.157470 0.921111 0.660000
242 0.161007 0.920000 0.670000
243 0.154016 0.917778 0.660000
244 0.151127 0.918889 0.650000
245 0.156787 0.920000 0.660000
246 0.155120 0.920000 0.650000
247 0.163544 0.920000 0.690000
248 0.154909 0.920000 0.680000
249 0.155584 0.920000 0.670000
250 0.155349 0.921111 0.680000
251 0.158804 0.921111 0.660000
252 0.155051 0.921111 0.670000
253 0.147398 0.918889 0.670000
254 0.153628 0.920000 0.660000
255 0.154424 0.918889 0.660000
256 0.155168 0.920000 0.650000
257 0.152046 0.918889 0.680000
258 0.160211 0.920000 0.660000
259 0.155612 0.920000 0.660000
260 0.154002 0.920000 0.650000
261 0.155819 0.918889 0.670000
262 0.157625 0.918889 0.690000
263 0.157254 0.920000 0.670000
264 0.154013 0.918889 0.660000
265 0.157289 0.920000 0.660000
266 0.159965 0.921111 0.660000
267 0.157523 0.920000 0.680000
268 0.154782 0.920000 0.660000
269 0.156900 0.921111 0.660000
270 0.166745 0.921111 0.660000
271 0.164186 0.920000 0.660000
272 0.161087 0.918889 0.660000
273 0.154626 0.921111 0.640000
274 0.161666 0.920000 0.640000
275 0.156802 0.920000 0.650000
276 0.156465 0.920000 0.660000
277 0.156501 0.918889 0.650000
278 0.156960 0.920000 0.650000
279 0.159028 0.920000 0.660000
280 0.157443 0.920000 0.660000
281 0.155058 0.918889 0.670000
282 0.160591 0.921111 0.680000
283 0.154811 0.921111 0.660000
284 0.160753 0.920000 0.680000
285 0.161244 0.920000 0.650000
286 0.162485 0.921111 0.660000
287 0.154117 0.920000 0.670000
288 0.159132 0.920000 0.690000
289 0.164325 0.920000 0.680000
290 0.159721 0.920000 0.680000
291 0.156498 0.917778 0.680000
292 0.156088 0.918889 0.670000
293 0.154881 0.920000 0.680000
294 0.155081 0.920000 0.670000
295 0.152407 0.920000 0.680000
296 0.158790 0.920000 0.670000
297 0.154575 0.921111 0.670000
298 0.159779 0.921111 0.670000
299 0.156826 0.921111 0.680000
300 0.153712 0.921111 0.680000
301 0.148338 0.921111 0.680000
302 0.155158 0.921111 0.680000
303 0.156522 0.921111 0.670000
304 0.151207 0.921111 0.670000
305 0.151450 0.920000 0.670000
306 0.152108 0.920000 0.670000
307 0.150663 0.921111 0.680000
308 0.159790 0.920000 0.660000
309 0.158152 0.921111 0.670000
310 0.157084 0.921111 0.670000
311 0.158474 0.920000 0.680000
312 0.149721 0.918889 0.680000
313 0.157470 0.920000 0.670000
314 0.151443 0.920000 0.660000
315 0.150761 0.921111 0.670000
316 0.165077 0.921111 0.670000
317 0.158624 0.921111 0.670000
318 0.153679 0.921111 0.660000
319 0.153217 0.920000 0.660000
320 0.148214 0.921111 0.660000
321 0.152420 0.920000 0.670000
322 0.154116 0.921111 0.670000
323 0.157026 0.921111 0.660000
324 0.150311 0.921111 0.660000
325 0.156752 0.920000 0.670000
326 0.152747 0.918889 0.670000
327 0.147875 0.920000 0.660000
328 0.152647 0.920000 0.670000
329 0.155288 0.920000 0.670000
330 0.154157 0.920000 0.680000
331 0.158770 0.920000 0.690000
332 0.148629 0.920000 0.650000
333 0.150558 0.921111 0.660000
334 0.148463 0.920000 0.670000
335 0.149868 0.920000 0.680000
336 0.151819 0.920000 0.680000
337 0.153961 0.918889 0.660000
338 0.160995 0.920000 0.690000
339 0.154317 0.920000 0.690000
340 0.153674 0.920000 0.690000
341 0.154031 0.921111 0.680000
342 0.156252 0.920000 0.680000
343 0.159818 0.920000 0.690000
344 0.149902 0.920000 0.680000
345 0.156015 0.920000 0.680000
346 0.158271 0.920000 0.690000
347 0.157156 0.921111 0.670000
348 0.155481 0.921111 0.670000
349 0.158695 0.921111 0.670000
350 0.152536 0.918889 0.680000
