1 2.902498 0.711111 0.730000
2 0.849369 0.772222 0.740000
3 0.795567 0.785556 0.670000
4 0.656884 0.807778 0.690000
5 0.447584 0.816667 0.700000
6 0.523276 0.826667 0.700000
7 0.523001 0.815556 0.680000
8 0.392156 0.860000 0.730000
9 0.386657 0.833333 0.710000
10 0.346824 0.872222 0.720000
11 0.351337 0.865556 0.700000
12 0.338431 0.876667 0.730000
13 0.311767 0.881111 0.710000
14 0.316229 0.872222 0.720000
15 0.500432 0.847778 0.720000
16 0.360027 0.868889 0.720000
17 0.344923 0.870000 0.690000
18 0.314038 0.877778 0.730000
19 0.280300 0.867778 0.720000
20 0.315971 0.884444 0.720000
21 0.274153 0.881111 0.750000
22 0.308500 0.853333 0.720000
23 0.281177 0.892222 0.720000
24 0.285723 0.892222 0.740000
25 0.303700 0.886667 0.770000
26 0.291084 0.884444 0.760000
27 0.268649 0.892222 0.730000
28 0.244037 0.886667 0.750000
29 0.275092 0.888889 0.730000
30 0.261219 0.885556 0.740000
31 0.244126 0.884444 0.760000
32 0.330616 0.880000 0.720000
33 0.303009 0.890000 0.740000
34 0.270997 0.854444 0.750000
35 0.274609 0.884444 0.750000
36 0.253410 0.886667 0.720000
37 0.268656 0.893333 0.750000
38 0.250729 0.891111 0.740000
39 0.253540 0.891111 0.720000
40 0.263424 0.888889 0.750000
41 0.228098 0.896667 0.740000
42 0.223243 0.897778 0.750000
43 0.247208 0.895556 0.730000
44 0.247864 0.878889 0.730000
45 0.249065 0.894444 0.760000
46 0.229942 0.896667 0.740000
47 0.244492 0.895556 0.740000
48 0.227948 0.906667 0.740000
49 0.224018 0.891111 0.740000
50 0.212549 0.903333 0.730000
51 0.199920 0.895556 0.740000
52 0.195107 0.902222 0.750000
53 0.189511 0.905556 0.730000
54 0.195654 0.910000 0.740000
55 0.190512 0.903333 0.740000
56 0.191724 0.907778 0.740000
57 0.187652 0.903333 0.740000
58 0.188980 0.908889 0.730000
59 0.205502 0.904444 0.720000
60 0.194752 0.904444 0.750000
61 0.203870 0.903333 0.730000
62 0.212780 0.900000 0.770000
63 0.224464 0.900000 0.740000
64 0.202305 0.906667 0.750000
65 0.186246 0.910000 0.730000
66 0.206904 0.895556 0.740000
67 0.202191 0.904444 0.730000
68 0.193131 0.903333 0.720000
69 0.213972 0.901111 0.720000
70 0.199406 0.908889 0.710000
71 0.184930 0.910000 0.750000
72 0.192277 0.904444 0.730000
73 0.194086 0.903333 0.740000
74 0.202301 0.905556 0.730000
75 0.201753 0.898889 0.760000
76 0.186274 0.905556 0.740000
77 0.188534 0.900000 0.720000
78 0.192562 0.910000 0.730000
79 0.181356 0.902222 0.740000
80 0.192017 0.908889 0.750000
81 0.182187 0.901111 0.730000
82 0.180325 0.904444 0.710000
83 0.255151 0.882222 0.750000
84 0.239913 0.901111 0.750000
85 0.209450 0.901111 0.740000
86 0.202679 0.905556 0.780000
87 0.202539 0.906667 0.740000
88 0.202667 0.905556 0.720000
89 0.207240 0.913333 0.740000
90 0.190925 0.906667 0.730000
91 0.184417 0.908889 0.740000
92 0.188899 0.905556 0.730000
93 0.192179 0.906667 0.730000
94 0.193727 0.902222 0.690000
95 0.199023 0.908889 0.690000
96 0.210584 0.896667 0.730000
97 0.206649 0.907778 0.710000
98 0.201917 0.900000 0.690000
99 0.195288 0.912222 0.720000
100 0.184689 0.904444 0.720000
101 0.178734 0.903333 0.710000
102 0.178999 0.913333 0.700000
103 0.179663 0.905556 0.690000
104 0.171864 0.913333 0.700000
105 0.175086 0.906667 0.700000
106 0.179061 0.915556 0.720000
107 0.178872 0.908889 0.720000
108 0.184614 0.908889 0.720000
109 0.179318 0.908889 0.720000
110 0.178871 0.913333 0.720000
111 0.163638 0.912222 0.720000
112 0.171962 0.911111 0.700000
113 0.173595 0.910000 0.690000
114 0.166829 0.908889 0.740000
115 0.177304 0.912222 0.700000
116 0.173596 0.915556 0.690000
117 0.168945 0.910000 0.700000
118 0.179360 0.912222 0.700000
119 0.189718 0.912222 0.710000
120 0.184300 0.910000 0.730000
121 0.180363 0.913333 0.700000
122 0.179510 0.914444 0.710000
123 0.167650 0.908889 0.720000
124 0.172156 0.913333 0.710000
125 0.176363 0.911111 0.720000
126 0.175536 0.911111 0.720000
127 0.175946 0.910000 0.720000
128 0.166114 0.913333 0.720000
129 0.176136 0.908889 0.700000
130 0.179050 0.903333 0.740000
131 0.177537 0.913333 0.720000
132 0.178203 0.908889 0.720000
133 0.166600 0.911111 0.720000
134 0.174436 0.910000 0.690000
135 0.182787 0.906667 0.700000
136 0.164709 0.913333 0.720000
137 0.168290 0.912222 0.720000
138 0.166881 0.913333 0.710000
139 0.171485 0.912222 0.720000
140 0.171863 0.908889 0.740000
141 0.180747 0.906667 0.720000
142 0.166138 0.910000 0.710000
143 0.167744 0.913333 0.710000
144 0.174043 0.907778 0.710000
145 0.195238 0.910000 0.700000
146 0.188327 0.906667 0.740000
147 0.177662 0.910000 0.730000
148 0.201174 0.907778 0.750000
149 0.175812 0.914444 0.710000
150 0.173678 0.912222 0.710000
151 0.173319 0.912222 0.700000
152 0.168630 0.915556 0.710000
153 0.166275 0.916667 0.700000
154 0.168422 0.913333 0.700000
155 0.168712 0.914444 0.710000
156 0.162556 0.912222 0.700000
157 0.158987 0.911111 0.700000
158 0.163547 0.913333 0.700000
159 0.164096 0.913333 0.720000
160 0.162866 0.912222 0.700000
161 0.164865 0.913333 0.720000
162 0.171600 0.913333 0.710000
163 0.164759 0.914444 0.720000
164 0.167763 0.914444 0.710000
165 0.164120 0.913333 0.720000
166 0.166546 0.912222 0.690000
167 0.170197 0.914444 0.710000
168 0.181542 0.911111 0.700000
169 0.163380 0.910000 0.690000
170 0.160100 0.913333 0.700000
171 0.163989 0.910000 0.710000
172 0.162515 0.912222 0.720000
173 0.166938 0.913333 0.730000
174 0.168412 0.911111 0.710000
175 0.165633 0.911111 0.700000
176 0.163186 0.908889 0.720000
177 0.169555 0.914444 0.720000
178 0.168107 0.912222 0.710000
179 0.160579 0.911111 0.690000
180 0.168013 0.911111 0.700000
181 0.167353 0.912222 0.720000
182 0.160094 0.912222 0.730000
183 0.160812 0.912222 0.680000
184 0.168082 0.915556 0.730000
185 0.160357 0.913333 0.710000
186 0.162489 0.913333 0.720000
187 0.168891 0.911111 0.700000
188 0.166929 0.915556 0.710000
189 0.158453 0.912222 0.730000
190 0.165596 0.912222 0.710000
191 0.166470 0.914444 0.710000
192 0.163402 0.912222 0.740000
193 0.162655 0.914444 0.720000
194 0.164471 0.917778 0.710000
195 0.168607 0.915556 0.710000
196 0.165232 0.911111 0.720000
197 0.164341 0.910000 0.720000
198 0.160005 0.912222 0.730000
199 0.163089 0.911111 0.690000
200 0.161704 0.914444 0.720000
201 0.162992 0.912222 0.710000
202 0.166656 0.918889 0.710000
203 0.168807 0.915556 0.710000
204 0.156508 0.915556 0.720000
205 0.161366 0.912222 0.710000
206 0.159501 0.915556 0.700000
207 0.168800 0.914444 0.700000
208 0.161275 0.914444 0.720000
209 0.164402 0.916667 0.710000
210 0.155611 0.917778 0.720000
211 0.163523 0.913333 0.710000
212 0.160910 0.914444 0.710000
213 0.158221 0.913333 0.710000
214 0.166925 0.913333 0.710000
215 0.160193 0.915556 0.710000
216 0.162001 0.915556 0.710000
217 0.159189 0.915556 0.710000
218 0.177174 0.917778 0.700000
219 0.166836 0.914444 0.730000
220 0.163694 0.916667 0.690000
221 0.160462 0.916667 0.710000
222 0.162893 0.915556 0.710000
223 0.159821 0.915556 0.700000
224 0.158747 0.915556 0.710000
225 0.156067 0.914444 0.700000
226 0.166674 0.915556 0.710000
227 0.157438 0.916667 0.700000
228 0.160375 0.915556 0.690000
229 0.163402 0.916667 0.710000
230 0.166084 0.915556 0.700000
231 0.163325 0.914444 0.700000
232 0.150591 0.916667 0.710000
233 0.157196 0.916667 0.700000
234 0.162433 0.917778 0.700000
235 0.153640 0.917778 0.710000
236 0.167604 0.917778 0.690000
237 0.158131 0.916667 0.690000
238 0.158604 0.918889 0.700000
239 0.157410 0.918889 0.720000
240 0.161971 0.914444 0.710000
241 0.162320 0.917778 0.710000
242 0.163128 0.916667 0.720000
243 0.168733 0.917778 0.730000
244 0.159889 0.915556 0.710000
245 0.164802 0.916667 0.730000
246 0.161963 0.917778 0.710000
247 0.160198 0.917778 0.710000
248 0.170966 0.916667 0.710000
249 0.161009 0.915556 0.710000
250 0.170730 0.918889 0.720000
251 0.162406 0.918889 0.710000
252 0.155859 0.916667 0.720000
253 0.156878 0.917778 0.710000
254 0.165415 0.918889 0.710000
255 0.160936 0.916667 0.720000
256 0.162298 0.918889 0.710000
257 0.154978 0.918889 0.720000
258 0.168511 0.918889 0.720000
259 0.157998 0.916667 0.730000
260 0.163227 0.918889 0.700000
261 0.154781 0.918889 0.710000
262 0.163632 0.916667 0.710000
263 0.159093 0.918889 0.700000
264 0.158066 0.916667 0.700000
265 0.161996 0.917778 0.700000
266 0.159126 0.914444 0.690000
267 0.161476 0.915556 0.700000
268 0.156617 0.915556 0.700000
269 0.154512 0.914444 0.710000
270 0.166780 0.914444 0.700000
271 0.157592 0.914444 0.700000
272 0.155007 0.916667 0.710000
273 0.152796 0.918889 0.710000
274 0.158825 0.916667 0.710000
275 0.158587 0.917778 0.700000
276 0.166570 0.917778 0.700000
277 0.158863 0.916667 0.710000
278 0.159889 0.917778 0.720000
279 0.159281 0.917778 0.710000
280 0.156537 0.918889 0.710000
281 0.154752 0.915556 0.710000
282 0.162815 0.918889 0.710000
283 0.160769 0.917778 0.710000
284 0.159555 0.916667 0.700000
285 0.165304 0.917778 0.720000
286 0.166663 0.915556 0.710000
287 0.158873 0.917778 0.720000
288 0.161887 0.916667 0.720000
289 0.158560 0.917778 0.700000
290 0.166378 0.917778 0.720000
291 0.155946 0.916667 0.720000
292 0.159730 0.916667 0.730000
293 0.153724 0.914444 0.710000
294 0.164391 0.916667 0.710000
295 0.153963 0.916667 0.730000
296 0.160872 0.916667 0.720000
297 0.159954 0.916667 0.720000
298 0.164967 0.916667 0.700000
299 0.162708 0.916667 0.710000
300 0.159441 0.916667 0.700000
301 0.157280 0.916667 0.710000
302 0.158198 0.916667 0.710000
303 0.157490 0.916667 0.710000
304 0.151819 0.917778 0.700000
305 0.164535 0.916667 0.730000
306 0.159414 0.916667 0.720000
307 0.154958 0.916667 0.710000
308 0.160172 0.916667 0.710000
309 0.162664 0.917778 0.710000
310 0.160862 0.916667 0.710000
311 0.162764 0.916667 0.710000
312 0.154083 0.917778 0.710000
313 0.147891 0.917778 0.710000
314 0.162343 0.917778 0.700000
315 0.155712 0.917778 0.710000
316 0.154987 0.916667 0.710000
317 0.155946 0.917778 0.710000
318 0.156924 0.916667 0.720000
319 0.160762 0.916667 0.710000
320 0.156846 0.916667 0.710000
321 0.152209 0.917778 0.720000
322 0.166028 0.917778 0.710000
323 0.158602 0.916667 0.710000
324 0.159687 0.916667 0.700000
325 0.161618 0.916667 0.730000
326 0.154024 0.916667 0.710000
327 0.160028 0.916667 0.710000
328 0.158096 0.916667 0.720000
329 0.155204 0.917778 0.730000
330 0.159230 0.917778 0.720000
331 0.157616 0.916667 0.720000
332 0.155424 0.916667 0.710000
333 0.155514 0.916667 0.710000
334 0.163967 0.916667 0.710000
335 0.157983 0.917778 0.710000
336 0.161908 0.917778 0.710000
337 0.162335 0.917778 0.700000
338 0.154764 0.917778 0.700000
339 0.156217 0.917778 0.710000
340 0.160096 0.917778 0.720000
341 0.156275 0.917778 0.710000
342 0.160235 0.917778 0.700000
343 0.166020 0.917778 0.720000
344 0.156692 0.916667 0.710000
345 0.157096 0.916667 0.720000
346 0.160712 0.916667 0.720000
347 0.156771 0.916667 0.720000
348 0.157510 0.916667 0.720000
349 0.153255 0.916667 0.710000
350 0.159304 0.916667 0.720000
