1 2.509395 0.732222 0.730000
2 0.854765 0.775556 0.720000
3 0.525055 0.778889 0.730000
4 0.466517 0.832222 0.690000
5 0.426838 0.836667 0.670000
6 0.460558 0.845556 0.670000
7 0.561176 0.826667 0.690000
8 0.396266 0.863333 0.710000
9 0.317763 0.867778 0.700000
10 0.404914 0.817778 0.690000
11 0.399775 0.838889 0.690000
12 0.466778 0.828889 0.700000
13 0.382810 0.866667 0.710000
14 0.318442 0.863333 0.710000
15 0.308665 0.863333 0.720000
16 0.281339 0.877778 0.700000
17 0.309235 0.864444 0.680000
18 0.311855 0.865556 0.700000
19 0.282448 0.872222 0.680000
20 0.261155 0.888889 0.710000
21 0.288178 0.881111 0.680000
22 0.259575 0.886667 0.700000
23 0.263349 0.891111 0.710000
24 0.270585 0.886667 0.680000
25 0.264958 0.873333 0.700000
26 0.282929 0.888889 0.670000
27 0.245848 0.898889 0.710000
28 0.625975 0.846667 0.670000
29 0.358598 0.863333 0.690000
30 0.309543 0.878889 0.720000
31 0.281758 0.881111 0.670000
32 0.287367 0.870000 0.730000
33 0.278809 0.874444 0.660000
34 0.260273 0.884444 0.700000
35 0.258054 0.853333 0.660000
36 0.275930 0.878889 0.740000
37 0.248339 0.877778 0.720000
38 0.278837 0.882222 0.720000
39 0.262101 0.885556 0.700000
40 0.240793 0.893333 0.720000
41 0.253189 0.890000 0.740000
42 0.248438 0.888889 0.730000
43 0.252990 0.884444 0.750000
44 0.240755 0.892222 0.730000
45 0.234390 0.888889 0.710000
46 0.237821 0.886667 0.750000
47 0.240696 0.892222 0.740000
48 0.234791 0.893333 0.750000
49 0.239761 0.892222 0.720000
50 0.214460 0.894444 0.750000
51 0.207459 0.900000 0.740000
52 0.211666 0.893333 0.720000
53 0.211681 0.893333 0.740000
54 0.213179 0.902222 0.750000
55 0.201566 0.901111 0.770000
56 0.199387 0.902222 0.750000
57 0.197986 0.904444 0.750000
58 0.198247 0.902222 0.740000
59 0.204934 0.905556 0.730000
60 0.203628 0.900000 0.750000
61 0.194629 0.902222 0.730000
62 0.195576 0.901111 0.710000
63 0.196431 0.904444 0.720000
64 0.207179 0.897778 0.770000
65 0.198338 0.901111 0.760000
66 0.202511 0.896667 0.750000
67 0.205487 0.902222 0.730000
68 0.208200 0.904444 0.760000
69 0.195824 0.904444 0.790000
70 0.184462 0.901111 0.730000
71 0.200910 0.903333 0.720000
72 0.208293 0.902222 0.750000
73 0.193823 0.900000 0.740000
74 0.205500 0.897778 0.730000
75 0.227969 0.898889 0.740000
76 0.206687 0.897778 0.720000
77 0.207176 0.896667 0.710000
78 0.219973 0.895556 0.690000
79 0.203296 0.896667 0.730000
80 0.191581 0.904444 0.720000
81 0.206753 0.890000 0.750000
82 0.208941 0.902222 0.750000
83 0.197029 0.904444 0.740000
84 0.191270 0.905556 0.740000
85 0.199569 0.898889 0.680000
86 0.192179 0.901111 0.710000
87 0.183914 0.903333 0.680000
88 0.201481 0.902222 0.720000
89 0.195759 0.900000 0.750000
90 0.200728 0.902222 0.720000
91 0.189603 0.903333 0.720000
92 0.197067 0.904444 0.720000
93 0.206765 0.898889 0.740000
94 0.190564 0.904444 0.730000
95 0.203762 0.895556 0.760000
96 0.206072 0.904444 0.760000
97 0.206591 0.902222 0.710000
98 0.197902 0.900000 0.710000
99 0.195187 0.902222 0.740000
100 0.184950 0.905556 0.730000
101 0.177702 0.907778 0.750000
102 0.183848 0.903333 0.740000
103 0.179490 0.901111 0.740000
104 0.191834 0.904444 0.740000
105 0.182011 0.903333 0.730000
106 0.186735 0.906667 0.730000
107 0.180357 0.904444 0.750000
108 0.173290 0.903333 0.700000
109 0.185898 0.904444 0.700000
110 0.185786 0.903333 0.700000
111 0.230803 0.904444 0.730000
112 0.191090 0.905556 0.740000
113 0.180795 0.903333 0.720000
114 0.178571 0.901111 0.730000
115 0.178037 0.903333 0.710000
116 0.187827 0.906667 0.710000
117 0.177298 0.904444 0.740000
118 0.184462 0.905556 0.720000
119 0.173855 0.904444 0.700000
120 0.176716 0.904444 0.700000
121 0.178080 0.903333 0.690000
122 0.180585 0.908889 0.700000
123 0.180604 0.906667 0.730000
124 0.178469 0.905556 0.690000
125 0.178532 0.903333 0.730000
126 0.181026 0.903333 0.740000
127 0.183913 0.900000 0.730000
128 0.180560 0.905556 0.710000
129 0.180845 0.905556 0.700000
130 0.184282 0.905556 0.730000
131 0.181777 0.905556 0.710000
132 0.179350 0.905556 0.710000
133 0.172527 0.905556 0.700000
134 0.170473 0.905556 0.710000
135 0.174929 0.906667 0.700000
136 0.176210 0.906667 0.680000
137 0.175322 0.905556 0.740000
138 0.180002 0.905556 0.730000
139 0.186699 0.904444 0.710000
140 0.173173 0.904444 0.720000
141 0.182834 0.904444 0.730000
142 0.170639 0.905556 0.730000
143 0.174384 0.903333 0.710000
144 0.188058 0.905556 0.690000
145 0.182152 0.896667 0.720000
146 0.208400 0.902222 0.710000
147 0.185676 0.904444 0.700000
148 0.180190 0.903333 0.730000
149 0.181828 0.906667 0.720000
150 0.172046 0.905556 0.720000
151 0.173259 0.905556 0.720000
152 0.176949 0.906667 0.720000
153 0.178801 0.907778 0.710000
154 0.174461 0.906667 0.710000
155 0.173953 0.905556 0.710000
156 0.173289 0.907778 0.710000
157 0.175521 0.906667 0.700000
158 0.171717 0.906667 0.710000
159 0.167672 0.905556 0.710000
160 0.172544 0.905556 0.710000
161 0.180375 0.906667 0.730000
162 0.171202 0.906667 0.720000
163 0.177032 0.906667 0.690000
164 0.182324 0.906667 0.700000
165 0.173727 0.905556 0.690000
166 0.179674 0.908889 0.700000
167 0.174815 0.907778 0.700000
168 0.175564 0.904444 0.710000
169 0.168536 0.905556 0.700000
170 0.163357 0.904444 0.710000
171 0.174883 0.906667 0.700000
172 0.169099 0.905556 0.700000
173 0.173730 0.904444 0.710000
174 0.175870 0.905556 0.710000
175 0.176705 0.904444 0.720000
176 0.180262 0.907778 0.730000
177 0.168121 0.907778 0.700000
178 0.169435 0.905556 0.730000
179 0.168067 0.907778 0.710000
180 0.181486 0.907778 0.700000
181 0.178675 0.906667 0.720000
182 0.172156 0.905556 0.730000
183 0.178264 0.905556 0.730000
184 0.173174 0.903333 0.730000
185 0.172646 0.904444 0.710000
186 0.174927 0.905556 0.720000
187 0.178963 0.907778 0.740000
188 0.171197 0.906667 0.710000
189 0.173537 0.906667 0.710000
190 0.173867 0.905556 0.730000
191 0.178530 0.903333 0.720000
192 0.166284 0.906667 0.730000
193 0.174216 0.904444 0.710000
194 0.174160 0.906667 0.700000
195 0.172932 0.905556 0.710000
196 0.176491 0.907778 0.720000
197 0.170675 0.905556 0.710000
198 0.168566 0.905556 0.690000
199 0.177010 0.904444 0.720000
200 0.169071 0.906667 0.730000
201 0.169218 0.905556 0.740000
202 0.171338 0.905556 0.690000
203 0.172405 0.905556 0.690000
204 0.167065 0.906667 0.710000
205 0.170366 0.905556 0.710000
206 0.160126 0.907778 0.710000
207 0.177487 0.905556 0.720000
208 0.179481 0.905556 0.730000
209 0.172659 0.905556 0.700000
210 0.165401 0.907778 0.710000
211 0.162596 0.906667 0.730000
212 0.175178 0.905556 0.700000
213 0.165276 0.907778 0.700000
214 0.173411 0.906667 0.710000
215 0.177095 0.905556 0.690000
216 0.165643 0.906667 0.700000
217 0.167415 0.906667 0.700000
218 0.179274 0.907778 0.690000
219 0.176855 0.906667 0.690000
220 0.174969 0.907778 0.700000
221 0.168927 0.905556 0.720000
222 0.165828 0.906667 0.730000
223 0.165652 0.906667 0.720000
224 0.165320 0.906667 0.710000
225 0.178034 0.906667 0.700000
226 0.167991 0.907778 0.700000
227 0.166307 0.905556 0.700000
228 0.171890 0.905556 0.710000
229 0.168442 0.906667 0.710000
230 0.178888 0.904444 0.710000
231 0.172493 0.907778 0.720000
232 0.165837 0.908889 0.720000
233 0.169376 0.907778 0.700000
234 0.172584 0.907778 0.710000
235 0.171820 0.905556 0.710000
236 0.171988 0.906667 0.720000
237 0.171389 0.906667 0.720000
238 0.171476 0.907778 0.720000
239 0.167387 0.907778 0.720000
240 0.175937 0.904444 0.700000
241 0.171013 0.907778 0.710000
242 0.162542 0.907778 0.700000
243 0.169114 0.907778 0.690000
244 0.168674 0.907778 0.680000
245 0.175961 0.908889 0.690000
246 0.179555 0.905556 0.690000
247 0.177009 0.906667 0.690000
248 0.171328 0.905556 0.710000
249 0.160891 0.906667 0.700000
250 0.177372 0.907778 0.700000
251 0.167055 0.907778 0.690000
252 0.167942 0.907778 0.700000
253 0.164439 0.907778 0.720000
254 0.172157 0.907778 0.700000
255 0.169117 0.906667 0.710000
256 0.167685 0.908889 0.720000
257 0.170059 0.907778 0.690000
258 0.172462 0.907778 0.710000
259 0.169609 0.908889 0.710000
260 0.169563 0.908889 0.710000
261 0.172565 0.908889 0.700000
262 0.175078 0.907778 0.700000
263 0.168324 0.907778 0.710000
264 0.166616 0.908889 0.700000
265 0.163956 0.908889 0.710000
266 0.162924 0.907778 0.720000
267 0.173221 0.907778 0.730000
268 0.166630 0.907778 0.700000
269 0.162308 0.907778 0.720000
270 0.176816 0.907778 0.730000
271 0.177401 0.906667 0.710000
272 0.165536 0.905556 0.710000
273 0.170827 0.906667 0.710000
274 0.171154 0.906667 0.700000
275 0.168868 0.906667 0.700000
276 0.166149 0.906667 0.700000
277 0.176359 0.907778 0.720000
278 0.173796 0.907778 0.720000
279 0.167185 0.907778 0.690000
280 0.166498 0.907778 0.700000
281 0.164777 0.908889 0.690000
282 0.172423 0.906667 0.700000
283 0.170467 0.907778 0.690000
284 0.175249 0.907778 0.710000
285 0.173656 0.906667 0.690000
286 0.176996 0.907778 0.670000
287 0.172110 0.906667 0.690000
288 0.172358 0.907778 0.690000
289 0.167782 0.906667 0.690000
290 0.172086 0.907778 0.690000
291 0.167876 0.907778 0.700000
292 0.167546 0.905556 0.680000
293 0.159239 0.908889 0.690000
294 0.178986 0.905556 0.690000
295 0.164245 0.905556 0.700000
296 0.166536 0.906667 0.700000
297 0.167298 0.906667 0.710000
298 0.167989 0.906667 0.710000
299 0.168660 0.905556 0.710000
300 0.167608 0.905556 0.700000
301 0.168089 0.905556 0.710000
302 0.168400 0.906667 0.700000
303 0.170288 0.905556 0.710000
304 0.159401 0.906667 0.710000
305 0.171547 0.905556 0.720000
306 0.163177 0.905556 0.710000
307 0.171041 0.905556 0.700000
308 0.170112 0.905556 0.700000
309 0.167798 0.907778 0.700000
310 0.171102 0.906667 0.700000
311 0.172185 0.906667 0.700000
312 0.172243 0.905556 0.700000
313 0.162371 0.906667 0.690000
314 0.164818 0.906667 0.700000
315 0.164688 0.906667 0.710000
316 0.171279 0.906667 0.710000
317 0.170501 0.906667 0.700000
318 0.162753 0.905556 0.710000
319 0.170457 0.905556 0.700000
320 0.168497 0.904444 0.690000
321 0.159832 0.906667 0.690000
322 0.168082 0.907778 0.680000
323 0.167826 0.907778 0.690000
324 0.170542 0.905556 0.690000
325 0.166256 0.905556 0.680000
326 0.166783 0.906667 0.700000
327 0.166542 0.905556 0.690000
328 0.168832 0.908889 0.700000
329 0.167668 0.906667 0.660000
330 0.169393 0.908889 0.670000
331 0.167221 0.907778 0.690000
332 0.156823 0.906667 0.700000
333 0.167300 0.907778 0.700000
334 0.171655 0.907778 0.700000
335 0.158474 0.907778 0.690000
336 0.173937 0.907778 0.700000
337 0.165549 0.907778 0.690000
338 0.166145 0.905556 0.690000
339 0.163950 0.906667 0.710000
340 0.174717 0.905556 0.680000
341 0.178930 0.907778 0.710000
342 0.168151 0.906667 0.710000
343 0.168125 0.907778 0.690000
344 0.162658 0.907778 0.700000
345 0.173445 0.907778 0.690000
346 0.173774 0.907778 0.680000
347 0.167299 0.906667 0.710000
348 0.164240 0.907778 0.710000
349 0.165229 0.908889 0.700000
350 0.173538 0.906667 0.700000
