1 4.532878 0.481481 0.373333
2 2.618150 0.517037 0.420000
3 2.094754 0.514815 0.473333
4 1.410332 0.513333 0.446667
5 1.439565 0.465185 0.413333
6 1.096723 0.522963 0.406667
7 0.986191 0.574815 0.486667
8 1.085003 0.554815 0.480000
9 1.046043 0.571852 0.520000
10 0.975920 0.578519 0.506667
11 1.160007 0.555556 0.513333
12 1.286206 0.545926 0.500000
13 1.339963 0.546667 0.500000
14 1.027148 0.563704 0.486667
15 0.962445 0.551111 0.426667
16 1.012662 0.518519 0.486667
17 1.066305 0.567407 0.520000
18 1.005186 0.576296 0.486667
19 0.927025 0.580741 0.513333
20 0.998198 0.571852 0.500000
21 0.960278 0.562222 0.513333
22 0.896508 0.574815 0.466667
23 0.895224 0.596296 0.466667
24 0.866997 0.594815 0.453333
25 0.873416 0.605926 0.480000
26 0.852417 0.605926 0.426667
27 0.854558 0.595556 0.440000
28 0.848198 0.611852 0.473333
29 0.853791 0.608889 0.473333
30 0.844062 0.594815 0.473333
31 0.846490 0.604444 0.460000
32 0.862614 0.614815 0.493333
33 0.847138 0.616296 0.433333
34 0.869849 0.602222 0.420000
35 0.871496 0.605185 0.493333
36 0.830265 0.574074 0.373333
37 0.831268 0.620000 0.480000
38 0.813428 0.620000 0.473333
39 0.806582 0.616296 0.453333
40 0.821664 0.586667 0.406667
41 0.896991 0.605926 0.473333
42 0.827577 0.619259 0.433333
43 0.824628 0.590370 0.473333
44 0.835846 0.619259 0.473333
45 0.832266 0.591111 0.420000
46 0.807899 0.618519 0.420000
47 0.798403 0.612593 0.440000
48 0.805592 0.588889 0.406667
49 0.785579 0.630370 0.500000
50 0.781437 0.632593 0.486667
