1 1.516935 0.758824 0.777778
2 0.843171 0.835294 0.833333
3 0.621358 0.829412 0.666667
4 0.800090 0.758824 0.666667
5 0.423399 0.817647 0.777778
6 0.424871 0.894118 0.777778
7 0.347729 0.870588 0.888889
8 0.410377 0.888235 0.777778
9 0.371223 0.794118 0.666667
10 0.325540 0.794118 0.666667
11 0.355980 0.888235 0.777778
12 0.356973 0.452941 0.333333
13 0.331282 0.917647 0.777778
14 0.268500 0.947059 0.833333
15 0.287836 0.900000 0.722222
16 0.265627 0.894118 0.777778
17 0.261446 0.888235 0.777778
18 0.258060 0.894118 0.666667
19 0.245734 0.900000 0.777778
20 0.276313 0.917647 0.666667
21 0.314871 0.917647 0.777778
22 0.280885 0.764706 0.611111
23 0.241551 0.870588 0.833333
24 0.276977 0.817647 0.666667
25 0.264006 0.900000 0.666667
26 0.250695 0.923529 0.666667
27 0.233241 0.858824 0.666667
28 0.310195 0.917647 0.722222
29 0.234240 0.905882 0.666667
30 0.218352 0.917647 0.611111
31 0.217315 0.935294 0.666667
32 0.231024 0.923529 0.666667
33 0.200567 0.935294 0.666667
34 0.198336 0.911765 0.666667
35 0.213895 0.929412 0.666667
36 0.210578 0.905882 0.666667
37 0.228875 0.882353 0.888889
38 0.228587 0.876471 0.666667
39 0.253756 0.941176 0.666667
40 0.228633 0.923529 0.666667
41 0.232258 0.852941 0.611111
42 0.224799 0.876471 0.777778
43 0.213563 0.958824 0.722222
44 0.194450 0.935294 0.666667
45 0.210919 0.817647 0.611111
46 0.219681 0.929412 0.666667
47 0.186983 0.917647 0.611111
48 0.198141 0.958824 0.666667
49 0.194865 0.917647 0.611111
50 0.179812 0.970588 0.666667
51 0.174473 0.947059 0.666667
52 0.172104 0.923529 0.666667
53 0.163616 0.911765 0.666667
54 0.165829 0.929412 0.666667
55 0.157638 0.964706 0.666667
56 0.182779 0.947059 0.666667
57 0.168763 0.947059 0.666667
58 0.177275 0.964706 0.722222
59 0.164693 0.929412 0.666667
60 0.173152 0.976471 0.611111
61 0.166809 0.935294 0.722222
62 0.167100 0.911765 0.666667
63 0.161776 0.952941 0.666667
64 0.170776 0.935294 0.666667
65 0.176659 0.935294 0.666667
66 0.172052 0.929412 0.666667
67 0.163746 0.964706 0.722222
68 0.164729 0.947059 0.666667
69 0.174584 0.917647 0.666667
70 0.163650 0.923529 0.666667
71 0.181979 0.917647 0.666667
72 0.170855 0.911765 0.666667
73 0.181330 0.870588 0.666667
74 0.158915 0.958824 0.666667
75 0.158369 0.923529 0.666667
76 0.164398 0.958824 0.611111
77 0.166957 0.941176 0.666667
78 0.173363 0.970588 0.666667
79 0.168630 0.970588 0.722222
80 0.179088 0.929412 0.666667
81 0.161936 0.935294 0.666667
82 0.177777 0.817647 0.555556
83 0.161832 0.935294 0.666667
84 0.160583 0.941176 0.666667
85 0.168859 0.935294 0.722222
86 0.176604 0.964706 0.666667
87 0.160022 0.923529 0.666667
88 0.158746 0.947059 0.666667
89 0.172607 0.870588 0.666667
90 0.179773 0.941176 0.666667
91 0.168239 0.923529 0.722222
92 0.171095 0.923529 0.722222
93 0.183807 0.952941 0.722222
94 0.156217 0.911765 0.722222
95 0.162301 0.923529 0.666667
96 0.160200 0.905882 0.777778
97 0.161495 0.941176 0.666667
98 0.159609 0.958824 0.611111
99 0.160434 0.947059 0.722222
100 0.155773 0.917647 0.722222
101 0.139724 0.970588 0.666667
102 0.141617 0.947059 0.722222
103 0.143391 0.964706 0.722222
104 0.138047 0.964706 0.666667
105 0.148499 0.941176 0.722222
106 0.158177 0.941176 0.777778
107 0.158768 0.970588 0.777778
108 0.142360 0.958824 0.666667
109 0.147665 0.964706 0.722222
110 0.147118 0.970588 0.722222
111 0.151611 0.929412 0.722222
112 0.139626 0.935294 0.777778
113 0.145195 0.964706 0.777778
114 0.141871 0.958824 0.666667
115 0.149341 0.900000 0.722222
116 0.149957 0.970588 0.777778
117 0.145615 0.952941 0.722222
118 0.145877 0.952941 0.666667
119 0.149349 0.935294 0.722222
120 0.146532 0.947059 0.722222
121 0.150075 0.964706 0.777778
122 0.144369 0.923529 0.722222
123 0.155612 0.964706 0.777778
124 0.149885 0.976471 0.777778
125 0.150275 0.976471 0.777778
126 0.153017 0.976471 0.722222
127 0.148379 0.935294 0.722222
128 0.148233 0.923529 0.722222
129 0.157538 0.964706 0.722222
130 0.147177 0.964706 0.722222
131 0.149942 0.976471 0.777778
132 0.152692 0.923529 0.722222
133 0.142850 0.923529 0.722222
134 0.152732 0.976471 0.777778
135 0.146090 0.970588 0.777778
136 0.144582 0.958824 0.722222
137 0.155305 0.947059 0.611111
138 0.143119 0.970588 0.722222
139 0.152716 0.952941 0.777778
140 0.144447 0.964706 0.722222
141 0.147629 0.970588 0.722222
142 0.142247 0.970588 0.777778
143 0.141399 0.976471 0.777778
144 0.156476 0.976471 0.722222
145 0.143170 0.970588 0.722222
146 0.144561 0.964706 0.722222
147 0.163099 0.947059 0.722222
148 0.143645 0.958824 0.777778
149 0.151021 0.958824 0.666667
150 0.146472 0.935294 0.722222
151 0.138694 0.970588 0.722222
152 0.134817 0.958824 0.722222
153 0.136441 0.952941 0.722222
154 0.144191 0.970588 0.777778
155 0.134703 0.964706 0.777778
156 0.138663 0.976471 0.777778
157 0.138653 0.970588 0.777778
158 0.133783 0.970588 0.777778
159 0.144401 0.958824 0.722222
160 0.140854 0.970588 0.777778
161 0.142265 0.970588 0.777778
162 0.138032 0.964706 0.777778
163 0.133122 0.976471 0.777778
164 0.128914 0.935294 0.777778
165 0.141670 0.952941 0.777778
166 0.137552 0.964706 0.722222
167 0.143767 0.958824 0.777778
168 0.136809 0.947059 0.777778
169 0.139872 0.952941 0.722222
170 0.138240 0.964706 0.722222
171 0.135316 0.976471 0.777778
172 0.140478 0.976471 0.777778
173 0.133388 0.976471 0.777778
174 0.138728 0.970588 0.777778
175 0.138287 0.970588 0.777778
176 0.139572 0.947059 0.777778
177 0.135340 0.947059 0.777778
178 0.139242 0.964706 0.777778
179 0.133500 0.941176 0.777778
180 0.132843 0.970588 0.777778
181 0.135611 0.976471 0.777778
182 0.133683 0.970588 0.777778
183 0.137753 0.970588 0.722222
184 0.141320 0.952941 0.722222
185 0.132538 0.976471 0.777778
186 0.128057 0.976471 0.777778
187 0.140845 0.964706 0.722222
188 0.135237 0.964706 0.777778
189 0.144614 0.976471 0.722222
190 0.136912 0.970588 0.777778
191 0.139953 0.970588 0.777778
192 0.136565 0.935294 0.722222
193 0.139490 0.976471 0.777778
194 0.128226 0.970588 0.777778
195 0.139849 0.929412 0.722222
196 0.130310 0.964706 0.777778
197 0.141048 0.917647 0.722222
198 0.135252 0.964706 0.777778
199 0.130345 0.970588 0.722222
200 0.126346 0.976471 0.777778
201 0.130390 0.964706 0.777778
202 0.128590 0.970588 0.722222
203 0.129895 0.970588 0.777778
204 0.131732 0.976471 0.777778
205 0.128992 0.970588 0.777778
206 0.130295 0.976471 0.777778
207 0.128729 0.976471 0.777778
208 0.137249 0.964706 0.777778
209 0.128608 0.970588 0.777778
210 0.132094 0.976471 0.777778
211 0.133407 0.976471 0.777778
212 0.127308 0.970588 0.777778
213 0.133423 0.964706 0.777778
214 0.133537 0.970588 0.777778
215 0.127116 0.976471 0.777778
216 0.132293 0.947059 0.777778
217 0.124085 0.976471 0.777778
218 0.129659 0.964706 0.777778
219 0.136747 0.947059 0.777778
220 0.136029 0.964706 0.777778
221 0.132583 0.970588 0.777778
222 0.130932 0.976471 0.777778
223 0.131178 0.970588 0.777778
224 0.130768 0.964706 0.777778
225 0.130348 0.964706 0.777778
226 0.125516 0.970588 0.777778
227 0.128354 0.976471 0.777778
228 0.131375 0.970588 0.722222
229 0.137419 0.976471 0.777778
230 0.127866 0.947059 0.777778
231 0.126281 0.970588 0.777778
232 0.127625 0.970588 0.777778
233 0.134053 0.976471 0.777778
234 0.133008 0.976471 0.777778
235 0.132762 0.964706 0.777778
236 0.133825 0.976471 0.777778
237 0.121726 0.970588 0.777778
238 0.130674 0.970588 0.722222
239 0.127901 0.976471 0.722222
240 0.129871 0.970588 0.722222
241 0.135434 0.976471 0.777778
242 0.129154 0.976471 0.777778
243 0.129753 0.976471 0.722222
244 0.131473 0.964706 0.722222
245 0.128038 0.976471 0.777778
246 0.130874 0.976471 0.777778
247 0.132660 0.976471 0.722222
248 0.138959 0.976471 0.777778
249 0.136449 0.970588 0.777778
250 0.130718 0.976471 0.777778
251 0.133567 0.970588 0.777778
252 0.124108 0.976471 0.777778
253 0.129249 0.964706 0.777778
254 0.127178 0.976471 0.777778
255 0.127308 0.976471 0.777778
256 0.125944 0.970588 0.777778
257 0.127971 0.976471 0.777778
258 0.128751 0.964706 0.777778
259 0.128626 0.970588 0.777778
260 0.124574 0.970588 0.777778
261 0.129608 0.964706 0.777778
262 0.128812 0.976471 0.777778
263 0.126780 0.976471 0.777778
264 0.129853 0.976471 0.777778
265 0.129225 0.970588 0.777778
266 0.125301 0.970588 0.777778
267 0.129068 0.970588 0.777778
268 0.132056 0.976471 0.777778
269 0.123966 0.976471 0.777778
270 0.131867 0.964706 0.777778
271 0.130241 0.976471 0.777778
272 0.126980 0.970588 0.777778
273 0.131259 0.976471 0.777778
274 0.127149 0.964706 0.777778
275 0.124428 0.976471 0.777778
276 0.124986 0.976471 0.777778
277 0.124733 0.952941 0.722222
278 0.127630 0.970588 0.777778
279 0.127121 0.964706 0.777778
280 0.120801 0.976471 0.777778
281 0.127814 0.970588 0.722222
282 0.126315 0.970588 0.777778
283 0.121946 0.976471 0.777778
284 0.120129 0.976471 0.777778
285 0.126667 0.970588 0.777778
286 0.125777 0.976471 0.777778
287 0.127750 0.970588 0.777778
288 0.135877 0.976471 0.777778
289 0.124069 0.976471 0.777778
290 0.132205 0.976471 0.777778
291 0.129905 0.976471 0.777778
292 0.123486 0.976471 0.777778
293 0.130195 0.964706 0.777778
294 0.135192 0.976471 0.722222
295 0.125959 0.970588 0.777778
296 0.135826 0.976471 0.722222
297 0.135416 0.976471 0.777778
298 0.128519 0.976471 0.777778
299 0.127044 0.976471 0.777778
300 0.125595 0.976471 0.777778
301 0.124014 0.970588 0.777778
302 0.127674 0.976471 0.777778
303 0.127018 0.976471 0.777778
304 0.128725 0.970588 0.777778
305 0.126155 0.970588 0.777778
306 0.130572 0.976471 0.777778
307 0.124308 0.976471 0.777778
308 0.127813 0.976471 0.777778
309 0.122988 0.970588 0.777778
310 0.124241 0.976471 0.777778
311 0.132021 0.976471 0.777778
312 0.120662 0.970588 0.777778
313 0.128569 0.976471 0.777778
314 0.123724 0.964706 0.777778
315 0.123667 0.976471 0.777778
316 0.127000 0.976471 0.777778
317 0.126496 0.964706 0.777778
318 0.123934 0.976471 0.777778
319 0.123450 0.976471 0.777778
320 0.128554 0.976471 0.777778
321 0.128668 0.976471 0.777778
322 0.129011 0.970588 0.777778
323 0.130762 0.976471 0.777778
324 0.129946 0.970588 0.777778
325 0.127281 0.976471 0.777778
326 0.123655 0.976471 0.777778
327 0.124561 0.976471 0.777778
328 0.126401 0.976471 0.777778
329 0.128106 0.970588 0.777778
330 0.128469 0.976471 0.777778
331 0.128453 0.976471 0.777778
332 0.124899 0.976471 0.777778
333 0.123524 0.976471 0.777778
334 0.127298 0.970588 0.777778
335 0.127613 0.970588 0.777778
336 0.121827 0.976471 0.777778
337 0.122201 0.970588 0.777778
338 0.125591 0.976471 0.777778
339 0.119061 0.976471 0.777778
340 0.119517 0.970588 0.777778
341 0.128037 0.964706 0.777778
342 0.122587 0.970588 0.777778
343 0.126911 0.976471 0.777778
344 0.122731 0.976471 0.777778
345 0.129640 0.976471 0.777778
346 0.129293 0.976471 0.777778
347 0.118775 0.970588 0.777778
348 0.128917 0.976471 0.777778
349 0.123365 0.976471 0.777778
350 0.126446 0.976471 0.777778
