1 5.101041 0.455556 0.440000
2 2.371978 0.446667 0.473333
3 1.967404 0.506667 0.493333
4 1.451712 0.516296 0.440000
5 1.280652 0.566667 0.433333
6 1.345478 0.548148 0.453333
7 1.206635 0.569630 0.513333
8 1.072390 0.530370 0.453333
9 1.143042 0.534815 0.440000
10 1.024106 0.590370 0.480000
11 0.961508 0.587407 0.480000
12 0.971206 0.591852 0.473333
13 0.945466 0.580741 0.440000
14 0.983565 0.568148 0.466667
15 0.960888 0.556296 0.480000
16 0.946958 0.588889 0.500000
17 0.915670 0.585185 0.480000
18 0.923170 0.600741 0.473333
19 0.879202 0.607407 0.486667
20 0.893697 0.609630 0.480000
21 0.941660 0.565926 0.486667
22 0.984852 0.606667 0.473333
23 0.970960 0.594074 0.486667
24 0.914678 0.577778 0.480000
25 0.926818 0.607407 0.466667
26 0.878388 0.613333 0.486667
27 0.889510 0.612593 0.480000
28 0.855582 0.615556 0.453333
29 0.845280 0.624444 0.480000
30 0.858277 0.602963 0.460000
31 0.849236 0.616296 0.433333
32 0.832126 0.625185 0.493333
33 0.830486 0.620741 0.480000
34 0.828020 0.631852 0.446667
35 0.808514 0.625926 0.446667
36 0.830095 0.602963 0.420000
37 0.812453 0.628148 0.440000
38 0.787528 0.634815 0.446667
39 0.800979 0.630370 0.466667
40 0.822977 0.613333 0.440000
41 0.803099 0.629630 0.433333
42 0.810962 0.617778 0.413333
43 0.813886 0.632593 0.473333
44 0.792359 0.632593 0.433333
45 0.802846 0.591852 0.426667
46 0.833442 0.574815 0.473333
47 0.812878 0.622222 0.453333
48 0.802273 0.629630 0.480000
49 0.811540 0.629630 0.473333
50 0.797939 0.630370 0.466667
