1 3.396551 0.674194 0.705882
2 1.284623 0.725806 0.676471
3 1.341644 0.712903 0.764706
4 0.947562 0.709677 0.617647
5 0.904908 0.661290 0.529412
6 0.781070 0.745161 0.705882
7 0.770727 0.725806 0.705882
8 0.635534 0.770968 0.647059
9 0.933239 0.803226 0.676471
10 0.577666 0.767742 0.705882
11 0.635672 0.796774 0.705882
12 0.585820 0.864516 0.647059
13 0.402327 0.877419 0.647059
14 0.392604 0.854839 0.735294
15 0.504614 0.780645 0.617647
16 0.411197 0.874194 0.705882
17 0.402149 0.861290 0.676471
18 0.408684 0.890323 0.647059
19 0.315234 0.877419 0.705882
20 0.303746 0.912903 0.676471
21 0.305180 0.906452 0.647059
22 0.241938 0.909677 0.735294
23 0.239921 0.916129 0.676471
24 0.323133 0.900000 0.647059
25 0.295455 0.877419 0.647059
26 0.362663 0.858065 0.617647
27 0.306608 0.916129 0.705882
28 0.270356 0.838710 0.617647
29 0.271486 0.925806 0.617647
30 0.219682 0.932258 0.647059
31 0.267205 0.912903 0.705882
32 0.253384 0.912903 0.676471
33 0.236610 0.932258 0.676471
34 0.201095 0.938710 0.647059
35 0.314081 0.890323 0.705882
36 0.284941 0.925806 0.764706
37 0.234233 0.909677 0.705882
38 0.214973 0.922581 0.647059
39 0.186174 0.938710 0.647059
40 0.178568 0.929032 0.676471
41 0.185713 0.938710 0.647059
42 0.192467 0.912903 0.705882
43 0.276919 0.929032 0.705882
44 0.226981 0.929032 0.617647
45 0.192387 0.935484 0.647059
46 0.194135 0.932258 0.647059
47 0.330981 0.838710 0.647059
48 0.243933 0.938710 0.588235
49 0.185990 0.935484 0.617647
50 0.177256 0.948387 0.617647
51 0.159070 0.941935 0.617647
52 0.156225 0.948387 0.647059
53 0.150320 0.945161 0.647059
54 0.143180 0.945161 0.647059
55 0.155394 0.945161 0.676471
56 0.157520 0.954839 0.617647
57 0.147337 0.948387 0.617647
58 0.147785 0.941935 0.647059
59 0.145034 0.948387 0.676471
60 0.148976 0.954839 0.647059
61 0.145806 0.951613 0.676471
62 0.136208 0.951613 0.617647
63 0.140632 0.951613 0.647059
64 0.137050 0.951613 0.617647
65 0.145857 0.948387 0.647059
66 0.151954 0.941935 0.617647
67 0.172837 0.938710 0.647059
68 0.165701 0.935484 0.617647
69 0.152033 0.948387 0.588235
70 0.143369 0.948387 0.529412
71 0.185986 0.932258 0.617647
72 0.228681 0.916129 0.558824
73 0.212781 0.941935 0.647059
74 0.182959 0.948387 0.647059
75 0.173727 0.951613 0.617647
76 0.142427 0.954839 0.617647
77 0.147787 0.954839 0.647059
78 0.142603 0.948387 0.647059
79 0.172811 0.945161 0.617647
80 0.149739 0.948387 0.647059
81 0.148977 0.954839 0.676471
82 0.136430 0.948387 0.617647
83 0.143849 0.954839 0.617647
84 0.141270 0.951613 0.647059
85 0.142677 0.948387 0.647059
86 0.136206 0.958065 0.617647
87 0.147315 0.951613 0.647059
88 0.215599 0.922581 0.647059
89 0.268178 0.909677 0.617647
90 0.191904 0.951613 0.558824
91 0.169527 0.948387 0.558824
92 0.148759 0.951613 0.558824
93 0.151787 0.951613 0.588235
94 0.152471 0.958065 0.588235
95 0.186495 0.935484 0.676471
96 0.177225 0.945161 0.647059
97 0.189197 0.941935 0.676471
98 0.173809 0.958065 0.647059
99 0.141170 0.951613 0.647059
100 0.134182 0.951613 0.647059
101 0.123825 0.951613 0.647059
102 0.127870 0.954839 0.676471
103 0.123543 0.948387 0.676471
104 0.125298 0.951613 0.676471
105 0.125226 0.961290 0.676471
106 0.126859 0.967742 0.676471
107 0.120366 0.954839 0.676471
108 0.121548 0.951613 0.676471
109 0.124228 0.951613 0.705882
110 0.118245 0.951613 0.676471
111 0.119262 0.951613 0.676471
112 0.118786 0.961290 0.647059
113 0.122638 0.954839 0.676471
114 0.127308 0.954839 0.676471
115 0.121510 0.961290 0.676471
116 0.119278 0.954839 0.676471
117 0.112358 0.967742 0.676471
118 0.123441 0.964516 0.647059
119 0.119268 0.951613 0.705882
120 0.152755 0.958065 0.617647
121 0.136899 0.964516 0.676471
122 0.121094 0.958065 0.676471
123 0.121439 0.970968 0.676471
124 0.115586 0.964516 0.676471
125 0.119970 0.961290 0.676471
126 0.117291 0.958065 0.676471
127 0.117006 0.964516 0.676471
128 0.119108 0.964516 0.676471
129 0.119654 0.958065 0.676471
130 0.118610 0.954839 0.676471
131 0.110551 0.961290 0.676471
132 0.115588 0.964516 0.705882
133 0.133643 0.967742 0.647059
134 0.116102 0.967742 0.676471
135 0.110875 0.970968 0.647059
136 0.115314 0.964516 0.705882
137 0.126107 0.967742 0.705882
138 0.115827 0.964516 0.705882
139 0.113187 0.974194 0.735294
140 0.128570 0.967742 0.676471
141 0.131004 0.961290 0.705882
142 0.191311 0.954839 0.617647
143 0.135521 0.964516 0.676471
144 0.136355 0.951613 0.647059
145 0.147641 0.958065 0.705882
146 0.122664 0.958065 0.705882
147 0.123038 0.964516 0.705882
148 0.131043 0.961290 0.647059
149 0.114453 0.961290 0.617647
150 0.113073 0.964516 0.647059
151 0.107762 0.967742 0.647059
152 0.103109 0.967742 0.676471
153 0.097849 0.967742 0.647059
154 0.095524 0.967742 0.676471
155 0.104111 0.964516 0.676471
156 0.107185 0.967742 0.676471
157 0.101304 0.967742 0.676471
158 0.097081 0.967742 0.676471
159 0.103086 0.967742 0.676471
160 0.102316 0.967742 0.676471
161 0.102524 0.970968 0.676471
162 0.096040 0.970968 0.705882
163 0.096721 0.967742 0.647059
164 0.100949 0.964516 0.705882
165 0.092878 0.964516 0.676471
166 0.099787 0.967742 0.705882
167 0.101329 0.967742 0.735294
168 0.096198 0.970968 0.647059
169 0.092323 0.967742 0.705882
170 0.098298 0.970968 0.676471
171 0.103761 0.974194 0.676471
172 0.099911 0.967742 0.676471
173 0.101021 0.967742 0.705882
174 0.088906 0.970968 0.676471
175 0.107433 0.970968 0.647059
176 0.091842 0.970968 0.676471
177 0.096729 0.967742 0.676471
178 0.094306 0.970968 0.676471
179 0.095973 0.974194 0.705882
180 0.097436 0.974194 0.705882
181 0.095306 0.974194 0.617647
182 0.096430 0.970968 0.676471
183 0.089802 0.974194 0.676471
184 0.094912 0.964516 0.647059
185 0.100069 0.967742 0.705882
186 0.096602 0.967742 0.676471
187 0.098364 0.974194 0.617647
188 0.091148 0.977419 0.647059
189 0.091105 0.967742 0.676471
190 0.099988 0.964516 0.676471
191 0.098000 0.967742 0.676471
192 0.101796 0.970968 0.676471
193 0.094267 0.970968 0.676471
194 0.093266 0.970968 0.676471
195 0.100824 0.977419 0.647059
196 0.092981 0.974194 0.705882
197 0.092714 0.980645 0.647059
198 0.097157 0.974194 0.676471
199 0.096946 0.970968 0.676471
200 0.087201 0.980645 0.647059
201 0.084091 0.974194 0.705882
202 0.091888 0.974194 0.647059
203 0.089882 0.974194 0.705882
204 0.083733 0.980645 0.676471
205 0.083692 0.980645 0.705882
206 0.084277 0.977419 0.735294
207 0.088641 0.974194 0.676471
208 0.088681 0.980645 0.676471
209 0.089794 0.977419 0.676471
210 0.084213 0.977419 0.676471
211 0.087264 0.980645 0.647059
212 0.095737 0.980645 0.647059
213 0.086585 0.980645 0.705882
214 0.086638 0.983871 0.676471
215 0.089517 0.980645 0.676471
216 0.087463 0.977419 0.647059
217 0.083646 0.980645 0.647059
218 0.086869 0.974194 0.676471
219 0.091642 0.980645 0.705882
220 0.085994 0.983871 0.647059
221 0.081382 0.980645 0.676471
222 0.088841 0.977419 0.676471
223 0.095343 0.983871 0.617647
224 0.085147 0.977419 0.647059
225 0.088740 0.977419 0.705882
226 0.088845 0.980645 0.617647
227 0.087634 0.977419 0.617647
228 0.081859 0.974194 0.617647
229 0.080133 0.974194 0.617647
230 0.080061 0.977419 0.647059
231 0.085121 0.977419 0.647059
232 0.082775 0.980645 0.676471
233 0.088688 0.977419 0.647059
234 0.081340 0.977419 0.617647
235 0.084403 0.980645 0.676471
236 0.079378 0.977419 0.647059
237 0.083621 0.983871 0.647059
238 0.081944 0.977419 0.647059
239 0.085903 0.977419 0.647059
240 0.085289 0.980645 0.617647
241 0.076147 0.983871 0.617647
242 0.079511 0.987097 0.617647
243 0.075739 0.977419 0.676471
244 0.086188 0.983871 0.617647
245 0.076349 0.983871 0.617647
246 0.084473 0.980645 0.676471
247 0.082079 0.980645 0.647059
248 0.081646 0.983871 0.617647
249 0.083147 0.977419 0.617647
250 0.077572 0.980645 0.647059
251 0.080760 0.980645 0.647059
252 0.078103 0.980645 0.647059
253 0.075500 0.983871 0.647059
254 0.081940 0.983871 0.647059
255 0.073966 0.980645 0.647059
256 0.075693 0.980645 0.647059
257 0.074527 0.974194 0.647059
258 0.077994 0.980645 0.647059
259 0.082420 0.977419 0.647059
260 0.075721 0.983871 0.647059
261 0.081571 0.983871 0.647059
262 0.078850 0.983871 0.647059
263 0.078167 0.980645 0.647059
264 0.076325 0.980645 0.647059
265 0.078463 0.980645 0.647059
266 0.075363 0.977419 0.647059
267 0.073628 0.983871 0.647059
268 0.078701 0.980645 0.647059
269 0.075667 0.980645 0.647059
270 0.078424 0.980645 0.647059
271 0.075723 0.983871 0.647059
272 0.077592 0.977419 0.647059
273 0.078401 0.987097 0.647059
274 0.077890 0.983871 0.647059
275 0.074865 0.980645 0.647059
276 0.076338 0.980645 0.647059
277 0.075290 0.980645 0.647059
278 0.073195 0.983871 0.647059
279 0.074468 0.980645 0.647059
280 0.074640 0.980645 0.676471
281 0.078932 0.980645 0.676471
282 0.075149 0.980645 0.676471
283 0.072908 0.980645 0.676471
284 0.076791 0.980645 0.647059
285 0.076844 0.980645 0.676471
286 0.073725 0.983871 0.647059
287 0.075829 0.983871 0.676471
288 0.074062 0.977419 0.676471
289 0.079552 0.980645 0.647059
290 0.079276 0.983871 0.676471
291 0.077303 0.977419 0.676471
292 0.074305 0.983871 0.647059
293 0.073090 0.983871 0.647059
294 0.074682 0.980645 0.676471
295 0.074744 0.980645 0.647059
296 0.077226 0.980645 0.676471
297 0.071215 0.983871 0.676471
298 0.075791 0.983871 0.647059
299 0.074376 0.983871 0.647059
300 0.070734 0.980645 0.647059
301 0.068544 0.980645 0.676471
302 0.073470 0.983871 0.647059
303 0.076125 0.980645 0.647059
304 0.071621 0.983871 0.676471
305 0.073280 0.983871 0.676471
306 0.071648 0.980645 0.647059
307 0.075666 0.980645 0.647059
308 0.067538 0.980645 0.647059
309 0.075849 0.980645 0.676471
310 0.076163 0.983871 0.676471
311 0.075192 0.980645 0.647059
312 0.073848 0.983871 0.647059
313 0.075140 0.983871 0.705882
314 0.070755 0.980645 0.647059
315 0.075227 0.987097 0.705882
316 0.069987 0.980645 0.647059
317 0.076039 0.980645 0.647059
318 0.069749 0.980645 0.676471
319 0.073673 0.983871 0.647059
320 0.069456 0.983871 0.647059
321 0.072017 0.983871 0.647059
322 0.071233 0.980645 0.647059
323 0.069923 0.980645 0.647059
324 0.070937 0.983871 0.676471
325 0.073439 0.983871 0.676471
326 0.072404 0.980645 0.647059
327 0.072369 0.980645 0.676471
328 0.070570 0.980645 0.647059
329 0.073187 0.983871 0.647059
330 0.071162 0.980645 0.647059
331 0.073496 0.980645 0.676471
332 0.068159 0.983871 0.647059
333 0.071725 0.980645 0.676471
334 0.066369 0.980645 0.647059
335 0.071704 0.983871 0.676471
336 0.072362 0.980645 0.647059
337 0.073596 0.977419 0.676471
338 0.072102 0.980645 0.647059
339 0.076488 0.983871 0.647059
340 0.071822 0.980645 0.647059
341 0.069588 0.980645 0.676471
342 0.075046 0.980645 0.647059
343 0.070164 0.987097 0.647059
344 0.072654 0.983871 0.647059
345 0.074917 0.983871 0.647059
346 0.072915 0.983871 0.647059
347 0.074370 0.983871 0.676471
348 0.073567 0.983871 0.647059
349 0.071878 0.983871 0.676471
350 0.076219 0.980645 0.647059
