1 2.900218 0.747222 0.715000
2 0.902914 0.769667 0.712000
3 0.715332 0.774111 0.691000
4 0.607765 0.808333 0.703000
5 0.559177 0.805111 0.696000
6 0.491339 0.826333 0.691000
7 0.512073 0.812334 0.707000
8 0.440525 0.850333 0.717000
9 0.425376 0.839667 0.713000
10 0.382174 0.843556 0.688000
11 0.370188 0.858000 0.696000
12 0.368300 0.859000 0.714000
13 0.360704 0.858778 0.706000
14 0.336272 0.863222 0.705000
15 0.343423 0.863778 0.693000
16 0.320316 0.864222 0.702000
17 0.315221 0.872000 0.695000
18 0.315133 0.877111 0.697000
19 0.292611 0.871333 0.692000
20 0.298450 0.881000 0.695000
21 0.293396 0.872000 0.694000
22 0.298992 0.874778 0.689000
23 0.294937 0.877778 0.716000
24 0.281514 0.879778 0.692000
25 0.282354 0.882222 0.696000
26 0.283165 0.879889 0.701000
27 0.274395 0.886778 0.708000
28 0.308508 0.881000 0.707000
29 0.291669 0.886222 0.705000
30 0.286308 0.877444 0.700000
31 0.269500 0.884667 0.687000
32 0.308895 0.879333 0.712000
33 0.285772 0.881333 0.693000
34 0.280883 0.884667 0.696000
35 0.268811 0.884445 0.709000
36 0.255523 0.889889 0.701000
37 0.262085 0.884667 0.707000
38 0.285835 0.882444 0.708000
39 0.266469 0.890667 0.702000
40 0.265633 0.890111 0.695000
41 0.267948 0.881556 0.698000
42 0.250340 0.892222 0.688000
43 0.251731 0.894778 0.700000
44 0.257829 0.889444 0.691000
45 0.262328 0.882333 0.710000
46 0.251719 0.893778 0.700000
47 0.248143 0.891778 0.690000
48 0.246264 0.894111 0.690000
49 0.242541 0.896556 0.700000
50 0.223908 0.900333 0.694000
51 0.213229 0.897000 0.698000
52 0.219527 0.902889 0.713000
53 0.207132 0.904778 0.700000
54 0.208237 0.906222 0.706000
55 0.216117 0.903444 0.698000
56 0.207462 0.906000 0.696000
57 0.206992 0.904000 0.702000
58 0.200598 0.904333 0.693000
59 0.206706 0.903778 0.686000
60 0.198608 0.907000 0.705000
61 0.199760 0.905333 0.694000
62 0.203397 0.905333 0.696000
63 0.205826 0.905222 0.698000
64 0.202809 0.904778 0.712000
65 0.202394 0.905778 0.698000
66 0.211378 0.902111 0.689000
67 0.207189 0.901556 0.694000
68 0.204509 0.903111 0.689000
69 0.202249 0.904889 0.696000
70 0.203869 0.906222 0.708000
71 0.199038 0.905667 0.702000
72 0.200258 0.905555 0.699000
73 0.204761 0.904666 0.691000
74 0.199935 0.906444 0.692000
75 0.203126 0.905889 0.689000
76 0.201414 0.905111 0.691000
77 0.197779 0.905778 0.691000
78 0.201336 0.905111 0.706000
79 0.193871 0.908333 0.697000
80 0.192896 0.908889 0.703000
81 0.195628 0.904666 0.699000
82 0.206531 0.905445 0.699000
83 0.209231 0.903889 0.709000
84 0.203862 0.904222 0.698000
85 0.202944 0.904444 0.700000
86 0.195905 0.906889 0.706000
87 0.194499 0.904889 0.693000
88 0.198865 0.905334 0.703000
89 0.201680 0.909444 0.702000
90 0.192263 0.908333 0.702000
91 0.189817 0.904222 0.688000
92 0.204724 0.901111 0.702000
93 0.202052 0.906334 0.697000
94 0.196579 0.906555 0.704000
95 0.199404 0.907555 0.700000
96 0.202707 0.905000 0.699000
97 0.200968 0.907445 0.693000
98 0.203900 0.902889 0.683000
99 0.204379 0.904667 0.704000
100 0.193486 0.908555 0.694000
101 0.175966 0.909666 0.703000
102 0.179915 0.911556 0.695000
103 0.178623 0.909111 0.693000
104 0.178075 0.912556 0.692000
105 0.179160 0.906555 0.689000
106 0.177794 0.910222 0.704000
107 0.175317 0.909444 0.695000
108 0.177460 0.910334 0.701000
109 0.179222 0.909889 0.701000
110 0.176306 0.910889 0.696000
111 0.173980 0.910556 0.697000
112 0.177337 0.910778 0.689000
113 0.177166 0.911333 0.688000
114 0.172385 0.906889 0.696000
115 0.177657 0.908556 0.699000
116 0.180220 0.910889 0.702000
117 0.173297 0.910556 0.697000
118 0.173544 0.910333 0.688000
119 0.177707 0.910444 0.704000
120 0.178208 0.910000 0.704000
121 0.180705 0.910889 0.705000
122 0.174710 0.909889 0.699000
123 0.179189 0.910666 0.688000
124 0.177712 0.910778 0.691000
125 0.175764 0.910444 0.700000
126 0.175753 0.909555 0.695000
127 0.173967 0.909000 0.691000
128 0.170957 0.910000 0.702000
129 0.179146 0.909444 0.689000
130 0.176966 0.910444 0.697000
131 0.174904 0.911444 0.700000
132 0.179095 0.910667 0.692000
133 0.173581 0.910667 0.700000
134 0.174991 0.911445 0.698000
135 0.176352 0.910000 0.698000
136 0.177030 0.911222 0.694000
137 0.179869 0.908778 0.695000
138 0.176448 0.910556 0.691000
139 0.176859 0.909667 0.698000
140 0.178947 0.908111 0.694000
141 0.177904 0.909222 0.695000
142 0.172033 0.910889 0.700000
143 0.171661 0.911667 0.698000
144 0.180273 0.909556 0.708000
145 0.182887 0.909000 0.694000
146 0.181363 0.911111 0.702000
147 0.173648 0.910667 0.693000
148 0.177511 0.909889 0.701000
149 0.179054 0.911000 0.700000
150 0.174728 0.913000 0.697000
151 0.171316 0.911778 0.698000
152 0.169311 0.912556 0.692000
153 0.170510 0.912778 0.696000
154 0.168349 0.912556 0.695000
155 0.165192 0.912889 0.694000
156 0.168076 0.911444 0.698000
157 0.167479 0.911778 0.691000
158 0.164530 0.912000 0.698000
159 0.168430 0.912667 0.697000
160 0.165971 0.912111 0.699000
161 0.167769 0.912222 0.702000
162 0.168228 0.912444 0.704000
163 0.167923 0.912000 0.700000
164 0.169670 0.913111 0.693000
165 0.166887 0.911444 0.699000
166 0.166977 0.911889 0.695000
167 0.170699 0.912778 0.700000
168 0.170681 0.910667 0.698000
169 0.164452 0.912556 0.695000
170 0.163423 0.913555 0.690000
171 0.170983 0.911444 0.689000
172 0.166925 0.912222 0.697000
173 0.170083 0.912778 0.709000
174 0.168042 0.911334 0.702000
175 0.169230 0.911667 0.700000
176 0.169789 0.911333 0.691000
177 0.166655 0.912222 0.706000
178 0.164946 0.912222 0.692000
179 0.168070 0.912667 0.684000
180 0.170502 0.912889 0.693000
181 0.164096 0.912555 0.697000
182 0.164206 0.912556 0.696000
183 0.164676 0.912444 0.697000
184 0.166737 0.913445 0.695000
185 0.164384 0.912889 0.690000
186 0.167747 0.911889 0.699000
187 0.171133 0.912667 0.690000
188 0.166674 0.912000 0.695000
189 0.164778 0.911889 0.694000
190 0.165660 0.912111 0.694000
191 0.165546 0.913000 0.692000
192 0.163212 0.912444 0.701000
193 0.166871 0.912333 0.703000
194 0.165246 0.912778 0.690000
195 0.168029 0.911889 0.697000
196 0.169327 0.912667 0.694000
197 0.167490 0.911889 0.693000
198 0.163252 0.911000 0.695000
199 0.167689 0.912222 0.691000
200 0.161964 0.913111 0.689000
201 0.163388 0.913222 0.694000
202 0.164512 0.913667 0.697000
203 0.165916 0.913222 0.698000
204 0.162273 0.913444 0.702000
205 0.161777 0.912556 0.693000
206 0.161501 0.913222 0.691000
207 0.166179 0.912889 0.692000
208 0.165594 0.913222 0.684000
209 0.167207 0.913556 0.692000
210 0.162014 0.913889 0.696000
211 0.161427 0.912889 0.685000
212 0.164820 0.913444 0.695000
213 0.162711 0.913000 0.696000
214 0.165090 0.912444 0.698000
215 0.162645 0.912778 0.701000
216 0.161515 0.913889 0.696000
217 0.162708 0.913778 0.693000
218 0.168917 0.913333 0.697000
219 0.165962 0.912444 0.699000
220 0.163171 0.913000 0.696000
221 0.162267 0.913445 0.696000
222 0.163099 0.913333 0.692000
223 0.163168 0.913556 0.692000
224 0.163841 0.913333 0.694000
225 0.164184 0.912889 0.693000
226 0.164094 0.913222 0.693000
227 0.160439 0.913445 0.695000
228 0.165663 0.912556 0.685000
229 0.160221 0.913000 0.691000
230 0.167031 0.913444 0.688000
231 0.162634 0.912889 0.687000
232 0.159183 0.913667 0.689000
233 0.159483 0.914000 0.690000
234 0.162268 0.913222 0.685000
235 0.159676 0.913445 0.699000
236 0.165647 0.913667 0.699000
237 0.166693 0.913445 0.691000
238 0.160059 0.913222 0.698000
239 0.163381 0.913333 0.699000
240 0.161601 0.912333 0.704000
241 0.163952 0.913667 0.699000
242 0.162900 0.913000 0.704000
243 0.166323 0.913333 0.698000
244 0.159824 0.912889 0.700000
245 0.165150 0.913778 0.699000
246 0.163155 0.913778 0.694000
247 0.163771 0.913667 0.697000
248 0.166022 0.913778 0.693000
249 0.160029 0.913778 0.701000
250 0.167168 0.914000 0.696000
251 0.162402 0.914111 0.693000
252 0.159324 0.914000 0.697000
253 0.157557 0.913778 0.692000
254 0.162978 0.913444 0.694000
255 0.159515 0.914000 0.698000
256 0.162122 0.914222 0.693000
257 0.158283 0.913889 0.701000
258 0.165028 0.914445 0.696000
259 0.159272 0.914000 0.701000
260 0.162107 0.914556 0.699000
261 0.161972 0.914000 0.695000
262 0.164511 0.914000 0.694000
263 0.158107 0.914111 0.699000
264 0.161383 0.913444 0.694000
265 0.159210 0.913889 0.700000
266 0.161147 0.913889 0.693000
267 0.162249 0.913556 0.696000
268 0.161953 0.913556 0.695000
269 0.159111 0.913889 0.698000
270 0.165584 0.913555 0.699000
271 0.163849 0.913889 0.695000
272 0.158458 0.913333 0.696000
273 0.159962 0.914333 0.701000
274 0.161508 0.913778 0.700000
275 0.160070 0.914111 0.691000
276 0.161530 0.914000 0.687000
277 0.163353 0.914667 0.692000
278 0.162060 0.914000 0.695000
279 0.161686 0.914111 0.690000
280 0.159931 0.914000 0.699000
281 0.160194 0.914000 0.690000
282 0.163913 0.914222 0.695000
283 0.161869 0.913889 0.695000
284 0.164265 0.913778 0.693000
285 0.166375 0.913889 0.697000
286 0.166098 0.914111 0.693000
287 0.161509 0.914222 0.699000
288 0.162445 0.914111 0.695000
289 0.160202 0.914333 0.688000
290 0.162679 0.914111 0.696000
291 0.160344 0.913889 0.700000
292 0.160496 0.913222 0.698000
293 0.155304 0.914111 0.694000
294 0.164043 0.914111 0.691000
295 0.157808 0.913778 0.694000
296 0.160607 0.914111 0.695000
297 0.160909 0.913889 0.699000
298 0.160741 0.914000 0.692000
299 0.159922 0.913111 0.690000
300 0.158035 0.913778 0.692000
301 0.159227 0.914000 0.691000
302 0.163264 0.914222 0.691000
303 0.162395 0.913889 0.689000
304 0.156018 0.914000 0.693000
305 0.160180 0.914000 0.695000
306 0.158959 0.913556 0.695000
307 0.160000 0.913778 0.704000
308 0.161147 0.914111 0.697000
309 0.161794 0.914333 0.691000
310 0.162798 0.914445 0.696000
311 0.162008 0.914333 0.694000
312 0.159842 0.914889 0.693000
313 0.159747 0.914445 0.691000
314 0.157130 0.914556 0.694000
315 0.156428 0.914556 0.690000
316 0.162804 0.914333 0.692000
317 0.162631 0.914222 0.696000
318 0.160433 0.913667 0.692000
319 0.160582 0.914111 0.690000
320 0.158551 0.914222 0.696000
321 0.158530 0.914333 0.696000
322 0.160002 0.914445 0.688000
323 0.161331 0.913889 0.695000
324 0.159438 0.914000 0.696000
325 0.160471 0.914000 0.695000
326 0.158804 0.914111 0.693000
327 0.159632 0.913778 0.694000
328 0.159967 0.913555 0.696000
329 0.159517 0.914111 0.699000
330 0.160358 0.914222 0.692000
331 0.158717 0.914333 0.697000
332 0.157614 0.914222 0.698000
333 0.157079 0.914222 0.699000
334 0.159682 0.913444 0.698000
335 0.156726 0.913889 0.699000
336 0.160918 0.913445 0.694000
337 0.160939 0.914111 0.694000
338 0.163195 0.914333 0.697000
339 0.157442 0.913889 0.696000
340 0.162126 0.914222 0.694000
341 0.160625 0.914445 0.700000
342 0.161370 0.913889 0.694000
343 0.163678 0.914111 0.698000
344 0.157632 0.913889 0.699000
345 0.161439 0.913556 0.699000
346 0.161692 0.914222 0.700000
347 0.160876 0.914111 0.695000
348 0.161155 0.914000 0.694000
349 0.161332 0.914111 0.695000
350 0.161867 0.914333 0.697000
