1 4.910934 0.489111 0.436667
2 2.433977 0.497704 0.448667
3 1.990640 0.514889 0.452667
4 1.582475 0.510518 0.442667
5 1.393736 0.542148 0.465333
6 1.236834 0.547482 0.470000
7 1.150518 0.553333 0.464000
8 1.115821 0.561704 0.475333
9 1.042781 0.566667 0.476000
10 0.979127 0.583704 0.490000
11 0.945000 0.589037 0.484000
12 0.958978 0.586370 0.479333
13 0.977402 0.582370 0.475333
14 0.977990 0.585630 0.486667
15 0.937444 0.592815 0.489333
16 0.918075 0.592815 0.497333
17 0.911539 0.578074 0.466000
18 0.893626 0.599704 0.488000
19 0.899220 0.599778 0.488667
20 0.882047 0.605704 0.484667
21 0.890638 0.602963 0.498667
22 0.927291 0.597926 0.472667
23 0.895696 0.602222 0.478667
24 0.890738 0.598297 0.482667
25 0.884745 0.606370 0.470000
26 0.868292 0.612444 0.490000
27 0.874704 0.611556 0.486667
28 0.859857 0.609852 0.488667
29 0.868655 0.614667 0.494667
30 0.867275 0.611481 0.480000
31 0.849976 0.616593 0.483333
32 0.845987 0.617037 0.486667
33 0.842928 0.620444 0.499333
34 0.838006 0.616074 0.484667
35 0.827816 0.618370 0.479333
36 0.828808 0.612222 0.476667
37 0.822470 0.619111 0.469333
38 0.821112 0.621407 0.490000
39 0.814742 0.623556 0.480667
40 0.819666 0.608148 0.480667
41 0.819411 0.622000 0.476667
42 0.837596 0.615185 0.474666
43 0.836272 0.615704 0.488667
44 0.831460 0.621482 0.492000
45 0.824213 0.609704 0.476667
46 0.828145 0.604444 0.477333
47 0.813694 0.624741 0.489333
48 0.818343 0.614889 0.475333
49 0.822573 0.620889 0.486000
50 0.805622 0.628074 0.478667
