1 1.523928 0.739645 0.842105
2 0.659036 0.804734 0.789474
3 0.541709 0.869822 0.842105
4 0.488402 0.857988 0.842105
5 0.532325 0.852071 0.842105
6 0.565061 0.881657 0.894737
7 0.440341 0.846154 0.894737
8 0.432745 0.893491 0.842105
9 0.375184 0.881657 0.842105
10 0.454936 0.769231 0.842105
11 0.323496 0.887574 0.894737
12 0.397372 0.633136 0.578947
13 0.312003 0.899408 0.894737
14 0.315541 0.899408 0.842105
15 0.364198 0.810651 0.631579
16 0.321646 0.863905 0.894737
17 0.322582 0.863905 0.894737
18 0.291959 0.899408 0.894737
19 0.317650 0.869822 0.789474
20 0.310418 0.893491 0.894737
21 0.336409 0.905325 0.947368
22 0.306609 0.893491 0.894737
23 0.265320 0.893491 0.947368
24 0.272978 0.887574 0.736842
25 0.299621 0.899408 0.894737
26 0.275732 0.899408 0.894737
27 0.269318 0.887574 0.894737
28 0.320214 0.881657 0.894737
29 0.292966 0.911243 0.894737
30 0.281510 0.893491 0.894737
31 0.282885 0.834320 0.736842
32 0.284810 0.893491 0.947368
33 0.271047 0.905325 0.842105
34 0.270936 0.905325 0.842105
35 0.260458 0.899408 0.947368
36 0.242344 0.905325 0.947368
37 0.243754 0.840237 0.736842
38 0.246432 0.899408 0.947368
39 0.244008 0.934911 0.894737
40 0.242122 0.940828 0.894737
41 0.276012 0.899408 0.842105
42 0.231764 0.934911 0.842105
43 0.249542 0.905325 0.947368
44 0.247731 0.875740 0.947368
45 0.228078 0.917160 0.894737
46 0.242157 0.893491 0.894737
47 0.222559 0.940828 0.894737
48 0.226264 0.928994 0.894737
49 0.232093 0.911243 0.947368
50 0.201573 0.940828 0.947368
51 0.197853 0.952663 0.947368
52 0.198830 0.899408 0.947368
53 0.202304 0.928994 0.894737
54 0.202348 0.946746 0.947368
55 0.210071 0.911243 0.894737
56 0.205645 0.899408 0.894737
57 0.208616 0.911243 0.894737
58 0.190483 0.958580 0.947368
59 0.212489 0.911243 0.947368
60 0.214809 0.946746 0.947368
61 0.206591 0.899408 0.947368
62 0.208826 0.917160 0.947368
63 0.205660 0.899408 0.947368
64 0.202951 0.952663 0.894737
65 0.203553 0.911243 0.947368
66 0.204415 0.946746 0.947368
67 0.204656 0.946746 0.947368
68 0.193374 0.899408 0.947368
69 0.198145 0.917160 0.894737
70 0.203014 0.952663 0.894737
71 0.203545 0.899408 0.947368
72 0.204774 0.928994 0.947368
73 0.196082 0.911243 0.894737
74 0.204479 0.917160 0.947368
75 0.207417 0.958580 1.000000
76 0.206696 0.923077 0.947368
77 0.208488 0.911243 0.947368
78 0.197275 0.946746 0.947368
79 0.209857 0.923077 0.947368
80 0.208084 0.946746 1.000000
81 0.205832 0.917160 0.947368
82 0.204851 0.934911 0.947368
83 0.196912 0.946746 0.842105
84 0.199384 0.911243 0.894737
85 0.203476 0.923077 0.947368
86 0.194465 0.928994 0.894737
87 0.199908 0.928994 0.947368
88 0.197318 0.958580 0.947368
89 0.202216 0.905325 0.894737
90 0.212451 0.887574 0.789474
91 0.205596 0.946746 0.947368
92 0.199767 0.917160 0.947368
93 0.195816 0.946746 0.947368
94 0.193988 0.958580 0.947368
95 0.187158 0.911243 0.947368
96 0.193067 0.964497 0.894737
97 0.196905 0.923077 0.894737
98 0.185759 0.899408 0.947368
99 0.201891 0.911243 0.894737
100 0.187097 0.958580 0.947368
101 0.185463 0.923077 0.947368
102 0.175096 0.958580 0.947368
103 0.176310 0.899408 0.947368
104 0.189006 0.958580 0.947368
105 0.181847 0.911243 0.947368
106 0.185097 0.964497 1.000000
107 0.181521 0.958580 0.894737
108 0.180862 0.958580 1.000000
109 0.182962 0.964497 0.947368
110 0.176552 0.958580 0.947368
111 0.190735 0.958580 0.947368
112 0.178998 0.940828 0.947368
113 0.173529 0.958580 0.947368
114 0.187126 0.958580 0.947368
115 0.176032 0.911243 0.947368
116 0.175836 0.911243 0.947368
117 0.179293 0.911243 0.947368
118 0.201833 0.923077 0.947368
119 0.187414 0.964497 0.947368
120 0.184102 0.917160 0.947368
121 0.180051 0.958580 0.947368
122 0.181174 0.946746 0.947368
123 0.182605 0.958580 0.947368
124 0.183334 0.946746 1.000000
125 0.178435 0.940828 0.947368
126 0.179871 0.952663 0.947368
127 0.176867 0.958580 0.894737
128 0.180320 0.928994 0.947368
129 0.183365 0.875740 0.736842
130 0.183056 0.952663 0.947368
131 0.184245 0.958580 0.894737
132 0.184187 0.917160 0.947368
133 0.197020 0.952663 0.947368
134 0.189636 0.923077 0.947368
135 0.194486 0.946746 0.947368
136 0.194151 0.940828 0.947368
137 0.184997 0.958580 0.947368
138 0.177372 0.964497 1.000000
139 0.183564 0.923077 0.947368
140 0.180992 0.964497 1.000000
141 0.180874 0.934911 0.947368
142 0.193279 0.946746 0.947368
143 0.193175 0.928994 0.947368
144 0.178448 0.923077 0.947368
145 0.183117 0.917160 0.789474
146 0.190936 0.964497 1.000000
147 0.187166 0.917160 0.947368
148 0.186702 0.946746 0.894737
149 0.188241 0.964497 0.947368
150 0.176718 0.964497 1.000000
151 0.185766 0.952663 0.947368
152 0.170701 0.952663 0.894737
153 0.173191 0.899408 0.947368
154 0.175555 0.958580 0.947368
155 0.172920 0.911243 0.947368
156 0.176971 0.934911 0.947368
157 0.177999 0.964497 0.947368
158 0.166752 0.923077 0.947368
159 0.178970 0.928994 0.947368
160 0.174897 0.911243 0.947368
161 0.178098 0.923077 0.947368
162 0.178747 0.899408 0.947368
163 0.172781 0.958580 0.947368
164 0.182649 0.958580 0.947368
165 0.176443 0.923077 0.947368
166 0.173139 0.958580 1.000000
167 0.175692 0.917160 0.947368
168 0.174554 0.928994 0.947368
169 0.170174 0.923077 0.947368
170 0.176424 0.928994 0.947368
171 0.177661 0.958580 1.000000
172 0.172508 0.899408 0.947368
173 0.176762 0.946746 1.000000
174 0.172676 0.917160 0.947368
175 0.178560 0.917160 0.947368
176 0.177185 0.917160 0.947368
177 0.172492 0.946746 0.947368
178 0.167490 0.964497 1.000000
179 0.170147 0.952663 1.000000
180 0.169675 0.958580 0.947368
181 0.171970 0.911243 0.947368
182 0.167509 0.928994 0.947368
183 0.183378 0.946746 0.947368
184 0.173046 0.946746 0.947368
185 0.173040 0.940828 0.947368
186 0.172728 0.911243 0.947368
187 0.178888 0.946746 1.000000
188 0.179428 0.899408 0.947368
189 0.172342 0.946746 0.947368
190 0.167947 0.911243 0.947368
191 0.171476 0.946746 0.947368
192 0.176774 0.958580 0.947368
193 0.173809 0.934911 0.947368
194 0.176684 0.958580 1.000000
195 0.175378 0.928994 0.947368
196 0.171769 0.946746 0.894737
197 0.178192 0.911243 0.947368
198 0.171978 0.958580 0.894737
199 0.172534 0.964497 0.947368
200 0.162680 0.946746 0.947368
201 0.167139 0.928994 0.947368
202 0.169949 0.964497 0.947368
203 0.170273 0.928994 0.947368
204 0.168242 0.958580 0.947368
205 0.165555 0.923077 0.947368
206 0.168599 0.934911 0.947368
207 0.172854 0.928994 0.894737
208 0.163911 0.946746 0.947368
209 0.174473 0.934911 0.947368
210 0.169384 0.952663 1.000000
211 0.169866 0.934911 0.947368
212 0.176701 0.964497 1.000000
213 0.175613 0.928994 0.894737
214 0.170845 0.952663 0.947368
215 0.164197 0.917160 0.947368
216 0.164744 0.928994 0.947368
217 0.168348 0.934911 0.947368
218 0.172848 0.946746 0.894737
219 0.174917 0.917160 0.947368
220 0.175501 0.928994 0.947368
221 0.171382 0.940828 0.894737
222 0.167068 0.964497 0.947368
223 0.171699 0.964497 0.947368
224 0.166561 0.940828 0.947368
225 0.176250 0.928994 0.947368
226 0.177409 0.940828 0.947368
227 0.169307 0.934911 0.947368
228 0.167449 0.934911 0.947368
229 0.165786 0.928994 0.947368
230 0.169932 0.934911 0.947368
231 0.167192 0.958580 0.947368
232 0.166086 0.928994 0.947368
233 0.169718 0.958580 1.000000
234 0.163901 0.940828 0.894737
235 0.169952 0.928994 0.947368
236 0.171652 0.917160 0.947368
237 0.170323 0.952663 1.000000
238 0.164642 0.923077 0.947368
239 0.167927 0.958580 0.947368
240 0.172437 0.934911 0.947368
241 0.170819 0.928994 0.894737
242 0.165091 0.928994 0.947368
243 0.163713 0.928994 0.947368
244 0.158498 0.940828 0.947368
245 0.163500 0.911243 0.947368
246 0.168413 0.958580 1.000000
247 0.170008 0.952663 1.000000
248 0.172839 0.934911 0.947368
249 0.168885 0.946746 1.000000
250 0.166528 0.940828 0.894737
251 0.168211 0.934911 0.947368
252 0.161767 0.917160 0.947368
253 0.168902 0.928994 0.947368
254 0.171460 0.934911 0.947368
255 0.161019 0.946746 0.947368
256 0.167600 0.934911 0.947368
257 0.161385 0.923077 0.947368
258 0.170232 0.964497 0.947368
259 0.171408 0.928994 0.947368
260 0.168685 0.934911 0.947368
261 0.164731 0.928994 0.947368
262 0.157566 0.952663 0.894737
263 0.168910 0.934911 0.947368
264 0.159062 0.940828 0.947368
265 0.169864 0.928994 0.947368
266 0.169285 0.934911 0.947368
267 0.164274 0.923077 0.947368
268 0.162369 0.934911 0.947368
269 0.163269 0.917160 0.947368
270 0.161488 0.946746 1.000000
271 0.165304 0.923077 0.947368
272 0.163925 0.934911 0.947368
273 0.165408 0.923077 0.947368
274 0.164165 0.923077 0.894737
275 0.160037 0.923077 0.947368
276 0.162760 0.946746 0.947368
277 0.167754 0.946746 0.947368
278 0.161684 0.940828 0.947368
279 0.165493 0.928994 0.947368
280 0.168140 0.952663 0.947368
281 0.159122 0.928994 0.947368
282 0.168311 0.940828 0.894737
283 0.163376 0.946746 0.947368
284 0.167140 0.946746 0.947368
285 0.173261 0.923077 0.947368
286 0.166748 0.928994 0.947368
287 0.163451 0.928994 0.947368
288 0.170072 0.934911 0.947368
289 0.169917 0.934911 0.894737
290 0.168306 0.952663 0.947368
291 0.168381 0.952663 0.894737
292 0.166482 0.934911 0.947368
293 0.166007 0.928994 0.947368
294 0.165406 0.934911 0.947368
295 0.163931 0.934911 0.947368
296 0.162171 0.946746 0.947368
297 0.162447 0.952663 0.894737
298 0.165265 0.964497 0.947368
299 0.171354 0.952663 0.947368
300 0.164961 0.934911 0.947368
301 0.168259 0.952663 0.894737
302 0.174572 0.940828 0.894737
303 0.162133 0.934911 0.894737
304 0.163831 0.940828 0.894737
305 0.166299 0.928994 0.947368
306 0.166690 0.917160 0.947368
307 0.164688 0.940828 0.894737
308 0.159531 0.934911 0.894737
309 0.165826 0.917160 0.947368
310 0.159426 0.934911 0.947368
311 0.166835 0.923077 0.947368
312 0.164452 0.940828 0.894737
313 0.166276 0.940828 0.894737
314 0.169828 0.934911 0.947368
315 0.170856 0.940828 0.947368
316 0.158722 0.928994 0.947368
317 0.163124 0.923077 0.947368
318 0.160087 0.934911 0.894737
319 0.159671 0.940828 0.947368
320 0.157172 0.934911 0.947368
321 0.161558 0.946746 0.894737
322 0.163142 0.940828 0.894737
323 0.163494 0.934911 0.894737
324 0.164854 0.940828 0.947368
325 0.171727 0.934911 0.947368
326 0.168270 0.923077 0.947368
327 0.170464 0.934911 0.947368
328 0.167611 0.934911 0.947368
329 0.161256 0.934911 0.947368
330 0.166166 0.928994 0.894737
331 0.162195 0.946746 0.947368
332 0.167912 0.928994 0.947368
333 0.159377 0.958580 0.947368
334 0.166472 0.946746 0.894737
335 0.167151 0.928994 0.947368
336 0.161966 0.934911 0.947368
337 0.168839 0.946746 1.000000
338 0.164655 0.923077 0.947368
339 0.160920 0.952663 0.894737
340 0.164141 0.940828 0.894737
341 0.167779 0.946746 0.947368
342 0.164998 0.940828 0.947368
343 0.166907 0.940828 0.894737
344 0.167392 0.940828 0.894737
345 0.169839 0.934911 0.947368
346 0.160347 0.946746 0.947368
347 0.165859 0.928994 0.947368
348 0.164842 0.928994 0.894737
349 0.162633 0.940828 0.894737
350 0.167402 0.934911 0.894737
