1 2.342149 0.778889 0.700000
2 0.786990 0.786667 0.650000
3 0.649645 0.802222 0.710000
4 0.487278 0.818889 0.660000
5 0.424744 0.835556 0.680000
6 0.385056 0.861111 0.670000
7 0.400274 0.841111 0.720000
8 0.368214 0.854444 0.660000
9 0.416000 0.821111 0.710000
10 0.354030 0.873333 0.700000
11 0.313227 0.855556 0.720000
12 0.338760 0.876667 0.690000
13 0.318693 0.876667 0.700000
14 0.303897 0.884444 0.700000
15 0.289834 0.873333 0.740000
16 0.297938 0.872222 0.670000
17 0.279147 0.880000 0.660000
18 0.328856 0.877778 0.670000
19 0.325360 0.865556 0.650000
20 0.276032 0.885556 0.700000
21 0.268055 0.887778 0.660000
22 0.274606 0.886667 0.710000
23 0.274374 0.870000 0.670000
24 0.275713 0.877778 0.680000
25 0.270526 0.883333 0.710000
26 0.251818 0.890000 0.690000
27 0.255325 0.885556 0.690000
28 0.241797 0.890000 0.720000
29 0.230082 0.895556 0.690000
30 0.244315 0.894444 0.680000
31 0.220952 0.901111 0.660000
32 0.233593 0.898889 0.680000
33 0.259526 0.878889 0.700000
34 0.257678 0.894444 0.660000
35 0.237749 0.897778 0.700000
36 0.254982 0.900000 0.680000
37 0.287969 0.865556 0.630000
38 0.328270 0.881111 0.700000
39 0.291197 0.848889 0.680000
40 0.510595 0.838889 0.660000
41 0.317078 0.873333 0.700000
42 0.299443 0.883333 0.700000
43 0.299069 0.858889 0.680000
44 0.270379 0.895556 0.710000
45 0.249866 0.874444 0.710000
46 0.264525 0.881111 0.690000
47 0.235561 0.893333 0.670000
48 0.231683 0.897778 0.700000
49 0.248824 0.893333 0.660000
50 0.224716 0.901111 0.640000
51 0.217775 0.897778 0.670000
52 0.211445 0.904444 0.660000
53 0.223777 0.903333 0.670000
54 0.217525 0.900000 0.690000
55 0.214273 0.903333 0.680000
56 0.194080 0.907778 0.680000
57 0.198461 0.910000 0.660000
58 0.196789 0.904444 0.680000
59 0.197636 0.902222 0.700000
60 0.207680 0.902222 0.700000
61 0.207165 0.904444 0.650000
62 0.197923 0.898889 0.670000
63 0.214084 0.894444 0.680000
64 0.227067 0.900000 0.690000
65 0.214433 0.903333 0.660000
66 0.223413 0.901111 0.690000
67 0.199736 0.905556 0.670000
68 0.192774 0.912222 0.670000
69 0.198457 0.910000 0.680000
70 0.192815 0.905556 0.700000
71 0.201440 0.904444 0.700000
72 0.191787 0.908889 0.690000
73 0.197466 0.907778 0.660000
74 0.191242 0.908889 0.680000
75 0.184220 0.907778 0.670000
76 0.203905 0.902222 0.720000
77 0.204872 0.907778 0.690000
78 0.188130 0.906667 0.670000
79 0.189194 0.910000 0.690000
80 0.200986 0.907778 0.690000
81 0.208145 0.905556 0.670000
82 0.187942 0.905556 0.660000
83 0.197011 0.898889 0.710000
84 0.205350 0.907778 0.660000
85 0.191818 0.906667 0.650000
86 0.201021 0.907778 0.660000
87 0.186211 0.907778 0.680000
88 0.225733 0.902222 0.670000
89 0.229035 0.907778 0.690000
90 0.190874 0.912222 0.670000
91 0.180919 0.906667 0.700000
92 0.212045 0.902222 0.710000
93 0.213298 0.905556 0.680000
94 0.185950 0.908889 0.690000
95 0.181004 0.908889 0.670000
96 0.189241 0.907778 0.670000
97 0.190787 0.910000 0.680000
98 0.178038 0.908889 0.680000
99 0.178886 0.915556 0.690000
100 0.181912 0.911111 0.690000
101 0.164670 0.914444 0.690000
102 0.171318 0.913333 0.710000
103 0.172601 0.912222 0.680000
104 0.182314 0.913333 0.680000
105 0.176593 0.912222 0.670000
106 0.167738 0.910000 0.680000
107 0.167620 0.914444 0.670000
108 0.172798 0.912222 0.660000
109 0.173687 0.911111 0.680000
110 0.172821 0.913333 0.670000
111 0.171170 0.914444 0.690000
112 0.174305 0.915556 0.680000
113 0.176322 0.916667 0.670000
114 0.169333 0.914444 0.660000
115 0.192139 0.913333 0.700000
116 0.182263 0.912222 0.690000
117 0.171530 0.915556 0.690000
118 0.176492 0.910000 0.680000
119 0.173513 0.913333 0.680000
120 0.178357 0.914444 0.670000
121 0.177540 0.914444 0.710000
122 0.167646 0.916667 0.690000
123 0.180308 0.916667 0.710000
124 0.174337 0.915556 0.680000
125 0.171135 0.914444 0.690000
126 0.168972 0.914444 0.700000
127 0.161570 0.913333 0.690000
128 0.170631 0.915556 0.670000
129 0.186623 0.917778 0.670000
130 0.175925 0.915556 0.680000
131 0.169460 0.915556 0.690000
132 0.179844 0.916667 0.680000
133 0.166245 0.915556 0.680000
134 0.170377 0.916667 0.670000
135 0.220556 0.908889 0.670000
136 0.196202 0.907778 0.670000
137 0.168100 0.914444 0.670000
138 0.166761 0.914444 0.670000
139 0.169703 0.916667 0.660000
140 0.173467 0.913333 0.650000
141 0.169564 0.915556 0.680000
142 0.176268 0.914444 0.700000
143 0.166317 0.915556 0.690000
144 0.177170 0.913333 0.670000
145 0.170677 0.914444 0.670000
146 0.174383 0.914444 0.680000
147 0.176511 0.911111 0.660000
148 0.172326 0.914444 0.690000
149 0.174679 0.915556 0.680000
150 0.175301 0.917778 0.690000
151 0.170368 0.915556 0.700000
152 0.170992 0.914444 0.690000
153 0.170186 0.915556 0.690000
154 0.164894 0.917778 0.700000
155 0.160302 0.917778 0.670000
156 0.172491 0.914444 0.670000
157 0.160531 0.913333 0.680000
158 0.160292 0.916667 0.670000
159 0.162663 0.915556 0.650000
160 0.164538 0.915556 0.680000
161 0.162561 0.916667 0.670000
162 0.168320 0.916667 0.660000
163 0.165384 0.916667 0.670000
164 0.166861 0.915556 0.670000
165 0.163636 0.915556 0.670000
166 0.160919 0.915556 0.660000
167 0.169640 0.915556 0.680000
168 0.163277 0.914444 0.670000
169 0.161086 0.914444 0.660000
170 0.161184 0.915556 0.680000
171 0.167955 0.915556 0.670000
172 0.161581 0.916667 0.670000
173 0.163085 0.916667 0.670000
174 0.162683 0.915556 0.670000
175 0.163530 0.915556 0.670000
176 0.171944 0.917778 0.670000
177 0.166014 0.917778 0.660000
178 0.158752 0.914444 0.680000
179 0.170476 0.915556 0.670000
180 0.179822 0.916667 0.670000
181 0.167172 0.915556 0.670000
182 0.161724 0.917778 0.670000
183 0.153892 0.916667 0.670000
184 0.173906 0.916667 0.680000
185 0.169438 0.915556 0.660000
186 0.165915 0.916667 0.660000
187 0.160017 0.916667 0.680000
188 0.157149 0.914444 0.690000
189 0.161402 0.914444 0.680000
190 0.156390 0.915556 0.680000
191 0.167446 0.918889 0.670000
192 0.164088 0.916667 0.680000
193 0.162031 0.915556 0.670000
194 0.163573 0.916667 0.670000
195 0.164334 0.914444 0.680000
196 0.168665 0.913333 0.670000
197 0.171697 0.916667 0.660000
198 0.161081 0.917778 0.670000
199 0.165027 0.916667 0.670000
200 0.164083 0.917778 0.660000
201 0.155742 0.916667 0.670000
202 0.165263 0.917778 0.660000
203 0.165161 0.916667 0.670000
204 0.154068 0.918889 0.680000
205 0.167700 0.915556 0.670000
206 0.163252 0.918889 0.670000
207 0.164920 0.918889 0.670000
208 0.158908 0.917778 0.680000
209 0.159544 0.915556 0.670000
210 0.159508 0.916667 0.680000
211 0.156620 0.917778 0.680000
212 0.161439 0.914444 0.680000
213 0.163474 0.914444 0.670000
214 0.163738 0.916667 0.660000
215 0.155030 0.916667 0.670000
216 0.159307 0.916667 0.670000
217 0.157067 0.916667 0.670000
218 0.165732 0.917778 0.680000
219 0.160652 0.913333 0.680000
220 0.157534 0.915556 0.690000
221 0.160869 0.914444 0.670000
222 0.163667 0.916667 0.690000
223 0.162762 0.916667 0.680000
224 0.159897 0.917778 0.680000
225 0.165364 0.916667 0.670000
226 0.159782 0.916667 0.680000
227 0.150485 0.916667 0.670000
228 0.164691 0.916667 0.670000
229 0.155187 0.916667 0.660000
230 0.159774 0.916667 0.670000
231 0.158423 0.914444 0.670000
232 0.155801 0.916667 0.670000
233 0.157019 0.917778 0.680000
234 0.163072 0.917778 0.660000
235 0.155120 0.914444 0.690000
236 0.155359 0.915556 0.670000
237 0.160282 0.916667 0.660000
238 0.156347 0.912222 0.680000
239 0.164722 0.912222 0.700000
240 0.158027 0.914444 0.680000
241 0.155454 0.916667 0.670000
242 0.157983 0.915556 0.660000
243 0.162901 0.913333 0.690000
244 0.161821 0.916667 0.680000
245 0.160471 0.915556 0.690000
246 0.165479 0.916667 0.700000
247 0.153008 0.915556 0.690000
248 0.162128 0.918889 0.680000
249 0.158665 0.918889 0.700000
250 0.159691 0.918889 0.690000
251 0.155827 0.918889 0.690000
252 0.156602 0.918889 0.690000
253 0.155493 0.918889 0.680000
254 0.159864 0.917778 0.690000
255 0.154018 0.917778 0.690000
256 0.163693 0.916667 0.690000
257 0.155519 0.916667 0.690000
258 0.164646 0.916667 0.690000
259 0.155558 0.916667 0.680000
260 0.158646 0.917778 0.690000
261 0.164141 0.917778 0.670000
262 0.156010 0.916667 0.700000
263 0.152941 0.916667 0.690000
264 0.159357 0.917778 0.690000
265 0.159109 0.917778 0.680000
266 0.161326 0.917778 0.690000
267 0.156183 0.918889 0.690000
268 0.154530 0.917778 0.690000
269 0.157313 0.916667 0.690000
270 0.164939 0.916667 0.690000
271 0.158766 0.916667 0.680000
272 0.153825 0.915556 0.690000
273 0.158990 0.917778 0.680000
274 0.156703 0.917778 0.680000
275 0.158482 0.917778 0.700000
276 0.154415 0.917778 0.690000
277 0.159888 0.917778 0.690000
278 0.159401 0.916667 0.690000
279 0.155715 0.917778 0.690000
280 0.159622 0.917778 0.680000
281 0.159258 0.918889 0.690000
282 0.161323 0.915556 0.690000
283 0.158607 0.917778 0.690000
284 0.165964 0.916667 0.690000
285 0.167094 0.918889 0.690000
286 0.163681 0.916667 0.680000
287 0.160839 0.917778 0.690000
288 0.157980 0.916667 0.690000
289 0.155167 0.918889 0.690000
290 0.157585 0.916667 0.690000
291 0.164863 0.916667 0.680000
292 0.160080 0.916667 0.690000
293 0.156290 0.915556 0.690000
294 0.162693 0.917778 0.690000
295 0.155429 0.917778 0.680000
296 0.154480 0.916667 0.670000
297 0.159222 0.916667 0.680000
298 0.160385 0.917778 0.680000
299 0.158563 0.915556 0.670000
300 0.151928 0.917778 0.680000
301 0.154715 0.918889 0.680000
302 0.166991 0.914444 0.680000
303 0.158862 0.917778 0.680000
304 0.152379 0.917778 0.680000
305 0.157514 0.917778 0.680000
306 0.155933 0.917778 0.680000
307 0.165286 0.918889 0.680000
308 0.157787 0.917778 0.680000
309 0.160552 0.918889 0.680000
310 0.157867 0.918889 0.690000
311 0.152663 0.918889 0.680000
312 0.156925 0.916667 0.680000
313 0.159986 0.917778 0.680000
314 0.154785 0.916667 0.680000
315 0.157545 0.916667 0.680000
316 0.159421 0.917778 0.680000
317 0.158612 0.917778 0.670000
318 0.160597 0.915556 0.680000
319 0.155204 0.915556 0.690000
320 0.158856 0.915556 0.690000
321 0.156296 0.916667 0.680000
322 0.160519 0.916667 0.680000
323 0.165177 0.917778 0.680000
324 0.156106 0.917778 0.680000
325 0.157852 0.916667 0.690000
326 0.162998 0.916667 0.680000
327 0.162511 0.915556 0.690000
328 0.157604 0.915556 0.680000
329 0.152436 0.917778 0.670000
330 0.156954 0.915556 0.680000
331 0.152291 0.915556 0.690000
332 0.159544 0.915556 0.680000
333 0.158235 0.915556 0.680000
334 0.158727 0.915556 0.680000
335 0.156085 0.915556 0.680000
336 0.159989 0.915556 0.680000
337 0.159000 0.916667 0.680000
338 0.159499 0.916667 0.680000
339 0.155759 0.912222 0.690000
340 0.163833 0.916667 0.680000
341 0.159800 0.915556 0.680000
342 0.158879 0.917778 0.680000
343 0.158862 0.916667 0.680000
344 0.162194 0.916667 0.690000
345 0.160437 0.917778 0.690000
346 0.162985 0.917778 0.690000
347 0.161643 0.917778 0.690000
348 0.159429 0.917778 0.690000
349 0.163975 0.916667 0.680000
350 0.161784 0.916667 0.690000
