1 4.745523 0.485926 0.420000
2 2.336903 0.517037 0.433333
3 2.261183 0.487407 0.393333
4 1.344692 0.522222 0.400000
5 1.230690 0.545185 0.420000
6 1.176551 0.551852 0.506667
7 1.054988 0.538519 0.393333
8 1.010591 0.569630 0.426667
9 0.955965 0.577037 0.520000
10 0.926398 0.585926 0.506667
11 0.950445 0.585926 0.433333
12 1.001500 0.580000 0.486667
13 1.147921 0.558519 0.486667
14 1.301249 0.574074 0.466667
15 0.996174 0.582222 0.480000
16 0.952993 0.574815 0.486667
17 0.913908 0.585185 0.466667
18 0.894892 0.594074 0.466667
19 0.923831 0.588148 0.466667
20 0.909003 0.599259 0.493333
21 0.878130 0.586667 0.493333
22 0.916460 0.605185 0.446667
23 0.884062 0.600741 0.453333
24 0.913074 0.602222 0.506667
25 0.878000 0.612593 0.440000
26 0.853214 0.614815 0.473333
27 0.836965 0.605926 0.433333
28 0.826072 0.621481 0.473333
29 0.833585 0.615556 0.466667
30 0.817920 0.618519 0.486667
31 0.836804 0.617778 0.440000
32 0.826912 0.619259 0.500000
33 0.845539 0.619259 0.466667
34 0.845872 0.611111 0.433333
35 0.829941 0.621481 0.453333
36 0.820741 0.594074 0.400000
37 0.808448 0.616296 0.466667
38 0.808650 0.625185 0.480000
39 0.808569 0.624444 0.466667
40 0.855507 0.580000 0.393333
41 0.884437 0.616296 0.460000
42 0.825728 0.612593 0.473333
43 0.809024 0.611111 0.473333
44 0.809271 0.634815 0.466667
45 0.805556 0.587407 0.446667
46 0.813517 0.585926 0.413333
47 0.802246 0.622222 0.433333
48 0.799730 0.590370 0.386667
49 0.797555 0.586667 0.433333
50 0.791449 0.636296 0.473333
