1 3.654245 0.653090 0.598739
2 1.450598 0.672165 0.563362
3 1.361697 0.673395 0.578908
4 1.052342 0.700890 0.581176
5 0.867418 0.724166 0.589916
6 0.792358 0.707063 0.564286
7 0.770469 0.734149 0.575126
8 0.665358 0.736412 0.549664
9 0.621496 0.747401 0.595462
10 0.583172 0.725184 0.554622
11 0.587201 0.778073 0.595798
12 0.578830 0.781286 0.572101
13 0.476941 0.823286 0.584202
14 0.433417 0.835266 0.587059
15 0.539195 0.807793 0.624286
16 0.444814 0.806792 0.569832
17 0.429821 0.821982 0.612773
18 0.419035 0.827780 0.575042
19 0.356002 0.861075 0.589580
20 0.365465 0.851066 0.583697
21 0.368537 0.842330 0.589580
22 0.363059 0.861412 0.592437
23 0.331658 0.854318 0.607311
24 0.348892 0.865936 0.610168
25 0.358179 0.864981 0.560588
26 0.336939 0.865606 0.598235
27 0.319476 0.875927 0.583866
28 0.298710 0.885643 0.574706
29 0.282185 0.890819 0.603950
30 0.273991 0.890139 0.569076
31 0.300631 0.884009 0.598151
32 0.285937 0.885320 0.595126
33 0.277074 0.895025 0.592353
34 0.269023 0.900835 0.583614
35 0.286020 0.883733 0.601261
36 0.298525 0.903090 0.601597
37 0.260352 0.884682 0.571933
38 0.274159 0.886270 0.581092
39 0.307801 0.874976 0.592437
40 0.262353 0.898883 0.604202
41 0.254399 0.898220 0.601345
42 0.245204 0.898216 0.586807
43 0.231988 0.908899 0.595378
44 0.221965 0.906651 0.583782
45 0.245282 0.901487 0.618992
46 0.248828 0.900209 0.592773
47 0.274130 0.889875 0.580924
48 0.277346 0.885345 0.577899
49 0.297006 0.885976 0.598319
50 0.228354 0.915697 0.586891
51 0.197550 0.918286 0.589328
52 0.198523 0.922159 0.578151
53 0.196665 0.924091 0.589664
54 0.188685 0.920546 0.577983
55 0.184827 0.921191 0.586555
56 0.179914 0.929906 0.583781
57 0.173854 0.927318 0.586638
58 0.171109 0.932167 0.569160
59 0.173359 0.932482 0.589664
60 0.177710 0.928944 0.598319
61 0.181241 0.929266 0.580840
62 0.175490 0.933457 0.592521
63 0.189720 0.920210 0.592605
64 0.180556 0.935388 0.586554
65 0.176425 0.938613 0.580840
66 0.162941 0.936677 0.586891
67 0.164219 0.935718 0.574874
68 0.168101 0.931835 0.586891
69 0.166856 0.937002 0.566302
70 0.164793 0.937653 0.583698
71 0.178082 0.917935 0.589748
72 0.205535 0.928287 0.580672
73 0.185676 0.934109 0.583782
74 0.179743 0.934099 0.580840
75 0.183946 0.923735 0.571849
76 0.180393 0.935702 0.580588
77 0.162986 0.934747 0.589580
78 0.162405 0.937649 0.554622
79 0.173884 0.934411 0.589160
80 0.167619 0.935710 0.577899
81 0.161886 0.939914 0.583446
82 0.174554 0.936039 0.577899
83 0.177470 0.935705 0.592185
84 0.185492 0.928621 0.586471
85 0.181966 0.939906 0.584034
86 0.157600 0.943797 0.598319
87 0.157395 0.944107 0.580504
88 0.160706 0.944754 0.609580
89 0.166314 0.937983 0.571849
90 0.156658 0.946691 0.589496
91 0.184508 0.938601 0.565966
92 0.202275 0.926652 0.589244
93 0.199496 0.940554 0.580840
94 0.162697 0.944428 0.583866
95 0.161964 0.941521 0.607059
96 0.184082 0.931809 0.580756
97 0.173331 0.942174 0.612605
98 0.178372 0.933431 0.589328
99 0.172761 0.944108 0.595210
100 0.152578 0.947664 0.606891
101 0.134681 0.951863 0.609664
102 0.133566 0.950569 0.603866
103 0.132315 0.952834 0.598235
104 0.129740 0.954122 0.601092
105 0.129712 0.952509 0.615546
106 0.130441 0.955093 0.604202
107 0.129210 0.951540 0.592437
108 0.128169 0.955090 0.598151
109 0.130091 0.953156 0.615630
110 0.121697 0.953477 0.609832
111 0.123709 0.957029 0.598235
112 0.128010 0.957026 0.598235
113 0.123261 0.954768 0.609916
114 0.129677 0.955740 0.606975
115 0.122599 0.957996 0.610000
116 0.129923 0.953794 0.595294
117 0.122492 0.957997 0.609748
118 0.124670 0.957029 0.601176
119 0.122717 0.956383 0.627395
120 0.132419 0.950901 0.604202
121 0.129514 0.957350 0.606975
122 0.121934 0.957035 0.612773
123 0.123034 0.959615 0.609832
124 0.124523 0.955418 0.595546
125 0.127548 0.953806 0.595126
126 0.133830 0.955100 0.603866
127 0.124632 0.961234 0.612773
128 0.121089 0.958968 0.606975
129 0.121982 0.958323 0.595378
130 0.129739 0.954782 0.592437
131 0.136871 0.958646 0.592353
132 0.133423 0.959287 0.589664
133 0.136360 0.961882 0.586807
134 0.125787 0.962850 0.598319
135 0.118218 0.960909 0.580672
136 0.116871 0.961880 0.600924
137 0.118342 0.964139 0.595378
138 0.116080 0.958322 0.601009
139 0.126358 0.963167 0.598319
140 0.126365 0.959614 0.592605
141 0.122642 0.962204 0.586639
142 0.126104 0.962204 0.583697
143 0.118214 0.959293 0.577983
144 0.117884 0.962203 0.581093
145 0.118419 0.960264 0.592689
146 0.118679 0.954763 0.598403
147 0.155981 0.952504 0.595798
148 0.147019 0.958328 0.589496
149 0.118711 0.963818 0.586387
150 0.113081 0.962201 0.592521
151 0.108280 0.965432 0.595294
152 0.111027 0.962843 0.598403
153 0.103563 0.964786 0.595378
154 0.104288 0.965754 0.592437
155 0.103966 0.964468 0.592353
156 0.108003 0.965432 0.601176
157 0.103780 0.964462 0.586639
158 0.103640 0.963819 0.595378
159 0.103194 0.965755 0.595462
160 0.107401 0.964463 0.589748
161 0.109302 0.966078 0.580924
162 0.105855 0.966402 0.595462
163 0.099298 0.963497 0.586639
164 0.105110 0.964140 0.598403
165 0.102260 0.965113 0.603950
166 0.104251 0.966078 0.598235
167 0.103760 0.965113 0.604034
168 0.100426 0.965435 0.603950
169 0.102610 0.964468 0.615546
170 0.102806 0.965756 0.604034
171 0.102087 0.967700 0.609916
172 0.101685 0.967369 0.595294
173 0.102149 0.964788 0.609916
174 0.104728 0.965758 0.601093
175 0.102977 0.966079 0.595210
176 0.100868 0.964789 0.604118
177 0.100133 0.964467 0.598319
178 0.098553 0.963818 0.607059
179 0.100231 0.967050 0.612773
180 0.107181 0.966079 0.607227
181 0.105249 0.967693 0.586891
182 0.103573 0.967370 0.586807
183 0.099877 0.968989 0.604034
184 0.100411 0.966084 0.604117
185 0.098568 0.965114 0.598319
186 0.098941 0.964791 0.598487
187 0.100369 0.967050 0.580756
188 0.100561 0.967696 0.578151
189 0.100185 0.965759 0.598572
190 0.098917 0.966729 0.598404
191 0.100173 0.966084 0.592605
192 0.101450 0.967373 0.589664
193 0.099492 0.964788 0.586723
194 0.098342 0.968345 0.592521
195 0.103463 0.966080 0.595462
196 0.104977 0.966725 0.601009
197 0.102202 0.968339 0.586723
198 0.097415 0.965434 0.583866
199 0.099463 0.965435 0.598403
200 0.093941 0.969958 0.575210
201 0.092435 0.966724 0.595546
202 0.096119 0.968342 0.595378
203 0.092042 0.969958 0.592605
204 0.091081 0.967695 0.580924
205 0.091143 0.969308 0.586723
206 0.092182 0.968989 0.601345
207 0.091263 0.968991 0.586723
208 0.092999 0.968663 0.580840
209 0.093800 0.970281 0.595210
210 0.093464 0.969636 0.581009
211 0.092697 0.968986 0.592437
212 0.095514 0.969310 0.581009
213 0.091759 0.969635 0.607059
214 0.093791 0.969311 0.589664
215 0.092991 0.969957 0.586723
216 0.089776 0.968021 0.589580
217 0.089443 0.969312 0.598235
218 0.092221 0.969955 0.598403
219 0.096211 0.970281 0.601429
220 0.091388 0.972540 0.586723
221 0.089469 0.969636 0.589664
222 0.093035 0.968989 0.598487
223 0.094886 0.970925 0.595378
224 0.089056 0.969311 0.592269
225 0.090658 0.968019 0.601345
226 0.091976 0.969311 0.595462
227 0.090806 0.969637 0.577899
228 0.091408 0.969634 0.592353
229 0.089024 0.970926 0.589580
230 0.086921 0.969959 0.580840
231 0.091155 0.970278 0.589748
232 0.089293 0.968989 0.595462
233 0.088786 0.969313 0.601344
234 0.086702 0.970601 0.577899
235 0.089235 0.969314 0.601177
236 0.087296 0.971574 0.586639
237 0.091427 0.971895 0.589580
238 0.089024 0.969958 0.583697
239 0.089454 0.970929 0.592521
240 0.091333 0.969957 0.572185
241 0.087844 0.971247 0.583782
242 0.087171 0.970928 0.589412
243 0.085900 0.970927 0.592521
244 0.091657 0.971572 0.583614
245 0.087258 0.971574 0.592353
246 0.088483 0.971250 0.595546
247 0.087739 0.970926 0.589832
248 0.091407 0.970925 0.572269
249 0.088105 0.970603 0.578235
250 0.089552 0.971572 0.586723
251 0.087414 0.971894 0.580924
252 0.085474 0.971574 0.592605
253 0.083417 0.970928 0.595462
254 0.086309 0.971249 0.586639
255 0.082542 0.971572 0.583866
256 0.083126 0.971898 0.589664
257 0.084036 0.970603 0.583698
258 0.086658 0.971897 0.583782
259 0.086743 0.970604 0.592353
260 0.084568 0.972541 0.583698
261 0.089082 0.971249 0.586723
262 0.086283 0.972540 0.589664
263 0.083227 0.972865 0.589580
264 0.083872 0.972541 0.595462
265 0.085568 0.970281 0.589580
266 0.084417 0.970928 0.595378
267 0.085779 0.972218 0.589664
268 0.085705 0.971248 0.589580
269 0.084819 0.970280 0.592353
270 0.084809 0.972865 0.595462
271 0.083989 0.973832 0.589580
272 0.084780 0.972220 0.586723
273 0.086987 0.972866 0.586807
274 0.086020 0.971896 0.592437
275 0.082511 0.973512 0.595294
276 0.084886 0.971892 0.583866
277 0.084476 0.973511 0.586639
278 0.083430 0.972542 0.586639
279 0.084143 0.971897 0.586723
280 0.080677 0.972543 0.592521
281 0.086325 0.972541 0.592521
282 0.085137 0.973510 0.586723
283 0.082893 0.973187 0.586639
284 0.084639 0.973511 0.583781
285 0.083245 0.970924 0.592437
286 0.082345 0.972863 0.586807
287 0.084255 0.973513 0.586807
288 0.081475 0.973189 0.592605
289 0.086293 0.973512 0.589664
290 0.084080 0.971895 0.583781
291 0.083373 0.971571 0.586723
292 0.083324 0.972542 0.577899
293 0.082363 0.972862 0.575042
294 0.082646 0.972541 0.586723
295 0.083000 0.971895 0.580840
296 0.083547 0.972865 0.583781
297 0.082405 0.972865 0.580924
298 0.085172 0.974802 0.589580
299 0.082643 0.972541 0.583781
300 0.080910 0.974158 0.589580
301 0.078869 0.973190 0.589580
302 0.081565 0.973510 0.583782
303 0.082547 0.972217 0.577983
304 0.078683 0.973187 0.586723
305 0.081835 0.974158 0.592521
306 0.079480 0.972541 0.580840
307 0.082420 0.973834 0.589580
308 0.080223 0.973511 0.586555
309 0.082351 0.974156 0.583782
310 0.083503 0.974803 0.586723
311 0.080305 0.975129 0.586639
312 0.079575 0.974480 0.580840
313 0.080264 0.973185 0.589580
314 0.078679 0.973513 0.583697
315 0.080092 0.975771 0.592437
316 0.080103 0.974480 0.583781
317 0.082062 0.974479 0.580924
318 0.079960 0.974802 0.589580
319 0.081175 0.973185 0.586639
320 0.080520 0.974155 0.580924
321 0.080241 0.974801 0.583866
322 0.079879 0.974805 0.586639
323 0.078219 0.974480 0.577983
324 0.079812 0.973835 0.583782
325 0.080920 0.974481 0.589580
326 0.082068 0.973833 0.575126
327 0.080745 0.972541 0.589580
328 0.080456 0.972542 0.578067
329 0.080719 0.973510 0.577983
330 0.080285 0.973187 0.572269
331 0.078160 0.973833 0.580924
332 0.078184 0.973833 0.577899
333 0.080138 0.974479 0.589580
334 0.079223 0.974156 0.580840
335 0.080757 0.973833 0.575126
336 0.080584 0.975449 0.583698
337 0.078914 0.973512 0.586723
338 0.079126 0.973834 0.569328
339 0.080839 0.973834 0.580924
340 0.080759 0.975126 0.577983
341 0.076997 0.973511 0.586807
342 0.080548 0.974155 0.580924
343 0.079508 0.973507 0.577983
344 0.079413 0.975771 0.583866
345 0.080464 0.975448 0.583782
346 0.078942 0.975126 0.580840
347 0.081431 0.973835 0.583866
348 0.081806 0.973833 0.586723
349 0.078192 0.973509 0.583950
350 0.080905 0.974155 0.581009
