1 4.089748 0.515815 0.518248
2 1.925239 0.702352 0.681265
3 1.730688 0.695323 0.683698
4 1.190968 0.675047 0.654501
5 1.166786 0.704515 0.669100
6 1.045297 0.579075 0.566910
7 1.318824 0.663693 0.642336
8 0.931596 0.706137 0.659367
9 0.986790 0.701811 0.661800
10 0.834751 0.690187 0.681265
11 0.700903 0.672344 0.642336
12 0.684596 0.667478 0.647202
13 0.655829 0.719113 0.676399
14 0.651342 0.706948 0.688564
15 0.641677 0.699108 0.686131
16 0.655714 0.722087 0.708029
17 0.611456 0.722628 0.690998
18 0.613693 0.721276 0.669100
19 0.590172 0.722628 0.690998
20 0.599160 0.722357 0.673966
21 0.660736 0.690457 0.659367
22 0.656974 0.687753 0.669100
23 0.688712 0.693701 0.671533
24 0.623536 0.707759 0.661800
25 0.626344 0.676940 0.659367
26 0.608285 0.712084 0.686131
27 0.588735 0.694782 0.666667
28 0.616472 0.639903 0.635036
29 0.595574 0.718573 0.690998
30 0.604351 0.693431 0.693431
31 0.587222 0.701541 0.703163
32 0.601696 0.728305 0.690998
33 0.595535 0.711003 0.683698
34 0.583565 0.728305 0.690998
35 0.573610 0.725602 0.686131
36 0.583659 0.722628 0.695864
37 0.569695 0.725602 0.688564
38 0.608642 0.719654 0.693431
39 0.636350 0.711544 0.671533
40 0.632180 0.705596 0.678832
41 0.593974 0.722898 0.673966
42 0.589346 0.714247 0.681265
43 0.593913 0.722357 0.688564
44 0.598140 0.715869 0.695864
45 0.580967 0.734523 0.717762
46 0.576395 0.725331 0.698297
47 0.557010 0.716951 0.715328
48 0.556998 0.742633 0.729927
49 0.572297 0.735604 0.705596
50 0.554014 0.745066 0.710462
51 0.549787 0.739659 0.729927
52 0.554599 0.719113 0.705596
53 0.562840 0.718302 0.678832
54 0.548936 0.748581 0.734793
55 0.540545 0.731008 0.722628
56 0.550441 0.742092 0.720195
57 0.540989 0.721276 0.715328
58 0.547181 0.742633 0.734793
59 0.556136 0.756961 0.751825
60 0.551392 0.745337 0.722628
61 0.540485 0.742363 0.710462
62 0.552589 0.749392 0.715328
63 0.541253 0.762639 0.742092
64 0.550151 0.749932 0.708029
65 0.520590 0.739930 0.739659
66 0.541893 0.752095 0.725061
67 0.535030 0.758854 0.737226
68 0.540771 0.757772 0.720195
69 0.539552 0.761287 0.732360
70 0.532510 0.761557 0.727494
71 0.524073 0.759394 0.729927
72 0.538072 0.745066 0.725061
73 0.531676 0.746688 0.693431
74 0.529004 0.746959 0.693431
75 0.527774 0.765883 0.720195
76 0.547747 0.731819 0.712895
77 0.524761 0.754258 0.683698
78 0.530477 0.759935 0.729927
79 0.521358 0.762098 0.720195
80 0.528477 0.761287 0.722628
81 0.512542 0.771830 0.725061
82 0.510500 0.754799 0.715328
83 0.517829 0.725061 0.666667
84 0.504425 0.759935 0.720195
85 0.519739 0.765883 0.734793
86 0.515975 0.748581 0.710462
87 0.530110 0.754258 0.717762
88 0.516493 0.761287 0.712895
89 0.510059 0.768586 0.751825
90 0.512027 0.768856 0.712895
91 0.522502 0.772912 0.727494
92 0.526308 0.776426 0.742092
93 0.518886 0.774263 0.725061
94 0.513535 0.764801 0.732360
95 0.509544 0.754258 0.729927
96 0.504147 0.750743 0.732360
97 0.498209 0.777778 0.734793
98 0.508292 0.769397 0.739659
99 0.510209 0.775074 0.710462
100 0.495768 0.786158 0.727494
101 0.482845 0.789673 0.742092
102 0.475175 0.793187 0.744526
103 0.493615 0.787780 0.727494
104 0.492133 0.789403 0.729927
105 0.474619 0.797242 0.734793
106 0.471902 0.793728 0.754258
107 0.472772 0.792376 0.715328
108 0.488028 0.789673 0.734793
109 0.474723 0.802109 0.732360
110 0.480856 0.790214 0.734793
111 0.466946 0.795350 0.739659
112 0.466757 0.797242 0.722628
113 0.483699 0.798324 0.708029
114 0.468495 0.782644 0.725061
115 0.460482 0.803190 0.732360
116 0.464395 0.797783 0.746959
117 0.486630 0.793728 0.751825
118 0.467984 0.803731 0.729927
119 0.469347 0.799135 0.729927
120 0.464603 0.799405 0.732360
121 0.474434 0.798865 0.746959
122 0.466116 0.805623 0.749392
123 0.453142 0.800757 0.746959
124 0.477625 0.807516 0.727494
125 0.465590 0.801027 0.717762
126 0.463522 0.804001 0.722628
127 0.459364 0.800487 0.751825
128 0.465488 0.803460 0.732360
129 0.466706 0.808867 0.722628
130 0.465821 0.794809 0.705596
131 0.461518 0.807516 0.732360
132 0.454211 0.812111 0.717762
133 0.455740 0.815896 0.734793
134 0.451498 0.819681 0.744526
135 0.455603 0.805893 0.732360
136 0.463424 0.813733 0.739659
137 0.453881 0.809408 0.751825
138 0.453533 0.810489 0.737226
139 0.464142 0.815356 0.749392
140 0.456830 0.812652 0.756691
141 0.460854 0.811300 0.732360
142 0.455044 0.817248 0.729927
143 0.459797 0.829684 0.744526
144 0.445466 0.817518 0.732360
145 0.433109 0.821033 0.734793
146 0.448278 0.826980 0.727494
147 0.444867 0.813733 0.729927
148 0.433618 0.815626 0.722628
149 0.437905 0.827521 0.727494
150 0.435774 0.834009 0.746959
151 0.407278 0.833739 0.734793
152 0.412828 0.834280 0.746959
153 0.409733 0.836442 0.732360
154 0.415167 0.841038 0.751825
155 0.411311 0.847526 0.739659
156 0.405409 0.841308 0.751825
157 0.410826 0.844012 0.751825
158 0.408993 0.846986 0.746959
159 0.394030 0.845904 0.756691
160 0.408168 0.848878 0.751825
161 0.414047 0.849148 0.751825
162 0.400167 0.848337 0.744526
163 0.405523 0.842390 0.759124
164 0.394862 0.852933 0.746959
165 0.393632 0.851852 0.732360
166 0.392490 0.857529 0.749392
167 0.400823 0.859692 0.763990
168 0.389871 0.858070 0.727494
169 0.379812 0.856177 0.761557
170 0.394307 0.857259 0.737226
171 0.375850 0.855096 0.754258
172 0.397096 0.851852 0.746959
173 0.388419 0.860773 0.739659
174 0.393363 0.856177 0.746959
175 0.392317 0.860503 0.756691
176 0.383555 0.865639 0.742092
177 0.377227 0.860503 0.763990
178 0.378972 0.862395 0.744526
179 0.390495 0.863747 0.761557
180 0.386203 0.863206 0.759124
181 0.384820 0.866991 0.739659
182 0.380191 0.863206 0.739659
183 0.379436 0.870235 0.739659
184 0.376232 0.862125 0.759124
185 0.382932 0.850770 0.768856
186 0.383695 0.866721 0.749392
187 0.383005 0.864828 0.749392
188 0.389412 0.859421 0.756691
189 0.383515 0.872128 0.766423
190 0.374954 0.862666 0.749392
191 0.375527 0.866450 0.754258
192 0.362959 0.867532 0.763990
193 0.365941 0.868883 0.754258
194 0.370058 0.876723 0.744526
195 0.372038 0.873750 0.725061
196 0.353529 0.872398 0.749392
197 0.367066 0.865099 0.754258
198 0.375983 0.868343 0.751825
199 0.359177 0.876723 0.761557
200 0.356066 0.875101 0.754258
201 0.343758 0.883212 0.763990
202 0.350831 0.881590 0.751825
203 0.358952 0.879968 0.746959
204 0.351005 0.881860 0.749392
205 0.338141 0.888078 0.744526
206 0.365942 0.878886 0.737226
207 0.358976 0.885374 0.739659
208 0.357853 0.884293 0.744526
209 0.351923 0.881590 0.746959
210 0.349868 0.886185 0.742092
211 0.342819 0.882401 0.732360
212 0.356780 0.886185 0.742092
213 0.349036 0.885915 0.732360
214 0.329547 0.888889 0.754258
215 0.351565 0.887808 0.744526
216 0.346356 0.888619 0.732360
217 0.336763 0.885915 0.751825
218 0.334380 0.887808 0.746959
219 0.354852 0.886185 0.759124
220 0.341857 0.890781 0.737226
221 0.332221 0.889970 0.737226
222 0.354144 0.887537 0.744526
223 0.332384 0.889970 0.744526
224 0.333177 0.892403 0.742092
225 0.349191 0.890781 0.744526
226 0.343844 0.887537 0.732360
227 0.332572 0.888078 0.742092
228 0.343405 0.893755 0.746959
229 0.335843 0.891592 0.732360
230 0.332757 0.891052 0.732360
231 0.348571 0.893755 0.746959
232 0.335853 0.888889 0.742092
233 0.328110 0.884834 0.744526
234 0.332007 0.890781 0.742092
235 0.349031 0.887267 0.742092
236 0.326456 0.895107 0.749392
237 0.334937 0.894296 0.737226
238 0.329664 0.891592 0.737226
239 0.318923 0.895107 0.751825
240 0.347314 0.897540 0.746959
241 0.326464 0.888348 0.734793
242 0.331300 0.894296 0.761557
243 0.335389 0.894025 0.751825
244 0.325109 0.894296 0.742092
245 0.339176 0.890241 0.759124
246 0.336088 0.895647 0.742092
247 0.325218 0.888619 0.754258
248 0.324887 0.897540 0.742092
249 0.331830 0.883752 0.725061
250 0.324960 0.901325 0.739659
251 0.332332 0.900514 0.754258
252 0.322756 0.902136 0.739659
253 0.316681 0.898621 0.746959
254 0.318929 0.898892 0.742092
255 0.313280 0.897540 0.754258
256 0.325357 0.901054 0.744526
257 0.320691 0.898621 0.742092
258 0.326132 0.901325 0.749392
259 0.303422 0.902136 0.746959
260 0.311654 0.900514 0.746959
261 0.333479 0.898892 0.754258
262 0.314433 0.901325 0.754258
263 0.315986 0.901865 0.751825
264 0.314392 0.899432 0.739659
265 0.317435 0.901865 0.744526
266 0.318916 0.901054 0.761557
267 0.331537 0.899703 0.746959
268 0.318971 0.896188 0.751825
269 0.322706 0.901054 0.744526
270 0.324880 0.900514 0.761557
271 0.324634 0.895918 0.708029
272 0.314787 0.899973 0.744526
273 0.305697 0.898621 0.742092
274 0.310048 0.900243 0.749392
275 0.313061 0.905921 0.759124
276 0.312030 0.902136 0.744526
277 0.323526 0.900243 0.754258
278 0.307248 0.899432 0.742092
279 0.316177 0.905109 0.749392
280 0.319932 0.903758 0.737226
281 0.313330 0.902136 0.749392
282 0.314329 0.902676 0.737226
283 0.303548 0.906191 0.749392
284 0.322021 0.902406 0.754258
285 0.323678 0.902676 0.734793
286 0.317827 0.906191 0.742092
287 0.310609 0.908083 0.737226
288 0.318595 0.902947 0.732360
289 0.302066 0.905921 0.746959
290 0.316174 0.905921 0.756691
291 0.308516 0.904298 0.739659
292 0.308419 0.905921 0.744526
293 0.303986 0.906732 0.744526
294 0.316814 0.904839 0.754258
295 0.305713 0.901865 0.754258
296 0.312403 0.902406 0.754258
297 0.318023 0.905921 0.746959
298 0.304636 0.905921 0.754258
299 0.314482 0.906191 0.737226
300 0.311383 0.909435 0.756691
301 0.303453 0.908624 0.739659
302 0.306160 0.908894 0.746959
303 0.303273 0.908894 0.742092
304 0.302063 0.912138 0.751825
305 0.300918 0.909976 0.754258
306 0.306687 0.908083 0.751825
307 0.310266 0.911327 0.756691
308 0.305472 0.910516 0.756691
309 0.307743 0.907002 0.746959
310 0.302799 0.910516 0.756691
311 0.307463 0.909976 0.734793
312 0.298835 0.906461 0.751825
313 0.292359 0.911868 0.754258
314 0.303012 0.910516 0.759124
315 0.308034 0.905380 0.751825
316 0.293861 0.911598 0.742092
317 0.311008 0.908624 0.749392
318 0.300334 0.907272 0.742092
319 0.303033 0.909976 0.759124
320 0.287013 0.904839 0.729927
321 0.309212 0.911598 0.746959
322 0.306915 0.912679 0.744526
323 0.289991 0.910246 0.742092
324 0.300130 0.911598 0.746959
325 0.303715 0.912949 0.754258
326 0.305854 0.909976 0.739659
327 0.300076 0.909705 0.756691
328 0.297394 0.914031 0.754258
329 0.298285 0.909976 0.754258
330 0.296925 0.911868 0.751825
331 0.290890 0.912138 0.746959
332 0.304079 0.910787 0.751825
333 0.300824 0.908354 0.746959
334 0.306819 0.911057 0.751825
335 0.290911 0.911057 0.744526
336 0.297602 0.912409 0.734793
337 0.304464 0.911598 0.739659
338 0.302051 0.906732 0.734793
339 0.303054 0.913490 0.737226
340 0.292378 0.915383 0.744526
341 0.290273 0.909976 0.742092
342 0.299760 0.910516 0.742092
343 0.294678 0.909435 0.734793
344 0.293111 0.909976 0.734793
345 0.312187 0.911057 0.749392
346 0.304183 0.913490 0.742092
347 0.301632 0.910516 0.756691
348 0.302927 0.907543 0.749392
349 0.292870 0.909165 0.751825
350 0.295818 0.909165 0.744526
