1 3.597772 0.631068 0.542857
2 1.490666 0.728155 0.685714
3 1.421889 0.669903 0.600000
4 1.065154 0.663430 0.514286
5 0.758374 0.760518 0.600000
6 0.587955 0.792880 0.514286
7 0.581655 0.747573 0.542857
8 0.632356 0.757282 0.542857
9 0.529741 0.750809 0.600000
10 0.573005 0.792880 0.600000
11 0.660597 0.692557 0.485714
12 0.936908 0.627832 0.542857
13 0.596712 0.796117 0.542857
14 0.419253 0.825243 0.600000
15 1.372456 0.644013 0.685714
16 0.773777 0.686084 0.514286
17 0.603209 0.747573 0.571429
18 0.601883 0.760518 0.514286
19 0.491500 0.779935 0.628571
20 0.545709 0.750809 0.600000
21 0.600421 0.689320 0.600000
22 0.607782 0.779935 0.600000
23 0.413424 0.809061 0.628571
24 0.421952 0.757282 0.571429
25 0.481582 0.818770 0.542857
26 0.400847 0.838188 0.600000
27 0.381642 0.854369 0.600000
28 0.344710 0.864078 0.600000
29 0.345706 0.867314 0.571429
30 0.363984 0.864078 0.600000
31 0.341054 0.847896 0.628571
32 0.329240 0.860841 0.600000
33 0.424559 0.854369 0.542857
34 0.327650 0.883495 0.542857
35 0.309630 0.886731 0.571429
36 0.314485 0.880259 0.571429
37 0.276188 0.886731 0.542857
38 0.289422 0.877023 0.485714
39 0.362797 0.822006 0.600000
40 0.300861 0.883495 0.571429
41 0.268553 0.873786 0.657143
42 0.259526 0.857605 0.628571
43 0.257498 0.883495 0.657143
44 0.254636 0.899676 0.600000
45 0.255335 0.883495 0.571429
46 0.248249 0.883495 0.571429
47 0.222708 0.899676 0.628571
48 0.244732 0.864078 0.542857
49 0.255982 0.899676 0.628571
50 0.219133 0.906149 0.571429
51 0.201000 0.909385 0.628571
52 0.195082 0.906149 0.600000
53 0.195756 0.909385 0.657143
54 0.193537 0.912621 0.600000
55 0.194165 0.909385 0.600000
56 0.191713 0.909385 0.600000
57 0.188394 0.906149 0.685714
58 0.187289 0.915858 0.600000
59 0.189841 0.902913 0.600000
60 0.199978 0.912621 0.600000
61 0.195778 0.915858 0.628571
62 0.196172 0.909385 0.571429
63 0.283312 0.873786 0.628571
64 0.232488 0.912621 0.685714
65 0.207993 0.906149 0.600000
66 0.186299 0.902913 0.628571
67 0.178753 0.915858 0.628571
68 0.181034 0.912621 0.657143
69 0.217318 0.899676 0.600000
70 0.203225 0.909385 0.685714
71 0.187213 0.899676 0.628571
72 0.180421 0.912621 0.600000
73 0.179259 0.925566 0.628571
74 0.176202 0.919094 0.600000
75 0.172766 0.912621 0.628571
76 0.183441 0.928803 0.600000
77 0.173141 0.925566 0.600000
78 0.174309 0.912621 0.571429
79 0.192927 0.906149 0.714286
80 0.232710 0.899676 0.571429
81 0.188643 0.906149 0.600000
82 0.192689 0.912621 0.571429
83 0.179365 0.919094 0.685714
84 0.170633 0.925566 0.571429
85 0.175283 0.912621 0.600000
86 0.167404 0.932039 0.628571
87 0.173212 0.919094 0.657143
88 0.175587 0.935275 0.657143
89 0.167447 0.932039 0.571429
90 0.171537 0.938511 0.657143
91 0.434376 0.857605 0.600000
92 0.272608 0.906149 0.657143
93 0.223309 0.902913 0.628571
94 0.185763 0.928803 0.571429
95 0.179668 0.919094 0.600000
96 0.176223 0.919094 0.628571
97 0.176541 0.935275 0.657143
98 0.167935 0.919094 0.657143
99 0.174463 0.925566 0.657143
100 0.164060 0.938511 0.600000
101 0.144399 0.948220 0.628571
102 0.146847 0.941748 0.628571
103 0.146650 0.941748 0.600000
104 0.147064 0.944984 0.628571
105 0.144402 0.948220 0.600000
106 0.145349 0.951456 0.600000
107 0.148112 0.941748 0.600000
108 0.143250 0.944984 0.628571
109 0.148094 0.951456 0.600000
110 0.140271 0.938511 0.600000
111 0.142024 0.951456 0.600000
112 0.142162 0.948220 0.600000
113 0.140067 0.941748 0.600000
114 0.167195 0.938511 0.628571
115 0.142373 0.948220 0.600000
116 0.144921 0.938511 0.628571
117 0.140808 0.944984 0.628571
118 0.132038 0.954693 0.600000
119 0.146465 0.941748 0.600000
120 0.145889 0.932039 0.514286
121 0.165453 0.941748 0.600000
122 0.140743 0.951456 0.600000
123 0.138185 0.944984 0.600000
124 0.137268 0.948220 0.571429
125 0.133807 0.948220 0.571429
126 0.139833 0.948220 0.600000
127 0.137050 0.944984 0.600000
128 0.133463 0.944984 0.628571
129 0.133114 0.951456 0.600000
130 0.128227 0.951456 0.600000
131 0.133149 0.957929 0.542857
132 0.136328 0.954693 0.571429
133 0.130930 0.957929 0.571429
134 0.140884 0.944984 0.600000
135 0.127013 0.954693 0.600000
136 0.127589 0.957929 0.600000
137 0.133983 0.954693 0.600000
138 0.132421 0.951456 0.571429
139 0.128370 0.948220 0.600000
140 0.128223 0.941748 0.571429
141 0.138180 0.961165 0.571429
142 0.126020 0.954693 0.600000
143 0.126949 0.954693 0.571429
144 0.126949 0.951456 0.514286
145 0.132733 0.944984 0.571429
146 0.177307 0.899676 0.542857
147 0.320737 0.932039 0.571429
148 0.189480 0.944984 0.600000
149 0.147670 0.948220 0.685714
150 0.135138 0.944984 0.628571
151 0.126964 0.951456 0.657143
152 0.138372 0.954693 0.657143
153 0.123898 0.954693 0.657143
154 0.125295 0.951456 0.628571
155 0.123400 0.951456 0.657143
156 0.126947 0.944984 0.628571
157 0.122710 0.951456 0.628571
158 0.124188 0.951456 0.600000
159 0.123667 0.951456 0.571429
160 0.121993 0.951456 0.628571
161 0.123769 0.944984 0.600000
162 0.127867 0.951456 0.600000
163 0.116735 0.954693 0.600000
164 0.120526 0.944984 0.600000
165 0.124814 0.957929 0.628571
166 0.118804 0.961165 0.657143
167 0.121415 0.957929 0.628571
168 0.121667 0.954693 0.628571
169 0.126051 0.957929 0.657143
170 0.123454 0.957929 0.657143
171 0.120893 0.961165 0.600000
172 0.117465 0.954693 0.628571
173 0.122459 0.957929 0.657143
174 0.119976 0.954693 0.685714
175 0.119134 0.954693 0.628571
176 0.119625 0.957929 0.628571
177 0.118667 0.961165 0.600000
178 0.114867 0.954693 0.628571
179 0.118798 0.954693 0.657143
180 0.118738 0.951456 0.600000
181 0.115333 0.954693 0.571429
182 0.120581 0.957929 0.657143
183 0.117733 0.961165 0.600000
184 0.117673 0.957929 0.628571
185 0.109942 0.961165 0.657143
186 0.114312 0.957929 0.628571
187 0.115269 0.954693 0.571429
188 0.120464 0.954693 0.542857
189 0.116000 0.951456 0.571429
190 0.116856 0.964401 0.600000
191 0.116927 0.957929 0.657143
192 0.115253 0.957929 0.600000
193 0.119054 0.954693 0.600000
194 0.118060 0.957929 0.628571
195 0.113866 0.954693 0.571429
196 0.118888 0.961165 0.628571
197 0.137688 0.944984 0.571429
198 0.116309 0.957929 0.628571
199 0.115124 0.957929 0.628571
200 0.112249 0.964401 0.600000
201 0.109195 0.954693 0.628571
202 0.115052 0.957929 0.628571
203 0.108298 0.961165 0.600000
204 0.105515 0.954693 0.628571
205 0.106150 0.957929 0.600000
206 0.108387 0.957929 0.600000
207 0.110094 0.964401 0.600000
208 0.106340 0.957929 0.600000
209 0.108184 0.961165 0.628571
210 0.112907 0.961165 0.600000
211 0.104199 0.957929 0.628571
212 0.109586 0.961165 0.628571
213 0.108056 0.961165 0.628571
214 0.106295 0.961165 0.600000
215 0.112560 0.961165 0.628571
216 0.102895 0.957929 0.628571
217 0.105426 0.954693 0.628571
218 0.109825 0.954693 0.628571
219 0.107534 0.961165 0.571429
220 0.103570 0.964401 0.600000
221 0.105545 0.957929 0.600000
222 0.105299 0.964401 0.600000
223 0.109301 0.961165 0.600000
224 0.104186 0.961165 0.628571
225 0.105700 0.948220 0.600000
226 0.104657 0.961165 0.628571
227 0.102083 0.964401 0.628571
228 0.105486 0.964401 0.600000
229 0.102997 0.961165 0.600000
230 0.101636 0.961165 0.600000
231 0.108354 0.964401 0.600000
232 0.100356 0.961165 0.571429
233 0.105825 0.957929 0.628571
234 0.106830 0.957929 0.600000
235 0.103916 0.957929 0.600000
236 0.100863 0.957929 0.600000
237 0.101957 0.961165 0.600000
238 0.108862 0.957929 0.628571
239 0.106945 0.964401 0.600000
240 0.103562 0.964401 0.542857
241 0.105616 0.961165 0.571429
242 0.106049 0.961165 0.600000
243 0.101184 0.964401 0.542857
244 0.109305 0.961165 0.571429
245 0.103421 0.964401 0.571429
246 0.102692 0.957929 0.571429
247 0.102974 0.961165 0.542857
248 0.108865 0.961165 0.514286
249 0.105609 0.961165 0.514286
250 0.106521 0.961165 0.571429
251 0.101449 0.957929 0.571429
252 0.104818 0.961165 0.600000
253 0.094725 0.964401 0.600000
254 0.100856 0.961165 0.600000
255 0.095901 0.964401 0.600000
256 0.100051 0.964401 0.600000
257 0.101120 0.957929 0.628571
258 0.102589 0.964401 0.600000
259 0.100918 0.961165 0.600000
260 0.097245 0.964401 0.600000
261 0.105385 0.961165 0.571429
262 0.101719 0.957929 0.571429
263 0.099024 0.961165 0.571429
264 0.100231 0.957929 0.571429
265 0.101879 0.961165 0.571429
266 0.095666 0.964401 0.600000
267 0.103746 0.961165 0.571429
268 0.103524 0.957929 0.571429
269 0.096204 0.954693 0.571429
270 0.096613 0.961165 0.571429
271 0.097869 0.957929 0.571429
272 0.101154 0.957929 0.571429
273 0.101555 0.964401 0.571429
274 0.097438 0.961165 0.571429
275 0.095394 0.964401 0.571429
276 0.099837 0.954693 0.571429
277 0.100342 0.964401 0.571429
278 0.101806 0.964401 0.571429
279 0.099070 0.957929 0.571429
280 0.093299 0.964401 0.571429
281 0.101455 0.964401 0.571429
282 0.100524 0.961165 0.571429
283 0.099978 0.964401 0.571429
284 0.104684 0.964401 0.571429
285 0.099657 0.957929 0.571429
286 0.092616 0.964401 0.571429
287 0.095835 0.964401 0.571429
288 0.096919 0.964401 0.571429
289 0.098739 0.964401 0.571429
290 0.098492 0.961165 0.542857
291 0.100757 0.961165 0.571429
292 0.099035 0.967638 0.571429
293 0.097436 0.957929 0.571429
294 0.095401 0.957929 0.571429
295 0.101339 0.961165 0.600000
296 0.100928 0.961165 0.571429
297 0.098168 0.961165 0.571429
298 0.101947 0.961165 0.571429
299 0.099095 0.964401 0.600000
300 0.097358 0.961165 0.571429
301 0.095484 0.961165 0.571429
302 0.096970 0.961165 0.571429
303 0.098783 0.957929 0.571429
304 0.096470 0.957929 0.571429
305 0.098210 0.961165 0.571429
306 0.093431 0.964401 0.571429
307 0.103330 0.964401 0.571429
308 0.096842 0.961165 0.571429
309 0.098939 0.961165 0.571429
310 0.099633 0.961165 0.571429
311 0.095930 0.964401 0.571429
312 0.095814 0.961165 0.571429
313 0.092677 0.961165 0.571429
314 0.092231 0.961165 0.571429
315 0.098370 0.961165 0.571429
316 0.094338 0.961165 0.542857
317 0.094311 0.957929 0.542857
318 0.098063 0.961165 0.571429
319 0.098057 0.957929 0.571429
320 0.099621 0.957929 0.542857
321 0.093581 0.964401 0.542857
322 0.097739 0.961165 0.571429
323 0.096012 0.961165 0.542857
324 0.094848 0.961165 0.571429
325 0.099029 0.964401 0.571429
326 0.094114 0.961165 0.542857
327 0.095727 0.957929 0.571429
328 0.102411 0.964401 0.542857
329 0.096203 0.961165 0.571429
330 0.094410 0.961165 0.542857
331 0.094890 0.961165 0.571429
332 0.094724 0.964401 0.571429
333 0.097716 0.957929 0.571429
334 0.097321 0.961165 0.571429
335 0.100345 0.961165 0.542857
336 0.095848 0.964401 0.571429
337 0.092679 0.961165 0.571429
338 0.099728 0.964401 0.542857
339 0.099806 0.964401 0.542857
340 0.097264 0.964401 0.571429
341 0.092563 0.957929 0.571429
342 0.095467 0.961165 0.571429
343 0.092381 0.961165 0.542857
344 0.097673 0.961165 0.571429
345 0.095673 0.964401 0.571429
346 0.092354 0.964401 0.542857
347 0.100570 0.961165 0.542857
348 0.102028 0.961165 0.542857
349 0.091228 0.957929 0.542857
350 0.092924 0.961165 0.571429
