1 213.551279 0.200044 0.200000
2 51.283589 0.200044 0.200000
3 3.438118 0.200044 0.200000
4 2.009403 0.200044 0.200000
5 1.986566 0.200044 0.200000
6 1.793199 0.200044 0.200000
7 1.963383 0.200044 0.200000
8 1.768739 0.200044 0.200000
9 1.807472 0.200044 0.200000
10 1.821202 0.200044 0.200000
11 1.672438 0.200044 0.200000
12 1.655781 0.200044 0.200000
13 1.719757 0.200044 0.200000
14 1.782401 0.200044 0.200000
15 1.580188 0.200044 0.200000
16 1.632122 0.200044 0.200000
17 1.588936 0.200044 0.200000
18 1.711787 0.200044 0.200000
19 1.637757 0.200044 0.200000
20 1.759699 0.200044 0.200000
21 1.670063 0.200044 0.200000
22 1.689530 0.200044 0.200000
23 1.659091 0.200044 0.200000
24 1.628376 0.200044 0.200000
25 1.640257 0.200044 0.200000
26 1.666689 0.200044 0.200000
27 1.629538 0.200044 0.200000
28 1.707868 0.200044 0.200000
29 2.369864 0.200044 0.200000
30 1.781098 0.200044 0.200000
31 1.731905 0.200044 0.200000
32 1.924151 0.200044 0.200000
33 1.579057 0.200044 0.200000
34 1.687211 0.200044 0.200000
35 1.910154 0.200044 0.200000
36 1.630182 0.200044 0.200000
37 1.872123 0.200044 0.200000
38 1.747844 0.200044 0.200000
39 1.723326 0.200044 0.200000
40 1.709765 0.200044 0.200000
41 1.576643 0.200044 0.200000
42 1.864281 0.200044 0.200000
43 1.647929 0.200044 0.200000
44 1.638495 0.200044 0.200000
45 1.681870 0.200044 0.200000
46 1.609188 0.200044 0.200000
47 1.560606 0.200044 0.200000
48 1.600133 0.200044 0.200000
49 1.608654 0.200044 0.200000
50 1.601344 0.200044 0.200000
51 1.621845 0.200044 0.200000
52 1.473810 0.200044 0.200000
53 1.517719 0.200044 0.200000
54 1.501572 0.200044 0.200000
55 1.513908 0.200044 0.200000
56 1.565999 0.200044 0.200000
57 1.456991 0.200044 0.200000
58 1.471334 0.200044 0.200000
59 1.607141 0.200044 0.200000
60 1.504359 0.200044 0.200000
61 1.566476 0.200044 0.200000
62 1.555595 0.200044 0.200000
63 1.645900 0.200044 0.200000
64 1.622320 0.200044 0.200000
65 1.503141 0.200044 0.200000
66 1.501782 0.200044 0.200000
67 1.497537 0.200044 0.200000
68 1.565651 0.200044 0.200000
69 1.551431 0.200044 0.200000
70 1.553580 0.200044 0.200000
