1 3.868366 0.631068 0.685714
2 1.575216 0.660194 0.657143
3 1.741138 0.656958 0.628571
4 1.481701 0.682848 0.542857
5 1.275183 0.640777 0.657143
6 1.162655 0.579288 0.657143
7 0.984304 0.660194 0.628571
8 1.109700 0.595469 0.628571
9 0.932425 0.695793 0.771429
10 0.886339 0.640777 0.628571
11 0.803670 0.699029 0.657143
12 0.761824 0.705502 0.771429
13 0.665465 0.731392 0.685714
14 0.703824 0.708738 0.685714
15 0.651196 0.695793 0.657143
16 0.636394 0.647249 0.485714
17 0.611068 0.776699 0.800000
18 0.556441 0.757282 0.771429
19 0.591940 0.744337 0.628571
20 0.500968 0.741100 0.600000
21 0.582884 0.724919 0.714286
22 0.517940 0.792880 0.771429
23 0.507415 0.773463 0.685714
24 0.487298 0.747573 0.628571
25 0.456085 0.805825 0.742857
26 0.467024 0.818770 0.800000
27 0.474401 0.699029 0.571429
28 0.438581 0.847896 0.771429
29 0.412639 0.812298 0.742857
30 0.415409 0.847896 0.714286
31 0.431698 0.831715 0.742857
32 0.398456 0.857605 0.771429
33 0.392953 0.783172 0.771429
34 0.396240 0.860841 0.857143
35 0.356195 0.860841 0.800000
36 0.370367 0.822006 0.714286
37 0.367777 0.847896 0.800000
38 0.367354 0.851133 0.800000
39 0.330012 0.864078 0.742857
40 0.343965 0.873786 0.828571
41 0.312120 0.912621 0.800000
42 0.333664 0.919094 0.828571
43 0.320873 0.841424 0.771429
44 0.305686 0.909385 0.771429
45 0.271201 0.870550 0.800000
46 0.310937 0.925566 0.771429
47 0.245863 0.841424 0.771429
48 0.313236 0.889968 0.828571
49 0.286067 0.928803 0.828571
50 0.200352 0.977346 0.771429
51 0.182464 0.957929 0.771429
52 0.188099 0.964401 0.771429
53 0.146839 0.964401 0.771429
54 0.157983 0.951456 0.800000
55 0.160415 0.948220 0.800000
56 0.153626 0.993528 0.800000
57 0.156806 0.935275 0.800000
58 0.171950 0.961165 0.714286
59 0.134932 0.951456 0.771429
60 0.127654 0.983819 0.685714
61 0.152602 0.928803 0.742857
62 0.206427 0.977346 0.714286
63 0.156803 0.951456 0.771429
64 0.170987 0.970874 0.800000
65 0.146250 0.990291 0.742857
66 0.140510 0.957929 0.771429
67 0.177630 0.967638 0.742857
68 0.141981 0.964401 0.771429
69 0.144428 0.980583 0.800000
70 0.115998 0.974110 0.771429
71 0.251070 0.948220 0.857143
72 0.164201 0.922330 0.771429
73 0.162514 0.964401 0.714286
74 0.132065 0.993528 0.685714
75 0.114356 0.970874 0.714286
76 0.182827 0.922330 0.771429
77 0.186549 0.974110 0.714286
78 0.127426 0.980583 0.771429
79 0.145849 0.974110 0.714286
80 0.118298 0.987055 0.714286
81 0.097429 0.990291 0.742857
82 0.140862 0.957929 0.742857
83 0.128686 0.990291 0.714286
84 0.112725 0.983819 0.742857
85 0.146044 0.896440 0.657143
86 0.178430 0.822006 0.685714
87 0.234769 0.974110 0.685714
88 0.124952 0.970874 0.742857
89 0.102639 0.993528 0.742857
90 0.107758 0.990291 0.714286
91 0.142968 0.944984 0.714286
92 0.175495 0.906149 0.685714
93 0.158757 0.983819 0.714286
94 0.126652 0.990291 0.685714
95 0.112180 0.993528 0.800000
96 0.132728 0.957929 0.685714
97 0.224970 0.883495 0.742857
98 0.166268 0.987055 0.714286
99 0.100618 0.993528 0.714286
100 0.093317 0.993528 0.685714
101 0.074097 0.993528 0.742857
102 0.073133 0.993528 0.742857
103 0.075071 0.993528 0.742857
104 0.070851 0.993528 0.742857
105 0.069641 0.993528 0.742857
106 0.079866 0.993528 0.714286
107 0.075983 0.993528 0.714286
108 0.069632 0.993528 0.742857
109 0.068743 0.993528 0.714286
110 0.065264 0.993528 0.742857
111 0.130462 0.954693 0.714286
112 0.126561 0.990291 0.685714
113 0.077787 0.993528 0.714286
114 0.073586 0.993528 0.685714
115 0.080255 0.993528 0.714286
116 0.078405 0.993528 0.714286
117 0.066248 0.993528 0.714286
118 0.069870 0.993528 0.685714
119 0.076420 0.993528 0.685714
120 0.067200 0.993528 0.685714
121 0.082615 0.993528 0.714286
122 0.069255 0.993528 0.771429
123 0.075321 0.993528 0.714286
124 0.067924 0.993528 0.685714
125 0.083062 0.993528 0.685714
126 0.075739 0.993528 0.685714
127 0.075306 0.993528 0.714286
128 0.072597 0.993528 0.714286
129 0.073485 0.993528 0.714286
130 0.084217 0.977346 0.742857
131 0.086093 0.993528 0.685714
132 0.072069 0.993528 0.742857
133 0.071169 0.993528 0.742857
134 0.082411 0.974110 0.714286
135 0.068113 0.990291 0.685714
136 0.068969 0.993528 0.714286
137 0.085037 0.990291 0.657143
138 0.111339 0.935275 0.657143
139 0.188454 0.974110 0.742857
140 0.099673 0.941748 0.685714
141 0.089235 0.990291 0.714286
142 0.094612 0.980583 0.714286
143 0.079286 0.993528 0.742857
144 0.065845 0.993528 0.714286
145 0.064317 0.993528 0.742857
146 0.068921 0.993528 0.742857
147 0.066951 0.993528 0.685714
148 0.074959 0.990291 0.714286
149 0.072996 0.993528 0.742857
150 0.067746 0.993528 0.742857
151 0.056212 0.993528 0.714286
152 0.055003 0.993528 0.685714
153 0.053823 0.993528 0.685714
154 0.057102 0.993528 0.685714
155 0.059260 0.993528 0.742857
156 0.054995 0.993528 0.714286
157 0.051879 0.993528 0.714286
158 0.051795 0.993528 0.714286
159 0.054626 0.993528 0.714286
160 0.057677 0.993528 0.714286
161 0.057886 0.993528 0.742857
162 0.064665 0.993528 0.714286
163 0.055750 0.993528 0.714286
164 0.052543 0.993528 0.714286
165 0.053676 0.993528 0.714286
166 0.053435 0.993528 0.714286
167 0.053813 0.993528 0.714286
168 0.050272 0.993528 0.685714
169 0.053394 0.993528 0.771429
170 0.062263 0.993528 0.742857
171 0.053646 0.993528 0.742857
172 0.056103 0.993528 0.742857
173 0.063336 0.993528 0.714286
174 0.056202 0.993528 0.685714
175 0.055326 0.993528 0.685714
176 0.060723 0.993528 0.657143
177 0.057117 0.993528 0.742857
178 0.055005 0.993528 0.685714
179 0.057758 0.993528 0.685714
180 0.057723 0.993528 0.742857
181 0.053580 0.993528 0.742857
182 0.054766 0.993528 0.714286
183 0.066960 0.993528 0.714286
184 0.057436 0.993528 0.714286
185 0.051925 0.993528 0.714286
186 0.050231 0.993528 0.714286
187 0.055689 0.993528 0.742857
188 0.054421 0.993528 0.714286
189 0.051443 0.993528 0.742857
190 0.076288 0.993528 0.742857
191 0.075434 0.993528 0.714286
192 0.063819 0.993528 0.714286
193 0.071408 0.993528 0.714286
194 0.052818 0.993528 0.714286
195 0.058328 0.993528 0.714286
196 0.052480 0.993528 0.685714
197 0.051446 0.993528 0.685714
198 0.056423 0.993528 0.714286
199 0.053966 0.993528 0.742857
200 0.046526 0.993528 0.714286
201 0.052417 0.993528 0.714286
202 0.057334 0.993528 0.714286
203 0.046479 0.993528 0.714286
204 0.051113 0.993528 0.714286
205 0.046926 0.993528 0.714286
206 0.051002 0.993528 0.714286
207 0.044535 0.993528 0.714286
208 0.048066 0.993528 0.714286
209 0.051338 0.993528 0.742857
210 0.044309 0.993528 0.714286
211 0.046921 0.993528 0.714286
212 0.051733 0.993528 0.742857
213 0.046163 0.993528 0.714286
214 0.051241 0.993528 0.714286
215 0.050500 0.993528 0.714286
216 0.054794 0.993528 0.714286
217 0.042045 0.993528 0.714286
218 0.049064 0.993528 0.714286
219 0.052910 0.993528 0.714286
220 0.050457 0.993528 0.714286
221 0.048705 0.993528 0.714286
222 0.051304 0.993528 0.742857
223 0.049792 0.993528 0.742857
224 0.044878 0.993528 0.742857
225 0.051999 0.993528 0.714286
226 0.047854 0.993528 0.771429
227 0.043615 0.993528 0.742857
228 0.049267 0.993528 0.714286
229 0.048500 0.993528 0.742857
230 0.043370 0.993528 0.742857
231 0.045383 0.993528 0.714286
232 0.047377 0.993528 0.742857
233 0.044116 0.993528 0.714286
234 0.041643 0.993528 0.714286
235 0.046932 0.993528 0.714286
236 0.043129 0.993528 0.714286
237 0.047427 0.993528 0.714286
238 0.045166 0.993528 0.742857
239 0.044563 0.993528 0.714286
240 0.051925 0.993528 0.742857
241 0.044127 0.993528 0.742857
242 0.043450 0.993528 0.742857
243 0.044223 0.993528 0.714286
244 0.045525 0.993528 0.714286
245 0.045230 0.993528 0.742857
246 0.049779 0.993528 0.771429
247 0.043146 0.993528 0.742857
248 0.049360 0.993528 0.742857
249 0.046594 0.993528 0.742857
250 0.048757 0.993528 0.742857
251 0.044621 0.993528 0.742857
252 0.042196 0.993528 0.714286
253 0.043990 0.993528 0.742857
254 0.043886 0.993528 0.714286
255 0.041476 0.993528 0.742857
256 0.044870 0.993528 0.714286
257 0.039091 0.993528 0.714286
258 0.044104 0.993528 0.742857
259 0.043808 0.993528 0.742857
260 0.046019 0.993528 0.742857
261 0.046849 0.993528 0.742857
262 0.046280 0.993528 0.685714
263 0.041821 0.993528 0.714286
264 0.045471 0.993528 0.742857
265 0.045842 0.993528 0.771429
266 0.041361 0.993528 0.714286
267 0.045990 0.993528 0.742857
268 0.042950 0.993528 0.714286
269 0.044302 0.993528 0.742857
270 0.044119 0.993528 0.714286
271 0.043483 0.993528 0.742857
272 0.042945 0.993528 0.714286
273 0.047045 0.993528 0.742857
274 0.046480 0.993528 0.714286
275 0.041835 0.993528 0.714286
276 0.042742 0.993528 0.742857
277 0.043041 0.993528 0.714286
278 0.043972 0.993528 0.742857
279 0.046079 0.993528 0.742857
280 0.039844 0.993528 0.742857
281 0.046481 0.993528 0.714286
282 0.045855 0.993528 0.742857
283 0.038451 0.993528 0.742857
284 0.041009 0.993528 0.714286
285 0.045746 0.993528 0.714286
286 0.040734 0.993528 0.742857
287 0.044605 0.993528 0.742857
288 0.041117 0.993528 0.714286
289 0.046137 0.993528 0.742857
290 0.042779 0.993528 0.742857
291 0.041647 0.993528 0.742857
292 0.042907 0.993528 0.742857
293 0.039001 0.993528 0.742857
294 0.042383 0.993528 0.742857
295 0.042940 0.993528 0.742857
296 0.041312 0.993528 0.742857
297 0.043529 0.993528 0.742857
298 0.043283 0.993528 0.714286
299 0.045728 0.993528 0.771429
300 0.040411 0.993528 0.771429
301 0.041476 0.993528 0.742857
302 0.041644 0.993528 0.742857
303 0.046167 0.993528 0.742857
304 0.040805 0.993528 0.742857
305 0.043596 0.993528 0.742857
306 0.042557 0.993528 0.742857
307 0.042359 0.993528 0.742857
308 0.039154 0.993528 0.742857
309 0.044136 0.993528 0.742857
310 0.046331 0.993528 0.742857
311 0.039978 0.993528 0.742857
312 0.040505 0.993528 0.742857
313 0.038616 0.993528 0.742857
314 0.037064 0.993528 0.742857
315 0.039855 0.993528 0.742857
316 0.042445 0.993528 0.742857
317 0.043194 0.993528 0.742857
318 0.039773 0.993528 0.742857
319 0.044205 0.993528 0.742857
320 0.037331 0.993528 0.742857
321 0.042487 0.993528 0.742857
322 0.040748 0.993528 0.742857
323 0.040990 0.993528 0.742857
324 0.040124 0.993528 0.742857
325 0.044280 0.993528 0.742857
326 0.043451 0.993528 0.742857
327 0.044232 0.993528 0.742857
328 0.040701 0.993528 0.742857
329 0.043380 0.993528 0.742857
330 0.043843 0.993528 0.742857
331 0.039683 0.993528 0.771429
332 0.040928 0.993528 0.771429
333 0.040838 0.993528 0.742857
334 0.038088 0.993528 0.771429
335 0.040469 0.993528 0.742857
336 0.045541 0.993528 0.714286
337 0.039708 0.993528 0.742857
338 0.040041 0.993528 0.771429
339 0.042741 0.993528 0.742857
340 0.042842 0.993528 0.742857
341 0.038202 0.993528 0.742857
342 0.041018 0.993528 0.742857
343 0.041815 0.993528 0.742857
344 0.041085 0.993528 0.742857
345 0.040353 0.993528 0.771429
346 0.040715 0.993528 0.742857
347 0.042379 0.993528 0.742857
348 0.039795 0.993528 0.742857
349 0.040945 0.993528 0.742857
350 0.044534 0.993528 0.771429
