1 8.236257 0.693307 0.669643
2 3.614053 0.725275 0.705357
3 3.057645 0.713287 0.696429
4 1.752226 0.740260 0.696429
5 2.223837 0.737263 0.750000
6 1.583268 0.694306 0.714286
7 1.782837 0.702298 0.678571
8 1.328480 0.737263 0.741071
9 1.242955 0.710290 0.660714
10 1.534808 0.746254 0.785714
11 1.176713 0.737263 0.750000
12 1.249864 0.738262 0.776786
13 1.076677 0.746254 0.767857
14 1.153521 0.675325 0.687500
15 0.875812 0.725275 0.687500
16 1.001088 0.708292 0.705357
17 1.016382 0.686314 0.723214
18 0.906433 0.737263 0.732143
19 0.735970 0.747253 0.732143
20 0.800427 0.746254 0.767857
21 0.826118 0.732268 0.785714
22 0.815705 0.746254 0.767857
23 0.732643 0.745255 0.767857
24 0.660862 0.729271 0.750000
25 0.671096 0.741259 0.714286
26 0.681038 0.744256 0.732143
27 0.599204 0.748252 0.741071
28 0.636653 0.733267 0.732143
29 0.614594 0.758242 0.767857
30 0.653605 0.726274 0.696429
31 0.938564 0.722278 0.714286
32 0.845472 0.727273 0.651786
33 0.798617 0.478521 0.428571
34 0.710772 0.740260 0.696429
35 0.654616 0.737263 0.767857
36 0.625785 0.750250 0.741071
37 0.579597 0.685315 0.633929
38 0.600495 0.562438 0.562500
39 0.560277 0.754246 0.741071
40 0.584027 0.751249 0.750000
41 0.552093 0.753247 0.750000
42 0.560424 0.730270 0.741071
43 0.564463 0.758242 0.750000
44 0.559100 0.725275 0.714286
45 0.569661 0.744256 0.723214
46 0.583812 0.735265 0.696429
47 0.564239 0.739261 0.750000
48 0.564261 0.748252 0.714286
49 0.543835 0.731269 0.687500
50 0.549682 0.750250 0.714286
51 0.542250 0.752248 0.696429
52 0.537244 0.764236 0.696429
53 0.541821 0.743257 0.741071
54 0.532321 0.749251 0.741071
55 0.529252 0.758242 0.758929
56 0.558146 0.749251 0.714286
57 0.532654 0.737263 0.642857
58 0.538426 0.748252 0.669643
59 0.527589 0.741259 0.723214
60 0.535574 0.759241 0.723214
61 0.536369 0.740260 0.633929
62 0.521442 0.747253 0.660714
63 0.524543 0.753247 0.696429
64 0.535730 0.683317 0.589286
65 0.528636 0.762238 0.696429
66 0.530473 0.758242 0.741071
67 0.517258 0.769231 0.750000
68 0.526958 0.748252 0.741071
69 0.526349 0.757243 0.741071
70 0.517776 0.771229 0.660714
71 0.523056 0.759241 0.678571
72 0.511196 0.759241 0.687500
73 0.514313 0.771229 0.669643
74 0.513681 0.746254 0.598214
75 0.513288 0.772228 0.696429
76 0.514597 0.772228 0.669643
77 0.528476 0.758242 0.705357
78 0.520763 0.765235 0.714286
79 0.529346 0.757243 0.633929
80 0.513961 0.773227 0.660714
81 0.520405 0.760240 0.723214
82 0.526182 0.761239 0.669643
83 0.517944 0.757243 0.696429
84 0.532265 0.773227 0.696429
85 0.520793 0.773227 0.687500
86 0.507779 0.768232 0.660714
87 0.516806 0.753247 0.750000
88 0.529730 0.778222 0.687500
89 0.515834 0.774226 0.660714
90 0.523285 0.775225 0.705357
91 0.512958 0.779221 0.714286
92 0.500285 0.768232 0.696429
93 0.513955 0.672328 0.580357
94 0.514704 0.756244 0.669643
95 0.502434 0.753247 0.660714
96 0.505913 0.770230 0.687500
97 0.497689 0.763237 0.669643
98 0.511206 0.770230 0.642857
99 0.489723 0.801199 0.687500
100 0.486810 0.780220 0.732143
101 0.482695 0.791209 0.678571
102 0.470109 0.786214 0.616071
103 0.492056 0.797203 0.678571
104 0.484987 0.789211 0.696429
105 0.494977 0.788212 0.651786
106 0.488261 0.791209 0.651786
107 0.491791 0.797203 0.687500
108 0.477897 0.812188 0.705357
109 0.473754 0.801199 0.705357
110 0.468244 0.763237 0.651786
111 0.481423 0.791209 0.696429
112 0.477045 0.784216 0.651786
113 0.479811 0.786214 0.705357
114 0.473668 0.813187 0.723214
115 0.484151 0.782218 0.723214
116 0.465250 0.800200 0.678571
117 0.470435 0.788212 0.705357
118 0.486000 0.800200 0.660714
119 0.479952 0.799201 0.678571
120 0.475944 0.814186 0.696429
121 0.468901 0.802198 0.651786
122 0.473862 0.804196 0.642857
123 0.463826 0.803197 0.723214
124 0.463350 0.812188 0.696429
125 0.464262 0.804196 0.687500
126 0.468711 0.802198 0.723214
127 0.478218 0.805195 0.687500
128 0.445019 0.815185 0.705357
129 0.447875 0.812188 0.723214
130 0.468825 0.814186 0.678571
131 0.448282 0.821179 0.687500
132 0.458448 0.814186 0.651786
133 0.466501 0.793207 0.678571
134 0.447029 0.803197 0.687500
135 0.457896 0.819181 0.696429
136 0.452347 0.820180 0.660714
137 0.446295 0.814186 0.705357
138 0.446743 0.820180 0.705357
139 0.442455 0.824176 0.705357
140 0.438586 0.824176 0.705357
141 0.444506 0.812188 0.741071
142 0.436481 0.829171 0.705357
143 0.436722 0.835165 0.732143
144 0.428586 0.806194 0.687500
145 0.426144 0.831169 0.678571
146 0.447147 0.830170 0.714286
147 0.444482 0.808192 0.741071
148 0.443215 0.816184 0.660714
149 0.426706 0.829171 0.678571
150 0.425038 0.842158 0.714286
151 0.420091 0.847153 0.669643
152 0.412983 0.855145 0.723214
153 0.410883 0.845155 0.678571
154 0.409186 0.838162 0.705357
155 0.416540 0.850150 0.714286
156 0.410890 0.848152 0.625000
157 0.411114 0.858142 0.669643
158 0.415750 0.839161 0.705357
159 0.392008 0.854146 0.651786
160 0.391411 0.860140 0.714286
161 0.387841 0.867133 0.687500
162 0.389846 0.839161 0.678571
163 0.394945 0.867133 0.696429
164 0.404338 0.864136 0.633929
165 0.385573 0.857143 0.660714
166 0.391571 0.862138 0.642857
167 0.411543 0.862138 0.696429
168 0.389724 0.855145 0.714286
169 0.388609 0.848152 0.669643
170 0.380706 0.867133 0.651786
171 0.380670 0.869131 0.660714
172 0.403734 0.873127 0.705357
173 0.374567 0.877123 0.651786
174 0.373753 0.877123 0.678571
175 0.371692 0.872128 0.669643
176 0.369981 0.857143 0.741071
177 0.369910 0.879121 0.660714
178 0.394347 0.877123 0.723214
179 0.383006 0.860140 0.651786
180 0.370468 0.887113 0.705357
181 0.379644 0.872128 0.678571
182 0.356577 0.870130 0.705357
183 0.363428 0.884116 0.750000
184 0.373556 0.885115 0.669643
185 0.366806 0.877123 0.607143
186 0.374942 0.863137 0.687500
187 0.361193 0.901099 0.687500
188 0.352824 0.873127 0.633929
189 0.352016 0.892108 0.678571
190 0.362850 0.888112 0.633929
191 0.356483 0.893107 0.678571
192 0.354044 0.892108 0.651786
193 0.341857 0.892108 0.669643
194 0.340736 0.878122 0.732143
195 0.353734 0.864136 0.687500
196 0.341186 0.893107 0.705357
197 0.342762 0.904096 0.741071
198 0.349997 0.870130 0.678571
199 0.361984 0.866134 0.669643
200 0.345915 0.911089 0.633929
201 0.322558 0.917083 0.616071
202 0.332849 0.925075 0.642857
203 0.348807 0.909091 0.660714
204 0.322732 0.920080 0.678571
205 0.324132 0.913087 0.678571
206 0.326690 0.903097 0.678571
207 0.332596 0.909091 0.687500
208 0.316605 0.922078 0.678571
209 0.308727 0.914086 0.687500
210 0.316204 0.922078 0.642857
211 0.304602 0.918082 0.669643
212 0.297922 0.924076 0.669643
213 0.317052 0.909091 0.705357
214 0.304968 0.924076 0.678571
215 0.305284 0.907093 0.651786
216 0.317821 0.920080 0.732143
217 0.319416 0.932068 0.687500
218 0.304920 0.899101 0.642857
219 0.294287 0.924076 0.696429
220 0.296268 0.923077 0.651786
221 0.286016 0.926074 0.696429
222 0.315490 0.920080 0.714286
223 0.291812 0.935065 0.678571
224 0.268022 0.933067 0.678571
225 0.313924 0.912088 0.642857
226 0.304967 0.928072 0.696429
227 0.282809 0.925075 0.687500
228 0.266156 0.942058 0.669643
229 0.282622 0.929071 0.696429
230 0.288155 0.931069 0.696429
231 0.288352 0.927073 0.660714
232 0.278160 0.911089 0.669643
233 0.289573 0.924076 0.696429
234 0.286646 0.931069 0.732143
235 0.284856 0.941059 0.660714
236 0.281706 0.922078 0.696429
237 0.278290 0.923077 0.705357
238 0.272917 0.931069 0.714286
239 0.309727 0.927073 0.660714
240 0.282348 0.935065 0.651786
241 0.269350 0.930070 0.616071
242 0.271447 0.932068 0.678571
243 0.272728 0.925075 0.696429
244 0.261431 0.945055 0.705357
245 0.266585 0.938062 0.705357
246 0.267819 0.930070 0.705357
247 0.276810 0.930070 0.687500
248 0.290244 0.937063 0.678571
249 0.264892 0.947053 0.687500
250 0.296123 0.947053 0.687500
251 0.245794 0.943057 0.714286
252 0.263318 0.947053 0.678571
253 0.248494 0.940060 0.687500
254 0.245621 0.946054 0.678571
255 0.245178 0.952048 0.678571
256 0.271900 0.947053 0.714286
257 0.242709 0.948052 0.714286
258 0.266303 0.940060 0.741071
259 0.241317 0.953047 0.705357
260 0.247686 0.948052 0.678571
261 0.238616 0.953047 0.705357
262 0.245488 0.950050 0.705357
263 0.247828 0.948052 0.732143
264 0.248927 0.949051 0.705357
265 0.262507 0.949051 0.714286
266 0.242192 0.950050 0.705357
267 0.242742 0.949051 0.705357
268 0.252475 0.945055 0.705357
269 0.249778 0.950050 0.687500
270 0.237113 0.946054 0.705357
271 0.229167 0.950050 0.750000
272 0.234201 0.952048 0.714286
273 0.280456 0.951049 0.714286
274 0.254574 0.954046 0.678571
275 0.269332 0.945055 0.741071
276 0.252084 0.955045 0.714286
277 0.235027 0.948052 0.687500
278 0.239053 0.954046 0.714286
279 0.268896 0.954046 0.696429
280 0.221880 0.955045 0.687500
281 0.241689 0.953047 0.741071
282 0.244268 0.958042 0.714286
283 0.245970 0.947053 0.714286
284 0.230800 0.949051 0.696429
285 0.260910 0.954046 0.696429
286 0.236866 0.950050 0.723214
287 0.265372 0.948052 0.705357
288 0.246276 0.953047 0.696429
289 0.246094 0.955045 0.687500
290 0.238658 0.957043 0.741071
291 0.240251 0.953047 0.705357
292 0.237194 0.957043 0.723214
293 0.238478 0.951049 0.732143
294 0.238794 0.955045 0.714286
295 0.236489 0.947053 0.723214
296 0.231582 0.959041 0.705357
297 0.239194 0.954046 0.732143
298 0.248734 0.951049 0.687500
299 0.219665 0.954046 0.732143
300 0.244662 0.957043 0.723214
301 0.225190 0.959041 0.723214
302 0.222244 0.957043 0.741071
303 0.215628 0.959041 0.714286
304 0.220281 0.956044 0.758929
305 0.243338 0.955045 0.741071
306 0.250366 0.958042 0.723214
307 0.230268 0.961039 0.705357
308 0.213084 0.963037 0.714286
309 0.211686 0.960040 0.732143
310 0.232023 0.966034 0.741071
311 0.228240 0.963037 0.732143
312 0.227025 0.957043 0.741071
313 0.206121 0.958042 0.723214
314 0.232283 0.950050 0.741071
315 0.242689 0.960040 0.705357
316 0.220043 0.958042 0.732143
317 0.217104 0.960040 0.714286
318 0.200035 0.962038 0.723214
319 0.237060 0.960040 0.705357
320 0.224012 0.962038 0.732143
321 0.223738 0.964036 0.723214
322 0.210107 0.964036 0.714286
323 0.217324 0.964036 0.705357
324 0.199691 0.960040 0.705357
325 0.210515 0.959041 0.767857
326 0.211273 0.964036 0.723214
327 0.197335 0.963037 0.723214
328 0.238194 0.965035 0.723214
329 0.206651 0.967033 0.705357
330 0.222655 0.962038 0.687500
331 0.236581 0.962038 0.732143
332 0.205272 0.967033 0.732143
333 0.217638 0.963037 0.714286
334 0.210348 0.964036 0.705357
335 0.217888 0.962038 0.687500
336 0.213528 0.962038 0.714286
337 0.204360 0.964036 0.723214
338 0.226666 0.963037 0.750000
339 0.210096 0.965035 0.705357
340 0.221976 0.960040 0.687500
341 0.220066 0.963037 0.696429
342 0.218318 0.963037 0.741071
343 0.220089 0.965035 0.750000
344 0.224721 0.966034 0.678571
345 0.230236 0.963037 0.732143
346 0.213410 0.964036 0.723214
347 0.217823 0.964036 0.705357
348 0.231089 0.962038 0.714286
349 0.220709 0.966034 0.714286
350 0.201947 0.966034 0.705357
