1 3.685501 0.606650 0.615572
2 1.880878 0.652338 0.666667
3 1.696316 0.567451 0.591241
4 1.133665 0.718573 0.703163
5 0.824559 0.702352 0.698297
6 0.762011 0.658286 0.666667
7 0.768541 0.655312 0.639903
8 0.956381 0.657475 0.661800
9 0.954127 0.591511 0.613139
10 0.728096 0.691268 0.712895
11 0.727118 0.619897 0.620438
12 0.719440 0.653149 0.630170
13 0.719454 0.634496 0.642336
14 0.755952 0.568262 0.579075
15 0.694215 0.665315 0.664234
16 0.723251 0.682617 0.683698
17 0.846059 0.625034 0.639903
18 0.762939 0.628548 0.647202
19 0.631349 0.735604 0.686131
20 0.632937 0.683698 0.698297
21 0.649458 0.661800 0.664234
22 0.660767 0.736686 0.720195
23 0.637630 0.709651 0.725061
24 0.687728 0.614490 0.598540
25 0.711049 0.621519 0.635036
26 0.745418 0.708029 0.700730
27 0.636366 0.698026 0.708029
28 0.631372 0.685861 0.690998
29 0.623523 0.668018 0.661800
30 0.598653 0.723168 0.708029
31 0.657741 0.726142 0.700730
32 0.645130 0.526899 0.508516
33 0.728042 0.700460 0.671533
34 0.633948 0.698026 0.710462
35 0.589919 0.716410 0.729927
36 0.587143 0.721546 0.708029
37 0.607288 0.726142 0.722628
38 0.673089 0.542038 0.540146
39 0.586523 0.735604 0.722628
40 0.578748 0.733441 0.720195
41 0.598611 0.739930 0.720195
42 0.585631 0.716951 0.708029
43 0.578362 0.736686 0.717762
44 0.629557 0.683158 0.671533
45 0.582975 0.718843 0.720195
46 0.575992 0.738848 0.727494
47 0.574208 0.627467 0.625304
48 0.573822 0.697215 0.678832
49 0.584731 0.630170 0.610706
50 0.575165 0.746148 0.734793
51 0.561645 0.744255 0.725061
52 0.562604 0.741552 0.722628
53 0.555175 0.747770 0.734793
54 0.565068 0.748581 0.749392
55 0.553145 0.738308 0.720195
56 0.557250 0.745607 0.739659
57 0.544319 0.755069 0.751825
58 0.567036 0.742633 0.742092
59 0.537579 0.742363 0.746959
60 0.575711 0.755880 0.727494
61 0.544758 0.759935 0.749392
62 0.554684 0.753717 0.744526
63 0.543889 0.726413 0.725061
64 0.538389 0.756961 0.732360
65 0.560278 0.761828 0.739659
66 0.561690 0.758043 0.761557
67 0.548957 0.733441 0.717762
68 0.525355 0.761287 0.727494
69 0.533030 0.757232 0.746959
70 0.538900 0.770479 0.742092
71 0.529330 0.755880 0.734793
72 0.536871 0.751825 0.744526
73 0.540793 0.752906 0.722628
74 0.533676 0.764801 0.746959
75 0.550089 0.728846 0.700730
76 0.541400 0.686672 0.683698
77 0.545813 0.772912 0.734793
78 0.544688 0.758583 0.742092
79 0.548498 0.761016 0.725061
80 0.526315 0.769667 0.734793
81 0.539632 0.761287 0.768856
82 0.540670 0.763720 0.732360
83 0.531778 0.766153 0.737226
84 0.533358 0.713706 0.717762
85 0.539181 0.731279 0.720195
86 0.538411 0.774263 0.749392
87 0.531120 0.745877 0.727494
88 0.540729 0.751554 0.761557
89 0.554885 0.749932 0.756691
90 0.540468 0.759665 0.746959
91 0.544398 0.766694 0.763990
92 0.538606 0.749392 0.749392
93 0.537873 0.702893 0.693431
94 0.527743 0.762368 0.742092
95 0.534156 0.752095 0.742092
96 0.542315 0.773452 0.751825
97 0.537086 0.759935 0.744526
98 0.523800 0.776156 0.771290
99 0.549364 0.721006 0.742092
100 0.525017 0.776156 0.756691
101 0.507547 0.781833 0.771290
102 0.507841 0.782103 0.756691
103 0.514004 0.788592 0.781022
104 0.506230 0.788862 0.793187
105 0.499215 0.783725 0.778589
106 0.505156 0.782103 0.793187
107 0.508258 0.785347 0.759124
108 0.498786 0.764801 0.751825
109 0.511700 0.780752 0.771290
110 0.519890 0.731549 0.712895
111 0.504633 0.788051 0.778589
112 0.514697 0.786969 0.766423
113 0.511750 0.783185 0.763990
114 0.508095 0.768586 0.742092
115 0.514156 0.787780 0.783455
116 0.497760 0.778048 0.781022
117 0.504797 0.774804 0.771290
118 0.520447 0.773452 0.778589
119 0.503605 0.781292 0.778589
120 0.506692 0.782103 0.778589
121 0.498545 0.743715 0.746959
122 0.513049 0.776426 0.759124
123 0.506321 0.786699 0.778589
124 0.496346 0.795620 0.790754
125 0.504375 0.786429 0.776156
126 0.497544 0.771560 0.754258
127 0.515004 0.778859 0.773723
128 0.499549 0.794809 0.795620
129 0.497098 0.789673 0.768856
130 0.514423 0.750203 0.749392
131 0.490538 0.799135 0.785888
132 0.477285 0.769397 0.773723
133 0.490240 0.794539 0.783455
134 0.503262 0.789403 0.788321
135 0.490547 0.785347 0.788321
136 0.507417 0.793458 0.790754
137 0.504583 0.794269 0.783455
138 0.508488 0.752366 0.725061
139 0.503524 0.792106 0.783455
140 0.504412 0.788862 0.773723
141 0.490138 0.785347 0.761557
142 0.497763 0.788862 0.800487
143 0.494677 0.797513 0.778589
144 0.490799 0.788592 0.768856
145 0.483577 0.777507 0.763990
146 0.487151 0.795620 0.783455
147 0.501797 0.789673 0.773723
148 0.490770 0.790484 0.788321
149 0.504044 0.782914 0.783455
150 0.485093 0.809678 0.802920
151 0.479853 0.807245 0.790754
152 0.479688 0.799676 0.785888
153 0.480863 0.795350 0.781022
154 0.470072 0.802109 0.802920
155 0.481671 0.805353 0.795620
156 0.484465 0.801298 0.788321
157 0.464043 0.808056 0.783455
158 0.476676 0.808597 0.785888
159 0.471405 0.803731 0.795620
160 0.466066 0.804812 0.785888
161 0.481015 0.801838 0.781022
162 0.477771 0.808327 0.805353
163 0.464381 0.811300 0.793187
164 0.463094 0.809138 0.798054
165 0.472106 0.809949 0.776156
166 0.473113 0.796972 0.795620
167 0.457184 0.814274 0.795620
168 0.468626 0.812111 0.805353
169 0.468109 0.801298 0.824818
170 0.471362 0.805082 0.805353
171 0.465859 0.817789 0.798054
172 0.471474 0.811841 0.802920
173 0.462989 0.816978 0.805353
174 0.455160 0.813193 0.807786
175 0.462314 0.815085 0.795620
176 0.469422 0.816707 0.800487
177 0.465848 0.816707 0.802920
178 0.480880 0.809408 0.807786
179 0.465931 0.811300 0.798054
180 0.471356 0.797513 0.783455
181 0.460338 0.808056 0.817518
182 0.466016 0.787510 0.778589
183 0.469250 0.815356 0.802920
184 0.462775 0.799676 0.788321
185 0.465433 0.812111 0.807786
186 0.462753 0.817248 0.795620
187 0.458549 0.804001 0.815085
188 0.477111 0.806705 0.795620
189 0.471041 0.814544 0.783455
190 0.458605 0.820222 0.810219
191 0.448016 0.809678 0.790754
192 0.476411 0.810219 0.793187
193 0.454061 0.818870 0.812652
194 0.456305 0.793998 0.788321
195 0.446089 0.810489 0.810219
196 0.450328 0.815896 0.812652
197 0.473016 0.797513 0.800487
198 0.468838 0.819681 0.807786
199 0.455982 0.814815 0.812652
200 0.451803 0.818059 0.798054
201 0.439594 0.828332 0.812652
202 0.455288 0.823195 0.817518
203 0.438137 0.821033 0.807786
204 0.448142 0.821303 0.812652
205 0.444148 0.827251 0.817518
206 0.448076 0.819411 0.815085
207 0.440349 0.826169 0.819951
208 0.447775 0.824547 0.805353
209 0.442391 0.825629 0.817518
210 0.443770 0.827791 0.815085
211 0.436500 0.831035 0.815085
212 0.430656 0.829684 0.827251
213 0.446335 0.826440 0.817518
214 0.433125 0.822925 0.812652
215 0.457303 0.828062 0.815085
216 0.445240 0.827251 0.815085
217 0.436384 0.826710 0.822384
218 0.449281 0.829684 0.822384
219 0.450084 0.830765 0.824818
220 0.438464 0.830765 0.817518
221 0.443516 0.826169 0.815085
222 0.442502 0.826980 0.805353
223 0.429504 0.828873 0.807786
224 0.440672 0.828332 0.815085
225 0.434419 0.825899 0.822384
226 0.436936 0.832387 0.822384
227 0.441806 0.836442 0.817518
228 0.436863 0.828602 0.822384
229 0.461026 0.822114 0.805353
230 0.438631 0.829143 0.824818
231 0.430561 0.834820 0.812652
232 0.449585 0.828602 0.812652
233 0.442982 0.834820 0.800487
234 0.425823 0.828332 0.829684
235 0.424635 0.835091 0.822384
236 0.434408 0.833198 0.827251
237 0.433476 0.827791 0.819951
238 0.446372 0.825088 0.822384
239 0.427933 0.833739 0.829684
240 0.423904 0.831576 0.829684
241 0.442849 0.833469 0.810219
242 0.439225 0.834009 0.832117
243 0.435325 0.832657 0.824818
244 0.424577 0.835902 0.829684
245 0.429214 0.833469 0.841849
246 0.440355 0.832657 0.827251
247 0.423090 0.825088 0.810219
248 0.433342 0.832387 0.817518
249 0.429876 0.839416 0.829684
250 0.427350 0.840497 0.824818
251 0.439677 0.838335 0.819951
252 0.424194 0.841038 0.834550
253 0.438075 0.841308 0.822384
254 0.418826 0.838335 0.824818
255 0.424956 0.827791 0.822384
256 0.432722 0.841038 0.822384
257 0.419051 0.841308 0.844282
258 0.428880 0.842660 0.815085
259 0.432004 0.837253 0.822384
260 0.440283 0.836172 0.815085
261 0.412748 0.840227 0.832117
262 0.422782 0.842119 0.836983
263 0.423443 0.846715 0.822384
264 0.426447 0.845093 0.841849
265 0.424608 0.841579 0.834550
266 0.424664 0.844282 0.824818
267 0.417405 0.842390 0.819951
268 0.420449 0.839416 0.819951
269 0.428057 0.845904 0.839416
270 0.421381 0.844012 0.834550
271 0.415899 0.842119 0.827251
272 0.410382 0.845364 0.827251
273 0.423675 0.845093 0.807786
274 0.419192 0.845093 0.836983
275 0.407682 0.841579 0.815085
276 0.409290 0.847526 0.827251
277 0.413256 0.847797 0.827251
278 0.433469 0.841038 0.829684
279 0.420983 0.843471 0.836983
280 0.408119 0.852122 0.827251
281 0.415360 0.843201 0.822384
282 0.423953 0.846986 0.827251
283 0.427498 0.845904 0.819951
284 0.424854 0.850770 0.839416
285 0.411360 0.845634 0.824818
286 0.408167 0.851582 0.839416
287 0.413136 0.851311 0.827251
288 0.409799 0.846175 0.834550
289 0.421178 0.842119 0.834550
290 0.416535 0.848337 0.817518
291 0.431365 0.844282 0.832117
292 0.409990 0.846986 0.827251
293 0.419106 0.844012 0.836983
294 0.412714 0.848608 0.832117
295 0.428318 0.850500 0.829684
296 0.400774 0.845904 0.827251
297 0.408958 0.847797 0.827251
298 0.414752 0.847256 0.817518
299 0.412905 0.847526 0.834550
300 0.419344 0.852663 0.841849
301 0.422648 0.849419 0.817518
302 0.409950 0.854826 0.836983
303 0.415313 0.854555 0.832117
304 0.414331 0.852933 0.832117
305 0.406788 0.850230 0.832117
306 0.429590 0.844282 0.824818
307 0.415023 0.853204 0.844282
308 0.416041 0.849959 0.836983
309 0.408291 0.852663 0.827251
310 0.413755 0.849419 0.827251
311 0.419510 0.851041 0.844282
312 0.393708 0.851852 0.829684
313 0.406332 0.854285 0.834550
314 0.409163 0.852393 0.839416
315 0.400932 0.849419 0.832117
316 0.411219 0.851311 0.834550
317 0.406183 0.853474 0.841849
318 0.392776 0.853204 0.824818
319 0.406843 0.849419 0.832117
320 0.404970 0.849959 0.827251
321 0.409545 0.852122 0.815085
322 0.408881 0.857259 0.822384
323 0.406037 0.855637 0.827251
324 0.414083 0.852933 0.827251
325 0.394170 0.851041 0.819951
326 0.405853 0.850230 0.817518
327 0.401980 0.848067 0.815085
328 0.402586 0.856177 0.834550
329 0.413790 0.853474 0.836983
330 0.399374 0.854555 0.836983
331 0.410330 0.851311 0.839416
332 0.405069 0.854285 0.841849
333 0.416906 0.852393 0.817518
334 0.411490 0.855096 0.829684
335 0.417334 0.855366 0.841849
336 0.411256 0.857799 0.832117
337 0.412277 0.858340 0.841849
338 0.395633 0.852393 0.822384
339 0.399856 0.857799 0.822384
340 0.401777 0.856448 0.824818
341 0.408978 0.856177 0.829684
342 0.392248 0.851582 0.834550
343 0.414185 0.857259 0.827251
344 0.400752 0.858340 0.834550
345 0.417131 0.855907 0.824818
346 0.407677 0.849148 0.836983
347 0.404500 0.854555 0.824818
348 0.404917 0.852122 0.827251
349 0.424898 0.857259 0.841849
350 0.400755 0.853474 0.839416
