1 4.430876 0.428148 0.440000
2 2.030658 0.488889 0.473333
3 1.974818 0.518519 0.446667
4 1.381535 0.487407 0.440000
5 1.495652 0.478519 0.460000
6 1.327368 0.557037 0.493333
7 1.123012 0.527407 0.453333
8 1.121871 0.540000 0.480000
9 1.063532 0.558519 0.486667
10 1.142110 0.532593 0.493333
11 1.065071 0.561481 0.493333
12 0.983760 0.541481 0.493333
13 0.960460 0.554074 0.473333
14 1.001881 0.551852 0.493333
15 0.949100 0.562963 0.500000
16 0.918268 0.574074 0.486667
17 0.926867 0.554815 0.466667
18 0.937492 0.579259 0.513333
19 0.903858 0.571852 0.440000
20 0.908719 0.564444 0.446667
21 0.913857 0.591852 0.520000
22 0.903006 0.594815 0.500000
23 0.952409 0.574815 0.480000
24 0.884057 0.577778 0.453333
25 0.896636 0.585926 0.473333
26 0.934659 0.581481 0.486667
27 0.900815 0.560000 0.420000
28 0.904780 0.591852 0.460000
29 0.890351 0.606667 0.426667
30 0.876140 0.601481 0.473333
31 0.922798 0.542222 0.413333
32 0.960098 0.522963 0.433333
33 0.902690 0.585185 0.466667
34 0.892801 0.582222 0.513333
35 0.899330 0.555556 0.466667
36 0.896854 0.552593 0.406667
37 0.875413 0.605926 0.460000
38 0.862369 0.604444 0.506667
39 0.868213 0.611852 0.460000
40 0.860965 0.548148 0.453333
41 0.854326 0.610370 0.420000
42 0.876215 0.613333 0.486667
43 0.866340 0.600000 0.453333
44 0.843067 0.611852 0.473333
45 0.866369 0.557778 0.440000
46 0.857478 0.571852 0.473333
47 0.833419 0.602963 0.446667
48 0.844276 0.580000 0.420000
49 0.855812 0.571852 0.420000
50 0.813639 0.628889 0.493333
51 0.783449 0.635556 0.480000
52 0.808345 0.623704 0.426667
53 0.796467 0.632593 0.460000
54 0.798497 0.623704 0.486667
55 0.793857 0.634815 0.473333
56 0.770930 0.637778 0.460000
57 0.777491 0.628148 0.413333
58 0.804699 0.622963 0.480000
59 0.802267 0.627407 0.506667
60 0.798085 0.638519 0.473333
61 0.794254 0.634074 0.480000
62 0.789551 0.640000 0.453333
63 0.793156 0.630370 0.473333
64 0.780100 0.626667 0.446667
65 0.801787 0.628889 0.473333
66 0.795848 0.622963 0.433333
67 0.786860 0.629630 0.500000
68 0.783837 0.631852 0.480000
69 0.797305 0.621481 0.426667
70 0.787155 0.643704 0.473333
