1 10.862490 0.642222 0.656000
2 2.589968 0.704000 0.714000
3 1.570422 0.749333 0.740000
4 1.165985 0.775556 0.744000
5 0.982359 0.790000 0.774000
6 0.785071 0.749778 0.724000
7 0.789305 0.791111 0.756000
8 0.708279 0.773556 0.744000
9 0.616117 0.802667 0.768000
10 0.585260 0.797778 0.764000
11 0.609140 0.798667 0.772000
12 0.597841 0.815556 0.794000
13 0.531169 0.813778 0.784000
14 0.573572 0.803333 0.756000
15 0.559279 0.815111 0.790000
16 0.543330 0.820222 0.776000
17 0.527104 0.822667 0.776000
18 0.560364 0.812000 0.770000
19 0.503520 0.806000 0.762000
20 0.529182 0.806667 0.764000
21 0.529888 0.810222 0.776000
22 0.518933 0.822667 0.764000
23 0.464896 0.808222 0.752000
24 0.481966 0.826222 0.774000
25 0.499579 0.833333 0.784000
26 0.516604 0.828889 0.766000
27 0.527299 0.791333 0.722000
28 0.510447 0.828222 0.768000
29 0.478355 0.814222 0.760000
30 0.472591 0.838000 0.788000
