1 3.948487 0.603376 0.606975
2 1.734975 0.654074 0.563445
3 1.509492 0.614003 0.518067
4 1.369185 0.621533 0.511260
5 1.280580 0.674424 0.552437
6 1.058018 0.635346 0.543866
7 0.950049 0.668918 0.572773
8 0.873668 0.670466 0.552437
9 0.813386 0.676057 0.595546
10 0.783904 0.674456 0.584118
11 0.753671 0.713832 0.610420
12 0.660728 0.741257 0.604706
13 0.603323 0.750671 0.578571
14 0.590045 0.747081 0.577983
15 0.577167 0.733204 0.580924
16 0.570398 0.747406 0.529160
17 0.555623 0.764817 0.607563
18 0.533493 0.772625 0.610084
19 0.513991 0.795514 0.581261
20 0.484477 0.822344 0.590252
21 0.478908 0.810697 0.633865
22 0.453246 0.826547 0.630840
23 0.437097 0.810067 0.630420
24 0.434235 0.805542 0.625546
25 0.446582 0.812982 0.604706
26 0.428873 0.797142 0.604706
27 0.414832 0.811990 0.607731
28 0.403035 0.832078 0.627899
29 0.412718 0.844628 0.601597
30 0.390863 0.832679 0.642437
31 0.403785 0.840142 0.613445
32 0.371242 0.859837 0.642605
33 0.354263 0.843005 0.618992
34 0.348193 0.861477 0.601765
35 0.351845 0.858201 0.624622
36 0.339007 0.874348 0.607647
37 0.336436 0.844971 0.621849
38 0.329240 0.865656 0.618992
39 0.305415 0.863668 0.624538
40 0.312414 0.863724 0.639412
41 0.298350 0.916962 0.624958
42 0.316838 0.896326 0.627647
43 0.311656 0.861444 0.593193
44 0.288886 0.890194 0.630336
45 0.289512 0.909863 0.601429
46 0.261459 0.881831 0.586975
47 0.288294 0.891153 0.604286
48 0.270596 0.907288 0.616134
49 0.256625 0.906979 0.622017
50 0.182124 0.966075 0.607227
51 0.157812 0.971895 0.598403
52 0.152089 0.971884 0.592353
53 0.142835 0.967359 0.589748
54 0.152568 0.956731 0.606975
55 0.144562 0.960913 0.595126
56 0.143274 0.984502 0.639244
57 0.139482 0.948306 0.589916
58 0.144963 0.960891 0.598656
59 0.155796 0.973839 0.618656
60 0.143288 0.962552 0.627983
61 0.136299 0.964470 0.610504
62 0.153074 0.956062 0.586555
63 0.162981 0.963801 0.598572
64 0.156360 0.970594 0.618655
65 0.150920 0.968979 0.627983
66 0.141389 0.974161 0.613109
67 0.133329 0.977715 0.616218
68 0.139070 0.950253 0.581261
69 0.151708 0.968363 0.621765
70 0.142420 0.968670 0.598487
71 0.158169 0.964781 0.624706
72 0.170439 0.961858 0.610084
73 0.142768 0.969928 0.595462
74 0.120799 0.972227 0.592941
75 0.124109 0.975113 0.601261
76 0.126149 0.970594 0.615799
77 0.131466 0.973844 0.601597
78 0.142526 0.968339 0.592857
79 0.174059 0.953484 0.619328
80 0.151058 0.967672 0.642101
81 0.140214 0.976416 0.633613
82 0.138224 0.968667 0.642437
83 0.132187 0.976416 0.613361
84 0.123617 0.978369 0.610168
85 0.117036 0.960873 0.613529
86 0.140017 0.958613 0.627731
87 0.133263 0.973830 0.593025
88 0.145381 0.956723 0.592941
89 0.146203 0.973521 0.612941
90 0.118507 0.984827 0.610168
91 0.113185 0.978680 0.578067
92 0.141406 0.956383 0.598656
93 0.152352 0.958619 0.618823
94 0.134091 0.978358 0.593109
95 0.127459 0.974482 0.616219
96 0.122012 0.976096 0.601596
97 0.130434 0.960566 0.607227
98 0.131159 0.980631 0.613446
99 0.127378 0.970603 0.613193
100 0.096254 0.993539 0.610504
101 0.072853 0.993541 0.613277
102 0.069155 0.994509 0.592773
103 0.070231 0.994509 0.598656
104 0.068392 0.994509 0.592605
105 0.066971 0.994509 0.607143
106 0.073718 0.992569 0.592773
107 0.068901 0.994509 0.618824
108 0.069581 0.994509 0.595630
109 0.065190 0.994186 0.598739
110 0.063592 0.994185 0.610084
111 0.073425 0.990303 0.598572
112 0.072646 0.993539 0.589916
113 0.065894 0.993864 0.601513
114 0.069275 0.988702 0.595966
115 0.069571 0.994186 0.589748
116 0.076116 0.992896 0.601429
117 0.072665 0.992571 0.590000
118 0.088324 0.986749 0.569580
119 0.080253 0.991273 0.586975
120 0.076460 0.992572 0.586891
121 0.073449 0.993864 0.595630
122 0.065560 0.993862 0.601261
123 0.063520 0.994186 0.584118
124 0.066818 0.994509 0.604370
125 0.072671 0.992896 0.584117
126 0.074659 0.985799 0.616050
127 0.077799 0.989657 0.595630
128 0.082782 0.989666 0.604706
129 0.092032 0.988360 0.601681
130 0.080622 0.988697 0.607227
131 0.083507 0.990313 0.607311
132 0.082105 0.987391 0.609832
133 0.077803 0.987715 0.607059
134 0.077908 0.980270 0.610420
135 0.086801 0.988376 0.592857
136 0.080598 0.990960 0.598655
137 0.079915 0.992571 0.575462
138 0.076341 0.986746 0.590252
139 0.092772 0.990632 0.586891
140 0.072665 0.989331 0.595882
141 0.077102 0.991603 0.589916
142 0.075801 0.984181 0.601261
143 0.084161 0.989992 0.601597
144 0.085622 0.990305 0.601429
145 0.078817 0.993215 0.615798
146 0.073762 0.992896 0.616050
147 0.083442 0.989982 0.607395
148 0.081904 0.991605 0.613277
149 0.075754 0.988702 0.622101
150 0.062692 0.994509 0.612941
151 0.055488 0.994509 0.604370
152 0.055243 0.994509 0.598655
153 0.051915 0.994509 0.615966
154 0.052570 0.994509 0.590084
155 0.053005 0.994509 0.607227
156 0.054287 0.994509 0.598655
157 0.051275 0.994509 0.601513
158 0.051156 0.994509 0.610420
159 0.051714 0.994509 0.604370
160 0.053581 0.994509 0.610504
161 0.055628 0.994509 0.601429
162 0.053177 0.994509 0.598488
163 0.049601 0.994509 0.595630
164 0.051915 0.994509 0.595714
165 0.052688 0.994509 0.607311
166 0.053476 0.994509 0.613193
167 0.052333 0.994509 0.595630
168 0.051102 0.994509 0.595630
169 0.054421 0.994509 0.601261
170 0.054643 0.994509 0.618992
171 0.053681 0.994185 0.610168
172 0.051520 0.994509 0.604286
173 0.054083 0.994186 0.595294
174 0.052601 0.994509 0.612857
175 0.053336 0.993538 0.589832
176 0.060066 0.994185 0.586975
177 0.053222 0.993214 0.604370
178 0.052766 0.994509 0.590084
179 0.053984 0.994185 0.589664
180 0.058235 0.994509 0.610168
181 0.052663 0.993540 0.598403
182 0.056955 0.994509 0.595546
183 0.055552 0.994186 0.607059
184 0.055581 0.994509 0.607143
185 0.055564 0.993214 0.610000
186 0.054869 0.994509 0.598487
187 0.055585 0.994509 0.610000
188 0.052119 0.994186 0.592605
189 0.054111 0.994509 0.598487
190 0.054154 0.993864 0.595546
191 0.057296 0.994509 0.604370
192 0.057054 0.994509 0.604454
193 0.054673 0.994509 0.598571
194 0.063495 0.974818 0.593025
195 0.066069 0.994509 0.613193
196 0.054816 0.994509 0.586891
197 0.056161 0.994509 0.601513
198 0.052377 0.994509 0.607311
199 0.054200 0.994509 0.615967
200 0.046373 0.994509 0.598487
201 0.046267 0.994509 0.610168
202 0.049733 0.994509 0.612941
203 0.046020 0.994509 0.610000
204 0.047427 0.994509 0.595714
205 0.045009 0.994509 0.604202
206 0.046248 0.994509 0.610168
207 0.043196 0.994186 0.616135
208 0.045385 0.994509 0.601513
209 0.047266 0.994509 0.607059
210 0.045507 0.994509 0.610000
211 0.045437 0.994509 0.604370
212 0.049815 0.994509 0.610084
213 0.046431 0.994509 0.610084
214 0.048864 0.994509 0.592689
215 0.046916 0.994509 0.592605
216 0.045635 0.994509 0.598488
217 0.043578 0.994509 0.610168
218 0.046857 0.994509 0.604454
219 0.047803 0.994509 0.592773
220 0.045182 0.994509 0.592857
221 0.046174 0.994509 0.589748
222 0.046648 0.994509 0.592773
223 0.046994 0.994509 0.598319
224 0.045030 0.994509 0.589664
225 0.045696 0.994509 0.595630
226 0.045455 0.994509 0.607143
227 0.045233 0.994509 0.607311
228 0.047389 0.994186 0.592521
229 0.045011 0.994509 0.613109
230 0.043696 0.994509 0.604370
231 0.046011 0.994509 0.612941
232 0.046809 0.994509 0.607311
233 0.044732 0.994509 0.607227
234 0.042516 0.994509 0.604202
235 0.044677 0.994509 0.601429
236 0.042780 0.994509 0.607059
237 0.046016 0.994509 0.583866
238 0.045475 0.994509 0.604118
239 0.044307 0.994509 0.604454
240 0.046490 0.994509 0.604202
241 0.044368 0.994509 0.598319
242 0.043235 0.994509 0.604370
243 0.042322 0.994509 0.595714
244 0.046135 0.994509 0.601429
245 0.043063 0.994186 0.595546
246 0.047858 0.994509 0.601261
247 0.043218 0.994509 0.589664
248 0.048295 0.994509 0.595378
249 0.046869 0.994509 0.595630
250 0.045967 0.994509 0.598487
251 0.042802 0.994509 0.595546
252 0.040614 0.994509 0.583866
253 0.040429 0.994509 0.589748
254 0.043060 0.994509 0.589748
255 0.040447 0.994509 0.578151
256 0.041278 0.994509 0.598487
257 0.039526 0.994509 0.581093
258 0.043477 0.994509 0.598403
259 0.042695 0.994509 0.598319
260 0.042633 0.994509 0.601260
261 0.044358 0.994509 0.589748
262 0.043351 0.994509 0.586807
263 0.039729 0.994509 0.583782
264 0.040400 0.994509 0.586723
265 0.044092 0.994509 0.598319
266 0.041303 0.994509 0.586807
267 0.042107 0.994509 0.580924
268 0.042067 0.994509 0.589748
269 0.041075 0.994509 0.592689
270 0.039948 0.994509 0.586807
271 0.042510 0.994509 0.595630
272 0.041531 0.994509 0.592689
273 0.043266 0.994509 0.583866
274 0.044566 0.994509 0.601344
275 0.039865 0.994509 0.592773
276 0.040702 0.994509 0.592689
277 0.041112 0.994509 0.607143
278 0.039816 0.994509 0.598319
279 0.042901 0.994509 0.601345
280 0.038903 0.994509 0.595546
281 0.044124 0.994509 0.592605
282 0.043837 0.994509 0.598487
283 0.040155 0.994509 0.595378
284 0.041629 0.994509 0.595378
285 0.041876 0.994509 0.604118
286 0.038737 0.994509 0.592605
287 0.043231 0.994509 0.595462
288 0.039968 0.994509 0.592605
289 0.043539 0.994509 0.586639
290 0.041948 0.994509 0.583866
291 0.040560 0.994509 0.598319
292 0.040500 0.994509 0.589580
293 0.039785 0.994509 0.586639
294 0.040857 0.994509 0.589664
295 0.040164 0.994509 0.598319
296 0.040560 0.994509 0.592269
297 0.042609 0.994509 0.601092
298 0.042353 0.994509 0.601345
299 0.041197 0.994509 0.595546
300 0.041076 0.994509 0.592521
301 0.039728 0.994509 0.598487
302 0.040262 0.994509 0.595546
303 0.042278 0.994509 0.595462
304 0.037348 0.994509 0.598571
305 0.039764 0.994509 0.601428
306 0.039152 0.994509 0.598487
307 0.040606 0.994509 0.592605
308 0.037539 0.994509 0.598571
309 0.040281 0.994509 0.601345
310 0.042890 0.994509 0.589748
311 0.039207 0.994509 0.595546
312 0.037726 0.994509 0.592605
313 0.037534 0.994509 0.595546
314 0.036650 0.994509 0.592689
315 0.038546 0.994509 0.586891
316 0.039667 0.994509 0.595630
317 0.041322 0.994509 0.595630
318 0.038016 0.994509 0.586807
319 0.039264 0.994509 0.592689
320 0.037064 0.994509 0.592689
321 0.039260 0.994509 0.586891
322 0.038544 0.994509 0.583866
323 0.037564 0.994509 0.586891
324 0.037917 0.994509 0.592773
325 0.040707 0.994509 0.589832
326 0.040536 0.994509 0.586807
327 0.039600 0.994509 0.592689
328 0.039126 0.994509 0.589832
329 0.040070 0.994509 0.592773
330 0.041293 0.994509 0.598487
331 0.038262 0.994509 0.592689
332 0.038630 0.994509 0.598488
333 0.038632 0.994509 0.598487
334 0.037571 0.994509 0.595462
335 0.038188 0.994509 0.589748
336 0.039191 0.994509 0.589748
337 0.037520 0.994509 0.589748
338 0.038707 0.994509 0.589748
339 0.040129 0.994509 0.586891
340 0.039765 0.994509 0.589832
341 0.037333 0.994509 0.583866
342 0.039246 0.994509 0.586807
343 0.038268 0.994509 0.583950
344 0.038798 0.994509 0.581008
345 0.039686 0.994509 0.586807
346 0.039055 0.994509 0.583866
347 0.039290 0.994509 0.586807
348 0.040692 0.994509 0.586807
349 0.037906 0.994509 0.586891
350 0.041244 0.994509 0.589748
