1 0.990098 0.074467 0.073400
2 0.235885 0.072222 0.072000
3 0.126997 0.072267 0.072000
4 0.099712 0.075911 0.075800
5 0.091354 0.078711 0.078000
6 0.079477 0.076556 0.076400
7 0.078438 0.076644 0.073200
8 0.063002 0.077778 0.075000
9 0.065596 0.080622 0.079200
10 0.062918 0.073289 0.072400
11 0.058130 0.080956 0.080000
12 0.055255 0.079667 0.079200
13 0.054584 0.081822 0.078600
14 0.053037 0.082489 0.077800
15 0.049190 0.081444 0.077400
16 0.051136 0.082333 0.078800
17 0.048391 0.083511 0.078400
18 0.047078 0.082089 0.076800
19 0.047034 0.082000 0.078800
20 0.048797 0.083889 0.079000
21 0.046182 0.081267 0.075800
22 0.046036 0.082578 0.077800
23 0.046215 0.083844 0.078800
24 0.046891 0.083467 0.081000
25 0.047047 0.083067 0.076800
26 0.044987 0.083778 0.078000
27 0.042356 0.083667 0.078800
28 0.042565 0.082822 0.075400
29 0.045046 0.085200 0.077200
30 0.043936 0.084867 0.076200
31 0.964798 0.074089 0.072200
32 0.171249 0.073578 0.075000
33 0.106054 0.077378 0.076400
34 0.085564 0.074844 0.076400
35 0.099278 0.078889 0.077400
36 0.083817 0.079467 0.079200
37 0.064586 0.081133 0.078200
38 0.071754 0.078089 0.076000
39 0.060460 0.081289 0.077000
40 0.054917 0.078689 0.075200
41 0.055224 0.080089 0.078400
42 0.057354 0.082133 0.078000
43 0.054500 0.082911 0.080400
44 0.053010 0.081289 0.078800
45 0.052351 0.080511 0.080000
46 0.053724 0.082422 0.077000
47 0.049599 0.082933 0.078400
48 0.050128 0.081200 0.077200
49 0.049515 0.082511 0.076400
50 0.048546 0.082267 0.078200
51 0.046565 0.082711 0.077800
52 0.046287 0.082578 0.077600
53 0.047292 0.082333 0.077000
54 0.051757 0.082089 0.077600
55 0.049592 0.083178 0.079200
56 0.046263 0.083933 0.077400
57 0.049280 0.083822 0.077400
58 0.046260 0.083778 0.075800
59 0.044272 0.084489 0.077000
60 0.042547 0.084378 0.075800
61 0.993155 0.074311 0.076200
62 0.223400 0.074200 0.073200
63 0.121510 0.073733 0.069800
64 0.092563 0.078689 0.077800
65 0.104336 0.077444 0.074400
66 0.079194 0.078400 0.076600
67 0.069226 0.079222 0.080000
68 0.061767 0.077511 0.076600
69 0.062250 0.079511 0.078000
70 0.059670 0.078933 0.074000
71 0.052919 0.080756 0.075200
72 0.056496 0.080467 0.079000
73 0.053814 0.080978 0.078200
74 0.062701 0.081133 0.076800
75 0.166258 0.046622 0.045600
76 0.078261 0.078089 0.077000
77 0.059776 0.079667 0.077600
78 0.054988 0.080333 0.078400
79 0.053966 0.080578 0.078600
80 0.051548 0.081756 0.076800
81 0.052209 0.081711 0.077600
82 0.049846 0.082378 0.077800
83 0.049283 0.082956 0.078200
84 0.045591 0.083222 0.078400
85 0.045336 0.082733 0.077800
86 0.046439 0.083067 0.076800
87 0.050987 0.082333 0.076400
88 0.044469 0.083711 0.080000
89 0.042945 0.080867 0.076800
90 0.044509 0.083533 0.077800
91 1.009158 0.073778 0.071200
92 0.218013 0.076156 0.072600
93 0.127735 0.075800 0.070200
94 0.133565 0.075511 0.072000
95 0.093323 0.076600 0.073000
96 0.070350 0.079822 0.074800
97 0.066145 0.079378 0.074800
98 0.062201 0.078933 0.075800
99 0.061015 0.079200 0.075000
100 0.056075 0.079622 0.074800
101 0.060223 0.079156 0.074000
102 0.056634 0.081267 0.076200
103 0.052278 0.081222 0.076000
104 0.049494 0.082044 0.076800
105 0.048423 0.081089 0.077000
106 0.049466 0.082889 0.080000
107 0.049237 0.083444 0.076600
108 0.048996 0.082844 0.076400
109 0.048787 0.080422 0.076800
110 0.051129 0.082978 0.075600
111 0.045711 0.082600 0.074800
112 0.046642 0.084000 0.079200
113 0.045402 0.082667 0.078200
114 0.045420 0.083622 0.076000
115 0.044371 0.084311 0.075200
116 0.046760 0.082778 0.077000
117 0.044959 0.084467 0.075800
118 0.047064 0.084533 0.075600
119 0.045013 0.084444 0.073600
120 0.042064 0.085267 0.075600
121 0.911812 0.069533 0.067600
122 0.207452 0.073311 0.071800
123 0.108839 0.078489 0.075800
124 0.080839 0.074622 0.067800
125 0.078373 0.079089 0.076400
126 0.068110 0.077978 0.073800
127 0.071363 0.074422 0.070400
128 0.062206 0.077356 0.073400
129 0.060219 0.077689 0.074200
130 0.059828 0.077800 0.074000
131 0.057838 0.077578 0.073600
132 0.060553 0.078022 0.072200
133 0.056724 0.080111 0.073000
134 0.051505 0.079689 0.076600
135 0.052483 0.081511 0.077400
136 0.051736 0.079978 0.075200
137 0.050237 0.082578 0.078600
138 0.047835 0.082067 0.076400
139 0.047574 0.082356 0.074400
140 0.048983 0.081933 0.075200
141 0.049211 0.082644 0.075200
142 0.048291 0.080733 0.073800
143 0.046498 0.080956 0.073200
144 0.045876 0.083400 0.076600
145 0.044430 0.083622 0.079000
146 0.046365 0.084267 0.078000
147 0.041531 0.084644 0.078000
148 0.044553 0.083600 0.075600
149 0.044768 0.082067 0.074600
150 0.047365 0.082844 0.075600
151 0.042472 0.084289 0.077800
152 0.042488 0.085244 0.075000
153 0.043604 0.082467 0.074000
154 0.042425 0.084244 0.074600
155 0.041690 0.085022 0.075800
156 0.040293 0.084689 0.072200
157 0.040248 0.084911 0.078200
158 0.042315 0.084333 0.075600
159 0.040453 0.085600 0.077200
160 0.042347 0.085778 0.076000
161 0.040509 0.084289 0.076400
162 0.040291 0.084689 0.076000
163 0.038525 0.085556 0.074800
164 0.039909 0.086556 0.076400
165 0.042412 0.084044 0.075600
166 0.040706 0.086667 0.078000
167 0.041759 0.085822 0.076200
168 0.040670 0.085333 0.076000
169 0.039915 0.086467 0.075600
170 0.036444 0.086200 0.075600
171 0.915110 0.069333 0.066600
172 0.152608 0.074556 0.070200
173 0.121049 0.075378 0.073800
174 0.089900 0.078111 0.074400
175 0.074579 0.079000 0.074800
176 0.066646 0.074156 0.071400
177 0.069185 0.077444 0.072400
178 0.067651 0.080356 0.075200
179 0.063824 0.078578 0.074600
180 0.058933 0.079933 0.076200
181 0.053988 0.080622 0.078000
182 0.057323 0.078489 0.075200
183 0.053452 0.079533 0.075400
184 0.049779 0.080000 0.076000
185 0.049743 0.080778 0.075200
186 0.049548 0.081556 0.075200
187 0.051295 0.081756 0.075600
188 0.050096 0.082911 0.076600
189 0.045989 0.081200 0.076000
190 0.045342 0.083200 0.075600
191 0.044447 0.083244 0.077400
192 0.047213 0.083311 0.077800
193 0.044454 0.085000 0.077600
194 0.044638 0.083933 0.077400
195 0.047483 0.082800 0.077000
196 0.043997 0.083711 0.077400
197 0.045732 0.081933 0.076000
198 0.045868 0.085000 0.077800
199 0.042292 0.084067 0.075400
200 0.043414 0.083956 0.078600
201 1.031020 0.072222 0.074800
202 0.222776 0.073644 0.072400
203 0.119003 0.077556 0.077200
204 0.095898 0.078200 0.077000
205 0.091820 0.078822 0.079400
206 0.069285 0.080067 0.078600
207 0.064188 0.079467 0.077000
208 0.064876 0.077822 0.075800
209 0.059215 0.078533 0.078200
210 0.063661 0.078889 0.077200
211 0.055174 0.081133 0.079600
212 0.077546 0.076778 0.077200
213 0.092981 0.075467 0.074000
214 0.058638 0.079689 0.075000
215 0.051368 0.080867 0.077800
216 0.055355 0.079667 0.076000
217 0.053433 0.079289 0.077400
218 0.051190 0.081467 0.079000
219 0.049651 0.080444 0.078400
220 0.051971 0.081222 0.079600
221 0.048320 0.082133 0.080000
222 0.047695 0.083333 0.081600
223 0.046728 0.082822 0.079200
224 0.048115 0.082511 0.079000
225 0.045079 0.084244 0.080800
226 0.047493 0.080756 0.078600
227 0.046231 0.082956 0.079000
228 0.044112 0.083933 0.080600
229 0.046121 0.082733 0.078200
230 0.045707 0.084533 0.080000
231 0.895740 0.072733 0.072000
232 0.175307 0.074711 0.075000
233 0.111992 0.075089 0.075200
234 0.110144 0.076311 0.074600
235 0.088069 0.078311 0.076200
236 0.070407 0.079600 0.075800
237 0.061682 0.079822 0.076000
238 0.064933 0.080756 0.078400
239 0.055150 0.081044 0.078000
240 0.058786 0.079067 0.076400
241 0.055233 0.080311 0.076800
242 0.054391 0.081200 0.077400
243 0.049148 0.080533 0.075800
244 0.050380 0.081622 0.077000
245 0.049221 0.082644 0.078600
246 0.049393 0.081222 0.076000
247 0.051761 0.082156 0.077000
248 0.049605 0.080111 0.074000
249 0.045747 0.081222 0.076600
250 0.046225 0.084067 0.078000
251 0.053412 0.083000 0.077200
252 0.052462 0.082489 0.078800
253 0.047798 0.082156 0.077800
254 0.045743 0.081778 0.077000
255 0.046955 0.084422 0.077400
256 0.044042 0.082889 0.075400
257 0.044271 0.084133 0.077400
258 0.041896 0.084444 0.078000
259 0.043098 0.082622 0.075600
260 0.041986 0.084378 0.076400
261 1.043139 0.059756 0.059600
262 0.175995 0.076844 0.075800
263 0.106943 0.075711 0.073200
264 0.088941 0.077022 0.074000
265 0.083979 0.077244 0.077800
266 0.067624 0.077622 0.077400
267 0.062612 0.079644 0.081000
268 0.057799 0.080622 0.078600
269 0.057717 0.081089 0.079200
270 0.060484 0.078867 0.077800
271 0.054857 0.081089 0.080200
272 0.058672 0.081333 0.080600
273 0.054085 0.081622 0.078800
274 0.056343 0.080400 0.076000
275 0.052956 0.081978 0.080800
276 0.050822 0.081156 0.080800
277 0.052793 0.082800 0.078800
278 0.050178 0.082556 0.080600
279 0.050083 0.081556 0.079800
280 0.049968 0.082956 0.078400
281 0.048958 0.081133 0.076800
282 0.045284 0.083200 0.080800
283 0.045918 0.082844 0.080000
284 0.045997 0.082756 0.078000
285 0.044100 0.085022 0.080200
286 0.044700 0.083444 0.078800
287 0.046956 0.084400 0.082200
288 0.044525 0.085200 0.081600
289 0.043960 0.084178 0.080800
290 0.043241 0.083800 0.079800
291 0.880280 0.068178 0.067200
292 0.190091 0.077244 0.077000
293 0.121948 0.077133 0.073200
294 0.090241 0.076889 0.077000
295 0.072717 0.077533 0.076000
296 0.077476 0.077333 0.070200
297 0.073784 0.078689 0.072600
298 0.063704 0.076378 0.072000
299 0.058881 0.080333 0.077400
300 0.057482 0.080444 0.077600
301 0.056208 0.081622 0.077400
302 0.053846 0.081489 0.077000
303 0.051031 0.081244 0.078000
304 0.049334 0.081267 0.080200
305 0.051280 0.079378 0.075000
306 0.051873 0.081911 0.077600
307 0.049221 0.081867 0.078000
308 0.048997 0.082644 0.076200
309 0.048411 0.081911 0.076000
310 0.047728 0.083644 0.082400
311 0.044434 0.084133 0.078600
312 0.047922 0.083533 0.078800
313 0.047922 0.082111 0.075600
314 0.045254 0.083578 0.080200
315 0.043528 0.084556 0.079200
316 0.045587 0.083933 0.077600
317 0.051099 0.084578 0.080400
318 0.047472 0.084533 0.079400
319 0.042923 0.083667 0.076200
320 0.042801 0.083800 0.078200
321 0.041266 0.084022 0.074200
322 0.043219 0.085178 0.077000
323 0.042965 0.085444 0.078400
324 0.041156 0.085578 0.079400
325 0.040454 0.085133 0.077600
326 0.041087 0.086400 0.081200
327 0.041644 0.084156 0.073800
328 0.041953 0.086467 0.082400
329 0.039600 0.084578 0.076600
330 0.042412 0.084778 0.078400
331 0.042358 0.085267 0.077800
332 0.039833 0.085889 0.076000
333 0.037320 0.086378 0.076800
334 0.042297 0.087867 0.079400
335 0.038271 0.087333 0.080400
336 0.038441 0.087600 0.078000
337 0.037441 0.087622 0.080600
338 0.038583 0.087289 0.076000
339 0.036924 0.086489 0.078600
340 0.033627 0.089822 0.079400
