1 4.450749 0.609354 0.593674
2 1.471180 0.612328 0.581509
3 1.277644 0.510138 0.513382
4 1.204286 0.544471 0.554745
5 0.871054 0.620168 0.603406
6 0.849981 0.614490 0.598540
7 0.826635 0.547445 0.540146
8 0.992679 0.614490 0.588808
9 0.982899 0.601244 0.610706
10 0.759086 0.632063 0.647202
11 0.780386 0.669911 0.656934
12 0.773208 0.708840 0.710462
13 0.725823 0.731549 0.725061
14 0.711462 0.545553 0.552311
15 0.808017 0.681536 0.661800
16 0.752955 0.613950 0.613139
17 0.687305 0.678291 0.681265
18 0.774401 0.700189 0.693431
19 0.711104 0.594215 0.586375
20 0.670687 0.555826 0.557178
21 0.674834 0.588808 0.586375
22 0.702998 0.570424 0.574209
23 0.683412 0.561233 0.562044
24 0.696795 0.696675 0.683698
25 0.640258 0.646661 0.618005
26 0.672530 0.560962 0.557178
27 0.623355 0.717491 0.690998
28 0.622453 0.711544 0.681265
29 0.622672 0.700189 0.690998
30 0.678773 0.711544 0.729927
31 0.636024 0.714247 0.695864
32 0.611974 0.711814 0.700730
33 0.675819 0.702622 0.695864
34 0.661424 0.727494 0.715328
35 0.616544 0.729386 0.698297
36 0.631853 0.692620 0.693431
37 0.608537 0.692620 0.659367
38 0.614410 0.689916 0.661800
39 0.628150 0.736686 0.729927
40 0.626509 0.726142 0.727494
41 0.584521 0.733171 0.749392
42 0.565594 0.691809 0.681265
43 0.594633 0.739389 0.737226
44 0.618139 0.583671 0.571776
45 0.612116 0.654501 0.637470
46 0.594888 0.599081 0.586375
47 0.582492 0.731008 0.732360
48 0.584733 0.667207 0.666667
49 0.576683 0.743715 0.737226
50 0.565143 0.743444 0.722628
51 0.558334 0.737226 0.725061
52 0.580305 0.741822 0.722628
53 0.568936 0.731819 0.722628
54 0.551079 0.734523 0.712895
55 0.563021 0.745337 0.744526
56 0.549174 0.741552 0.744526
57 0.546072 0.650716 0.639903
58 0.549907 0.744796 0.715328
59 0.567850 0.746418 0.717762
60 0.559187 0.701811 0.671533
61 0.552133 0.743715 0.717762
62 0.559669 0.748851 0.737226
63 0.559026 0.750203 0.717762
64 0.556284 0.676940 0.686131
65 0.533749 0.701811 0.705596
66 0.553585 0.753717 0.710462
67 0.540081 0.738578 0.705596
68 0.549804 0.725331 0.725061
69 0.575778 0.751554 0.729927
70 0.555233 0.748851 0.759124
71 0.560099 0.753717 0.732360
72 0.551426 0.709922 0.673966
73 0.553055 0.733171 0.717762
74 0.540157 0.738037 0.712895
75 0.553341 0.682617 0.664234
76 0.551236 0.633955 0.618005
77 0.549802 0.754799 0.746959
78 0.569806 0.743174 0.739659
79 0.555313 0.689376 0.664234
80 0.547452 0.758313 0.761557
81 0.527622 0.755880 0.746959
82 0.532566 0.751014 0.744526
83 0.541807 0.705596 0.695864
84 0.518016 0.729116 0.715328
85 0.541371 0.751825 0.722628
86 0.553569 0.715869 0.722628
87 0.552581 0.757772 0.759124
88 0.536155 0.749121 0.746959
89 0.550467 0.751014 0.734793
90 0.541118 0.707489 0.661800
91 0.533119 0.769667 0.785888
92 0.534380 0.756691 0.739659
93 0.561885 0.712625 0.695864
94 0.550645 0.766423 0.759124
95 0.531923 0.765342 0.749392
96 0.532894 0.759935 0.744526
97 0.543995 0.753447 0.737226
98 0.529367 0.728035 0.705596
99 0.540762 0.755339 0.749392
100 0.527172 0.773993 0.776156
101 0.517383 0.781292 0.771290
102 0.507440 0.775345 0.754258
103 0.522941 0.766153 0.749392
104 0.516173 0.779400 0.761557
105 0.496802 0.783185 0.766423
106 0.504701 0.756691 0.749392
107 0.493964 0.760205 0.766423
108 0.518951 0.778318 0.749392
109 0.509086 0.777778 0.749392
110 0.510001 0.776967 0.742092
111 0.510502 0.775885 0.744526
112 0.492478 0.780752 0.751825
113 0.504593 0.787510 0.756691
114 0.498002 0.694242 0.686131
115 0.495341 0.768045 0.754258
116 0.504395 0.779400 0.742092
117 0.512735 0.789403 0.759124
118 0.499879 0.790214 0.773723
119 0.505258 0.725061 0.710462
120 0.503414 0.765072 0.759124
121 0.506240 0.769667 0.739659
122 0.500474 0.742092 0.693431
123 0.494379 0.795080 0.763990
124 0.493236 0.788592 0.744526
125 0.495704 0.796431 0.754258
126 0.492878 0.726413 0.681265
127 0.490349 0.777237 0.744526
128 0.495542 0.736686 0.703163
129 0.494026 0.802379 0.781022
130 0.496878 0.767505 0.722628
131 0.494277 0.799676 0.756691
132 0.489741 0.784536 0.742092
133 0.493142 0.792647 0.734793
134 0.501910 0.748310 0.717762
135 0.470311 0.781022 0.727494
136 0.489085 0.793187 0.759124
137 0.484949 0.801027 0.763990
138 0.505525 0.795891 0.761557
139 0.492951 0.777778 0.766423
140 0.497023 0.772912 0.732360
141 0.498163 0.788592 0.776156
142 0.498001 0.782914 0.761557
143 0.493340 0.800757 0.783455
144 0.485378 0.751825 0.710462
145 0.485201 0.809138 0.788321
146 0.498048 0.772101 0.737226
147 0.480571 0.791836 0.759124
148 0.482708 0.794809 0.759124
149 0.480187 0.801838 0.754258
150 0.483389 0.802649 0.759124
151 0.472536 0.778859 0.751825
152 0.484406 0.785618 0.763990
153 0.473178 0.803190 0.768856
154 0.461141 0.790214 0.742092
155 0.475556 0.807245 0.761557
156 0.468672 0.806164 0.749392
157 0.458710 0.801838 0.778589
158 0.470383 0.810760 0.766423
159 0.464301 0.806434 0.756691
160 0.465120 0.792647 0.763990
161 0.472081 0.812922 0.746959
162 0.468665 0.791836 0.776156
163 0.464400 0.800487 0.746959
164 0.466961 0.814815 0.766423
165 0.472003 0.809408 0.749392
166 0.462519 0.805623 0.771290
167 0.450917 0.807786 0.739659
168 0.457648 0.813733 0.759124
169 0.455251 0.816978 0.761557
170 0.457564 0.814815 0.756691
171 0.454242 0.806975 0.766423
172 0.472925 0.815896 0.761557
173 0.473855 0.807516 0.768856
174 0.471380 0.812922 0.776156
175 0.455495 0.816437 0.763990
176 0.451909 0.811300 0.754258
177 0.461712 0.812922 0.759124
178 0.456947 0.809949 0.768856
179 0.471630 0.806164 0.763990
180 0.444323 0.800487 0.773723
181 0.451390 0.813733 0.754258
182 0.464465 0.802109 0.751825
183 0.472658 0.792647 0.759124
184 0.454620 0.805353 0.768856
185 0.464028 0.825899 0.768856
186 0.448981 0.790754 0.759124
187 0.458022 0.817789 0.763990
188 0.463931 0.743444 0.742092
189 0.468127 0.815626 0.766423
190 0.455784 0.813463 0.781022
191 0.458881 0.816978 0.766423
192 0.461027 0.796161 0.783455
193 0.464429 0.803190 0.761557
194 0.443045 0.815626 0.788321
195 0.464459 0.815356 0.749392
196 0.461283 0.815896 0.781022
197 0.453927 0.818600 0.773723
198 0.450846 0.812922 0.749392
199 0.444528 0.814815 0.771290
200 0.449474 0.817248 0.756691
201 0.438474 0.824818 0.798054
202 0.434280 0.826710 0.759124
203 0.447124 0.823466 0.773723
204 0.447878 0.826169 0.766423
205 0.429650 0.827251 0.771290
206 0.454281 0.818870 0.763990
207 0.445203 0.828062 0.781022
208 0.449664 0.820222 0.776156
209 0.440039 0.826169 0.776156
210 0.430681 0.815085 0.783455
211 0.432333 0.829954 0.761557
212 0.457632 0.826980 0.788321
213 0.439136 0.830224 0.778589
214 0.433401 0.826980 0.783455
215 0.445093 0.833739 0.768856
216 0.436807 0.829954 0.783455
217 0.443930 0.827251 0.773723
218 0.439707 0.826980 0.763990
219 0.445184 0.826980 0.756691
220 0.447435 0.826710 0.771290
221 0.440014 0.834280 0.771290
222 0.448836 0.827251 0.781022
223 0.435422 0.831306 0.773723
224 0.436792 0.825899 0.761557
225 0.436006 0.828602 0.761557
226 0.435318 0.835361 0.773723
227 0.432334 0.827251 0.778589
228 0.449594 0.832387 0.759124
229 0.442047 0.822925 0.756691
230 0.436909 0.835902 0.771290
231 0.444798 0.836442 0.761557
232 0.417871 0.832117 0.761557
233 0.437385 0.829954 0.778589
234 0.426571 0.823195 0.751825
235 0.436980 0.833469 0.778589
236 0.425363 0.837524 0.771290
237 0.433992 0.828332 0.756691
238 0.440494 0.829954 0.788321
239 0.413874 0.830224 0.785888
240 0.433464 0.829143 0.771290
241 0.430626 0.831306 0.761557
242 0.430632 0.834009 0.778589
243 0.440038 0.833739 0.783455
244 0.425226 0.823195 0.783455
245 0.436177 0.834550 0.768856
246 0.446973 0.834820 0.766423
247 0.428129 0.822114 0.768856
248 0.430355 0.834820 0.783455
249 0.426600 0.836713 0.790754
250 0.429499 0.835091 0.778589
251 0.434606 0.837253 0.768856
252 0.425173 0.836172 0.771290
253 0.424266 0.839416 0.788321
254 0.425805 0.840227 0.781022
255 0.416074 0.838605 0.807786
256 0.432922 0.840768 0.781022
257 0.414092 0.842931 0.785888
258 0.419615 0.844012 0.790754
259 0.407599 0.838605 0.790754
260 0.414231 0.838064 0.781022
261 0.419840 0.843201 0.788321
262 0.418847 0.840497 0.776156
263 0.417339 0.837253 0.785888
264 0.420559 0.841038 0.783455
265 0.419008 0.839416 0.798054
266 0.422793 0.838335 0.768856
267 0.425827 0.841849 0.798054
268 0.422384 0.840768 0.793187
269 0.415795 0.839146 0.785888
270 0.421851 0.842119 0.790754
271 0.425177 0.841038 0.788321
272 0.411697 0.844553 0.790754
273 0.415660 0.847797 0.807786
274 0.412748 0.844282 0.783455
275 0.418380 0.846986 0.785888
276 0.411707 0.841308 0.771290
277 0.425462 0.840768 0.776156
278 0.428924 0.840227 0.776156
279 0.410752 0.847797 0.788321
280 0.426186 0.842119 0.763990
281 0.416025 0.843201 0.778589
282 0.406662 0.844823 0.771290
283 0.417503 0.842660 0.785888
284 0.417095 0.843471 0.781022
285 0.419610 0.841849 0.759124
286 0.414879 0.841038 0.778589
287 0.426444 0.844553 0.783455
288 0.421360 0.845634 0.785888
289 0.400810 0.843201 0.771290
290 0.412255 0.845093 0.783455
291 0.411862 0.845634 0.781022
292 0.412605 0.847797 0.776156
293 0.404059 0.847797 0.798054
294 0.412621 0.845904 0.783455
295 0.415945 0.847256 0.783455
296 0.424526 0.842660 0.768856
297 0.402392 0.842119 0.781022
298 0.404023 0.842660 0.771290
299 0.417644 0.849148 0.776156
300 0.422662 0.845904 0.793187
301 0.406042 0.846986 0.793187
302 0.407413 0.846715 0.788321
303 0.409983 0.848067 0.783455
304 0.408468 0.846986 0.785888
305 0.415330 0.851582 0.788321
306 0.405789 0.847526 0.802920
307 0.404716 0.851852 0.776156
308 0.399078 0.847797 0.783455
309 0.411749 0.847526 0.773723
310 0.415006 0.849419 0.785888
311 0.404842 0.854826 0.785888
312 0.409991 0.849959 0.795620
313 0.394616 0.849419 0.783455
314 0.413020 0.848878 0.783455
315 0.409893 0.844012 0.766423
316 0.404449 0.847256 0.773723
317 0.395064 0.848608 0.785888
318 0.395506 0.846445 0.783455
319 0.405951 0.847256 0.781022
320 0.397210 0.851041 0.785888
321 0.419116 0.851041 0.783455
322 0.404476 0.849959 0.778589
323 0.394852 0.845364 0.785888
324 0.404069 0.851311 0.788321
325 0.408756 0.847526 0.783455
326 0.415459 0.849959 0.795620
327 0.396553 0.846445 0.790754
328 0.415535 0.853204 0.793187
329 0.414495 0.852933 0.790754
330 0.400626 0.846445 0.788321
331 0.408425 0.846445 0.783455
332 0.401987 0.846445 0.778589
333 0.403208 0.850770 0.790754
334 0.407254 0.852122 0.788321
335 0.398722 0.848067 0.778589
336 0.404864 0.850230 0.773723
337 0.401237 0.850770 0.790754
338 0.399195 0.852663 0.783455
339 0.400160 0.853474 0.783455
340 0.390495 0.852122 0.788321
341 0.390255 0.847256 0.788321
342 0.404930 0.849689 0.778589
343 0.411488 0.851041 0.778589
344 0.407367 0.851852 0.785888
345 0.401451 0.854285 0.778589
346 0.391598 0.852122 0.761557
347 0.402544 0.852663 0.795620
348 0.404669 0.852122 0.783455
349 0.395279 0.850770 0.773723
350 0.398550 0.850500 0.793187
