1 8.957397 0.727333 0.720000
2 1.753065 0.747111 0.750000
3 1.119917 0.750889 0.752000
4 1.101442 0.763111 0.746000
5 0.880688 0.783111 0.762000
6 0.704074 0.796000 0.758000
7 0.616818 0.798222 0.760000
8 0.649330 0.807556 0.784000
9 0.551496 0.810444 0.780000
10 0.587857 0.790667 0.764000
11 0.552333 0.803111 0.768000
12 0.543911 0.812000 0.774000
13 0.491483 0.805333 0.758000
14 0.503796 0.816222 0.770000
15 0.492213 0.826444 0.786000
16 0.493927 0.812222 0.760000
17 0.517611 0.821556 0.770000
18 0.496052 0.801111 0.740000
19 0.457470 0.812222 0.766000
20 0.462245 0.840667 0.780000
21 0.534117 0.830000 0.772000
22 0.524615 0.824889 0.788000
23 0.477981 0.821556 0.778000
24 0.457431 0.817778 0.770000
25 0.469555 0.844222 0.774000
26 0.440422 0.828889 0.754000
27 0.442714 0.841333 0.774000
28 0.418955 0.844444 0.780000
29 0.430985 0.826222 0.756000
30 0.419858 0.843778 0.764000
