1 2.604245 0.761111 0.700000
2 0.821194 0.760000 0.740000
3 0.569288 0.777778 0.740000
4 0.498581 0.757778 0.740000
5 0.485518 0.775556 0.770000
6 0.458142 0.780000 0.710000
7 0.446418 0.815556 0.730000
8 0.612151 0.801111 0.720000
9 0.416921 0.825556 0.770000
10 0.386959 0.833333 0.770000
11 0.394170 0.833333 0.760000
12 0.400827 0.816667 0.730000
13 0.372280 0.831111 0.720000
14 0.342886 0.865556 0.760000
15 0.333454 0.856667 0.780000
16 0.330166 0.864444 0.800000
17 0.317467 0.867778 0.760000
18 0.323699 0.867778 0.800000
19 0.294763 0.852222 0.770000
20 0.331083 0.856667 0.790000
21 0.327470 0.870000 0.750000
22 0.319807 0.854444 0.770000
23 0.298906 0.873333 0.800000
24 0.283769 0.877778 0.780000
25 0.308171 0.881111 0.800000
26 0.289403 0.893333 0.790000
27 0.284657 0.861111 0.760000
28 0.287919 0.864444 0.770000
29 0.299629 0.871111 0.760000
30 0.310819 0.856667 0.810000
31 0.287783 0.896667 0.790000
32 0.298017 0.870000 0.740000
33 0.293872 0.854444 0.710000
34 0.302022 0.887778 0.810000
35 0.289300 0.873333 0.760000
36 0.266103 0.890000 0.760000
37 0.277155 0.892222 0.800000
38 0.249881 0.897778 0.770000
39 0.276372 0.870000 0.780000
40 0.272487 0.883333 0.750000
41 0.291044 0.885556 0.790000
42 0.251325 0.877778 0.720000
43 0.310358 0.868889 0.750000
44 0.273603 0.895556 0.810000
45 0.251105 0.874444 0.790000
46 0.263154 0.887778 0.780000
47 0.423596 0.861111 0.750000
48 0.318381 0.882222 0.790000
49 0.275443 0.882222 0.730000
50 0.238410 0.903333 0.780000
51 0.234475 0.906667 0.810000
52 0.215807 0.922222 0.750000
53 0.207787 0.905556 0.740000
54 0.221118 0.901111 0.770000
55 0.214812 0.908889 0.770000
56 0.212905 0.913333 0.770000
57 0.217428 0.911111 0.760000
58 0.203926 0.914444 0.730000
59 0.221185 0.907778 0.740000
60 0.211562 0.921111 0.760000
61 0.213203 0.900000 0.740000
62 0.214177 0.918889 0.710000
63 0.236398 0.902222 0.750000
64 0.199106 0.926667 0.760000
65 0.188604 0.930000 0.740000
66 0.201629 0.915556 0.730000
67 0.224393 0.921111 0.790000
68 0.200030 0.901111 0.740000
69 0.201608 0.918889 0.720000
70 0.219349 0.908889 0.730000
71 0.194150 0.921111 0.750000
72 0.214994 0.912222 0.750000
73 0.202869 0.922222 0.750000
74 0.184433 0.930000 0.790000
75 0.200785 0.925556 0.760000
76 0.188874 0.925556 0.750000
77 0.180638 0.925556 0.740000
78 0.184343 0.924444 0.790000
79 0.204915 0.914444 0.810000
80 0.219402 0.917778 0.770000
81 0.197172 0.931111 0.750000
82 0.192417 0.927778 0.790000
83 0.196664 0.923333 0.770000
84 0.195877 0.921111 0.790000
85 0.208726 0.924444 0.810000
86 0.194105 0.924444 0.790000
87 0.203618 0.923333 0.770000
88 0.204923 0.918889 0.810000
89 0.199682 0.916667 0.750000
90 0.190082 0.928889 0.760000
91 0.173061 0.927778 0.760000
92 0.207985 0.928889 0.790000
93 0.182578 0.927778 0.780000
94 0.183950 0.926667 0.810000
95 0.174367 0.925556 0.750000
96 0.186598 0.928889 0.780000
97 0.187512 0.921111 0.760000
98 0.195493 0.928889 0.790000
99 0.179523 0.928889 0.770000
100 0.160191 0.937778 0.790000
101 0.160180 0.933333 0.750000
102 0.161850 0.936667 0.780000
103 0.153892 0.932222 0.730000
104 0.156636 0.935556 0.790000
105 0.156743 0.933333 0.780000
106 0.149466 0.935556 0.790000
107 0.154619 0.936667 0.790000
108 0.161453 0.933333 0.800000
109 0.161140 0.936667 0.790000
110 0.157914 0.938889 0.770000
111 0.149814 0.938889 0.790000
112 0.156083 0.940000 0.730000
113 0.147980 0.944444 0.750000
114 0.155261 0.935556 0.750000
115 0.157089 0.937778 0.780000
116 0.162480 0.935556 0.800000
117 0.156576 0.937778 0.760000
118 0.152839 0.938889 0.730000
119 0.149974 0.943333 0.770000
120 0.154664 0.940000 0.770000
121 0.169091 0.936667 0.770000
122 0.161512 0.942222 0.760000
123 0.215621 0.933333 0.750000
124 0.160325 0.937778 0.740000
125 0.163833 0.940000 0.730000
126 0.192627 0.917778 0.790000
127 0.160710 0.933333 0.770000
128 0.154509 0.942222 0.800000
129 0.166574 0.935556 0.760000
130 0.163465 0.942222 0.760000
131 0.153128 0.935556 0.770000
132 0.159631 0.942222 0.740000
133 0.158580 0.938889 0.750000
134 0.141632 0.941111 0.740000
135 0.147960 0.940000 0.760000
136 0.140463 0.942222 0.750000
137 0.146892 0.944444 0.730000
138 0.148568 0.935556 0.750000
139 0.150550 0.942222 0.760000
140 0.149413 0.942222 0.760000
141 0.143377 0.940000 0.770000
142 0.151281 0.944444 0.740000
143 0.148023 0.930000 0.740000
144 0.153607 0.943333 0.740000
145 0.150027 0.944444 0.770000
146 0.156562 0.936667 0.760000
147 0.149987 0.943333 0.760000
148 0.147192 0.938889 0.760000
149 0.142737 0.944444 0.790000
150 0.131770 0.943333 0.750000
151 0.133516 0.945556 0.760000
152 0.130588 0.948889 0.750000
153 0.135345 0.945556 0.760000
154 0.137562 0.944444 0.770000
155 0.130780 0.945556 0.770000
156 0.137307 0.947778 0.770000
157 0.134820 0.944444 0.760000
158 0.124735 0.946667 0.780000
159 0.134754 0.943333 0.770000
160 0.136379 0.950000 0.770000
161 0.138690 0.950000 0.770000
162 0.127343 0.945556 0.750000
163 0.130192 0.946667 0.780000
164 0.130262 0.943333 0.800000
165 0.133133 0.950000 0.800000
166 0.133962 0.947778 0.780000
167 0.126537 0.948889 0.740000
168 0.127334 0.944444 0.760000
169 0.125012 0.947778 0.730000
170 0.121083 0.948889 0.790000
171 0.133187 0.952222 0.760000
172 0.131861 0.946667 0.760000
173 0.133622 0.943333 0.780000
174 0.124974 0.950000 0.740000
175 0.128139 0.947778 0.760000
176 0.129545 0.948889 0.770000
177 0.131106 0.945556 0.750000
178 0.135347 0.948889 0.770000
179 0.153825 0.944444 0.780000
180 0.138397 0.946667 0.730000
181 0.131131 0.951111 0.760000
182 0.136650 0.944444 0.760000
183 0.135325 0.943333 0.790000
184 0.131007 0.950000 0.760000
185 0.121282 0.950000 0.780000
186 0.124367 0.947778 0.790000
187 0.124546 0.948889 0.780000
188 0.127232 0.951111 0.770000
189 0.126753 0.950000 0.750000
190 0.126904 0.952222 0.760000
191 0.134543 0.944444 0.740000
192 0.123842 0.952222 0.770000
193 0.120052 0.948889 0.760000
194 0.126402 0.951111 0.780000
195 0.120412 0.952222 0.760000
196 0.136625 0.952222 0.790000
197 0.123079 0.948889 0.770000
198 0.122705 0.954444 0.800000
199 0.125530 0.950000 0.750000
200 0.118019 0.954444 0.760000
201 0.113221 0.952222 0.760000
202 0.118866 0.952222 0.740000
203 0.117790 0.952222 0.730000
204 0.120728 0.952222 0.750000
205 0.117519 0.950000 0.770000
206 0.123348 0.954444 0.780000
207 0.129377 0.951111 0.760000
208 0.117239 0.952222 0.770000
209 0.123155 0.952222 0.810000
210 0.117328 0.954444 0.750000
211 0.117998 0.951111 0.760000
212 0.117016 0.952222 0.760000
213 0.117274 0.953333 0.760000
214 0.118209 0.954444 0.740000
215 0.121222 0.953333 0.740000
216 0.112268 0.951111 0.760000
217 0.114688 0.952222 0.750000
218 0.118845 0.954444 0.750000
219 0.116909 0.953333 0.750000
220 0.119882 0.952222 0.760000
221 0.116789 0.952222 0.780000
222 0.117292 0.948889 0.770000
223 0.126723 0.953333 0.780000
224 0.121806 0.954444 0.760000
225 0.119279 0.953333 0.780000
226 0.119078 0.957778 0.770000
227 0.111958 0.951111 0.760000
228 0.124184 0.955556 0.790000
229 0.114555 0.953333 0.740000
230 0.128999 0.955556 0.750000
231 0.116785 0.957778 0.750000
232 0.115574 0.956667 0.770000
233 0.105690 0.955556 0.750000
234 0.114634 0.955556 0.750000
235 0.114210 0.954444 0.750000
236 0.113284 0.952222 0.760000
237 0.127877 0.955556 0.750000
238 0.106899 0.955556 0.780000
239 0.112439 0.954444 0.770000
240 0.119349 0.955556 0.780000
241 0.115142 0.954444 0.770000
242 0.116208 0.955556 0.750000
243 0.119982 0.955556 0.750000
244 0.115637 0.953333 0.780000
245 0.119895 0.954444 0.770000
246 0.114153 0.954444 0.770000
247 0.128510 0.955556 0.750000
248 0.126559 0.954444 0.740000
249 0.108277 0.952222 0.780000
250 0.118566 0.954444 0.780000
251 0.111918 0.958889 0.740000
252 0.113509 0.956667 0.760000
253 0.113498 0.956667 0.760000
254 0.112550 0.954444 0.780000
255 0.107757 0.957778 0.760000
256 0.112724 0.957778 0.740000
257 0.104317 0.957778 0.760000
258 0.121285 0.956667 0.740000
259 0.105545 0.955556 0.780000
260 0.114855 0.958889 0.760000
261 0.113229 0.957778 0.750000
262 0.118254 0.956667 0.740000
263 0.113910 0.955556 0.780000
264 0.124874 0.957778 0.770000
265 0.113375 0.956667 0.760000
266 0.110940 0.956667 0.750000
267 0.116220 0.956667 0.750000
268 0.114121 0.957778 0.750000
269 0.113810 0.956667 0.770000
270 0.120362 0.957778 0.750000
271 0.111549 0.956667 0.740000
272 0.109760 0.956667 0.750000
273 0.107155 0.955556 0.780000
274 0.116992 0.957778 0.760000
275 0.109965 0.955556 0.760000
276 0.115404 0.955556 0.760000
277 0.114430 0.954444 0.760000
278 0.111185 0.957778 0.750000
279 0.106156 0.957778 0.750000
280 0.107710 0.955556 0.770000
281 0.114596 0.955556 0.770000
282 0.114426 0.956667 0.750000
283 0.110247 0.956667 0.740000
284 0.112299 0.956667 0.750000
285 0.110814 0.957778 0.740000
286 0.116337 0.957778 0.740000
287 0.104151 0.956667 0.780000
288 0.110310 0.957778 0.760000
289 0.109772 0.957778 0.750000
290 0.117162 0.956667 0.770000
291 0.107740 0.957778 0.750000
292 0.108355 0.954444 0.740000
293 0.106551 0.955556 0.770000
294 0.112192 0.956667 0.750000
295 0.114492 0.957778 0.740000
296 0.109695 0.957778 0.750000
297 0.112200 0.956667 0.770000
298 0.106783 0.958889 0.760000
299 0.102362 0.958889 0.750000
300 0.103499 0.955556 0.780000
301 0.102169 0.956667 0.770000
302 0.108327 0.956667 0.780000
303 0.111478 0.957778 0.770000
304 0.105599 0.957778 0.750000
305 0.100060 0.957778 0.750000
306 0.108480 0.956667 0.750000
307 0.112191 0.957778 0.750000
308 0.108036 0.957778 0.750000
309 0.113272 0.956667 0.770000
310 0.113841 0.957778 0.750000
311 0.111324 0.957778 0.750000
312 0.105257 0.958889 0.750000
313 0.111992 0.957778 0.750000
314 0.101447 0.957778 0.750000
315 0.105726 0.957778 0.740000
316 0.112635 0.957778 0.740000
317 0.107538 0.957778 0.760000
318 0.112970 0.957778 0.750000
319 0.107590 0.957778 0.730000
320 0.111817 0.956667 0.760000
321 0.108376 0.954444 0.780000
322 0.110432 0.958889 0.740000
323 0.113373 0.958889 0.750000
324 0.104224 0.956667 0.750000
325 0.109203 0.957778 0.740000
326 0.107160 0.958889 0.740000
327 0.111439 0.957778 0.750000
328 0.113576 0.957778 0.750000
329 0.103837 0.957778 0.740000
330 0.109919 0.956667 0.770000
331 0.105209 0.956667 0.760000
332 0.104956 0.958889 0.740000
333 0.112785 0.957778 0.750000
334 0.111880 0.955556 0.770000
335 0.104230 0.958889 0.740000
336 0.109423 0.957778 0.750000
337 0.116053 0.956667 0.760000
338 0.114097 0.957778 0.740000
339 0.108298 0.958889 0.740000
340 0.112852 0.957778 0.750000
341 0.108745 0.956667 0.740000
342 0.109510 0.956667 0.760000
343 0.110528 0.957778 0.750000
344 0.102556 0.956667 0.770000
345 0.109670 0.957778 0.750000
346 0.112536 0.956667 0.770000
347 0.104218 0.957778 0.740000
348 0.107316 0.957778 0.740000
349 0.109168 0.957778 0.750000
350 0.102350 0.957778 0.750000
