1 3.531501 0.591700 0.575378
2 1.648547 0.572000 0.514202
3 1.328417 0.627849 0.541260
4 1.178473 0.601733 0.537647
5 1.067589 0.615976 0.552017
6 0.810119 0.577842 0.482437
7 0.730151 0.672838 0.607479
8 0.672049 0.685089 0.581176
9 0.630552 0.702227 0.578404
10 0.631358 0.687395 0.577563
11 0.605239 0.726452 0.607563
12 0.564878 0.735508 0.604286
13 0.540514 0.754482 0.625462
14 0.507659 0.748072 0.622185
15 0.485583 0.796232 0.619412
16 0.482155 0.753166 0.576050
17 0.468429 0.771339 0.604286
18 0.461773 0.796220 0.581512
19 0.426990 0.812680 0.593193
20 0.404061 0.829812 0.598739
21 0.392143 0.834953 0.601513
22 0.363590 0.852404 0.607815
23 0.351972 0.849478 0.618992
24 0.336575 0.866280 0.619160
25 0.339547 0.867913 0.604538
26 0.318489 0.832040 0.586807
27 0.308562 0.886942 0.624958
28 0.301448 0.886311 0.595798
29 0.293131 0.874998 0.572521
30 0.248070 0.901809 0.601681
31 0.253009 0.900210 0.601261
32 0.266819 0.866301 0.589916
33 0.226305 0.895358 0.598824
34 0.247755 0.890543 0.616303
35 0.243717 0.907584 0.595799
36 0.230155 0.918632 0.572521
37 0.196245 0.917961 0.569748
38 0.212834 0.926370 0.610336
39 0.187499 0.922503 0.598824
40 0.187615 0.930260 0.604874
41 0.191358 0.930226 0.587395
42 0.166125 0.957036 0.590000
43 0.146987 0.965122 0.584454
44 0.128974 0.969645 0.616303
45 0.180750 0.932781 0.587395
46 0.176325 0.945383 0.590252
47 0.170690 0.956725 0.584370
48 0.166634 0.946360 0.592773
49 0.198591 0.947048 0.590336
50 0.109854 0.983209 0.581513
51 0.077700 0.989341 0.584454
52 0.069418 0.987725 0.584370
53 0.068578 0.987719 0.584202
54 0.070767 0.989018 0.584454
55 0.072122 0.986119 0.578571
56 0.064718 0.985455 0.593193
57 0.063552 0.988693 0.581344
58 0.065754 0.989666 0.581344
59 0.065732 0.989344 0.610924
60 0.069124 0.987076 0.604706
61 0.063113 0.977089 0.598824
62 0.056916 0.992893 0.598823
63 0.053826 0.992249 0.604874
64 0.054696 0.990956 0.619412
65 0.056975 0.987076 0.604958
66 0.061047 0.989335 0.616555
67 0.061614 0.980919 0.622437
68 0.082222 0.982550 0.596050
69 0.081595 0.975788 0.613613
70 0.090515 0.966737 0.599160
71 0.104034 0.980948 0.601933
72 0.072902 0.990959 0.581345
73 0.063381 0.990630 0.581681
74 0.066077 0.988687 0.608151
75 0.082905 0.987078 0.570000
76 0.058540 0.992894 0.584370
77 0.058785 0.980959 0.613361
78 0.086157 0.983856 0.595882
79 0.084033 0.982223 0.581345
80 0.091529 0.984801 0.587227
81 0.063185 0.986743 0.590084
82 0.054827 0.993861 0.604622
83 0.055649 0.987412 0.590000
84 0.060150 0.992250 0.601513
85 0.054038 0.990637 0.584370
86 0.077788 0.980959 0.569664
87 0.059057 0.992572 0.590084
88 0.057565 0.986766 0.590084
89 0.054078 0.990315 0.593193
90 0.052797 0.993539 0.599076
91 0.078196 0.962826 0.590504
92 0.077526 0.990628 0.610756
93 0.087307 0.964412 0.607647
94 0.072434 0.992244 0.607563
95 0.050289 0.991600 0.601933
96 0.072451 0.983200 0.602101
97 0.096271 0.963853 0.616471
98 0.108707 0.978700 0.587143
99 0.077777 0.986436 0.607647
100 0.053607 0.994185 0.592773
101 0.039099 0.993861 0.581092
102 0.038093 0.994509 0.592857
103 0.039702 0.994509 0.601681
104 0.035099 0.994185 0.590000
105 0.037004 0.994509 0.595882
106 0.041614 0.994186 0.613445
107 0.037187 0.994509 0.604622
108 0.035951 0.994509 0.593109
109 0.039215 0.994185 0.604706
110 0.035566 0.993862 0.604622
111 0.036757 0.994509 0.604622
112 0.037053 0.994509 0.598823
113 0.034925 0.994509 0.598824
114 0.041586 0.994509 0.607563
115 0.033978 0.994509 0.616218
116 0.034398 0.994509 0.604538
117 0.032719 0.993864 0.619160
118 0.036393 0.994186 0.607479
119 0.042936 0.989007 0.619244
120 0.041409 0.993538 0.601765
121 0.038338 0.994509 0.616555
122 0.035010 0.993218 0.604790
123 0.035341 0.994509 0.598908
124 0.038596 0.991606 0.595967
125 0.045471 0.994509 0.607731
126 0.040903 0.992896 0.593025
127 0.037481 0.994509 0.619412
128 0.035374 0.994509 0.613529
129 0.035290 0.994509 0.616134
130 0.037583 0.993538 0.607563
131 0.041198 0.992891 0.607731
132 0.043619 0.993864 0.610336
133 0.042707 0.992245 0.604790
134 0.040755 0.993214 0.610336
135 0.045259 0.990955 0.604454
136 0.051296 0.980638 0.590168
137 0.040612 0.993214 0.590000
138 0.046714 0.993214 0.610420
139 0.040704 0.994185 0.604622
140 0.054502 0.992894 0.595798
141 0.040538 0.993538 0.595882
142 0.040149 0.993864 0.598739
143 0.043517 0.993218 0.589916
144 0.039256 0.994509 0.604622
145 0.038480 0.986767 0.590000
146 0.042987 0.991272 0.595882
147 0.045065 0.993861 0.592857
148 0.051284 0.987088 0.598571
149 0.052970 0.992573 0.572521
150 0.038409 0.994509 0.578151
151 0.030968 0.994509 0.586975
152 0.030685 0.994509 0.586975
153 0.029511 0.994509 0.589748
154 0.030467 0.994509 0.598487
155 0.030304 0.994509 0.580924
156 0.030344 0.994509 0.586891
157 0.028396 0.994509 0.586891
158 0.028167 0.994509 0.578067
159 0.029040 0.994509 0.575294
160 0.031291 0.994509 0.595714
161 0.032475 0.994509 0.581008
162 0.029906 0.994509 0.601597
163 0.027911 0.994509 0.589832
164 0.028028 0.994509 0.598655
165 0.033852 0.985447 0.584286
166 0.031700 0.994509 0.592857
167 0.029112 0.994509 0.586975
168 0.027087 0.994509 0.586975
169 0.028268 0.994186 0.589832
170 0.028748 0.994509 0.592941
171 0.029413 0.994509 0.584034
172 0.028970 0.994509 0.581176
173 0.032056 0.994185 0.592857
174 0.034405 0.993538 0.592941
175 0.032117 0.994185 0.592941
176 0.031330 0.994509 0.604538
177 0.027257 0.994509 0.592857
178 0.029392 0.994509 0.595714
179 0.029203 0.994509 0.598487
180 0.031316 0.994509 0.592857
181 0.028997 0.994509 0.595714
182 0.027875 0.994509 0.587143
183 0.029401 0.989993 0.575462
184 0.033528 0.994509 0.581176
185 0.031810 0.994509 0.578319
186 0.029187 0.994509 0.569580
187 0.030081 0.994509 0.592857
188 0.032964 0.993864 0.593025
189 0.033839 0.993864 0.590000
190 0.035691 0.994509 0.590000
191 0.029681 0.994509 0.601597
192 0.031144 0.994509 0.590168
193 0.026781 0.994509 0.598824
194 0.031250 0.993541 0.607647
195 0.038390 0.994509 0.598739
196 0.027540 0.994509 0.595967
197 0.029445 0.994509 0.601765
198 0.027651 0.994509 0.607647
199 0.032149 0.994509 0.601849
200 0.024815 0.994509 0.607647
201 0.026340 0.994509 0.610504
202 0.027816 0.994509 0.601849
203 0.026179 0.994509 0.607647
204 0.026024 0.994509 0.604706
205 0.024472 0.994509 0.607563
206 0.025957 0.994509 0.601765
207 0.025168 0.994509 0.610504
208 0.025541 0.994509 0.601765
209 0.027006 0.994509 0.601849
210 0.025475 0.994509 0.607647
211 0.026030 0.994509 0.601765
212 0.027658 0.994509 0.601849
213 0.025277 0.994509 0.610504
214 0.027101 0.994509 0.607647
215 0.026704 0.994509 0.604706
216 0.024843 0.994509 0.604790
217 0.024786 0.994509 0.604622
218 0.025944 0.994509 0.601765
219 0.026033 0.994509 0.601765
220 0.025616 0.994509 0.607563
221 0.024137 0.994509 0.601849
222 0.027433 0.994509 0.610588
223 0.028745 0.994509 0.610504
224 0.025485 0.994509 0.598992
225 0.025312 0.994509 0.604706
226 0.027184 0.994186 0.601765
227 0.025588 0.994509 0.598824
228 0.026168 0.994509 0.593025
229 0.025578 0.994509 0.598908
230 0.024929 0.994186 0.595882
231 0.026948 0.994509 0.598824
232 0.025937 0.994509 0.604622
233 0.025431 0.994509 0.616303
234 0.023863 0.994509 0.607479
235 0.025746 0.994509 0.610504
236 0.024235 0.994509 0.610504
237 0.026894 0.994509 0.604706
238 0.024500 0.994509 0.601597
239 0.023781 0.994509 0.598824
240 0.026436 0.994509 0.601765
241 0.024281 0.994509 0.607563
242 0.024280 0.994509 0.598739
243 0.021995 0.994509 0.604538
244 0.026756 0.994509 0.607647
245 0.023156 0.994509 0.601681
246 0.026342 0.994509 0.601765
247 0.023331 0.994509 0.601681
248 0.026742 0.994509 0.604706
249 0.024342 0.994509 0.616302
250 0.025224 0.994509 0.610504
251 0.024632 0.994509 0.610420
252 0.020859 0.994509 0.601765
253 0.022447 0.994509 0.607563
254 0.024885 0.994509 0.598739
255 0.022040 0.994509 0.610336
256 0.023510 0.994509 0.613277
257 0.021235 0.994509 0.607563
258 0.022936 0.994509 0.616471
259 0.023977 0.994509 0.610588
260 0.023652 0.994509 0.610420
261 0.025410 0.994509 0.613446
262 0.023929 0.994509 0.610420
263 0.022305 0.994509 0.604790
264 0.023118 0.994509 0.610504
265 0.025575 0.994509 0.598992
266 0.024041 0.994509 0.607563
267 0.024360 0.994509 0.604706
268 0.024187 0.994509 0.613361
269 0.023584 0.994509 0.604706
270 0.021271 0.994509 0.604706
271 0.022911 0.994509 0.604622
272 0.023487 0.994509 0.607479
273 0.024528 0.994509 0.604706
274 0.024852 0.994509 0.607563
275 0.022256 0.994509 0.598655
276 0.023332 0.994509 0.601765
277 0.022964 0.994509 0.601765
278 0.022765 0.994509 0.607563
279 0.024476 0.994509 0.604790
280 0.022081 0.994509 0.601765
281 0.026019 0.994509 0.601849
282 0.025074 0.994509 0.604622
283 0.022430 0.994509 0.604706
284 0.023627 0.994509 0.598908
285 0.022582 0.994509 0.598908
286 0.021635 0.994509 0.604622
287 0.024789 0.994509 0.607479
288 0.022362 0.994509 0.613277
289 0.024185 0.994509 0.610504
290 0.022676 0.994509 0.610420
291 0.023149 0.994509 0.610504
292 0.023544 0.994509 0.619160
293 0.022607 0.994509 0.619160
294 0.023495 0.994509 0.613361
295 0.023486 0.994509 0.610420
296 0.022382 0.994509 0.610504
297 0.024665 0.994509 0.610588
298 0.024150 0.994509 0.625126
299 0.021839 0.994509 0.622269
300 0.023206 0.994509 0.616387
301 0.022654 0.994509 0.622185
302 0.022118 0.994509 0.619244
303 0.024065 0.994509 0.616303
304 0.019760 0.994509 0.616387
305 0.021635 0.994509 0.613530
306 0.021785 0.994509 0.613529
307 0.022429 0.994509 0.613445
308 0.021557 0.994509 0.607647
309 0.023150 0.994509 0.619160
310 0.024618 0.994509 0.624958
311 0.022442 0.994509 0.622185
312 0.021988 0.994509 0.613361
313 0.021897 0.994509 0.619244
314 0.020333 0.994509 0.607563
315 0.022216 0.994509 0.616219
316 0.022809 0.994509 0.613277
317 0.023597 0.994509 0.616218
318 0.022057 0.994509 0.627899
319 0.023845 0.994509 0.622269
320 0.020855 0.994509 0.616387
321 0.021630 0.994509 0.622269
322 0.021744 0.994509 0.613530
323 0.022127 0.994509 0.613445
324 0.022948 0.994509 0.616471
325 0.023084 0.994509 0.616303
326 0.023546 0.994509 0.613445
327 0.021381 0.994509 0.610504
328 0.022162 0.994509 0.619244
329 0.022357 0.994509 0.610504
330 0.022104 0.994509 0.619244
331 0.021397 0.994509 0.622101
332 0.021495 0.994509 0.619160
333 0.021476 0.994509 0.616303
334 0.021321 0.994509 0.619160
335 0.021821 0.994509 0.613277
336 0.022455 0.994509 0.616219
337 0.021107 0.994509 0.610420
338 0.021957 0.994509 0.613362
339 0.022626 0.994509 0.607479
340 0.023096 0.994509 0.607395
341 0.020462 0.994509 0.613445
342 0.023185 0.994509 0.607563
343 0.022384 0.994509 0.607647
344 0.020652 0.994509 0.616387
345 0.022402 0.994509 0.595882
346 0.021549 0.994509 0.607647
347 0.022933 0.994509 0.607647
348 0.022897 0.994509 0.604622
349 0.021355 0.994509 0.604622
350 0.024054 0.994509 0.601849
