1 1.784576 0.699708 0.628363
2 0.780240 0.692649 0.601755
3 0.640874 0.738945 0.684211
4 0.602087 0.797268 0.765789
5 0.522162 0.854017 0.792105
6 0.481477 0.816213 0.771053
7 0.465149 0.832802 0.759357
8 0.462752 0.799026 0.734211
9 0.421743 0.845715 0.792398
10 0.405091 0.828037 0.792105
11 0.368054 0.747807 0.685088
12 0.341072 0.843951 0.750000
13 0.379555 0.777160 0.707895
14 0.326386 0.835110 0.733041
15 0.314874 0.781326 0.712865
16 0.312113 0.803195 0.700585
17 0.298078 0.843947 0.813450
18 0.286980 0.824386 0.744445
19 0.283424 0.789767 0.699708
20 0.256705 0.800122 0.701462
21 0.273717 0.848723 0.755263
22 0.248345 0.838618 0.750292
23 0.242106 0.876418 0.766082
24 0.229727 0.757654 0.637719
25 0.211674 0.905412 0.760527
26 0.211054 0.896004 0.764620
27 0.205406 0.899558 0.787134
28 0.207403 0.828549 0.681579
29 0.175936 0.914281 0.769883
30 0.178739 0.880592 0.754971
31 0.192004 0.828514 0.697076
32 0.172137 0.797713 0.681872
33 0.186650 0.888806 0.775439
34 0.173901 0.885875 0.759942
35 0.187355 0.820366 0.701170
36 0.164424 0.852882 0.723099
37 0.154852 0.810198 0.644445
38 0.154387 0.911921 0.781287
39 0.156948 0.864055 0.717836
40 0.148148 0.861055 0.739766
41 0.136717 0.855900 0.706725
42 0.127681 0.907184 0.728948
43 0.131552 0.893007 0.711988
44 0.142867 0.875217 0.754678
45 0.155706 0.798434 0.670468
46 0.163366 0.869307 0.718129
47 0.156948 0.895336 0.749123
48 0.126215 0.943815 0.781287
49 0.117755 0.873999 0.686257
50 0.104864 0.962151 0.770760
51 0.094106 0.961553 0.755263
52 0.092891 0.931960 0.712866
53 0.093988 0.961549 0.776316
54 0.092669 0.940244 0.744445
55 0.092648 0.933154 0.728655
56 0.089535 0.961559 0.776024
57 0.086503 0.962739 0.802632
58 0.087084 0.941430 0.744737
59 0.086675 0.978705 0.771053
60 0.088084 0.950306 0.755263
61 0.083851 0.963923 0.781287
62 0.087971 0.942614 0.787135
63 0.086535 0.936697 0.739766
64 0.080468 0.955639 0.750292
65 0.082939 0.922517 0.712866
66 0.083610 0.898841 0.696784
67 0.084517 0.922506 0.723392
68 0.084124 0.962785 0.760526
69 0.086950 0.893568 0.713158
70 0.087669 0.943805 0.728947
