1 2.535958 0.720222 0.703000
2 0.815101 0.759222 0.707000
3 0.635124 0.769111 0.728000
4 0.539859 0.773889 0.702000
5 0.513355 0.799222 0.721000
6 0.451562 0.810444 0.715000
7 0.464843 0.801889 0.710000
8 0.415078 0.830222 0.724000
9 0.394253 0.835333 0.727000
10 0.378088 0.835778 0.725000
11 0.347682 0.842556 0.713000
12 0.356092 0.848444 0.726000
13 0.393648 0.839778 0.721000
14 0.332255 0.859778 0.719000
15 0.325087 0.859111 0.721000
16 0.309960 0.866333 0.716000
17 0.303859 0.867556 0.713000
18 0.317026 0.866555 0.735000
19 0.323748 0.861778 0.719000
20 0.322682 0.869556 0.710000
21 0.319760 0.863444 0.718000
22 0.312294 0.872222 0.723000
23 0.299234 0.866556 0.715000
24 0.297334 0.872667 0.717000
25 0.290620 0.875556 0.711000
26 0.275437 0.880000 0.694000
27 0.270988 0.880778 0.703000
28 0.269651 0.881444 0.706000
29 0.277929 0.886111 0.720000
30 0.277991 0.886445 0.711000
31 0.263081 0.889333 0.726000
32 0.284266 0.878444 0.723000
33 0.284041 0.888778 0.721000
34 0.252148 0.890555 0.707000
35 0.309331 0.885889 0.716000
36 0.256757 0.889111 0.721000
37 0.261491 0.893111 0.709000
38 0.238478 0.891889 0.707000
39 0.261393 0.888222 0.722000
40 0.257166 0.890667 0.700000
41 0.255834 0.887111 0.705000
42 0.254761 0.896333 0.713000
43 0.240207 0.897667 0.703000
44 0.247922 0.899222 0.705000
45 0.237757 0.899222 0.728000
46 0.233935 0.901889 0.714000
47 0.237734 0.900667 0.699000
48 0.238982 0.902556 0.714000
49 0.229985 0.898000 0.709000
50 0.209205 0.915222 0.714000
51 0.192809 0.920222 0.712000
52 0.185849 0.921222 0.715000
53 0.202096 0.921778 0.717000
54 0.226798 0.912556 0.717000
55 0.194870 0.919222 0.722000
56 0.188491 0.921222 0.716000
57 0.185138 0.923333 0.714000
58 0.182557 0.923333 0.718000
59 0.195154 0.920111 0.716000
60 0.186437 0.922778 0.717000
61 0.180969 0.922778 0.711000
62 0.181893 0.924111 0.715000
63 0.182860 0.924000 0.717000
64 0.178831 0.925556 0.713000
65 0.174079 0.929667 0.705000
66 0.176162 0.926555 0.709000
67 0.190702 0.922222 0.706000
68 0.181606 0.920667 0.715000
69 0.179099 0.922444 0.717000
70 0.178559 0.926222 0.714000
71 0.177790 0.927111 0.708000
72 0.174534 0.929333 0.716000
73 0.177365 0.923667 0.720000
74 0.175608 0.926333 0.703000
75 0.183154 0.926667 0.721000
76 0.171904 0.921889 0.723000
77 0.165504 0.928889 0.711000
78 0.171071 0.930444 0.709000
79 0.205668 0.923778 0.703000
80 0.180655 0.928556 0.718000
81 0.176456 0.930111 0.715000
82 0.174038 0.928889 0.711000
83 0.171829 0.928555 0.706000
84 0.171735 0.929444 0.720000
85 0.170622 0.927778 0.723000
86 0.180589 0.929333 0.712000
87 0.182269 0.926555 0.713000
88 0.174534 0.928444 0.720000
89 0.167254 0.932222 0.701000
90 0.166806 0.930444 0.720000
91 0.161490 0.928000 0.706000
92 0.178566 0.929111 0.711000
93 0.174455 0.927778 0.714000
94 0.185907 0.929000 0.715000
95 0.177159 0.928000 0.720000
96 0.177238 0.928667 0.711000
97 0.172392 0.931889 0.706000
98 0.173612 0.931222 0.719000
99 0.177817 0.923778 0.722000
100 0.167587 0.934000 0.717000
101 0.149149 0.936778 0.708000
102 0.149073 0.938333 0.720000
103 0.144373 0.938000 0.714000
104 0.145716 0.938222 0.706000
105 0.144708 0.937222 0.716000
106 0.142546 0.939333 0.722000
107 0.140892 0.937667 0.716000
108 0.140700 0.939778 0.717000
109 0.141043 0.938889 0.702000
110 0.142470 0.939556 0.702000
111 0.137609 0.938333 0.716000
112 0.142658 0.940222 0.707000
113 0.135162 0.940889 0.714000
114 0.130482 0.940778 0.705000
115 0.139128 0.941444 0.714000
116 0.143290 0.939667 0.711000
117 0.138791 0.941333 0.723000
118 0.136952 0.939000 0.711000
119 0.136570 0.942333 0.716000
120 0.137546 0.940667 0.707000
121 0.139987 0.941556 0.724000
122 0.143816 0.940778 0.720000
123 0.139359 0.942111 0.721000
124 0.133592 0.942778 0.714000
125 0.136906 0.940111 0.720000
126 0.135673 0.941222 0.714000
127 0.131329 0.940333 0.724000
128 0.129743 0.941778 0.713000
129 0.135262 0.941445 0.723000
130 0.138804 0.942667 0.713000
131 0.134447 0.942667 0.710000
132 0.145388 0.941889 0.712000
133 0.136252 0.941667 0.709000
134 0.132860 0.943222 0.720000
135 0.132632 0.943334 0.712000
136 0.134469 0.940778 0.729000
137 0.134828 0.942333 0.715000
138 0.130695 0.942556 0.719000
139 0.136392 0.942778 0.718000
140 0.133812 0.943778 0.718000
141 0.136988 0.944667 0.727000
142 0.132052 0.944222 0.715000
143 0.128194 0.944222 0.724000
144 0.135104 0.943556 0.720000
145 0.136101 0.943333 0.718000
146 0.133954 0.944778 0.724000
147 0.130906 0.943667 0.721000
148 0.128623 0.945222 0.722000
149 0.126829 0.944444 0.721000
150 0.124674 0.947222 0.722000
151 0.119814 0.946889 0.720000
152 0.118409 0.947778 0.724000
153 0.122289 0.947444 0.726000
154 0.118251 0.947111 0.715000
155 0.116164 0.946778 0.719000
156 0.117219 0.947778 0.728000
157 0.113910 0.949222 0.722000
158 0.113225 0.947555 0.723000
159 0.115301 0.948556 0.724000
160 0.116556 0.947889 0.721000
161 0.120131 0.948444 0.718000
162 0.119103 0.948778 0.721000
163 0.122523 0.947667 0.722000
164 0.119340 0.949000 0.730000
165 0.116778 0.947666 0.720000
166 0.118854 0.947444 0.725000
167 0.121161 0.947333 0.718000
168 0.118837 0.947333 0.716000
169 0.112438 0.948889 0.720000
170 0.114015 0.948111 0.716000
171 0.118505 0.949111 0.711000
172 0.117407 0.948000 0.722000
173 0.119923 0.948667 0.714000
174 0.113201 0.949333 0.705000
175 0.115799 0.948445 0.719000
176 0.115839 0.949555 0.716000
177 0.115402 0.948667 0.720000
178 0.119829 0.948111 0.716000
179 0.121125 0.948889 0.726000
180 0.120380 0.948889 0.718000
181 0.115932 0.949000 0.718000
182 0.114461 0.949000 0.717000
183 0.119639 0.949444 0.718000
184 0.116095 0.949778 0.711000
185 0.123299 0.949667 0.713000
186 0.120731 0.949000 0.717000
187 0.115397 0.949111 0.720000
188 0.116891 0.949111 0.720000
189 0.121212 0.948444 0.717000
190 0.113801 0.948889 0.716000
191 0.113077 0.950111 0.712000
192 0.114353 0.948889 0.725000
193 0.113604 0.949111 0.725000
194 0.112078 0.949222 0.725000
195 0.115193 0.949000 0.716000
196 0.117706 0.950111 0.726000
197 0.114350 0.950222 0.723000
198 0.110041 0.949555 0.723000
199 0.114870 0.950111 0.727000
200 0.109600 0.951111 0.718000
201 0.109340 0.951222 0.721000
202 0.109091 0.950889 0.725000
203 0.110570 0.951111 0.720000
204 0.106143 0.950667 0.719000
205 0.104838 0.951556 0.720000
206 0.106749 0.950667 0.713000
207 0.116898 0.950333 0.715000
208 0.109051 0.951111 0.720000
209 0.107510 0.951333 0.716000
210 0.105313 0.951889 0.726000
211 0.105774 0.951333 0.723000
212 0.106930 0.951555 0.719000
213 0.107014 0.952111 0.725000
214 0.106619 0.951444 0.721000
215 0.108632 0.951111 0.719000
216 0.106651 0.952556 0.718000
217 0.106856 0.950667 0.713000
218 0.110210 0.951889 0.718000
219 0.108552 0.952556 0.723000
220 0.108345 0.951222 0.713000
221 0.107306 0.951444 0.715000
222 0.108835 0.951889 0.721000
223 0.107666 0.951444 0.725000
224 0.105717 0.951222 0.723000
225 0.106225 0.951333 0.723000
226 0.106281 0.951333 0.722000
227 0.101745 0.951889 0.726000
228 0.106867 0.951444 0.716000
229 0.104449 0.951333 0.721000
230 0.107886 0.951889 0.720000
231 0.104622 0.952000 0.716000
232 0.105239 0.951667 0.722000
233 0.103745 0.951889 0.718000
234 0.104251 0.951556 0.724000
235 0.120311 0.951000 0.720000
236 0.107795 0.951444 0.724000
237 0.106619 0.952222 0.726000
238 0.102727 0.951222 0.721000
239 0.106415 0.951555 0.720000
240 0.104276 0.952111 0.716000
241 0.105771 0.951555 0.712000
242 0.103743 0.951778 0.714000
243 0.108320 0.951667 0.715000
244 0.104424 0.952111 0.719000
245 0.107573 0.952556 0.718000
246 0.103389 0.951333 0.719000
247 0.108136 0.952111 0.715000
248 0.105803 0.952000 0.716000
249 0.103712 0.952000 0.729000
250 0.107422 0.952445 0.722000
251 0.104828 0.952222 0.725000
252 0.101323 0.951889 0.719000
253 0.100174 0.952111 0.719000
254 0.102422 0.952444 0.723000
255 0.102151 0.952333 0.725000
256 0.102872 0.952445 0.724000
257 0.098115 0.952445 0.725000
258 0.104859 0.952444 0.717000
259 0.101877 0.952667 0.719000
260 0.101713 0.952667 0.718000
261 0.104692 0.952444 0.713000
262 0.101998 0.953111 0.714000
263 0.101762 0.952444 0.718000
264 0.103177 0.953111 0.717000
265 0.101426 0.952889 0.720000
266 0.101726 0.952444 0.719000
267 0.103783 0.953000 0.717000
268 0.103146 0.952111 0.714000
269 0.101965 0.953111 0.721000
270 0.106358 0.952889 0.714000
271 0.102779 0.953000 0.718000
272 0.098909 0.953000 0.720000
273 0.101077 0.953111 0.715000
274 0.103402 0.953555 0.724000
275 0.101176 0.953445 0.722000
276 0.101498 0.952889 0.721000
277 0.103819 0.953333 0.722000
278 0.103860 0.953556 0.726000
279 0.101101 0.953556 0.721000
280 0.099528 0.953111 0.720000
281 0.100356 0.953222 0.720000
282 0.104428 0.953445 0.721000
283 0.101282 0.953333 0.716000
284 0.104676 0.953333 0.720000
285 0.103322 0.953556 0.715000
286 0.105680 0.953667 0.721000
287 0.102395 0.953333 0.720000
288 0.102803 0.954111 0.715000
289 0.098095 0.953445 0.719000
290 0.103706 0.953000 0.719000
291 0.102057 0.953222 0.730000
292 0.100686 0.953667 0.722000
293 0.097970 0.953111 0.719000
294 0.102757 0.953667 0.718000
295 0.098956 0.953111 0.723000
296 0.099655 0.953445 0.728000
297 0.097056 0.953889 0.714000
298 0.102864 0.953333 0.717000
299 0.099248 0.953222 0.720000
300 0.099271 0.954000 0.719000
301 0.098697 0.953889 0.718000
302 0.102020 0.953778 0.716000
303 0.101679 0.953778 0.721000
304 0.095724 0.953778 0.718000
305 0.098137 0.954222 0.719000
306 0.097652 0.954222 0.719000
307 0.096993 0.953445 0.718000
308 0.100894 0.954000 0.724000
309 0.100891 0.954333 0.723000
310 0.101074 0.953889 0.719000
311 0.099589 0.954000 0.720000
312 0.096458 0.953889 0.715000
313 0.099871 0.954111 0.718000
314 0.096862 0.953334 0.719000
315 0.096403 0.954000 0.716000
316 0.099785 0.953889 0.716000
317 0.099985 0.953556 0.711000
318 0.100018 0.954111 0.721000
319 0.099198 0.953555 0.719000
320 0.097215 0.954000 0.718000
321 0.097533 0.953778 0.722000
322 0.098548 0.954111 0.721000
323 0.099865 0.954111 0.720000
324 0.098178 0.954111 0.719000
325 0.098766 0.954111 0.721000
326 0.097954 0.954333 0.722000
327 0.098035 0.953889 0.716000
328 0.098594 0.953333 0.719000
329 0.098180 0.954222 0.725000
330 0.099066 0.954000 0.718000
331 0.098039 0.954222 0.723000
332 0.097524 0.954111 0.719000
333 0.096277 0.954111 0.717000
334 0.097969 0.953889 0.718000
335 0.095719 0.954000 0.721000
336 0.100311 0.954111 0.721000
337 0.099477 0.953778 0.725000
338 0.102065 0.953778 0.717000
339 0.099506 0.954111 0.722000
340 0.102149 0.953889 0.718000
341 0.098672 0.954111 0.723000
342 0.101072 0.954000 0.724000
343 0.100953 0.954000 0.722000
344 0.098857 0.954556 0.720000
345 0.099155 0.954333 0.718000
346 0.102644 0.954111 0.720000
347 0.098997 0.954778 0.724000
348 0.100524 0.954111 0.724000
349 0.100734 0.954444 0.719000
350 0.098531 0.954000 0.724000
