1 3.159231 0.567721 0.535280
2 1.034583 0.630711 0.600973
3 0.993917 0.706407 0.683698
4 1.165679 0.678021 0.642336
5 0.874583 0.598270 0.588808
6 0.811086 0.546634 0.527981
7 0.818362 0.677751 0.642336
8 0.720355 0.510679 0.501217
9 0.681565 0.720735 0.683698
10 0.639651 0.713166 0.676399
11 0.669385 0.703974 0.666667
12 0.810183 0.507705 0.503650
13 0.710762 0.696675 0.693431
14 0.720731 0.707218 0.700730
15 0.699701 0.519059 0.508516
16 0.614520 0.656934 0.630170
17 0.667307 0.697756 0.656934
18 0.626239 0.719384 0.681265
19 0.632074 0.686942 0.673966
20 0.618009 0.537443 0.540146
21 0.587055 0.721006 0.656934
22 0.614020 0.630981 0.615572
23 0.610808 0.682076 0.659367
24 0.673321 0.658556 0.627737
25 0.609120 0.715058 0.659367
26 0.608380 0.725331 0.681265
27 0.756286 0.571235 0.527981
28 0.687012 0.662071 0.639903
29 0.626069 0.669640 0.637470
30 0.586744 0.710733 0.661800
31 0.570859 0.732901 0.676399
32 0.602507 0.716410 0.688564
33 0.666172 0.735064 0.678832
34 0.624264 0.709381 0.671533
35 0.597692 0.674507 0.652068
36 0.581465 0.693971 0.671533
37 0.571434 0.734253 0.669100
38 0.582648 0.738578 0.695864
39 0.566430 0.724520 0.686131
40 0.591501 0.732901 0.671533
41 0.587000 0.727224 0.683698
42 0.564329 0.713977 0.676399
43 0.596083 0.726142 0.678832
44 0.605353 0.736415 0.676399
45 0.584264 0.730197 0.693431
46 0.580272 0.709922 0.664234
47 0.566360 0.720735 0.671533
48 0.562896 0.711814 0.669100
49 0.591085 0.741011 0.688564
50 0.576177 0.628819 0.598540
51 0.550947 0.745877 0.695864
52 0.558233 0.741281 0.698297
53 0.551052 0.742363 0.690998
54 0.545770 0.723168 0.683698
55 0.553653 0.738308 0.705596
56 0.552349 0.747229 0.700730
57 0.562525 0.745066 0.703163
58 0.548876 0.731549 0.678832
59 0.533573 0.740470 0.690998
60 0.556858 0.729657 0.666667
61 0.529572 0.752095 0.700730
62 0.539012 0.740470 0.686131
63 0.553492 0.740470 0.686131
64 0.555466 0.739659 0.712895
65 0.553471 0.749121 0.698297
66 0.553954 0.743715 0.698297
67 0.539702 0.739389 0.698297
68 0.543036 0.746418 0.703163
69 0.556437 0.742092 0.688564
70 0.541767 0.750743 0.695864
71 0.540947 0.752366 0.700730
72 0.538208 0.746148 0.698297
73 0.561157 0.733982 0.678832
74 0.551469 0.743444 0.686131
75 0.554195 0.743444 0.710462
76 0.535886 0.745607 0.698297
77 0.558491 0.718302 0.681265
78 0.555859 0.729927 0.681265
79 0.555034 0.744526 0.710462
80 0.546359 0.745877 0.690998
81 0.531386 0.732090 0.690998
82 0.542740 0.720465 0.695864
83 0.542913 0.746959 0.703163
84 0.545213 0.748310 0.693431
85 0.554137 0.690187 0.639903
86 0.567516 0.718843 0.652068
87 0.547441 0.748851 0.693431
88 0.548169 0.746959 0.698297
89 0.539131 0.755610 0.712895
90 0.535990 0.757772 0.715328
91 0.532562 0.757772 0.703163
92 0.539282 0.756150 0.700730
93 0.549566 0.759935 0.708029
94 0.536403 0.748581 0.698297
95 0.545042 0.758854 0.688564
96 0.522519 0.748851 0.671533
97 0.541545 0.748581 0.703163
98 0.539162 0.755880 0.681265
99 0.555102 0.759935 0.727494
100 0.535073 0.758854 0.700730
101 0.534451 0.768045 0.712895
102 0.535990 0.767234 0.722628
103 0.529056 0.757502 0.698297
104 0.521634 0.760205 0.708029
105 0.515627 0.751554 0.705596
106 0.522213 0.765072 0.712895
107 0.526469 0.765342 0.720195
108 0.525775 0.776426 0.722628
109 0.519207 0.767234 0.705596
110 0.523617 0.756421 0.698297
111 0.513950 0.769127 0.717762
112 0.517308 0.761828 0.725061
113 0.524092 0.776696 0.734793
114 0.516530 0.778589 0.746959
115 0.511772 0.767775 0.712895
116 0.516369 0.771830 0.727494
117 0.522564 0.748310 0.708029
118 0.510748 0.779941 0.727494
119 0.528299 0.773452 0.732360
120 0.519094 0.753447 0.703163
121 0.515017 0.780481 0.744526
122 0.496057 0.785347 0.732360
123 0.513549 0.781022 0.722628
124 0.518641 0.766153 0.720195
125 0.520468 0.771290 0.720195
126 0.506795 0.790214 0.749392
127 0.506367 0.783725 0.732360
128 0.513924 0.787240 0.742092
129 0.507377 0.789403 0.751825
130 0.505207 0.781022 0.742092
131 0.511739 0.791295 0.739659
132 0.500877 0.793458 0.746959
133 0.512613 0.784266 0.742092
134 0.515205 0.792106 0.744526
135 0.501823 0.777778 0.712895
136 0.495101 0.790484 0.759124
137 0.511398 0.776696 0.720195
138 0.502231 0.791565 0.746959
139 0.492056 0.791565 0.727494
140 0.501365 0.799946 0.759124
141 0.508104 0.779941 0.756691
142 0.496855 0.790754 0.729927
143 0.484450 0.797783 0.746959
144 0.496443 0.772912 0.742092
145 0.498869 0.794539 0.739659
146 0.492418 0.787240 0.722628
147 0.476613 0.794539 0.732360
148 0.503311 0.798865 0.744526
149 0.494347 0.804542 0.739659
150 0.480103 0.804001 0.727494
151 0.465805 0.802379 0.754258
152 0.484379 0.809678 0.751825
153 0.482024 0.804542 0.744526
154 0.485624 0.808597 0.744526
155 0.485273 0.808597 0.761557
156 0.480452 0.813463 0.751825
157 0.482947 0.811841 0.746959
158 0.463924 0.805082 0.746959
159 0.480725 0.804271 0.751825
160 0.480878 0.808056 0.746959
161 0.474264 0.811030 0.744526
162 0.460378 0.809408 0.754258
163 0.469328 0.801298 0.742092
164 0.475066 0.813463 0.754258
165 0.465018 0.806975 0.749392
166 0.478044 0.798324 0.737226
167 0.459513 0.808597 0.771290
168 0.474627 0.809949 0.751825
169 0.449080 0.813733 0.749392
170 0.451777 0.814815 0.754258
171 0.461926 0.811030 0.756691
172 0.468456 0.808327 0.751825
173 0.471179 0.812382 0.761557
174 0.466020 0.808597 0.756691
175 0.461188 0.808867 0.744526
176 0.473593 0.802109 0.746959
177 0.474689 0.811571 0.751825
178 0.460217 0.816437 0.754258
179 0.460845 0.822114 0.763990
180 0.462373 0.812111 0.773723
181 0.466443 0.821573 0.746959
182 0.454021 0.801027 0.749392
183 0.465143 0.812111 0.763990
184 0.478709 0.820762 0.754258
185 0.457336 0.794269 0.737226
186 0.473049 0.816707 0.756691
187 0.463466 0.815896 0.734793
188 0.452780 0.821303 0.766423
189 0.473717 0.826440 0.776156
190 0.451929 0.826440 0.771290
191 0.446805 0.824547 0.773723
192 0.457405 0.823736 0.776156
193 0.459602 0.800757 0.727494
194 0.434726 0.821844 0.768856
195 0.443322 0.825899 0.763990
196 0.460142 0.824006 0.771290
197 0.461092 0.830765 0.768856
198 0.441983 0.822925 0.759124
199 0.453815 0.827251 0.773723
200 0.443378 0.831576 0.771290
201 0.429242 0.830765 0.781022
202 0.450401 0.829684 0.781022
203 0.439828 0.835902 0.766423
204 0.440103 0.831576 0.773723
205 0.428015 0.836713 0.783455
206 0.434985 0.838064 0.783455
207 0.443107 0.835631 0.763990
208 0.432851 0.833739 0.790754
209 0.439939 0.838335 0.790754
210 0.434568 0.837253 0.785888
211 0.419527 0.837524 0.778589
212 0.415135 0.840497 0.785888
213 0.414729 0.839146 0.783455
214 0.424963 0.835631 0.783455
215 0.421991 0.841308 0.773723
216 0.414146 0.839146 0.790754
217 0.429080 0.845364 0.793187
218 0.417596 0.842119 0.768856
219 0.418123 0.846175 0.785888
220 0.433393 0.840227 0.788321
221 0.426428 0.847256 0.793187
222 0.412006 0.849959 0.783455
223 0.419650 0.845634 0.788321
224 0.424680 0.847526 0.781022
225 0.432306 0.840497 0.781022
226 0.421325 0.849959 0.795620
227 0.424026 0.842119 0.783455
228 0.426623 0.851852 0.783455
229 0.425407 0.853474 0.790754
230 0.412172 0.853474 0.783455
231 0.423055 0.843471 0.761557
232 0.407106 0.844012 0.776156
233 0.423538 0.848067 0.778589
234 0.428781 0.849959 0.788321
235 0.407443 0.854826 0.802920
236 0.407783 0.859151 0.807786
237 0.413398 0.852663 0.781022
238 0.416885 0.848608 0.785888
239 0.390423 0.858610 0.795620
240 0.398444 0.848608 0.790754
241 0.401048 0.856448 0.778589
242 0.409689 0.851311 0.795620
243 0.408886 0.852663 0.783455
244 0.400114 0.856718 0.781022
245 0.401786 0.854285 0.778589
246 0.411923 0.860232 0.800487
247 0.422436 0.850500 0.776156
248 0.404427 0.857529 0.790754
249 0.401496 0.852933 0.798054
250 0.404199 0.865369 0.802920
251 0.397300 0.863477 0.795620
252 0.385361 0.863747 0.800487
253 0.398400 0.865369 0.795620
254 0.380688 0.863206 0.807786
255 0.397068 0.862666 0.781022
256 0.391629 0.865369 0.795620
257 0.385757 0.864828 0.812652
258 0.389735 0.864558 0.795620
259 0.390950 0.867532 0.802920
260 0.391496 0.863477 0.802920
261 0.398703 0.868072 0.793187
262 0.380973 0.870235 0.805353
263 0.398016 0.870506 0.793187
264 0.377944 0.869695 0.781022
265 0.387258 0.824547 0.766423
266 0.389876 0.871857 0.793187
267 0.368899 0.868343 0.795620
268 0.389321 0.864558 0.788321
269 0.375566 0.868072 0.783455
270 0.384134 0.872398 0.795620
271 0.374135 0.874831 0.790754
272 0.385238 0.872939 0.790754
273 0.384929 0.874290 0.785888
274 0.387392 0.872668 0.788321
275 0.375018 0.874020 0.783455
276 0.379487 0.867261 0.785888
277 0.378482 0.871587 0.795620
278 0.371282 0.874020 0.781022
279 0.374386 0.875912 0.785888
280 0.377410 0.867261 0.790754
281 0.376980 0.873479 0.781022
282 0.373229 0.875372 0.778589
283 0.370305 0.872398 0.788321
284 0.374620 0.874831 0.778589
285 0.378047 0.873479 0.807786
286 0.380106 0.871317 0.768856
287 0.362704 0.876994 0.781022
288 0.373931 0.875642 0.783455
289 0.363433 0.874290 0.785888
290 0.379096 0.875642 0.778589
291 0.372509 0.870506 0.793187
292 0.371516 0.878075 0.778589
293 0.378334 0.878345 0.781022
294 0.367631 0.878616 0.790754
295 0.363651 0.879427 0.802920
296 0.387698 0.878075 0.793187
297 0.364436 0.878616 0.768856
298 0.368159 0.881590 0.778589
299 0.363987 0.873209 0.759124
300 0.370176 0.882130 0.766423
301 0.359107 0.882130 0.778589
302 0.360031 0.885104 0.783455
303 0.365724 0.884293 0.793187
304 0.371841 0.882130 0.776156
305 0.359111 0.884563 0.798054
306 0.358716 0.884293 0.788321
307 0.359202 0.882941 0.790754
308 0.351423 0.886996 0.783455
309 0.370275 0.884293 0.788321
310 0.355257 0.885645 0.783455
311 0.367895 0.884023 0.788321
312 0.355905 0.885645 0.798054
313 0.365404 0.885645 0.795620
314 0.355655 0.884293 0.793187
315 0.358819 0.882671 0.788321
316 0.360198 0.887537 0.798054
317 0.345713 0.885915 0.798054
318 0.346491 0.885915 0.802920
319 0.356701 0.886456 0.773723
320 0.360942 0.890511 0.802920
321 0.362311 0.886185 0.805353
322 0.359857 0.891052 0.795620
323 0.357026 0.886185 0.798054
324 0.358372 0.886996 0.783455
325 0.361684 0.886185 0.783455
326 0.347339 0.890241 0.790754
327 0.347835 0.889700 0.781022
328 0.371214 0.887267 0.795620
329 0.346762 0.886726 0.802920
330 0.354433 0.884293 0.783455
331 0.352015 0.888348 0.790754
332 0.361609 0.887537 0.795620
333 0.345256 0.888348 0.795620
334 0.345607 0.890511 0.790754
335 0.344737 0.889159 0.790754
336 0.356513 0.891592 0.790754
337 0.356334 0.885374 0.800487
338 0.361097 0.890511 0.798054
339 0.355469 0.891592 0.790754
340 0.350772 0.888348 0.783455
341 0.351866 0.888078 0.802920
342 0.347466 0.888619 0.793187
343 0.357629 0.890781 0.788321
344 0.348790 0.891052 0.785888
345 0.356369 0.886996 0.783455
346 0.354578 0.891592 0.790754
347 0.346158 0.890781 0.788321
348 0.357023 0.886726 0.800487
349 0.351628 0.892403 0.790754
350 0.346385 0.891052 0.800487
