1 4.367127 0.412593 0.400000
2 2.047785 0.511852 0.506667
3 1.747885 0.464444 0.406667
4 1.410944 0.508148 0.433333
5 1.269951 0.468889 0.393333
6 1.245786 0.536296 0.500000
7 1.145075 0.500741 0.426667
8 1.080937 0.568148 0.460000
9 1.059900 0.540000 0.500000
10 1.040687 0.564444 0.460000
11 1.032681 0.565926 0.493333
12 0.962488 0.550370 0.460000
13 0.951478 0.569630 0.460000
14 0.955056 0.568148 0.486667
15 0.940331 0.517778 0.446667
16 0.933354 0.521481 0.453333
17 0.913779 0.550370 0.466667
18 0.902020 0.514074 0.446667
19 0.938934 0.567407 0.513333
20 0.957601 0.576296 0.520000
21 0.913959 0.571852 0.473333
22 0.893381 0.575556 0.460000
23 0.887046 0.572593 0.506667
24 0.891364 0.577037 0.506667
25 0.890383 0.583704 0.453333
26 0.887619 0.537778 0.406667
27 0.884022 0.594815 0.486667
28 0.861339 0.588148 0.540000
29 0.884896 0.593333 0.520000
30 0.884377 0.596296 0.506667
31 0.873128 0.588148 0.500000
32 0.858903 0.581481 0.500000
33 0.877696 0.591111 0.493333
34 0.853034 0.594074 0.486667
35 0.864769 0.562222 0.466667
36 0.862920 0.582222 0.466667
37 0.833945 0.615556 0.513333
38 0.859297 0.588889 0.546667
39 0.862707 0.602963 0.486667
40 0.858091 0.596296 0.493333
41 0.889142 0.605185 0.506667
42 0.845831 0.611111 0.486667
43 0.841012 0.592593 0.453333
44 0.852890 0.600741 0.466667
45 0.835109 0.581481 0.406667
46 0.854642 0.562963 0.453333
47 0.856241 0.594815 0.446667
48 0.849502 0.617037 0.493333
49 0.848758 0.580000 0.520000
50 0.837181 0.623704 0.520000
51 0.800512 0.629630 0.473333
52 0.785233 0.636296 0.473333
53 0.812643 0.631111 0.480000
54 0.793804 0.620000 0.446667
55 0.785840 0.634815 0.480000
56 0.784081 0.626667 0.466667
57 0.781194 0.622963 0.446667
58 0.779391 0.627407 0.460000
59 0.789589 0.640741 0.460000
60 0.770581 0.636296 0.500000
61 0.770545 0.631852 0.440000
62 0.794647 0.636296 0.480000
63 0.788424 0.636296 0.473333
64 0.780714 0.621481 0.453333
65 0.801739 0.633333 0.480000
66 0.782229 0.641481 0.460000
67 0.777039 0.641481 0.473333
68 0.772786 0.618519 0.513333
69 0.792875 0.640000 0.506667
70 0.761602 0.637778 0.486667
