1 2.192027 0.742222 0.710000
2 0.651507 0.752222 0.680000
3 0.555213 0.795556 0.660000
4 0.503246 0.778889 0.720000
5 0.441831 0.822222 0.700000
6 0.439716 0.813333 0.720000
7 0.412531 0.826667 0.730000
8 0.399548 0.830000 0.730000
9 0.389548 0.836667 0.720000
10 0.371315 0.813333 0.710000
11 0.347084 0.786667 0.720000
12 0.365322 0.850000 0.730000
13 0.326629 0.864444 0.690000
14 0.298187 0.863333 0.760000
15 0.334199 0.845556 0.720000
16 0.313149 0.830000 0.700000
17 0.296160 0.873333 0.690000
18 0.296842 0.867778 0.740000
19 0.280400 0.854444 0.720000
20 0.496394 0.825556 0.680000
21 0.344248 0.845556 0.680000
22 0.332455 0.848889 0.760000
23 0.292006 0.871111 0.730000
24 0.269049 0.880000 0.700000
25 0.274770 0.877778 0.690000
26 0.274010 0.878889 0.720000
27 0.261955 0.875556 0.700000
28 0.272091 0.874444 0.730000
29 0.326622 0.880000 0.710000
30 0.332097 0.888889 0.690000
31 0.278595 0.882222 0.720000
32 0.272523 0.880000 0.730000
33 0.261563 0.880000 0.750000
34 0.261033 0.878889 0.650000
35 0.250294 0.896667 0.680000
36 0.242932 0.866667 0.680000
37 0.303501 0.877778 0.680000
38 0.250499 0.875556 0.720000
39 0.286171 0.871111 0.700000
40 0.290931 0.873333 0.710000
41 0.268933 0.878889 0.700000
42 0.238730 0.903333 0.740000
43 0.230595 0.898889 0.690000
44 0.238621 0.905556 0.720000
45 0.271035 0.884444 0.720000
46 0.250758 0.903333 0.730000
47 0.225993 0.903333 0.720000
48 0.221576 0.900000 0.720000
49 0.226309 0.885556 0.680000
50 0.206990 0.913333 0.710000
51 0.193157 0.922222 0.710000
52 0.186399 0.913333 0.730000
53 0.183363 0.925556 0.710000
54 0.206283 0.925556 0.680000
55 0.184416 0.918889 0.700000
56 0.181841 0.912222 0.680000
57 0.182802 0.931111 0.710000
58 0.184058 0.922222 0.700000
59 0.181250 0.933333 0.650000
60 0.185168 0.916667 0.700000
61 0.176027 0.928889 0.670000
62 0.184685 0.923333 0.690000
63 0.184888 0.923333 0.710000
64 0.176217 0.927778 0.700000
65 0.172858 0.938889 0.690000
66 0.171981 0.934444 0.690000
67 0.176799 0.928889 0.670000
68 0.171553 0.930000 0.720000
69 0.185577 0.911111 0.720000
70 0.207984 0.918889 0.690000
71 0.176499 0.928889 0.690000
72 0.178511 0.928889 0.670000
73 0.167985 0.920000 0.710000
74 0.185697 0.927778 0.720000
75 0.205941 0.923333 0.720000
76 0.195908 0.916667 0.730000
77 0.160188 0.932222 0.690000
78 0.171680 0.926667 0.680000
79 0.216291 0.922222 0.710000
80 0.176598 0.928889 0.710000
81 0.168850 0.930000 0.660000
82 0.168357 0.930000 0.660000
83 0.182460 0.927778 0.680000
84 0.179450 0.928889 0.680000
85 0.172033 0.937778 0.680000
86 0.170114 0.924444 0.690000
87 0.172530 0.930000 0.690000
88 0.157040 0.936667 0.690000
89 0.166841 0.935556 0.650000
90 0.170794 0.931111 0.690000
91 0.154156 0.935556 0.690000
92 0.170052 0.940000 0.670000
93 0.159820 0.930000 0.660000
94 0.156364 0.931111 0.700000
95 0.164101 0.927778 0.640000
96 0.193015 0.931111 0.670000
97 0.191072 0.932222 0.670000
98 0.173232 0.930000 0.670000
99 0.206391 0.908889 0.710000
100 0.196649 0.937778 0.700000
101 0.156793 0.938889 0.670000
102 0.146860 0.938889 0.680000
103 0.153350 0.942222 0.710000
104 0.165620 0.938889 0.710000
105 0.138266 0.937778 0.700000
106 0.138313 0.932222 0.700000
107 0.142454 0.942222 0.720000
108 0.141266 0.940000 0.690000
109 0.144065 0.938889 0.700000
110 0.147912 0.935556 0.660000
111 0.136292 0.942222 0.660000
112 0.153868 0.940000 0.650000
113 0.142530 0.945556 0.660000
114 0.133800 0.945556 0.680000
115 0.155067 0.940000 0.640000
116 0.137908 0.936667 0.670000
117 0.131908 0.935556 0.660000
118 0.142539 0.940000 0.660000
119 0.132585 0.947778 0.690000
120 0.135477 0.943333 0.660000
121 0.138387 0.942222 0.730000
122 0.138626 0.937778 0.680000
123 0.142641 0.941111 0.670000
124 0.132067 0.947778 0.680000
125 0.135362 0.938889 0.680000
126 0.134497 0.946667 0.620000
127 0.124213 0.942222 0.650000
128 0.132821 0.944444 0.650000
129 0.140837 0.947778 0.690000
130 0.133571 0.946667 0.660000
131 0.130786 0.952222 0.670000
132 0.143104 0.951111 0.670000
133 0.129035 0.944444 0.680000
134 0.147585 0.941111 0.700000
135 0.136818 0.945556 0.680000
136 0.131358 0.938889 0.700000
137 0.126480 0.943333 0.660000
138 0.134483 0.940000 0.640000
139 0.126647 0.945556 0.670000
140 0.123888 0.947778 0.630000
141 0.142618 0.941111 0.670000
142 0.139433 0.944444 0.670000
143 0.123786 0.946667 0.700000
144 0.133385 0.941111 0.680000
145 0.141449 0.950000 0.670000
146 0.140694 0.946667 0.710000
147 0.129122 0.945556 0.680000
148 0.129350 0.946667 0.680000
149 0.123195 0.948889 0.690000
150 0.121197 0.948889 0.710000
151 0.126055 0.946667 0.690000
152 0.133392 0.944444 0.710000
153 0.131920 0.947778 0.690000
154 0.122955 0.947778 0.650000
155 0.118920 0.951111 0.670000
156 0.119200 0.950000 0.660000
157 0.108943 0.947778 0.680000
158 0.112813 0.951111 0.670000
159 0.116306 0.950000 0.670000
160 0.116207 0.952222 0.680000
161 0.107880 0.954444 0.690000
162 0.120308 0.948889 0.700000
163 0.116013 0.951111 0.700000
164 0.121127 0.951111 0.710000
165 0.125845 0.953333 0.670000
166 0.120544 0.946667 0.680000
167 0.121477 0.944444 0.660000
168 0.115330 0.947778 0.660000
169 0.110539 0.952222 0.690000
170 0.119388 0.946667 0.690000
171 0.124559 0.951111 0.670000
172 0.116161 0.951111 0.690000
173 0.111786 0.953333 0.680000
174 0.110737 0.950000 0.670000
175 0.114591 0.946667 0.690000
176 0.116315 0.953333 0.680000
177 0.112134 0.953333 0.670000
178 0.118473 0.952222 0.670000
179 0.128306 0.950000 0.690000
180 0.115453 0.952222 0.680000
181 0.122791 0.948889 0.670000
182 0.119486 0.951111 0.650000
183 0.108405 0.950000 0.670000
184 0.115324 0.952222 0.680000
185 0.110829 0.953333 0.670000
186 0.114055 0.947778 0.660000
187 0.105898 0.952222 0.670000
188 0.109978 0.951111 0.680000
189 0.103524 0.950000 0.680000
190 0.104461 0.952222 0.660000
191 0.117163 0.948889 0.670000
192 0.116595 0.950000 0.700000
193 0.109673 0.950000 0.690000
194 0.114867 0.953333 0.730000
195 0.110314 0.952222 0.690000
196 0.119945 0.953333 0.720000
197 0.110623 0.952222 0.670000
198 0.104343 0.953333 0.690000
199 0.117794 0.953333 0.720000
200 0.106975 0.953333 0.700000
201 0.103770 0.953333 0.700000
202 0.105394 0.954444 0.690000
203 0.110608 0.954444 0.680000
204 0.102869 0.955556 0.700000
205 0.107853 0.955556 0.680000
206 0.105417 0.952222 0.670000
207 0.164917 0.953333 0.680000
208 0.107202 0.953333 0.660000
209 0.109335 0.954444 0.690000
210 0.108716 0.952222 0.700000
211 0.109584 0.953333 0.670000
212 0.104175 0.954444 0.690000
213 0.109894 0.954444 0.690000
214 0.105063 0.955556 0.660000
215 0.102903 0.953333 0.680000
216 0.111661 0.955556 0.690000
217 0.102475 0.953333 0.660000
218 0.109064 0.953333 0.690000
219 0.103284 0.954444 0.680000
220 0.106049 0.954444 0.700000
221 0.108827 0.954444 0.660000
222 0.107430 0.954444 0.670000
223 0.110601 0.954444 0.690000
224 0.106636 0.955556 0.680000
225 0.106860 0.953333 0.720000
226 0.105623 0.954444 0.670000
227 0.101297 0.954444 0.680000
228 0.106872 0.953333 0.650000
229 0.110925 0.952222 0.650000
230 0.111729 0.952222 0.680000
231 0.100085 0.954444 0.650000
232 0.102274 0.954444 0.680000
233 0.102708 0.954444 0.670000
234 0.103876 0.955556 0.700000
235 0.100352 0.955556 0.660000
236 0.105715 0.955556 0.670000
237 0.100651 0.955556 0.660000
238 0.095842 0.951111 0.670000
239 0.099514 0.954444 0.660000
240 0.099053 0.955556 0.670000
241 0.100053 0.953333 0.660000
242 0.100689 0.955556 0.660000
243 0.104900 0.954444 0.660000
244 0.106119 0.955556 0.650000
245 0.104319 0.954444 0.670000
246 0.106226 0.953333 0.650000
247 0.102209 0.955556 0.680000
248 0.100331 0.954444 0.650000
249 0.103421 0.954444 0.690000
250 0.102872 0.955556 0.650000
251 0.095651 0.954444 0.670000
252 0.098941 0.954444 0.670000
253 0.096526 0.955556 0.670000
254 0.100062 0.954444 0.680000
255 0.097782 0.954444 0.670000
256 0.103607 0.953333 0.680000
257 0.095965 0.953333 0.690000
258 0.102277 0.955556 0.660000
259 0.098707 0.955556 0.660000
260 0.102979 0.955556 0.660000
261 0.106627 0.955556 0.650000
262 0.094258 0.955556 0.680000
263 0.097436 0.954444 0.680000
264 0.104418 0.954444 0.660000
265 0.107344 0.954444 0.640000
266 0.104526 0.954444 0.650000
267 0.098757 0.955556 0.660000
268 0.098034 0.954444 0.650000
269 0.099722 0.955556 0.660000
270 0.105376 0.955556 0.660000
271 0.099695 0.955556 0.670000
272 0.095732 0.955556 0.680000
273 0.100908 0.955556 0.670000
274 0.099115 0.955556 0.680000
275 0.103685 0.955556 0.680000
276 0.098550 0.955556 0.660000
277 0.100912 0.955556 0.650000
278 0.102314 0.955556 0.680000
279 0.095812 0.955556 0.670000
280 0.098541 0.955556 0.650000
281 0.099898 0.955556 0.670000
282 0.104199 0.955556 0.680000
283 0.098413 0.955556 0.650000
284 0.109085 0.955556 0.660000
285 0.105921 0.955556 0.660000
286 0.102683 0.955556 0.690000
287 0.103339 0.953333 0.660000
288 0.096538 0.955556 0.630000
289 0.091249 0.954444 0.650000
290 0.100960 0.955556 0.650000
291 0.110669 0.954444 0.670000
292 0.099638 0.955556 0.660000
293 0.099736 0.953333 0.660000
294 0.102738 0.955556 0.670000
295 0.098172 0.955556 0.660000
296 0.101386 0.954444 0.650000
297 0.100489 0.955556 0.650000
298 0.103801 0.955556 0.620000
299 0.101311 0.955556 0.650000
300 0.095584 0.955556 0.640000
301 0.098965 0.955556 0.640000
302 0.110551 0.956667 0.610000
303 0.102572 0.955556 0.670000
304 0.095548 0.955556 0.640000
305 0.093108 0.955556 0.650000
306 0.095014 0.955556 0.650000
307 0.100452 0.955556 0.650000
308 0.101725 0.955556 0.670000
309 0.102482 0.955556 0.620000
310 0.100948 0.955556 0.640000
311 0.094917 0.955556 0.630000
312 0.098203 0.955556 0.630000
313 0.097747 0.955556 0.650000
314 0.096396 0.955556 0.650000
315 0.099909 0.955556 0.630000
316 0.101410 0.955556 0.630000
317 0.098618 0.955556 0.640000
318 0.099805 0.955556 0.660000
319 0.095644 0.954444 0.660000
320 0.098617 0.955556 0.640000
321 0.096696 0.955556 0.660000
322 0.100866 0.955556 0.660000
323 0.100851 0.955556 0.660000
324 0.093466 0.956667 0.640000
325 0.093001 0.955556 0.640000
326 0.101236 0.955556 0.660000
327 0.100560 0.955556 0.620000
328 0.096020 0.954444 0.630000
329 0.093457 0.955556 0.660000
330 0.094551 0.955556 0.660000
331 0.094851 0.956667 0.660000
332 0.100561 0.955556 0.640000
333 0.099303 0.955556 0.640000
334 0.098508 0.955556 0.660000
335 0.093277 0.955556 0.650000
336 0.101796 0.955556 0.640000
337 0.097721 0.955556 0.660000
338 0.096817 0.955556 0.630000
339 0.095163 0.955556 0.660000
340 0.101723 0.955556 0.640000
341 0.096936 0.955556 0.650000
342 0.097200 0.955556 0.680000
343 0.100416 0.955556 0.650000
344 0.103350 0.956667 0.650000
345 0.101737 0.955556 0.670000
346 0.105505 0.956667 0.660000
347 0.103588 0.956667 0.650000
348 0.098890 0.956667 0.630000
349 0.102107 0.956667 0.650000
350 0.100929 0.955556 0.660000
