1 3.091027 0.560151 0.552311
2 1.060330 0.687483 0.649635
3 0.863350 0.708300 0.703163
4 0.895453 0.710733 0.666667
5 0.921910 0.719113 0.705596
6 0.788061 0.698297 0.686131
7 0.907593 0.665045 0.618005
8 0.791795 0.721276 0.710462
9 0.773774 0.652879 0.661800
10 0.748614 0.511760 0.501217
11 0.817515 0.655312 0.630170
12 0.720663 0.698297 0.654501
13 0.603745 0.716139 0.705596
14 0.691735 0.654501 0.644769
15 0.645969 0.610706 0.613139
16 0.617450 0.627197 0.627737
17 0.729594 0.625574 0.610706
18 0.649841 0.700189 0.688564
19 0.657909 0.695053 0.635036
20 0.658004 0.642065 0.639903
21 0.619004 0.724790 0.688564
22 0.620298 0.702893 0.698297
23 0.597178 0.670451 0.652068
24 0.608880 0.713166 0.710462
25 0.581096 0.705596 0.673966
26 0.674354 0.702352 0.717762
27 0.617322 0.733441 0.717762
28 0.581142 0.703974 0.698297
29 0.568422 0.726413 0.669100
30 0.584092 0.672614 0.639903
31 0.579383 0.735875 0.710462
32 0.586993 0.742633 0.708029
33 0.627885 0.736686 0.705596
34 0.581450 0.736145 0.710462
35 0.571890 0.737497 0.708029
36 0.588409 0.722898 0.700730
37 0.561733 0.733171 0.710462
38 0.562537 0.748310 0.720195
39 0.568345 0.741281 0.712895
40 0.550549 0.742092 0.700730
41 0.572735 0.737767 0.705596
42 0.563781 0.751284 0.715328
43 0.546636 0.734523 0.700730
44 0.569372 0.735064 0.700730
45 0.567876 0.688024 0.686131
46 0.556387 0.742903 0.690998
47 0.559002 0.742633 0.698297
48 0.572809 0.694512 0.671533
49 0.563258 0.736145 0.661800
50 0.552855 0.755069 0.725061
51 0.538740 0.754528 0.732360
52 0.535973 0.754799 0.722628
53 0.545301 0.754799 0.712895
54 0.531422 0.751554 0.737226
55 0.531168 0.763720 0.732360
56 0.528918 0.766964 0.734793
57 0.533132 0.745337 0.729927
58 0.521628 0.758583 0.725061
59 0.515213 0.733171 0.703163
60 0.525626 0.768045 0.739659
61 0.508305 0.748581 0.688564
62 0.509951 0.773723 0.744526
63 0.524950 0.754258 0.744526
64 0.526191 0.762909 0.737226
65 0.503588 0.777507 0.734793
66 0.515662 0.771560 0.742092
67 0.504170 0.773993 0.749392
68 0.510561 0.770479 0.737226
69 0.530167 0.767775 0.729927
70 0.520783 0.780481 0.749392
71 0.524231 0.771830 0.737226
72 0.510499 0.756421 0.717762
73 0.507990 0.771830 0.722628
74 0.509701 0.766153 0.737226
75 0.522587 0.773452 0.720195
76 0.514196 0.782914 0.756691
77 0.511220 0.755339 0.727494
78 0.509507 0.782644 0.751825
79 0.512452 0.781563 0.749392
80 0.490491 0.785618 0.742092
81 0.479801 0.778859 0.749392
82 0.497920 0.781022 0.751825
83 0.505491 0.791565 0.756691
84 0.496704 0.723979 0.686131
85 0.500688 0.784807 0.759124
86 0.504932 0.782103 0.746959
87 0.498413 0.775615 0.720195
88 0.508087 0.791295 0.749392
89 0.493951 0.798324 0.773723
90 0.481052 0.791836 0.754258
91 0.486184 0.799405 0.778589
92 0.485744 0.804271 0.739659
93 0.487106 0.800216 0.742092
94 0.482331 0.789132 0.761557
95 0.482257 0.805353 0.759124
96 0.493657 0.775615 0.732360
97 0.485187 0.817248 0.766423
98 0.472607 0.800487 0.751825
99 0.486514 0.811571 0.771290
100 0.459571 0.826169 0.768856
101 0.450906 0.825629 0.766423
102 0.453016 0.827251 0.778589
103 0.468280 0.823736 0.778589
104 0.439262 0.820762 0.763990
105 0.446487 0.826169 0.766423
106 0.443024 0.822384 0.759124
107 0.452979 0.828602 0.795620
108 0.435592 0.832387 0.788321
109 0.424573 0.829413 0.761557
110 0.443637 0.834009 0.749392
111 0.442186 0.832387 0.788321
112 0.438669 0.832387 0.798054
113 0.456650 0.826710 0.783455
114 0.441367 0.806164 0.732360
115 0.426122 0.833469 0.788321
116 0.429032 0.840768 0.776156
117 0.426324 0.835902 0.781022
118 0.425504 0.837253 0.766423
119 0.437062 0.832657 0.788321
120 0.433548 0.831846 0.763990
121 0.421179 0.844012 0.783455
122 0.429000 0.845364 0.785888
123 0.417220 0.812652 0.749392
124 0.416993 0.846715 0.785888
125 0.435032 0.835361 0.788321
126 0.415003 0.841579 0.761557
127 0.429908 0.835902 0.785888
128 0.417831 0.838875 0.778589
129 0.418525 0.834550 0.766423
130 0.422558 0.849689 0.785888
131 0.409625 0.844012 0.798054
132 0.423520 0.849419 0.788321
133 0.416191 0.852663 0.800487
134 0.420732 0.843742 0.759124
135 0.408033 0.848067 0.751825
136 0.403309 0.847526 0.763990
137 0.407008 0.836713 0.802920
138 0.407889 0.809678 0.739659
139 0.409886 0.855096 0.788321
140 0.409293 0.824277 0.727494
141 0.421930 0.838064 0.773723
142 0.414298 0.853474 0.776156
143 0.400539 0.860773 0.766423
144 0.397161 0.842390 0.781022
145 0.408206 0.864288 0.795620
146 0.398204 0.858070 0.798054
147 0.394919 0.847797 0.781022
148 0.392809 0.847256 0.742092
149 0.402747 0.868072 0.785888
150 0.366989 0.874020 0.793187
151 0.370043 0.869965 0.768856
152 0.359718 0.878886 0.781022
153 0.362545 0.875912 0.788321
154 0.358558 0.874561 0.781022
155 0.362341 0.877805 0.783455
156 0.352533 0.880779 0.788321
157 0.369408 0.887267 0.788321
158 0.358509 0.881860 0.793187
159 0.350776 0.873209 0.761557
160 0.356517 0.888078 0.790754
161 0.371645 0.884023 0.781022
162 0.364580 0.880238 0.783455
163 0.358421 0.872668 0.766423
164 0.347413 0.885915 0.778589
165 0.340560 0.889159 0.788321
166 0.345263 0.892133 0.793187
167 0.360168 0.887267 0.798054
168 0.354950 0.887267 0.785888
169 0.344636 0.873479 0.776156
170 0.341533 0.888348 0.790754
171 0.347158 0.878345 0.778589
172 0.343758 0.887808 0.785888
173 0.342659 0.894296 0.785888
174 0.337400 0.888619 0.795620
175 0.329030 0.890781 0.785888
176 0.356974 0.895647 0.776156
177 0.327563 0.894296 0.776156
178 0.345079 0.897540 0.793187
179 0.327312 0.899973 0.790754
180 0.340536 0.896459 0.800487
181 0.336293 0.897540 0.785888
182 0.321202 0.894025 0.773723
183 0.327989 0.903487 0.795620
184 0.328177 0.902136 0.800487
185 0.312553 0.897270 0.781022
186 0.336023 0.898621 0.766423
187 0.323784 0.896729 0.788321
188 0.339481 0.899432 0.790754
189 0.338518 0.899162 0.781022
190 0.333393 0.903487 0.785888
191 0.312697 0.908894 0.776156
192 0.324356 0.896729 0.783455
193 0.319834 0.906191 0.785888
194 0.324316 0.910246 0.800487
195 0.327479 0.896188 0.795620
196 0.324975 0.908083 0.785888
197 0.318041 0.906461 0.785888
198 0.309124 0.908354 0.783455
199 0.313659 0.898351 0.793187
200 0.297657 0.913760 0.798054
201 0.299737 0.913490 0.798054
202 0.290278 0.919438 0.785888
203 0.294821 0.923763 0.790754
204 0.301168 0.919978 0.776156
205 0.281877 0.918627 0.785888
206 0.294875 0.913220 0.768856
207 0.289136 0.919167 0.790754
208 0.280149 0.922141 0.771290
209 0.300575 0.920519 0.778589
210 0.280121 0.919167 0.783455
211 0.286015 0.917275 0.788321
212 0.281308 0.926737 0.783455
213 0.282351 0.919167 0.776156
214 0.279562 0.920519 0.783455
215 0.280894 0.922411 0.788321
216 0.277129 0.918897 0.783455
217 0.279886 0.928089 0.785888
218 0.276985 0.928359 0.778589
219 0.281379 0.928359 0.781022
220 0.269247 0.934036 0.783455
221 0.269776 0.928089 0.790754
222 0.266986 0.931333 0.781022
223 0.277290 0.923763 0.781022
224 0.278053 0.931062 0.781022
225 0.279699 0.927278 0.773723
226 0.266868 0.931062 0.773723
227 0.289164 0.931333 0.773723
228 0.276936 0.928900 0.778589
229 0.256265 0.934036 0.773723
230 0.257463 0.934847 0.785888
231 0.262936 0.930251 0.766423
232 0.252863 0.935118 0.771290
233 0.258170 0.935929 0.773723
234 0.248396 0.934847 0.783455
235 0.248465 0.935118 0.776156
236 0.254968 0.933225 0.781022
237 0.251801 0.941065 0.771290
238 0.253985 0.941876 0.778589
239 0.257497 0.939984 0.781022
240 0.246705 0.937551 0.781022
241 0.252008 0.933496 0.788321
242 0.238828 0.941065 0.783455
243 0.260665 0.939173 0.785888
244 0.257015 0.935929 0.778589
245 0.244390 0.940524 0.778589
246 0.241980 0.940254 0.783455
247 0.239956 0.942687 0.788321
248 0.251312 0.941065 0.785888
249 0.239642 0.949716 0.785888
250 0.235478 0.948094 0.790754
251 0.238367 0.949175 0.778589
252 0.237514 0.948905 0.773723
253 0.231541 0.952690 0.771290
254 0.231937 0.948094 0.763990
255 0.223798 0.950798 0.763990
256 0.233192 0.947553 0.781022
257 0.218951 0.955393 0.776156
258 0.217224 0.955664 0.773723
259 0.224244 0.956475 0.768856
260 0.226035 0.954582 0.778589
261 0.215423 0.955393 0.776156
262 0.230287 0.951879 0.785888
263 0.234667 0.955934 0.783455
264 0.220271 0.955934 0.773723
265 0.224266 0.955664 0.763990
266 0.215574 0.956745 0.776156
267 0.224540 0.956745 0.773723
268 0.215452 0.953771 0.776156
269 0.213465 0.957826 0.773723
270 0.221475 0.954042 0.778589
271 0.224056 0.956204 0.771290
272 0.223507 0.957015 0.778589
273 0.229086 0.957556 0.778589
274 0.213066 0.957826 0.778589
275 0.213786 0.957826 0.783455
276 0.219952 0.955123 0.778589
277 0.227335 0.958637 0.771290
278 0.208767 0.955664 0.783455
279 0.222510 0.957556 0.776156
280 0.210792 0.958367 0.766423
281 0.219149 0.961341 0.778589
282 0.214472 0.959719 0.783455
283 0.215969 0.958637 0.788321
284 0.198330 0.962693 0.795620
285 0.209009 0.958908 0.783455
286 0.187809 0.960530 0.790754
287 0.207206 0.959989 0.781022
288 0.218679 0.955393 0.771290
289 0.200188 0.961611 0.768856
290 0.213115 0.956204 0.783455
291 0.215619 0.957826 0.781022
292 0.211713 0.955664 0.771290
293 0.202420 0.957826 0.768856
294 0.209259 0.957826 0.768856
295 0.196143 0.962152 0.781022
296 0.215531 0.961341 0.798054
297 0.204492 0.959178 0.785888
298 0.212800 0.958908 0.788321
299 0.206430 0.963504 0.785888
300 0.211443 0.962693 0.781022
301 0.206796 0.965126 0.785888
302 0.187290 0.967018 0.778589
303 0.199956 0.964315 0.785888
304 0.202425 0.965126 0.776156
305 0.192490 0.966748 0.790754
306 0.202793 0.965396 0.781022
307 0.178609 0.966477 0.788321
308 0.189430 0.965396 0.778589
309 0.196571 0.965126 0.773723
310 0.193204 0.968370 0.778589
311 0.204703 0.967288 0.771290
312 0.195085 0.965937 0.771290
313 0.191821 0.968099 0.778589
314 0.195697 0.965126 0.778589
315 0.203064 0.968099 0.785888
316 0.187824 0.969992 0.783455
317 0.195010 0.965396 0.785888
318 0.189680 0.969992 0.778589
319 0.185915 0.967288 0.778589
320 0.191923 0.969992 0.783455
321 0.183832 0.967018 0.783455
322 0.199933 0.968099 0.790754
323 0.194006 0.965666 0.776156
324 0.185674 0.967559 0.766423
325 0.180984 0.968370 0.783455
326 0.182069 0.970262 0.788321
327 0.188567 0.968099 0.781022
328 0.196466 0.970262 0.761557
329 0.185146 0.969722 0.776156
330 0.188737 0.969181 0.781022
331 0.186044 0.968911 0.766423
332 0.202881 0.970803 0.771290
333 0.182401 0.964585 0.778589
334 0.189689 0.968099 0.776156
335 0.198465 0.971344 0.781022
336 0.185007 0.967018 0.773723
337 0.187539 0.970262 0.790754
338 0.192764 0.970533 0.778589
339 0.189482 0.971884 0.783455
340 0.185550 0.968911 0.778589
341 0.194014 0.969992 0.788321
342 0.193089 0.969181 0.788321
343 0.187621 0.968640 0.795620
344 0.203996 0.969451 0.776156
345 0.193680 0.968099 0.785888
346 0.180471 0.970533 0.785888
347 0.193835 0.972695 0.783455
348 0.169597 0.970533 0.773723
349 0.193067 0.969722 0.790754
350 0.187299 0.969992 0.795620
