1 1.710319 0.680473 0.684211
2 0.856535 0.396450 0.315789
3 0.616811 0.751479 0.789474
4 0.563576 0.840237 0.947368
5 0.468712 0.834320 0.842105
6 0.485736 0.846154 0.894737
7 0.420996 0.857988 0.894737
8 0.338409 0.420118 0.368421
9 0.357628 0.875740 0.842105
10 0.343931 0.893491 0.894737
11 0.314227 0.668639 0.631579
12 0.336334 0.834320 0.789474
13 0.378094 0.917160 0.894737
14 0.262117 0.810651 0.789474
15 0.247494 0.934911 0.842105
16 0.258018 0.887574 0.894737
17 0.316614 0.857988 0.894737
18 0.312910 0.668639 0.684211
19 0.257353 0.893491 1.000000
20 0.300399 0.816568 0.894737
21 0.271887 0.911243 0.894737
22 0.194733 0.680473 0.578947
23 0.195030 0.810651 0.789474
24 0.188811 0.591716 0.631579
25 0.179182 0.887574 0.789474
26 0.164109 0.917160 0.894737
27 0.182457 0.905325 0.894737
28 0.172996 0.905325 0.842105
29 0.147793 0.958580 0.894737
30 0.161189 0.875740 0.842105
31 0.159506 0.721893 0.578947
32 0.154873 0.934911 0.789474
33 0.377778 0.846154 0.947368
34 0.219368 0.958580 0.894737
35 0.201820 0.946746 0.894737
36 0.162543 0.952663 0.894737
37 0.139512 0.917160 0.894737
38 0.140428 0.804734 0.789474
39 0.151354 0.928994 0.842105
40 0.145452 0.739645 0.631579
41 0.134627 0.857988 0.684211
42 0.115007 0.928994 0.894737
43 0.116990 0.940828 0.894737
44 0.124870 0.846154 0.894737
45 0.125803 0.917160 0.894737
46 0.135314 0.781065 0.842105
47 0.149719 0.982249 0.894737
48 0.114442 0.928994 0.894737
49 0.108886 0.899408 0.842105
50 0.096113 0.994083 0.842105
51 0.086281 0.982249 0.894737
52 0.089569 0.976331 0.894737
53 0.089588 0.976331 0.894737
54 0.083200 0.940828 0.842105
55 0.086809 0.976331 0.894737
56 0.089521 0.940828 0.894737
57 0.079909 0.982249 0.894737
58 0.087221 0.976331 0.894737
59 0.085871 0.976331 0.894737
60 0.078842 0.769231 0.578947
61 0.075752 0.976331 0.894737
62 0.086551 0.869822 0.789474
63 0.082675 0.970414 0.894737
64 0.076233 0.988166 0.894737
65 0.085426 0.710059 0.578947
66 0.082277 0.934911 0.894737
67 0.078256 0.988166 0.894737
68 0.089514 0.934911 0.894737
69 0.105801 0.627219 0.631579
70 0.105814 0.946746 0.894737
