1 3.718307 0.585761 0.657143
2 1.510380 0.621359 0.657143
3 1.506890 0.660194 0.600000
4 1.168982 0.656958 0.542857
5 0.991568 0.702265 0.542857
6 0.763250 0.495146 0.400000
7 0.739941 0.692557 0.628571
8 0.644398 0.682848 0.628571
9 0.603301 0.724919 0.600000
10 0.565600 0.718447 0.600000
11 0.579531 0.699029 0.514286
12 0.553235 0.776699 0.628571
13 0.569051 0.715210 0.571429
14 0.483310 0.705502 0.657143
15 0.446519 0.857605 0.514286
16 0.417268 0.699029 0.514286
17 0.418762 0.737864 0.657143
18 0.418309 0.809061 0.400000
19 0.417354 0.779935 0.485714
20 0.353275 0.902913 0.542857
21 0.352627 0.802589 0.542857
22 0.331666 0.867314 0.542857
23 0.328964 0.893204 0.571429
24 0.279411 0.896440 0.657143
25 0.275834 0.899676 0.600000
26 0.271665 0.886731 0.542857
27 0.279592 0.919094 0.628571
28 0.290753 0.877023 0.542857
29 0.285587 0.912621 0.542857
30 0.295087 0.922330 0.600000
31 0.273893 0.961165 0.571429
32 0.217849 0.902913 0.571429
33 0.178754 0.935275 0.457143
34 0.151134 0.860841 0.571429
35 0.218665 0.838188 0.600000
36 0.221403 0.948220 0.542857
37 0.148644 0.912621 0.542857
38 0.193558 0.944984 0.571429
39 0.165013 0.889968 0.571429
40 0.174114 0.967638 0.485714
41 0.151154 0.967638 0.542857
42 0.152865 0.957929 0.571429
43 0.164653 0.948220 0.542857
44 0.106809 0.967638 0.571429
45 0.217073 0.912621 0.514286
46 0.191346 0.941748 0.542857
47 0.156565 0.928803 0.542857
48 0.212466 0.857605 0.571429
49 0.333447 0.954693 0.542857
50 0.116339 0.980583 0.542857
51 0.090707 0.993528 0.571429
52 0.096323 0.977346 0.514286
53 0.094309 0.977346 0.600000
54 0.083721 0.993528 0.514286
55 0.071222 0.993528 0.542857
56 0.091616 0.990291 0.514286
57 0.072273 0.974110 0.514286
58 0.067728 0.990291 0.485714
59 0.056169 0.993528 0.542857
60 0.081374 0.974110 0.514286
61 0.126420 0.993528 0.571429
62 0.068386 0.993528 0.514286
63 0.054786 0.993528 0.514286
64 0.051230 0.993528 0.542857
65 0.078296 0.967638 0.457143
66 0.094077 0.987055 0.542857
67 0.063446 0.993528 0.542857
68 0.060148 0.993528 0.542857
69 0.049231 0.990291 0.571429
70 0.048247 0.993528 0.514286
71 0.090241 0.993528 0.571429
72 0.060970 0.993528 0.571429
73 0.091270 0.970874 0.542857
74 0.147674 0.970874 0.514286
75 0.083500 0.970874 0.485714
76 0.068084 0.993528 0.542857
77 0.045567 0.993528 0.600000
78 0.044455 0.993528 0.600000
79 0.081203 0.915858 0.457143
80 0.219875 0.944984 0.542857
81 0.123992 0.935275 0.542857
82 0.070445 0.993528 0.514286
83 0.049140 0.993528 0.514286
84 0.048813 0.993528 0.571429
85 0.039520 0.993528 0.542857
86 0.043006 0.993528 0.571429
87 0.042457 0.993528 0.514286
88 0.043663 0.993528 0.628571
89 0.042168 0.993528 0.542857
90 0.040584 0.993528 0.542857
91 0.044302 0.993528 0.542857
92 0.053012 0.977346 0.542857
93 0.168009 0.915858 0.571429
94 0.120105 0.993528 0.571429
95 0.052731 0.993528 0.542857
96 0.115999 0.957929 0.457143
97 0.153418 0.967638 0.600000
98 0.073022 0.993528 0.542857
99 0.047314 0.993528 0.600000
100 0.044364 0.993528 0.600000
101 0.036887 0.993528 0.600000
102 0.035761 0.993528 0.600000
103 0.041706 0.993528 0.600000
104 0.037845 0.993528 0.571429
105 0.036262 0.993528 0.600000
106 0.044887 0.993528 0.600000
107 0.037083 0.993528 0.600000
108 0.036266 0.993528 0.571429
109 0.037157 0.993528 0.571429
110 0.036530 0.993528 0.571429
111 0.038135 0.993528 0.600000
112 0.037442 0.993528 0.600000
113 0.033074 0.993528 0.600000
114 0.037278 0.993528 0.571429
115 0.033170 0.993528 0.600000
116 0.037455 0.993528 0.571429
117 0.030595 0.993528 0.600000
118 0.033449 0.993528 0.600000
119 0.032998 0.993528 0.600000
120 0.038118 0.993528 0.600000
121 0.035957 0.993528 0.600000
122 0.031914 0.993528 0.600000
123 0.032545 0.993528 0.571429
124 0.042490 0.993528 0.600000
125 0.034770 0.993528 0.600000
126 0.035325 0.993528 0.600000
127 0.034536 0.993528 0.628571
128 0.034903 0.993528 0.600000
129 0.034904 0.993528 0.600000
130 0.049296 0.993528 0.628571
131 0.045561 0.993528 0.628571
132 0.054768 0.993528 0.600000
133 0.040869 0.993528 0.542857
134 0.039170 0.993528 0.600000
135 0.036071 0.993528 0.628571
136 0.036633 0.993528 0.571429
137 0.034281 0.983819 0.657143
138 0.096641 0.993528 0.600000
139 0.051316 0.993528 0.628571
140 0.058868 0.993528 0.600000
141 0.037339 0.993528 0.571429
142 0.035372 0.993528 0.628571
143 0.035420 0.993528 0.628571
144 0.033492 0.993528 0.600000
145 0.038139 0.993528 0.600000
146 0.031553 0.993528 0.628571
147 0.032580 0.993528 0.628571
148 0.033662 0.993528 0.600000
149 0.036883 0.993528 0.600000
150 0.034657 0.993528 0.628571
151 0.029565 0.993528 0.628571
152 0.032420 0.993528 0.628571
153 0.028694 0.993528 0.628571
154 0.028957 0.993528 0.628571
155 0.029851 0.993528 0.628571
156 0.031901 0.993528 0.628571
157 0.029489 0.993528 0.628571
158 0.028511 0.993528 0.628571
159 0.028584 0.993528 0.628571
160 0.031719 0.993528 0.657143
161 0.034740 0.993528 0.657143
162 0.030138 0.993528 0.628571
163 0.027212 0.993528 0.628571
164 0.031559 0.993528 0.628571
165 0.089371 0.902913 0.542857
166 0.051339 0.993528 0.628571
167 0.032436 0.993528 0.600000
168 0.029771 0.993528 0.600000
169 0.030326 0.993528 0.600000
170 0.030051 0.993528 0.600000
171 0.030556 0.993528 0.628571
172 0.031482 0.993528 0.600000
173 0.032457 0.993528 0.600000
174 0.030970 0.993528 0.600000
175 0.028797 0.993528 0.600000
176 0.028402 0.993528 0.600000
177 0.026545 0.993528 0.600000
178 0.030709 0.993528 0.628571
179 0.032767 0.993528 0.628571
180 0.030269 0.993528 0.628571
181 0.035048 0.993528 0.628571
182 0.030972 0.993528 0.600000
183 0.030386 0.993528 0.600000
184 0.029831 0.993528 0.628571
185 0.029392 0.993528 0.600000
186 0.026856 0.993528 0.600000
187 0.031811 0.993528 0.628571
188 0.030374 0.993528 0.600000
189 0.031031 0.993528 0.628571
190 0.029059 0.993528 0.600000
191 0.031646 0.993528 0.628571
192 0.030669 0.993528 0.600000
193 0.025677 0.993528 0.628571
194 0.030221 0.993528 0.628571
195 0.034050 0.993528 0.628571
196 0.027548 0.993528 0.628571
197 0.029367 0.993528 0.628571
198 0.028011 0.993528 0.628571
199 0.031108 0.993528 0.628571
200 0.025138 0.993528 0.628571
201 0.027364 0.993528 0.628571
202 0.029446 0.993528 0.628571
203 0.025186 0.993528 0.628571
204 0.026618 0.993528 0.628571
205 0.023724 0.993528 0.628571
206 0.025932 0.993528 0.628571
207 0.023011 0.993528 0.628571
208 0.026943 0.993528 0.628571
209 0.027627 0.993528 0.628571
210 0.027969 0.993528 0.628571
211 0.026449 0.993528 0.628571
212 0.030360 0.993528 0.628571
213 0.024943 0.993528 0.628571
214 0.029720 0.993528 0.628571
215 0.027470 0.993528 0.628571
216 0.025435 0.993528 0.628571
217 0.025846 0.993528 0.628571
218 0.025809 0.993528 0.628571
219 0.025976 0.993528 0.628571
220 0.026681 0.993528 0.628571
221 0.024870 0.993528 0.628571
222 0.029163 0.993528 0.628571
223 0.028534 0.993528 0.628571
224 0.027270 0.993528 0.628571
225 0.027544 0.993528 0.628571
226 0.025067 0.993528 0.628571
227 0.026897 0.993528 0.628571
228 0.026368 0.993528 0.628571
229 0.024992 0.993528 0.600000
230 0.026777 0.993528 0.600000
231 0.027458 0.993528 0.628571
232 0.025385 0.993528 0.600000
233 0.025449 0.993528 0.628571
234 0.022107 0.993528 0.628571
235 0.025054 0.993528 0.628571
236 0.023272 0.993528 0.628571
237 0.029027 0.993528 0.628571
238 0.025129 0.993528 0.628571
239 0.024517 0.993528 0.628571
240 0.026990 0.993528 0.628571
241 0.024928 0.993528 0.628571
242 0.024547 0.993528 0.628571
243 0.023873 0.993528 0.628571
244 0.027589 0.993528 0.600000
245 0.023267 0.993528 0.600000
246 0.027237 0.993528 0.628571
247 0.023462 0.993528 0.628571
248 0.028420 0.993528 0.628571
249 0.024703 0.993528 0.628571
250 0.026883 0.993528 0.628571
251 0.026367 0.993528 0.628571
252 0.019873 0.993528 0.628571
253 0.024536 0.993528 0.628571
254 0.026580 0.993528 0.628571
255 0.021609 0.993528 0.628571
256 0.024636 0.993528 0.628571
257 0.024344 0.993528 0.628571
258 0.021686 0.993528 0.628571
259 0.025308 0.993528 0.628571
260 0.022642 0.993528 0.628571
261 0.027200 0.993528 0.628571
262 0.025715 0.993528 0.628571
263 0.023546 0.993528 0.628571
264 0.025371 0.993528 0.628571
265 0.024149 0.993528 0.628571
266 0.024474 0.993528 0.628571
267 0.025253 0.993528 0.628571
268 0.025572 0.993528 0.628571
269 0.025715 0.993528 0.628571
270 0.023390 0.993528 0.628571
271 0.022950 0.993528 0.628571
272 0.021429 0.993528 0.628571
273 0.024709 0.993528 0.628571
274 0.028440 0.993528 0.628571
275 0.023563 0.993528 0.628571
276 0.024945 0.993528 0.628571
277 0.022878 0.993528 0.628571
278 0.023479 0.993528 0.628571
279 0.022868 0.993528 0.628571
280 0.022576 0.993528 0.628571
281 0.024681 0.993528 0.628571
282 0.026481 0.993528 0.628571
283 0.024800 0.993528 0.628571
284 0.026895 0.993528 0.600000
285 0.025565 0.993528 0.600000
286 0.022554 0.993528 0.628571
287 0.026392 0.993528 0.628571
288 0.022802 0.993528 0.628571
289 0.024026 0.993528 0.600000
290 0.023908 0.993528 0.600000
291 0.024374 0.993528 0.600000
292 0.023416 0.993528 0.628571
293 0.025004 0.993528 0.628571
294 0.024019 0.993528 0.628571
295 0.021426 0.993528 0.628571
296 0.024355 0.993528 0.628571
297 0.021896 0.993528 0.600000
298 0.024635 0.993528 0.628571
299 0.022163 0.993528 0.628571
300 0.023154 0.993528 0.600000
301 0.024518 0.993528 0.628571
302 0.021875 0.993528 0.628571
303 0.024666 0.993528 0.628571
304 0.019235 0.993528 0.600000
305 0.022384 0.993528 0.600000
306 0.024375 0.993528 0.600000
307 0.023581 0.993528 0.628571
308 0.022530 0.993528 0.600000
309 0.023001 0.993528 0.628571
310 0.025265 0.993528 0.628571
311 0.024066 0.993528 0.628571
312 0.021051 0.993528 0.628571
313 0.023910 0.993528 0.628571
314 0.022627 0.993528 0.628571
315 0.021550 0.993528 0.628571
316 0.022457 0.993528 0.628571
317 0.023764 0.993528 0.628571
318 0.024991 0.993528 0.628571
319 0.024009 0.993528 0.628571
320 0.021814 0.993528 0.628571
321 0.021723 0.993528 0.600000
322 0.021499 0.993528 0.600000
323 0.023602 0.993528 0.628571
324 0.023068 0.993528 0.628571
325 0.022339 0.993528 0.628571
326 0.025200 0.993528 0.628571
327 0.023422 0.993528 0.628571
328 0.023924 0.993528 0.628571
329 0.023503 0.993528 0.600000
330 0.023584 0.993528 0.600000
331 0.023222 0.993528 0.628571
332 0.023208 0.993528 0.628571
333 0.021681 0.993528 0.628571
334 0.022040 0.993528 0.628571
335 0.023675 0.993528 0.628571
336 0.021820 0.993528 0.628571
337 0.022662 0.993528 0.628571
338 0.022334 0.993528 0.628571
339 0.023667 0.993528 0.628571
340 0.025237 0.993528 0.628571
341 0.020574 0.993528 0.628571
342 0.023564 0.993528 0.628571
343 0.026075 0.993528 0.628571
344 0.022374 0.993528 0.628571
345 0.022357 0.993528 0.628571
346 0.023750 0.993528 0.628571
347 0.023465 0.993528 0.628571
348 0.025578 0.993528 0.628571
349 0.020504 0.993528 0.628571
350 0.024015 0.993528 0.600000
