1 2.486075 0.747778 0.710000
2 0.772446 0.757778 0.750000
3 0.585793 0.797778 0.740000
4 0.481202 0.808889 0.730000
5 0.676720 0.768889 0.720000
6 0.512216 0.811111 0.690000
7 0.417110 0.812222 0.670000
8 0.411081 0.816667 0.700000
9 0.376784 0.843333 0.750000
10 0.354708 0.837778 0.680000
11 0.349218 0.842222 0.690000
12 0.360502 0.850000 0.750000
13 0.339757 0.853333 0.740000
14 0.300591 0.847778 0.690000
15 0.323407 0.854444 0.690000
16 0.305427 0.857778 0.680000
17 0.299889 0.871111 0.760000
18 0.411933 0.853333 0.770000
19 0.472115 0.830000 0.750000
20 0.328662 0.875556 0.740000
21 0.301206 0.880000 0.710000
22 0.291776 0.853333 0.720000
23 0.284436 0.861111 0.680000
24 0.296586 0.884444 0.710000
25 0.290214 0.891111 0.710000
26 0.271177 0.866667 0.660000
27 0.267455 0.883333 0.600000
28 0.243076 0.897778 0.700000
29 0.250139 0.884444 0.720000
30 0.273083 0.895556 0.690000
31 0.257117 0.895556 0.720000
32 0.277316 0.891111 0.680000
33 0.317748 0.892222 0.660000
34 0.275219 0.887778 0.760000
35 0.258636 0.881111 0.690000
36 0.238040 0.910000 0.730000
37 0.252184 0.893333 0.630000
38 0.242803 0.892222 0.670000
39 0.243361 0.890000 0.700000
40 0.226728 0.894444 0.670000
41 0.220375 0.895556 0.700000
42 0.236474 0.897778 0.680000
43 0.223919 0.885556 0.660000
44 0.302107 0.885556 0.730000
45 0.278349 0.887778 0.710000
46 0.249772 0.908889 0.690000
47 0.237569 0.892222 0.610000
48 0.252774 0.903333 0.680000
49 0.258667 0.895556 0.690000
50 0.227179 0.913333 0.650000
51 0.214137 0.908889 0.690000
52 0.224408 0.912222 0.700000
53 0.396683 0.916667 0.720000
54 0.583107 0.832222 0.690000
55 0.297365 0.904444 0.690000
56 0.242501 0.906667 0.670000
57 0.212655 0.916667 0.660000
58 0.204233 0.921111 0.720000
59 0.184990 0.915556 0.690000
60 0.202816 0.915556 0.740000
61 0.212661 0.912222 0.650000
62 0.188949 0.921111 0.720000
63 0.192340 0.924444 0.660000
64 0.192346 0.926667 0.670000
65 0.175650 0.914444 0.650000
66 0.191529 0.917778 0.610000
67 0.176106 0.923333 0.630000
68 0.218083 0.892222 0.670000
69 0.207576 0.912222 0.710000
70 0.189163 0.924444 0.690000
71 0.197289 0.910000 0.700000
72 0.189897 0.928889 0.720000
73 0.186872 0.904444 0.680000
74 0.177528 0.917778 0.640000
75 0.201903 0.920000 0.690000
76 0.171670 0.916667 0.740000
77 0.172696 0.925556 0.700000
78 0.186110 0.930000 0.710000
79 0.189272 0.925556 0.670000
80 0.187902 0.930000 0.690000
81 0.170608 0.932222 0.690000
82 0.181387 0.920000 0.690000
83 0.173577 0.927778 0.670000
84 0.179116 0.924444 0.720000
85 0.181341 0.931111 0.720000
86 0.183411 0.922222 0.730000
87 0.166245 0.933333 0.710000
88 0.196751 0.924444 0.740000
89 0.172947 0.932222 0.710000
90 0.163494 0.932222 0.700000
91 0.166385 0.913333 0.730000
92 0.170017 0.928889 0.690000
93 0.176289 0.925556 0.700000
94 0.159938 0.932222 0.680000
95 0.171752 0.921111 0.720000
96 0.164024 0.931111 0.710000
97 0.158004 0.933333 0.720000
98 0.165931 0.932222 0.700000
99 0.183834 0.918889 0.700000
100 0.176819 0.930000 0.650000
101 0.153445 0.935556 0.660000
102 0.156540 0.932222 0.730000
103 0.149889 0.934444 0.660000
104 0.148540 0.934444 0.670000
105 0.140258 0.934444 0.670000
106 0.150752 0.942222 0.670000
107 0.145680 0.935556 0.670000
108 0.144724 0.934444 0.700000
109 0.139657 0.937778 0.650000
110 0.136974 0.940000 0.680000
111 0.145290 0.940000 0.730000
112 0.139441 0.940000 0.690000
113 0.135675 0.938889 0.670000
114 0.134205 0.943333 0.700000
115 0.142602 0.938889 0.700000
116 0.164230 0.936667 0.670000
117 0.146865 0.942222 0.690000
118 0.138618 0.941111 0.690000
119 0.152132 0.940000 0.660000
120 0.138813 0.941111 0.640000
121 0.138220 0.943333 0.710000
122 0.134102 0.941111 0.720000
123 0.135132 0.945556 0.740000
124 0.134109 0.940000 0.690000
125 0.139588 0.941111 0.720000
126 0.135867 0.940000 0.700000
127 0.136042 0.940000 0.730000
128 0.137870 0.942222 0.710000
129 0.150573 0.940000 0.690000
130 0.130981 0.943333 0.680000
131 0.136757 0.940000 0.670000
132 0.165129 0.943333 0.670000
133 0.142668 0.941111 0.680000
134 0.138495 0.937778 0.700000
135 0.139368 0.946667 0.680000
136 0.142542 0.941111 0.710000
137 0.137570 0.941111 0.720000
138 0.137598 0.943333 0.740000
139 0.132910 0.943333 0.720000
140 0.138128 0.945556 0.700000
141 0.132127 0.944444 0.720000
142 0.136490 0.943333 0.700000
143 0.142000 0.932222 0.700000
144 0.158821 0.942222 0.710000
145 0.135969 0.942222 0.720000
146 0.129484 0.943333 0.710000
147 0.131378 0.941111 0.700000
148 0.135809 0.946667 0.700000
149 0.134397 0.942222 0.690000
150 0.127047 0.944444 0.680000
151 0.120421 0.947778 0.690000
152 0.122317 0.946667 0.700000
153 0.127761 0.945556 0.710000
154 0.124118 0.948889 0.710000
155 0.117735 0.943333 0.700000
156 0.121708 0.944444 0.720000
157 0.121111 0.950000 0.710000
158 0.119300 0.948889 0.750000
159 0.117861 0.946667 0.720000
160 0.119584 0.947778 0.700000
161 0.133048 0.946667 0.690000
162 0.134343 0.947778 0.730000
163 0.124482 0.942222 0.680000
164 0.129520 0.948889 0.730000
165 0.131126 0.943333 0.700000
166 0.128574 0.947778 0.720000
167 0.124452 0.945556 0.700000
168 0.121169 0.947778 0.720000
169 0.115552 0.948889 0.710000
170 0.123512 0.946667 0.730000
171 0.125259 0.946667 0.710000
172 0.119263 0.947778 0.740000
173 0.120931 0.947778 0.710000
174 0.114877 0.951111 0.710000
175 0.126178 0.947778 0.710000
176 0.119555 0.948889 0.700000
177 0.117014 0.946667 0.710000
178 0.121908 0.948889 0.690000
179 0.120063 0.950000 0.710000
180 0.116991 0.945556 0.710000
181 0.116912 0.951111 0.700000
182 0.122988 0.946667 0.730000
183 0.122706 0.950000 0.710000
184 0.115344 0.947778 0.700000
185 0.112717 0.946667 0.720000
186 0.122701 0.947778 0.720000
187 0.115435 0.947778 0.730000
188 0.127474 0.946667 0.710000
189 0.142486 0.952222 0.710000
190 0.122271 0.947778 0.720000
191 0.109777 0.947778 0.690000
192 0.116136 0.946667 0.700000
193 0.116131 0.951111 0.720000
194 0.113845 0.946667 0.740000
195 0.123072 0.948889 0.690000
196 0.123656 0.951111 0.730000
197 0.118297 0.947778 0.740000
198 0.113921 0.950000 0.740000
199 0.114685 0.946667 0.710000
200 0.122055 0.951111 0.730000
201 0.115984 0.952222 0.740000
202 0.110955 0.950000 0.730000
203 0.115776 0.948889 0.740000
204 0.114995 0.950000 0.730000
205 0.107516 0.950000 0.730000
206 0.113310 0.951111 0.720000
207 0.114871 0.951111 0.720000
208 0.109739 0.951111 0.710000
209 0.106748 0.950000 0.720000
210 0.111493 0.953333 0.730000
211 0.105682 0.950000 0.730000
212 0.111618 0.951111 0.720000
213 0.113852 0.952222 0.750000
214 0.110041 0.951111 0.730000
215 0.112547 0.950000 0.710000
216 0.113765 0.953333 0.720000
217 0.114983 0.950000 0.710000
218 0.113119 0.952222 0.730000
219 0.112578 0.952222 0.710000
220 0.113815 0.948889 0.690000
221 0.116995 0.950000 0.730000
222 0.110215 0.950000 0.710000
223 0.109444 0.950000 0.730000
224 0.108266 0.950000 0.730000
225 0.108279 0.951111 0.700000
226 0.109977 0.948889 0.730000
227 0.107598 0.951111 0.720000
228 0.110426 0.950000 0.720000
229 0.104823 0.950000 0.710000
230 0.104914 0.951111 0.720000
231 0.105054 0.947778 0.710000
232 0.112988 0.951111 0.720000
233 0.105200 0.948889 0.720000
234 0.104554 0.951111 0.730000
235 0.107700 0.948889 0.720000
236 0.117562 0.948889 0.710000
237 0.106896 0.952222 0.730000
238 0.108382 0.952222 0.710000
239 0.104455 0.952222 0.720000
240 0.103345 0.951111 0.700000
241 0.106224 0.950000 0.710000
242 0.104891 0.951111 0.700000
243 0.115783 0.950000 0.690000
244 0.108567 0.951111 0.690000
245 0.118614 0.951111 0.740000
246 0.107291 0.951111 0.730000
247 0.109130 0.950000 0.720000
248 0.106670 0.953333 0.720000
249 0.107758 0.951111 0.710000
250 0.105825 0.952222 0.730000
251 0.107928 0.952222 0.740000
252 0.100664 0.950000 0.730000
253 0.106768 0.948889 0.720000
254 0.115475 0.951111 0.740000
255 0.104519 0.954444 0.750000
256 0.105552 0.952222 0.740000
257 0.096453 0.952222 0.720000
258 0.106918 0.952222 0.710000
259 0.106828 0.948889 0.730000
260 0.103649 0.951111 0.720000
261 0.111366 0.950000 0.720000
262 0.102274 0.953333 0.700000
263 0.102278 0.951111 0.720000
264 0.102737 0.951111 0.720000
265 0.101808 0.952222 0.740000
266 0.106413 0.951111 0.740000
267 0.103460 0.953333 0.740000
268 0.111138 0.951111 0.730000
269 0.108961 0.952222 0.720000
270 0.109057 0.951111 0.720000
271 0.108089 0.952222 0.720000
272 0.099194 0.953333 0.730000
273 0.106126 0.951111 0.710000
274 0.099409 0.953333 0.720000
275 0.104769 0.952222 0.710000
276 0.113585 0.951111 0.710000
277 0.107843 0.950000 0.730000
278 0.109541 0.953333 0.730000
279 0.105473 0.951111 0.700000
280 0.108185 0.952222 0.730000
281 0.100936 0.952222 0.740000
282 0.107777 0.952222 0.730000
283 0.100118 0.951111 0.740000
284 0.103556 0.951111 0.730000
285 0.105366 0.951111 0.730000
286 0.112325 0.953333 0.730000
287 0.108610 0.951111 0.730000
288 0.102946 0.953333 0.730000
289 0.100895 0.952222 0.740000
290 0.100239 0.951111 0.720000
291 0.107079 0.951111 0.740000
292 0.105189 0.952222 0.730000
293 0.102234 0.951111 0.720000
294 0.099546 0.954444 0.710000
295 0.102176 0.952222 0.720000
296 0.100613 0.954444 0.730000
297 0.096543 0.953333 0.720000
298 0.102716 0.951111 0.730000
299 0.104418 0.953333 0.720000
300 0.103400 0.953333 0.730000
301 0.100886 0.953333 0.710000
302 0.103268 0.953333 0.710000
303 0.108845 0.953333 0.740000
304 0.097603 0.952222 0.730000
305 0.099632 0.954444 0.740000
306 0.105630 0.952222 0.730000
307 0.093079 0.953333 0.720000
308 0.109378 0.954444 0.730000
309 0.106286 0.954444 0.740000
310 0.107523 0.954444 0.730000
311 0.103732 0.953333 0.730000
312 0.100899 0.953333 0.730000
313 0.099067 0.954444 0.740000
314 0.097977 0.951111 0.720000
315 0.098365 0.952222 0.720000
316 0.104676 0.952222 0.730000
317 0.104288 0.952222 0.730000
318 0.098989 0.952222 0.750000
319 0.103256 0.952222 0.740000
320 0.100191 0.953333 0.730000
321 0.102143 0.953333 0.730000
322 0.099228 0.953333 0.730000
323 0.101294 0.952222 0.710000
324 0.102182 0.953333 0.740000
325 0.099074 0.952222 0.710000
326 0.100204 0.953333 0.720000
327 0.101606 0.953333 0.730000
328 0.098636 0.953333 0.710000
329 0.097975 0.953333 0.730000
330 0.106071 0.954444 0.730000
331 0.101955 0.953333 0.730000
332 0.095979 0.952222 0.730000
333 0.098455 0.952222 0.710000
334 0.095595 0.951111 0.730000
335 0.094505 0.951111 0.740000
336 0.101822 0.953333 0.730000
337 0.095679 0.953333 0.740000
338 0.110437 0.953333 0.730000
339 0.106137 0.954444 0.740000
340 0.102082 0.953333 0.720000
341 0.105714 0.953333 0.730000
342 0.101207 0.953333 0.720000
343 0.099181 0.953333 0.730000
344 0.107485 0.953333 0.740000
345 0.100398 0.952222 0.720000
346 0.100656 0.952222 0.710000
347 0.102206 0.953333 0.750000
348 0.100664 0.952222 0.730000
349 0.106080 0.952222 0.730000
350 0.102353 0.952222 0.740000
