1 4.137465 0.455556 0.393333
2 1.901402 0.521481 0.526667
3 1.821057 0.462963 0.486667
4 1.722606 0.517778 0.520000
5 1.444205 0.545185 0.540000
6 1.220410 0.476296 0.493333
7 1.154056 0.504444 0.513333
8 1.205225 0.503704 0.466667
9 1.167277 0.542222 0.573333
10 0.975574 0.559259 0.560000
11 1.107838 0.549630 0.520000
12 1.059206 0.560000 0.553333
13 1.170381 0.533333 0.513333
14 1.038260 0.529630 0.566667
15 1.012456 0.545926 0.540000
16 0.983896 0.525926 0.493333
17 0.941236 0.507407 0.513333
18 0.953929 0.573333 0.546667
19 0.933779 0.539259 0.546667
20 0.929467 0.566667 0.553333
21 0.915808 0.574074 0.553333
22 0.942864 0.584444 0.533333
23 0.913460 0.570370 0.553333
24 0.915263 0.577778 0.540000
25 0.909544 0.588148 0.620000
26 0.883491 0.549630 0.513333
27 0.880365 0.591852 0.546667
28 0.876358 0.565185 0.493333
29 0.912288 0.603704 0.526667
30 0.863985 0.590370 0.560000
31 0.898285 0.592593 0.573333
32 0.894121 0.579259 0.526667
33 0.859953 0.595556 0.566667
34 0.869719 0.594074 0.560000
35 0.871282 0.585926 0.540000
36 0.836478 0.605926 0.546667
37 0.861024 0.602222 0.533333
38 0.861378 0.608148 0.560000
39 0.873449 0.610370 0.533333
40 0.861395 0.602963 0.546667
41 0.869383 0.611852 0.553333
42 0.854883 0.607407 0.560000
43 0.868255 0.603704 0.553333
44 0.865969 0.594815 0.593333
45 0.831072 0.608889 0.526667
46 0.866079 0.571852 0.473333
47 0.831332 0.608889 0.540000
48 0.837166 0.602222 0.533333
49 0.826966 0.597778 0.526667
50 0.795420 0.615556 0.533333
51 0.789832 0.631111 0.540000
52 0.789866 0.622222 0.546667
53 0.807052 0.628148 0.546667
54 0.786711 0.617778 0.546667
55 0.786466 0.637778 0.526667
56 0.766904 0.640741 0.520000
57 0.786620 0.637037 0.520000
58 0.798622 0.628889 0.553333
59 0.777801 0.631852 0.546667
60 0.759141 0.640000 0.546667
61 0.766871 0.641481 0.560000
62 0.770108 0.642222 0.546667
63 0.771483 0.637037 0.513333
64 0.766217 0.636296 0.546667
65 0.768436 0.647407 0.540000
66 0.751512 0.644444 0.566667
67 0.764130 0.637778 0.560000
68 0.782113 0.625926 0.513333
69 0.763480 0.644444 0.520000
70 0.755968 0.640000 0.533333
