1 3.382919 0.632258 0.588235
2 1.527272 0.600000 0.411765
3 1.111708 0.670968 0.647059
4 1.074702 0.658065 0.470588
5 1.179990 0.583871 0.529412
6 0.859219 0.580645 0.352941
7 0.729107 0.732258 0.676471
8 0.691431 0.735484 0.558824
9 0.659707 0.761290 0.588235
10 0.704273 0.641935 0.441176
11 0.585179 0.690323 0.588235
12 0.527524 0.764516 0.529412
13 0.507285 0.816129 0.529412
14 0.492630 0.709677 0.558824
15 0.444157 0.825806 0.588235
16 0.474934 0.838710 0.470588
17 0.491374 0.767742 0.558824
18 0.584051 0.716129 0.500000
19 0.440166 0.790323 0.529412
20 0.396753 0.864516 0.588235
21 0.365211 0.858065 0.529412
22 0.356472 0.858065 0.617647
23 0.338394 0.870968 0.588235
24 0.289292 0.861290 0.500000
25 0.326114 0.887097 0.500000
26 0.332240 0.900000 0.441176
27 0.230676 0.912903 0.529412
28 0.261940 0.912903 0.441176
29 0.255225 0.896774 0.617647
30 0.221838 0.935484 0.529412
31 0.171248 0.883871 0.529412
32 0.245806 0.790323 0.500000
33 0.282559 0.922581 0.500000
34 0.260025 0.845161 0.529412
35 0.208080 0.951613 0.529412
36 0.167867 0.970968 0.558824
37 0.186158 0.935484 0.470588
38 0.207882 0.980645 0.441176
39 0.164671 0.890323 0.558824
40 0.221606 0.922581 0.647059
41 0.121027 0.983871 0.558824
42 0.119885 0.909677 0.470588
43 0.199781 0.970968 0.558824
44 0.096748 0.980645 0.617647
45 0.107531 0.980645 0.529412
46 0.134080 0.964516 0.617647
47 0.137139 0.977419 0.529412
48 0.111271 0.980645 0.588235
49 0.233144 0.951613 0.588235
50 0.125265 0.980645 0.470588
51 0.074715 0.993548 0.500000
52 0.057323 0.993548 0.529412
53 0.054387 0.993548 0.500000
54 0.055826 0.993548 0.529412
55 0.073440 0.983871 0.500000
56 0.055106 0.993548 0.588235
57 0.100172 0.980645 0.588235
58 0.088549 0.990323 0.617647
59 0.059503 0.993548 0.558824
60 0.048034 0.993548 0.617647
61 0.042092 0.993548 0.617647
62 0.055937 0.993548 0.588235
63 0.054953 0.993548 0.617647
64 0.045248 0.993548 0.647059
65 0.042889 0.993548 0.617647
66 0.040943 0.993548 0.647059
67 0.039241 0.993548 0.647059
68 0.049266 0.990323 0.647059
69 0.070131 0.929032 0.588235
70 0.129976 0.967742 0.588235
71 0.089360 0.993548 0.529412
72 0.129827 0.980645 0.470588
73 0.069959 0.993548 0.558824
74 0.049039 0.993548 0.588235
75 0.046283 0.993548 0.529412
76 0.050697 0.993548 0.500000
77 0.068876 0.993548 0.558824
78 0.057152 0.993548 0.558824
79 0.059846 0.993548 0.529412
80 0.051801 0.993548 0.500000
81 0.042523 0.993548 0.558824
82 0.045918 0.993548 0.529412
83 0.044886 0.993548 0.441176
84 0.042999 0.993548 0.470588
85 0.042069 0.993548 0.529412
86 0.040795 0.993548 0.529412
87 0.045707 0.993548 0.558824
88 0.156835 0.935484 0.441176
89 0.122209 0.990323 0.411765
90 0.061420 0.993548 0.529412
91 0.058912 0.993548 0.588235
92 0.055834 0.993548 0.588235
93 0.069042 0.993548 0.500000
94 0.056234 0.993548 0.558824
95 0.044831 0.990323 0.558824
96 0.045264 0.993548 0.558824
97 0.074613 0.993548 0.588235
98 0.086439 0.980645 0.588235
99 0.059559 0.993548 0.529412
100 0.049500 0.993548 0.500000
101 0.035666 0.993548 0.500000
102 0.035427 0.993548 0.558824
103 0.038930 0.993548 0.558824
104 0.034768 0.993548 0.529412
105 0.033066 0.993548 0.588235
106 0.036198 0.993548 0.558824
107 0.034185 0.993548 0.529412
108 0.033500 0.993548 0.558824
109 0.038657 0.993548 0.558824
110 0.033602 0.993548 0.588235
111 0.034509 0.993548 0.529412
112 0.034538 0.993548 0.558824
113 0.032056 0.993548 0.558824
114 0.038541 0.993548 0.558824
115 0.035847 0.993548 0.558824
116 0.030869 0.993548 0.558824
117 0.028997 0.993548 0.558824
118 0.035629 0.993548 0.588235
119 0.035360 0.993548 0.558824
120 0.033381 0.993548 0.558824
121 0.032594 0.993548 0.558824
122 0.029387 0.993548 0.558824
123 0.030072 0.993548 0.529412
124 0.036889 0.993548 0.529412
125 0.033794 0.993548 0.558824
126 0.033422 0.993548 0.529412
127 0.032956 0.993548 0.558824
128 0.039338 0.993548 0.529412
129 0.039653 0.993548 0.500000
130 0.033654 0.993548 0.500000
131 0.046155 0.993548 0.558824
132 0.088149 0.987097 0.500000
133 0.052056 0.993548 0.529412
134 0.038453 0.993548 0.529412
135 0.038734 0.993548 0.558824
136 0.032638 0.993548 0.529412
137 0.035385 0.993548 0.470588
138 0.031205 0.993548 0.500000
139 0.042041 0.993548 0.470588
140 0.044252 0.993548 0.470588
141 0.034049 0.993548 0.500000
142 0.042762 0.993548 0.588235
143 0.035497 0.993548 0.500000
144 0.037392 0.993548 0.470588
145 0.034211 0.993548 0.500000
146 0.036557 0.993548 0.558824
147 0.038355 0.993548 0.500000
148 0.119498 0.922581 0.470588
149 0.125117 0.993548 0.441176
150 0.041061 0.993548 0.441176
151 0.035286 0.993548 0.470588
152 0.032676 0.993548 0.441176
153 0.030849 0.993548 0.441176
154 0.031932 0.993548 0.470588
155 0.031130 0.993548 0.441176
156 0.034053 0.993548 0.470588
157 0.032218 0.993548 0.441176
158 0.029263 0.993548 0.441176
159 0.029730 0.993548 0.441176
160 0.033069 0.993548 0.470588
161 0.035939 0.993548 0.441176
162 0.031366 0.993548 0.500000
163 0.030604 0.993548 0.441176
164 0.028965 0.993548 0.441176
165 0.026698 0.993548 0.441176
166 0.030995 0.993548 0.441176
167 0.031423 0.993548 0.470588
168 0.028798 0.993548 0.441176
169 0.031036 0.993548 0.470588
170 0.030843 0.993548 0.470588
171 0.028064 0.993548 0.441176
172 0.028940 0.993548 0.470588
173 0.030254 0.993548 0.441176
174 0.029109 0.993548 0.500000
175 0.029577 0.993548 0.470588
176 0.027769 0.993548 0.470588
177 0.026135 0.993548 0.441176
178 0.028803 0.993548 0.441176
179 0.028107 0.993548 0.441176
180 0.031715 0.993548 0.441176
181 0.029798 0.993548 0.441176
182 0.028809 0.993548 0.441176
183 0.026885 0.993548 0.441176
184 0.029956 0.993548 0.470588
185 0.029681 0.993548 0.441176
186 0.027719 0.993548 0.470588
187 0.030481 0.993548 0.500000
188 0.028063 0.993548 0.470588
189 0.025875 0.993548 0.441176
190 0.028246 0.993548 0.441176
191 0.029358 0.993548 0.441176
192 0.031628 0.993548 0.441176
193 0.026366 0.993548 0.441176
194 0.028470 0.993548 0.500000
195 0.030237 0.993548 0.441176
196 0.027967 0.993548 0.441176
197 0.029167 0.993548 0.441176
198 0.026638 0.993548 0.470588
199 0.033685 0.993548 0.470588
200 0.026240 0.993548 0.500000
201 0.027177 0.993548 0.470588
202 0.026279 0.993548 0.470588
203 0.024568 0.993548 0.470588
204 0.028453 0.993548 0.500000
205 0.025033 0.993548 0.470588
206 0.028103 0.993548 0.470588
207 0.025516 0.993548 0.470588
208 0.024712 0.993548 0.441176
209 0.026811 0.993548 0.441176
210 0.025059 0.993548 0.529412
211 0.026148 0.993548 0.500000
212 0.027366 0.993548 0.470588
213 0.028736 0.993548 0.470588
214 0.029905 0.993548 0.500000
215 0.028468 0.993548 0.470588
216 0.023799 0.993548 0.470588
217 0.025167 0.993548 0.470588
218 0.026903 0.993548 0.470588
219 0.028228 0.993548 0.500000
220 0.025778 0.993548 0.470588
221 0.024483 0.993548 0.470588
222 0.027372 0.993548 0.500000
223 0.026692 0.993548 0.500000
224 0.025736 0.993548 0.500000
225 0.027153 0.993548 0.500000
226 0.025987 0.993548 0.500000
227 0.026449 0.993548 0.500000
228 0.029047 0.993548 0.500000
229 0.025440 0.993548 0.500000
230 0.026637 0.990323 0.470588
231 0.028439 0.993548 0.500000
232 0.030575 0.993548 0.529412
233 0.034015 0.993548 0.529412
234 0.024338 0.993548 0.470588
235 0.030790 0.993548 0.558824
236 0.028786 0.993548 0.558824
237 0.029438 0.993548 0.500000
238 0.027564 0.993548 0.470588
239 0.023078 0.993548 0.470588
240 0.028481 0.993548 0.500000
241 0.027317 0.993548 0.500000
242 0.025451 0.993548 0.470588
243 0.023341 0.993548 0.470588
244 0.027695 0.993548 0.470588
245 0.023495 0.993548 0.500000
246 0.027371 0.993548 0.500000
247 0.025568 0.993548 0.529412
248 0.026975 0.993548 0.500000
249 0.025204 0.993548 0.500000
250 0.027552 0.993548 0.500000
251 0.025442 0.993548 0.500000
252 0.023200 0.993548 0.470588
253 0.023828 0.993548 0.470588
254 0.025043 0.993548 0.470588
255 0.022539 0.993548 0.500000
256 0.023930 0.993548 0.500000
257 0.023110 0.993548 0.470588
258 0.023880 0.993548 0.529412
259 0.026434 0.993548 0.500000
260 0.025903 0.993548 0.500000
261 0.028355 0.993548 0.500000
262 0.025127 0.993548 0.500000
263 0.022771 0.993548 0.500000
264 0.025944 0.993548 0.500000
265 0.026023 0.993548 0.500000
266 0.025800 0.993548 0.500000
267 0.027965 0.993548 0.500000
268 0.026752 0.993548 0.500000
269 0.026073 0.993548 0.470588
270 0.020574 0.993548 0.470588
271 0.023868 0.993548 0.470588
272 0.023267 0.993548 0.500000
273 0.026123 0.993548 0.500000
274 0.023454 0.993548 0.500000
275 0.025570 0.993548 0.470588
276 0.024027 0.993548 0.500000
277 0.024366 0.993548 0.500000
278 0.023205 0.993548 0.529412
279 0.024673 0.993548 0.529412
280 0.023848 0.993548 0.500000
281 0.027615 0.993548 0.500000
282 0.025363 0.993548 0.470588
283 0.026491 0.993548 0.500000
284 0.025312 0.993548 0.500000
285 0.024211 0.993548 0.500000
286 0.024063 0.993548 0.500000
287 0.024646 0.993548 0.500000
288 0.023683 0.993548 0.500000
289 0.027633 0.993548 0.500000
290 0.024587 0.993548 0.529412
291 0.024850 0.993548 0.500000
292 0.028069 0.993548 0.529412
293 0.024039 0.993548 0.500000
294 0.025823 0.993548 0.500000
295 0.026128 0.993548 0.500000
296 0.023061 0.993548 0.500000
297 0.024872 0.993548 0.500000
298 0.025058 0.993548 0.529412
299 0.024015 0.993548 0.529412
300 0.027522 0.993548 0.529412
301 0.023338 0.993548 0.529412
302 0.025538 0.993548 0.529412
303 0.024573 0.993548 0.500000
304 0.021237 0.993548 0.529412
305 0.021477 0.993548 0.529412
306 0.023144 0.993548 0.500000
307 0.022307 0.993548 0.500000
308 0.023326 0.993548 0.529412
309 0.025566 0.993548 0.529412
310 0.027272 0.993548 0.529412
311 0.022967 0.993548 0.500000
312 0.023383 0.993548 0.529412
313 0.023770 0.993548 0.529412
314 0.023855 0.993548 0.500000
315 0.024715 0.993548 0.500000
316 0.024001 0.993548 0.500000
317 0.025570 0.993548 0.500000
318 0.019895 0.993548 0.500000
319 0.024803 0.993548 0.500000
320 0.023784 0.993548 0.529412
321 0.022725 0.993548 0.500000
322 0.021690 0.993548 0.500000
323 0.023213 0.993548 0.500000
324 0.022028 0.993548 0.529412
325 0.024428 0.993548 0.500000
326 0.024842 0.993548 0.529412
327 0.022553 0.993548 0.500000
328 0.024004 0.993548 0.500000
329 0.022331 0.993548 0.500000
330 0.025634 0.993548 0.500000
331 0.021399 0.993548 0.529412
332 0.021404 0.993548 0.500000
333 0.021671 0.993548 0.500000
334 0.021569 0.993548 0.500000
335 0.022874 0.993548 0.529412
336 0.024782 0.993548 0.529412
337 0.022723 0.993548 0.529412
338 0.022659 0.993548 0.500000
339 0.022557 0.993548 0.500000
340 0.026255 0.993548 0.500000
341 0.019944 0.993548 0.500000
342 0.024119 0.993548 0.500000
343 0.024278 0.993548 0.500000
344 0.021019 0.993548 0.500000
345 0.023140 0.993548 0.500000
346 0.022767 0.993548 0.500000
347 0.025477 0.993548 0.500000
348 0.024786 0.993548 0.500000
349 0.022299 0.993548 0.500000
350 0.023838 0.993548 0.500000
