1 4.244890 0.600000 0.617647
2 1.635759 0.635484 0.588235
3 1.619507 0.596774 0.617647
4 1.388245 0.506452 0.470588
5 1.255259 0.629032 0.529412
6 1.130131 0.661290 0.735294
7 1.027091 0.722581 0.647059
8 0.866053 0.716129 0.617647
9 0.856201 0.677419 0.676471
10 0.660401 0.670968 0.647059
11 0.831622 0.703226 0.588235
12 0.645343 0.732258 0.558824
13 0.619678 0.703226 0.558824
14 0.653045 0.790323 0.500000
15 0.737464 0.661290 0.500000
16 0.531012 0.783871 0.470588
17 0.464783 0.845161 0.588235
18 0.512672 0.751613 0.617647
19 0.618239 0.767742 0.617647
20 0.435770 0.870968 0.647059
21 0.452037 0.854839 0.617647
22 0.421177 0.858065 0.676471
23 0.411388 0.845161 0.617647
24 0.436112 0.845161 0.676471
25 0.435921 0.819355 0.588235
26 0.456690 0.809677 0.617647
27 0.412192 0.838710 0.617647
28 0.426497 0.764516 0.647059
29 0.521113 0.854839 0.617647
30 0.354433 0.832258 0.676471
31 0.398284 0.880645 0.647059
32 0.371000 0.890323 0.705882
33 0.312979 0.867742 0.647059
34 0.354008 0.864516 0.617647
35 0.291773 0.900000 0.617647
36 0.335274 0.903226 0.617647
37 0.331758 0.880645 0.617647
38 0.380126 0.900000 0.588235
39 0.268897 0.877419 0.588235
40 0.323650 0.770968 0.705882
41 0.263642 0.967742 0.647059
42 0.230402 0.925806 0.647059
43 0.279103 0.854839 0.588235
44 0.321261 0.854839 0.617647
45 0.285194 0.948387 0.588235
46 0.222373 0.880645 0.705882
47 0.243685 0.932258 0.617647
48 0.173996 0.964516 0.617647
49 0.181440 0.938710 0.647059
50 0.147082 0.987097 0.558824
51 0.128821 0.990323 0.588235
52 0.136746 0.993548 0.558824
53 0.114681 0.987097 0.588235
54 0.113208 0.983871 0.558824
55 0.129370 0.993548 0.558824
56 0.118402 0.993548 0.647059
57 0.133197 0.987097 0.588235
58 0.127082 0.964516 0.617647
59 0.138751 0.964516 0.617647
60 0.126645 0.983871 0.617647
61 0.151139 0.929032 0.676471
62 0.182405 0.977419 0.558824
63 0.161111 0.983871 0.647059
64 0.122645 0.993548 0.647059
65 0.111207 0.990323 0.588235
66 0.109876 0.990323 0.588235
67 0.097320 0.993548 0.588235
68 0.113810 0.883871 0.558824
69 0.181197 0.983871 0.705882
70 0.124684 0.987097 0.588235
71 0.118027 0.977419 0.588235
72 0.145871 0.993548 0.558824
73 0.103120 0.993548 0.588235
74 0.103731 0.983871 0.617647
75 0.119338 0.993548 0.558824
76 0.093625 0.993548 0.529412
77 0.104627 0.990323 0.529412
78 0.112574 0.961290 0.617647
79 0.315630 0.941935 0.676471
80 0.166478 0.941935 0.558824
81 0.145940 0.993548 0.588235
82 0.168384 0.893548 0.647059
83 0.243961 0.970968 0.558824
84 0.166512 0.983871 0.529412
85 0.104668 0.993548 0.647059
86 0.106741 0.993548 0.588235
87 0.097693 0.993548 0.588235
88 0.094024 0.993548 0.588235
89 0.092099 0.990323 0.617647
90 0.121273 0.951613 0.558824
91 0.120440 0.977419 0.558824
92 0.149026 0.987097 0.558824
93 0.144677 0.990323 0.529412
94 0.138524 0.980645 0.647059
95 0.207951 0.958065 0.617647
96 0.198401 0.922581 0.617647
97 0.139277 0.977419 0.558824
98 0.125149 0.990323 0.617647
99 0.118757 0.993548 0.588235
100 0.088229 0.993548 0.529412
101 0.077105 0.993548 0.617647
102 0.073964 0.993548 0.558824
103 0.073602 0.993548 0.588235
104 0.071414 0.993548 0.588235
105 0.078011 0.993548 0.558824
106 0.076215 0.993548 0.558824
107 0.074602 0.993548 0.617647
108 0.070148 0.993548 0.588235
109 0.068802 0.993548 0.588235
110 0.065479 0.993548 0.588235
111 0.069503 0.993548 0.588235
112 0.072616 0.993548 0.529412
113 0.068639 0.990323 0.558824
114 0.076313 0.993548 0.588235
115 0.073883 0.993548 0.588235
116 0.074104 0.993548 0.588235
117 0.066768 0.993548 0.588235
118 0.070124 0.993548 0.529412
119 0.068223 0.993548 0.588235
120 0.075175 0.993548 0.588235
121 0.075236 0.993548 0.558824
122 0.067232 0.993548 0.588235
123 0.070298 0.990323 0.617647
124 0.067268 0.993548 0.588235
125 0.068983 0.993548 0.558824
126 0.070826 0.993548 0.588235
127 0.067785 0.993548 0.558824
128 0.081166 0.967742 0.617647
129 0.224817 0.993548 0.617647
130 0.101642 0.993548 0.588235
131 0.066148 0.993548 0.588235
132 0.070315 0.993548 0.558824
133 0.098916 0.993548 0.588235
134 0.074445 0.993548 0.588235
135 0.069874 0.993548 0.617647
136 0.067709 0.993548 0.617647
137 0.067882 0.993548 0.558824
138 0.059355 0.993548 0.617647
139 0.079620 0.993548 0.558824
140 0.079901 0.993548 0.588235
141 0.072843 0.993548 0.588235
142 0.073396 0.993548 0.558824
143 0.137675 0.970968 0.647059
144 0.116449 0.983871 0.617647
145 0.076751 0.993548 0.617647
146 0.080861 0.993548 0.588235
147 0.077776 0.987097 0.588235
148 0.094642 0.983871 0.588235
149 0.084782 0.993548 0.647059
150 0.068540 0.993548 0.617647
151 0.057512 0.993548 0.617647
152 0.059792 0.993548 0.617647
153 0.055538 0.993548 0.617647
154 0.055341 0.993548 0.647059
155 0.054676 0.993548 0.647059
156 0.060511 0.993548 0.647059
157 0.056531 0.993548 0.617647
158 0.055945 0.993548 0.617647
159 0.055122 0.993548 0.647059
160 0.059040 0.993548 0.617647
161 0.056614 0.993548 0.617647
162 0.056544 0.993548 0.617647
163 0.054550 0.993548 0.617647
164 0.056341 0.993548 0.617647
165 0.054945 0.993548 0.617647
166 0.051220 0.993548 0.617647
167 0.058041 0.993548 0.617647
168 0.056205 0.993548 0.617647
169 0.056459 0.993548 0.617647
170 0.056753 0.993548 0.647059
171 0.063226 0.993548 0.617647
172 0.054692 0.993548 0.617647
173 0.056979 0.993548 0.588235
174 0.055973 0.993548 0.617647
175 0.056074 0.993548 0.588235
176 0.056701 0.993548 0.558824
177 0.055454 0.993548 0.617647
178 0.053095 0.993548 0.617647
179 0.055731 0.993548 0.588235
180 0.058070 0.993548 0.617647
181 0.054715 0.993548 0.617647
182 0.060207 0.993548 0.558824
183 0.054925 0.993548 0.617647
184 0.064645 0.993548 0.558824
185 0.072894 0.993548 0.588235
186 0.059889 0.993548 0.617647
187 0.070224 0.993548 0.588235
188 0.054499 0.993548 0.617647
189 0.055370 0.993548 0.617647
190 0.057674 0.993548 0.588235
191 0.054164 0.993548 0.588235
192 0.053300 0.993548 0.617647
193 0.058700 0.993548 0.617647
194 0.103740 0.893548 0.558824
195 0.103100 0.993548 0.705882
196 0.060279 0.993548 0.617647
197 0.066927 0.993548 0.617647
198 0.052782 0.993548 0.588235
199 0.056264 0.993548 0.647059
200 0.051552 0.993548 0.647059
201 0.051170 0.993548 0.617647
202 0.050366 0.993548 0.647059
203 0.052198 0.993548 0.558824
204 0.051361 0.993548 0.588235
205 0.050078 0.993548 0.588235
206 0.049763 0.993548 0.647059
207 0.048288 0.993548 0.647059
208 0.047782 0.993548 0.617647
209 0.049367 0.993548 0.647059
210 0.045679 0.993548 0.558824
211 0.047235 0.993548 0.558824
212 0.053195 0.993548 0.588235
213 0.053666 0.993548 0.588235
214 0.051362 0.993548 0.617647
215 0.051136 0.993548 0.588235
216 0.051002 0.993548 0.588235
217 0.046619 0.993548 0.647059
218 0.049735 0.993548 0.588235
219 0.052484 0.993548 0.588235
220 0.049477 0.993548 0.588235
221 0.047227 0.993548 0.558824
222 0.051311 0.993548 0.558824
223 0.051583 0.993548 0.558824
224 0.047932 0.993548 0.588235
225 0.048396 0.993548 0.558824
226 0.049754 0.993548 0.588235
227 0.048538 0.993548 0.617647
228 0.048773 0.993548 0.647059
229 0.046402 0.993548 0.617647
230 0.048392 0.993548 0.588235
231 0.046840 0.993548 0.617647
232 0.046999 0.993548 0.617647
233 0.048644 0.993548 0.588235
234 0.046869 0.993548 0.588235
235 0.048715 0.993548 0.588235
236 0.045831 0.993548 0.617647
237 0.054352 0.993548 0.588235
238 0.050639 0.993548 0.617647
239 0.046572 0.993548 0.617647
240 0.050067 0.993548 0.617647
241 0.050453 0.993548 0.588235
242 0.051559 0.993548 0.617647
243 0.046151 0.993548 0.617647
244 0.050043 0.993548 0.588235
245 0.045701 0.993548 0.588235
246 0.051053 0.993548 0.617647
247 0.046433 0.993548 0.617647
248 0.057633 0.993548 0.617647
249 0.048718 0.993548 0.617647
250 0.047143 0.993548 0.588235
251 0.047673 0.993548 0.588235
252 0.044118 0.993548 0.558824
253 0.041712 0.993548 0.588235
254 0.048711 0.993548 0.588235
255 0.046608 0.993548 0.558824
256 0.044194 0.993548 0.588235
257 0.043123 0.993548 0.588235
258 0.048336 0.993548 0.588235
259 0.045775 0.993548 0.558824
260 0.046787 0.993548 0.588235
261 0.048185 0.993548 0.588235
262 0.046204 0.993548 0.588235
263 0.042840 0.993548 0.529412
264 0.041435 0.993548 0.558824
265 0.052363 0.993548 0.617647
266 0.043733 0.993548 0.588235
267 0.049890 0.993548 0.558824
268 0.047555 0.993548 0.617647
269 0.047387 0.993548 0.617647
270 0.044055 0.993548 0.558824
271 0.047415 0.993548 0.588235
272 0.046177 0.993548 0.588235
273 0.049060 0.993548 0.588235
274 0.050505 0.993548 0.588235
275 0.043398 0.993548 0.588235
276 0.042505 0.993548 0.588235
277 0.045965 0.993548 0.588235
278 0.043484 0.993548 0.588235
279 0.047747 0.993548 0.588235
280 0.044861 0.993548 0.588235
281 0.045845 0.993548 0.588235
282 0.046947 0.993548 0.588235
283 0.041580 0.993548 0.558824
284 0.044853 0.993548 0.588235
285 0.047358 0.993548 0.617647
286 0.038675 0.993548 0.588235
287 0.048096 0.993548 0.617647
288 0.046027 0.993548 0.617647
289 0.050624 0.993548 0.588235
290 0.043443 0.993548 0.588235
291 0.044077 0.993548 0.588235
292 0.045121 0.993548 0.588235
293 0.044361 0.993548 0.588235
294 0.043901 0.993548 0.588235
295 0.043335 0.993548 0.588235
296 0.043392 0.993548 0.588235
297 0.047177 0.993548 0.588235
298 0.048939 0.993548 0.617647
299 0.048596 0.993548 0.617647
300 0.048942 0.993548 0.588235
301 0.044769 0.993548 0.617647
302 0.045142 0.993548 0.617647
303 0.045270 0.993548 0.588235
304 0.041905 0.993548 0.588235
305 0.044336 0.993548 0.588235
306 0.041344 0.993548 0.588235
307 0.046090 0.993548 0.588235
308 0.040836 0.993548 0.588235
309 0.042747 0.993548 0.588235
310 0.048593 0.993548 0.588235
311 0.040203 0.993548 0.588235
312 0.039883 0.993548 0.588235
313 0.040487 0.993548 0.588235
314 0.040737 0.993548 0.588235
315 0.046339 0.993548 0.588235
316 0.042322 0.993548 0.588235
317 0.046300 0.993548 0.588235
318 0.041955 0.993548 0.588235
319 0.044237 0.993548 0.588235
320 0.039685 0.993548 0.588235
321 0.042274 0.993548 0.588235
322 0.040873 0.993548 0.588235
323 0.040427 0.993548 0.588235
324 0.041692 0.993548 0.588235
325 0.041594 0.993548 0.588235
326 0.043750 0.993548 0.588235
327 0.040715 0.993548 0.588235
328 0.041359 0.993548 0.588235
329 0.045387 0.993548 0.558824
330 0.043914 0.993548 0.588235
331 0.042618 0.993548 0.588235
332 0.041026 0.993548 0.588235
333 0.041487 0.993548 0.588235
334 0.040908 0.993548 0.588235
335 0.041055 0.993548 0.588235
336 0.043480 0.993548 0.588235
337 0.040118 0.993548 0.588235
338 0.042230 0.993548 0.588235
339 0.042006 0.993548 0.588235
340 0.042809 0.993548 0.588235
341 0.040559 0.993548 0.588235
342 0.044005 0.993548 0.588235
343 0.041932 0.993548 0.588235
344 0.041879 0.993548 0.588235
345 0.043933 0.993548 0.588235
346 0.042636 0.993548 0.588235
347 0.042683 0.993548 0.588235
348 0.044677 0.993548 0.588235
349 0.041854 0.993548 0.588235
350 0.045247 0.993548 0.588235
