1 1.716579 0.704142 0.736842
2 0.920738 0.763314 0.789474
3 0.487469 0.846154 0.842105
4 0.437851 0.449704 0.421053
5 0.540813 0.798817 0.684211
6 0.465689 0.852071 0.842105
7 0.616008 0.840237 0.736842
8 0.494295 0.792899 0.894737
9 0.416977 0.751479 0.684211
10 0.516122 0.798817 0.736842
11 0.422958 0.887574 0.736842
12 0.414742 0.704142 0.684211
13 0.388547 0.840237 0.736842
14 0.359587 0.532544 0.315789
15 0.372503 0.627219 0.631579
16 0.370712 0.721893 0.578947
17 0.353618 0.857988 0.684211
18 0.338544 0.538462 0.578947
19 0.341958 0.869822 0.789474
20 0.389451 0.816568 0.789474
21 0.409925 0.532544 0.578947
22 0.349733 0.893491 0.789474
23 0.345542 0.426036 0.368421
24 0.320801 0.887574 0.736842
25 0.325892 0.834320 0.789474
26 0.308645 0.792899 0.894737
27 0.304279 0.491124 0.368421
28 0.320915 0.597633 0.315789
29 0.329320 0.911243 0.789474
30 0.307040 0.899408 0.736842
31 0.300474 0.692308 0.526316
32 0.341961 0.875740 0.684211
33 0.288350 0.887574 0.736842
34 0.247968 0.905325 0.842105
35 0.263234 0.449704 0.315789
36 0.232772 0.822485 0.894737
37 0.218015 0.550296 0.263158
38 0.230884 0.431953 0.315789
39 0.237186 0.473373 0.263158
40 0.236550 0.426036 0.263158
41 0.220659 0.491124 0.263158
42 0.205714 0.497041 0.157895
43 0.223282 0.437870 0.315789
44 0.207582 0.420118 0.263158
45 0.183164 0.917160 0.789474
46 0.200533 0.650888 0.578947
47 0.224554 0.710059 0.473684
48 0.217729 0.822485 0.684211
49 0.220757 0.473373 0.157895
50 0.175068 0.520710 0.157895
51 0.162035 0.502959 0.263158
52 0.161220 0.869822 0.736842
53 0.162459 0.485207 0.210526
54 0.166921 0.923077 0.736842
55 0.165306 0.455621 0.368421
56 0.175354 0.579882 0.210526
57 0.157034 0.857988 0.736842
58 0.170037 0.899408 0.789474
59 0.166620 0.946746 0.789474
60 0.159191 0.792899 0.842105
61 0.166998 0.479290 0.315789
62 0.145960 0.899408 0.736842
63 0.151369 0.857988 0.789474
64 0.154468 0.905325 0.789474
65 0.163551 0.899408 0.736842
66 0.169632 0.662722 0.473684
67 0.149051 0.911243 0.842105
68 0.137406 0.928994 0.789474
69 0.148499 0.893491 0.684211
70 0.145388 0.905325 0.789474
