1 9.118116 0.695333 0.676000
2 2.074517 0.733111 0.718000
3 1.088392 0.784889 0.758000
4 0.808388 0.746222 0.678000
5 0.783731 0.790889 0.764000
6 0.681101 0.779778 0.738000
7 0.713633 0.744222 0.704000
8 0.622060 0.773556 0.734000
9 0.602193 0.776889 0.742000
10 0.598281 0.778000 0.740000
11 0.578378 0.775778 0.736000
12 0.605527 0.780222 0.722000
13 0.567236 0.801111 0.730000
14 0.515047 0.796889 0.766000
15 0.524831 0.815111 0.774000
16 0.517356 0.799778 0.752000
17 0.502366 0.825778 0.786000
18 0.478354 0.820667 0.764000
19 0.475737 0.823556 0.744000
20 0.489835 0.819333 0.752000
21 0.492106 0.826444 0.752000
22 0.482911 0.807333 0.738000
23 0.464984 0.809556 0.732000
24 0.458762 0.834000 0.766000
25 0.444297 0.836222 0.790000
26 0.463653 0.842667 0.780000
27 0.415312 0.846444 0.780000
28 0.445531 0.836000 0.756000
29 0.447680 0.820667 0.746000
30 0.473651 0.828444 0.756000
31 0.424716 0.842889 0.778000
32 0.424878 0.852444 0.750000
33 0.436037 0.824667 0.740000
34 0.424250 0.842444 0.746000
35 0.416899 0.850222 0.758000
36 0.402927 0.846889 0.722000
37 0.402479 0.849111 0.782000
38 0.423154 0.843333 0.756000
39 0.404531 0.856000 0.772000
40 0.423475 0.857778 0.760000
41 0.405088 0.842889 0.764000
42 0.402910 0.846889 0.760000
43 0.385251 0.855556 0.748000
44 0.399094 0.865556 0.764000
45 0.424117 0.840444 0.756000
46 0.407063 0.866667 0.780000
47 0.417590 0.858222 0.762000
48 0.406704 0.853333 0.760000
49 0.399147 0.864667 0.756000
50 0.364436 0.862000 0.756000
