1 3.655798 0.593548 0.705882
2 1.618870 0.693548 0.676471
3 1.604448 0.590323 0.558824
4 1.698432 0.638710 0.588235
5 1.297502 0.693548 0.647059
6 0.924144 0.616129 0.588235
7 0.820146 0.690323 0.647059
8 0.744864 0.712903 0.529412
9 0.738423 0.580645 0.588235
10 0.692289 0.696774 0.617647
11 0.677534 0.661290 0.588235
12 0.617711 0.751613 0.676471
13 0.553710 0.767742 0.705882
14 0.606626 0.735484 0.617647
15 0.559970 0.722581 0.588235
16 0.585759 0.670968 0.588235
17 0.604602 0.751613 0.588235
18 0.554913 0.770968 0.764706
19 0.524060 0.809677 0.676471
20 0.512974 0.832258 0.705882
21 0.447303 0.803226 0.647059
22 0.447185 0.838710 0.764706
23 0.422458 0.729032 0.558824
24 0.429132 0.793548 0.676471
25 0.410788 0.854839 0.676471
26 0.407749 0.812903 0.735294
27 0.460753 0.761290 0.647059
28 0.400132 0.796774 0.705882
29 0.417887 0.825806 0.647059
30 0.372714 0.783871 0.617647
31 0.466516 0.812903 0.676471
32 0.372183 0.874194 0.705882
33 0.359108 0.874194 0.705882
34 0.345589 0.867742 0.676471
35 0.409174 0.819355 0.676471
36 0.402302 0.861290 0.647059
37 0.363557 0.861290 0.676471
38 0.328899 0.903226 0.647059
39 0.296187 0.929032 0.647059
40 0.284559 0.906452 0.617647
41 0.302203 0.906452 0.735294
42 0.323054 0.912903 0.705882
43 0.322091 0.783871 0.588235
44 0.242336 0.941935 0.647059
45 0.293559 0.951613 0.705882
46 0.268146 0.867742 0.647059
47 0.324577 0.790323 0.647059
48 0.290362 0.903226 0.676471
49 0.283404 0.929032 0.617647
50 0.176381 0.974194 0.647059
51 0.147473 0.967742 0.588235
52 0.149490 0.987097 0.588235
53 0.136092 0.990323 0.588235
54 0.141852 0.980645 0.588235
55 0.127982 0.974194 0.617647
56 0.172275 0.974194 0.705882
57 0.154583 0.977419 0.617647
58 0.117677 0.987097 0.647059
59 0.113710 0.983871 0.647059
60 0.154591 0.961290 0.588235
61 0.140934 0.974194 0.705882
62 0.105454 0.977419 0.617647
63 0.122219 0.983871 0.558824
64 0.225645 0.974194 0.617647
65 0.150474 0.990323 0.676471
66 0.162075 0.964516 0.647059
67 0.132276 0.990323 0.705882
68 0.135527 0.916129 0.588235
69 0.216712 0.922581 0.676471
70 0.124352 0.987097 0.617647
71 0.165558 0.983871 0.735294
72 0.128024 0.996774 0.676471
73 0.132268 0.987097 0.647059
74 0.105753 0.993548 0.647059
75 0.103203 0.993548 0.647059
76 0.081188 0.996774 0.617647
77 0.127743 0.896774 0.617647
78 0.133514 0.996774 0.529412
79 0.145812 0.938710 0.676471
80 0.119480 0.993548 0.647059
81 0.126947 0.990323 0.676471
82 0.104720 0.996774 0.676471
83 0.112445 0.964516 0.647059
84 0.132545 0.974194 0.676471
85 0.098056 0.996774 0.617647
86 0.075948 0.990323 0.676471
87 0.090766 0.993548 0.617647
88 0.108363 0.977419 0.617647
89 0.141005 0.980645 0.647059
90 0.137511 0.987097 0.617647
91 0.147107 0.990323 0.647059
92 0.208565 0.903226 0.705882
93 0.198370 0.977419 0.676471
94 0.118784 0.996774 0.647059
95 0.088591 0.993548 0.676471
96 0.089593 0.993548 0.588235
97 0.092481 0.990323 0.617647
98 0.096764 0.983871 0.617647
99 0.114612 0.977419 0.617647
100 0.084239 0.996774 0.676471
101 0.071742 0.993548 0.617647
102 0.064152 0.996774 0.647059
103 0.061558 0.996774 0.647059
104 0.055597 0.996774 0.617647
105 0.057722 0.996774 0.647059
106 0.065559 0.996774 0.647059
107 0.062402 0.996774 0.647059
108 0.073208 0.996774 0.647059
109 0.057875 0.996774 0.617647
110 0.068524 0.996774 0.588235
111 0.056055 0.996774 0.617647
112 0.061911 0.993548 0.617647
113 0.072438 0.996774 0.617647
114 0.064181 0.996774 0.617647
115 0.065466 0.993548 0.617647
116 0.068020 0.993548 0.647059
117 0.073469 0.996774 0.617647
118 0.061037 0.996774 0.617647
119 0.055127 0.996774 0.647059
120 0.065234 0.996774 0.647059
121 0.058992 0.996774 0.647059
122 0.060312 0.996774 0.647059
123 0.057354 0.996774 0.617647
124 0.071626 0.996774 0.676471
125 0.081822 0.983871 0.588235
126 0.077827 0.993548 0.705882
127 0.070173 0.996774 0.647059
128 0.116260 0.993548 0.617647
129 0.080149 0.996774 0.617647
130 0.075584 0.996774 0.588235
131 0.084847 0.990323 0.588235
132 0.142079 0.993548 0.588235
133 0.093829 0.990323 0.676471
134 0.079105 0.996774 0.588235
135 0.059975 0.996774 0.617647
136 0.067898 0.996774 0.617647
137 0.059956 0.996774 0.617647
138 0.049121 0.996774 0.647059
139 0.058379 0.996774 0.617647
140 0.061934 0.996774 0.676471
141 0.055000 0.996774 0.588235
142 0.065060 0.996774 0.617647
143 0.057268 0.993548 0.647059
144 0.089777 0.996774 0.676471
145 0.073766 0.996774 0.617647
146 0.054051 0.996774 0.588235
147 0.055680 0.996774 0.647059
148 0.059095 0.996774 0.647059
149 0.066274 0.996774 0.617647
150 0.051575 0.996774 0.617647
151 0.048520 0.996774 0.647059
152 0.047874 0.996774 0.617647
153 0.045574 0.996774 0.647059
154 0.043511 0.996774 0.617647
155 0.049198 0.996774 0.647059
156 0.049573 0.996774 0.617647
157 0.045584 0.996774 0.647059
158 0.046314 0.996774 0.676471
159 0.048234 0.996774 0.647059
160 0.047919 0.996774 0.676471
161 0.051710 0.996774 0.617647
162 0.045128 0.996774 0.647059
163 0.045604 0.996774 0.647059
164 0.048002 0.996774 0.617647
165 0.042144 0.996774 0.647059
166 0.049037 0.996774 0.647059
167 0.041020 0.996774 0.617647
168 0.045940 0.996774 0.617647
169 0.046783 0.996774 0.588235
170 0.051514 0.996774 0.647059
171 0.049826 0.996774 0.617647
172 0.049099 0.996774 0.617647
173 0.046164 0.996774 0.617647
174 0.043891 0.996774 0.617647
175 0.048820 0.996774 0.588235
176 0.051170 0.996774 0.617647
177 0.047089 0.996774 0.588235
178 0.043799 0.996774 0.617647
179 0.045956 0.996774 0.588235
180 0.048521 0.996774 0.617647
181 0.040858 0.996774 0.617647
182 0.048115 0.996774 0.647059
183 0.059088 0.993548 0.676471
184 0.057059 0.996774 0.617647
185 0.053893 0.996774 0.647059
186 0.052810 0.996774 0.617647
187 0.048076 0.996774 0.617647
188 0.044683 0.996774 0.647059
189 0.043961 0.996774 0.647059
190 0.046842 0.996774 0.617647
191 0.049430 0.996774 0.617647
192 0.045410 0.996774 0.647059
193 0.051592 0.996774 0.617647
194 0.042397 0.996774 0.617647
195 0.046625 0.996774 0.647059
196 0.043602 0.996774 0.647059
197 0.041382 0.996774 0.647059
198 0.046482 0.996774 0.647059
199 0.053113 0.996774 0.647059
200 0.042001 0.996774 0.558824
201 0.040469 0.996774 0.617647
202 0.043600 0.996774 0.617647
203 0.040397 0.996774 0.647059
204 0.041698 0.996774 0.647059
205 0.040891 0.996774 0.647059
206 0.039459 0.996774 0.647059
207 0.037920 0.996774 0.647059
208 0.041627 0.996774 0.647059
209 0.041788 0.996774 0.647059
210 0.038996 0.996774 0.647059
211 0.039252 0.996774 0.647059
212 0.042945 0.996774 0.647059
213 0.040194 0.996774 0.617647
214 0.041392 0.996774 0.617647
215 0.038641 0.996774 0.588235
216 0.038823 0.996774 0.647059
217 0.036367 0.996774 0.647059
218 0.041741 0.996774 0.617647
219 0.044048 0.996774 0.617647
220 0.041968 0.996774 0.588235
221 0.038795 0.996774 0.647059
222 0.041726 0.996774 0.617647
223 0.042826 0.996774 0.647059
224 0.037220 0.996774 0.588235
225 0.039062 0.996774 0.617647
226 0.043134 0.996774 0.617647
227 0.039518 0.996774 0.647059
228 0.037558 0.996774 0.588235
229 0.037910 0.996774 0.676471
230 0.040982 0.996774 0.617647
231 0.039807 0.996774 0.617647
232 0.041163 0.996774 0.647059
233 0.041811 0.996774 0.647059
234 0.033843 0.996774 0.617647
235 0.041968 0.996774 0.647059
236 0.037961 0.996774 0.617647
237 0.041386 0.996774 0.588235
238 0.038338 0.996774 0.647059
239 0.038169 0.996774 0.647059
240 0.041217 0.996774 0.647059
241 0.042435 0.996774 0.617647
242 0.040470 0.996774 0.617647
243 0.036072 0.996774 0.647059
244 0.043424 0.996774 0.617647
245 0.034649 0.996774 0.617647
246 0.042836 0.996774 0.617647
247 0.038864 0.996774 0.588235
248 0.043625 0.996774 0.588235
249 0.045848 0.996774 0.647059
250 0.041477 0.996774 0.647059
251 0.038311 0.996774 0.647059
252 0.035081 0.996774 0.588235
253 0.037224 0.996774 0.647059
254 0.038650 0.996774 0.617647
255 0.035331 0.996774 0.617647
256 0.037055 0.996774 0.647059
257 0.033625 0.996774 0.617647
258 0.039057 0.996774 0.617647
259 0.038170 0.996774 0.617647
260 0.035864 0.996774 0.617647
261 0.037587 0.996774 0.617647
262 0.038509 0.996774 0.617647
263 0.037903 0.996774 0.617647
264 0.034119 0.996774 0.588235
265 0.038060 0.996774 0.588235
266 0.036394 0.996774 0.647059
267 0.036712 0.996774 0.588235
268 0.037503 0.996774 0.588235
269 0.035949 0.996774 0.588235
270 0.036459 0.996774 0.617647
271 0.037164 0.996774 0.647059
272 0.037720 0.996774 0.617647
273 0.036633 0.996774 0.588235
274 0.038496 0.996774 0.617647
275 0.036339 0.996774 0.617647
276 0.036224 0.996774 0.588235
277 0.033908 0.996774 0.588235
278 0.034518 0.996774 0.588235
279 0.038715 0.996774 0.647059
280 0.033471 0.996774 0.647059
281 0.042166 0.996774 0.647059
282 0.036562 0.996774 0.647059
283 0.035156 0.996774 0.647059
284 0.034309 0.996774 0.617647
285 0.036330 0.996774 0.617647
286 0.032336 0.996774 0.647059
287 0.037779 0.996774 0.647059
288 0.034581 0.996774 0.647059
289 0.038150 0.996774 0.617647
290 0.040208 0.996774 0.617647
291 0.034783 0.996774 0.617647
292 0.034008 0.996774 0.617647
293 0.036781 0.996774 0.588235
294 0.035687 0.996774 0.617647
295 0.037923 0.996774 0.617647
296 0.034516 0.996774 0.617647
297 0.036126 0.996774 0.617647
298 0.035401 0.996774 0.617647
299 0.037118 0.996774 0.617647
300 0.036878 0.996774 0.617647
301 0.034845 0.996774 0.647059
302 0.035649 0.996774 0.617647
303 0.038295 0.996774 0.617647
304 0.032111 0.996774 0.617647
305 0.035536 0.996774 0.647059
306 0.034352 0.996774 0.588235
307 0.035345 0.996774 0.617647
308 0.031550 0.996774 0.647059
309 0.035367 0.996774 0.647059
310 0.039171 0.996774 0.617647
311 0.034466 0.996774 0.617647
312 0.033646 0.996774 0.617647
313 0.032857 0.996774 0.617647
314 0.031673 0.996774 0.617647
315 0.034474 0.996774 0.617647
316 0.033992 0.996774 0.647059
317 0.036295 0.996774 0.647059
318 0.032879 0.996774 0.647059
319 0.035159 0.996774 0.647059
320 0.032138 0.996774 0.647059
321 0.034841 0.996774 0.617647
322 0.033896 0.996774 0.617647
323 0.031978 0.996774 0.617647
324 0.032870 0.996774 0.647059
325 0.034920 0.996774 0.647059
326 0.035275 0.996774 0.647059
327 0.032534 0.996774 0.647059
328 0.033402 0.996774 0.647059
329 0.035353 0.996774 0.647059
330 0.036118 0.996774 0.647059
331 0.033453 0.996774 0.647059
332 0.033344 0.996774 0.647059
333 0.034562 0.996774 0.647059
334 0.031731 0.996774 0.647059
335 0.033142 0.996774 0.647059
336 0.031669 0.996774 0.647059
337 0.032274 0.996774 0.647059
338 0.035186 0.996774 0.647059
339 0.037382 0.996774 0.647059
340 0.035604 0.996774 0.647059
341 0.032790 0.996774 0.647059
342 0.035018 0.996774 0.617647
343 0.034308 0.996774 0.617647
344 0.035487 0.996774 0.617647
345 0.035642 0.996774 0.617647
346 0.032540 0.996774 0.617647
347 0.033415 0.996774 0.617647
348 0.035931 0.996774 0.647059
349 0.034565 0.996774 0.647059
350 0.036378 0.996774 0.647059
