1 10.686194 0.717111 0.724000
2 3.021754 0.748000 0.750000
3 1.482584 0.758000 0.754000
4 0.989789 0.773556 0.780000
5 0.968853 0.783111 0.782000
6 0.738905 0.772444 0.774000
7 0.788114 0.786667 0.756000
8 0.754870 0.787333 0.768000
9 0.658907 0.785778 0.792000
10 0.671422 0.789778 0.786000
11 0.619793 0.790444 0.792000
12 0.632544 0.800667 0.774000
13 0.583187 0.807778 0.772000
14 0.612559 0.788444 0.770000
15 0.544335 0.816889 0.792000
16 0.537912 0.805556 0.782000
17 0.513775 0.818889 0.808000
18 0.525957 0.792222 0.770000
19 0.523037 0.820000 0.804000
20 0.503774 0.819556 0.792000
21 0.492380 0.829333 0.784000
22 0.504435 0.836444 0.796000
23 0.481075 0.827556 0.794000
24 0.506094 0.830667 0.802000
25 0.472811 0.832889 0.804000
26 0.473116 0.830444 0.800000
27 0.473156 0.826444 0.790000
28 0.474105 0.844889 0.820000
29 0.476757 0.834889 0.794000
30 0.456157 0.844889 0.810000
