1 7.249336 0.686314 0.633929
2 4.657740 0.705295 0.732143
3 3.222126 0.696304 0.669643
4 3.267072 0.739261 0.741071
5 2.419140 0.739261 0.767857
6 2.036507 0.722278 0.750000
7 1.433316 0.716284 0.741071
8 1.386234 0.742258 0.750000
9 1.237933 0.704296 0.714286
10 1.340037 0.686314 0.678571
11 1.324830 0.707293 0.705357
12 1.364274 0.731269 0.776786
13 0.961770 0.741259 0.767857
14 0.789053 0.757243 0.758929
15 0.800595 0.742258 0.776786
16 0.743544 0.695305 0.651786
17 0.741145 0.727273 0.758929
18 0.834310 0.751249 0.767857
19 0.709989 0.708292 0.696429
20 0.697722 0.648352 0.589286
21 0.673999 0.716284 0.750000
22 0.626924 0.741259 0.767857
23 0.611703 0.635365 0.616071
24 0.647322 0.695305 0.660714
25 0.621526 0.728272 0.687500
26 0.651229 0.701299 0.687500
27 0.587084 0.704296 0.714286
28 0.592449 0.715285 0.651786
29 0.597672 0.730270 0.723214
30 0.592314 0.733267 0.732143
31 0.565458 0.725275 0.678571
32 0.574678 0.754246 0.758929
33 0.580602 0.723277 0.660714
34 0.590728 0.738262 0.776786
35 0.596568 0.744256 0.776786
36 0.558910 0.741259 0.714286
37 0.582002 0.707293 0.669643
38 0.595463 0.748252 0.794643
39 0.580375 0.728272 0.750000
40 0.556870 0.729271 0.687500
41 0.563208 0.749251 0.741071
42 0.580112 0.725275 0.767857
43 0.568942 0.700300 0.696429
44 0.553045 0.736264 0.705357
45 0.563160 0.745255 0.741071
46 0.552429 0.762238 0.794643
47 0.575349 0.744256 0.758929
48 0.571102 0.724276 0.687500
49 0.558260 0.705295 0.678571
50 0.554452 0.734266 0.741071
51 0.538449 0.758242 0.767857
52 0.547624 0.751249 0.767857
53 0.530645 0.741259 0.750000
54 0.542566 0.766234 0.776786
55 0.547484 0.756244 0.767857
56 0.545949 0.739261 0.705357
57 0.543250 0.762238 0.750000
58 0.538740 0.752248 0.750000
59 0.540334 0.753247 0.750000
60 0.531983 0.765235 0.767857
61 0.550129 0.765235 0.785714
62 0.515769 0.747253 0.741071
63 0.536258 0.750250 0.767857
64 0.539477 0.746254 0.732143
65 0.535153 0.761239 0.767857
66 0.541169 0.766234 0.785714
67 0.540411 0.759241 0.767857
68 0.524976 0.762238 0.785714
69 0.551169 0.747253 0.732143
70 0.539574 0.742258 0.767857
71 0.538682 0.747253 0.723214
72 0.538702 0.737263 0.776786
73 0.543331 0.760240 0.767857
74 0.549293 0.755245 0.741071
75 0.533478 0.752248 0.758929
76 0.519986 0.759241 0.750000
77 0.533507 0.755245 0.669643
78 0.540439 0.762238 0.767857
79 0.540818 0.765235 0.723214
80 0.527319 0.747253 0.776786
81 0.558011 0.759241 0.776786
82 0.537346 0.766234 0.750000
83 0.545300 0.768232 0.794643
84 0.531726 0.751249 0.723214
85 0.532642 0.732268 0.714286
86 0.535459 0.752248 0.776786
87 0.538670 0.757243 0.696429
88 0.560034 0.745255 0.678571
89 0.539235 0.753247 0.723214
90 0.542976 0.758242 0.732143
91 0.534535 0.763237 0.696429
92 0.538892 0.742258 0.758929
93 0.537186 0.759241 0.732143
94 0.548869 0.760240 0.705357
95 0.546318 0.741259 0.741071
96 0.523404 0.757243 0.758929
97 0.549131 0.731269 0.696429
98 0.539233 0.748252 0.705357
99 0.536141 0.751249 0.705357
100 0.528400 0.750250 0.669643
101 0.516357 0.768232 0.758929
102 0.530930 0.766234 0.785714
103 0.512971 0.755245 0.776786
104 0.517960 0.763237 0.678571
105 0.511704 0.779221 0.732143
106 0.532394 0.735265 0.705357
107 0.514371 0.776224 0.767857
108 0.521011 0.751249 0.705357
109 0.512393 0.753247 0.669643
110 0.514782 0.759241 0.696429
111 0.503546 0.763237 0.732143
112 0.525643 0.768232 0.741071
113 0.504600 0.768232 0.750000
114 0.512477 0.760240 0.803571
115 0.511889 0.772228 0.741071
116 0.499696 0.777223 0.750000
117 0.506589 0.740260 0.660714
118 0.508310 0.771229 0.767857
119 0.516444 0.783217 0.758929
120 0.509894 0.755245 0.669643
121 0.513049 0.748252 0.705357
122 0.515319 0.766234 0.732143
123 0.512570 0.761239 0.750000
124 0.526413 0.772228 0.776786
125 0.511171 0.745255 0.723214
126 0.505685 0.774226 0.750000
127 0.516257 0.750250 0.723214
128 0.507768 0.780220 0.776786
129 0.501329 0.781219 0.741071
130 0.510615 0.761239 0.669643
131 0.510759 0.760240 0.723214
132 0.515912 0.764236 0.687500
133 0.511102 0.773227 0.776786
134 0.510070 0.775225 0.767857
135 0.507731 0.771229 0.723214
136 0.515291 0.750250 0.705357
137 0.505545 0.758242 0.750000
138 0.503476 0.780220 0.750000
139 0.504643 0.780220 0.758929
140 0.510788 0.782218 0.741071
141 0.494583 0.779221 0.741071
142 0.516201 0.766234 0.741071
143 0.513102 0.766234 0.696429
144 0.512898 0.753247 0.723214
145 0.508204 0.768232 0.758929
146 0.511714 0.796204 0.767857
147 0.499918 0.788212 0.767857
148 0.515140 0.761239 0.723214
149 0.511928 0.746254 0.660714
150 0.492575 0.791209 0.750000
151 0.478217 0.796204 0.776786
152 0.480592 0.790210 0.785714
153 0.480849 0.794206 0.785714
154 0.482365 0.788212 0.741071
155 0.487796 0.789211 0.758929
156 0.500589 0.798202 0.776786
157 0.476096 0.772228 0.678571
158 0.482996 0.788212 0.767857
159 0.469796 0.792208 0.785714
160 0.484363 0.800200 0.741071
161 0.480405 0.787213 0.767857
162 0.478847 0.793207 0.767857
163 0.486408 0.793207 0.758929
164 0.475926 0.791209 0.794643
165 0.479439 0.798202 0.767857
166 0.478742 0.797203 0.723214
167 0.488296 0.792208 0.758929
168 0.475919 0.795205 0.723214
169 0.488387 0.794206 0.723214
170 0.469055 0.796204 0.785714
171 0.482549 0.787213 0.794643
172 0.474997 0.796204 0.767857
173 0.469501 0.807193 0.785714
174 0.478884 0.798202 0.785714
175 0.477421 0.784216 0.750000
176 0.474486 0.792208 0.803571
177 0.474154 0.803197 0.750000
178 0.484564 0.795205 0.767857
179 0.480773 0.795205 0.714286
180 0.475927 0.794206 0.767857
181 0.469163 0.801199 0.812500
182 0.478658 0.796204 0.750000
183 0.466659 0.809191 0.758929
184 0.468518 0.800200 0.750000
185 0.471781 0.820180 0.767857
186 0.468479 0.812188 0.741071
187 0.466281 0.797203 0.794643
188 0.469981 0.806194 0.758929
189 0.485839 0.794206 0.776786
190 0.470945 0.802198 0.803571
191 0.468999 0.817183 0.776786
192 0.460529 0.803197 0.794643
193 0.473511 0.808192 0.750000
194 0.471792 0.805195 0.750000
195 0.484725 0.802198 0.767857
196 0.471707 0.810190 0.758929
197 0.469348 0.804196 0.741071
198 0.476440 0.819181 0.741071
199 0.461779 0.807193 0.758929
200 0.458918 0.821179 0.785714
201 0.444700 0.832168 0.758929
202 0.452429 0.822178 0.776786
203 0.457055 0.822178 0.758929
204 0.451055 0.825175 0.785714
205 0.454385 0.827173 0.794643
206 0.449740 0.826174 0.776786
207 0.448010 0.828172 0.750000
208 0.455343 0.829171 0.785714
209 0.467247 0.820180 0.794643
210 0.457803 0.820180 0.803571
211 0.459534 0.832168 0.767857
212 0.453182 0.831169 0.776786
213 0.456084 0.822178 0.803571
214 0.449888 0.819181 0.776786
215 0.436381 0.835165 0.767857
216 0.450376 0.820180 0.785714
217 0.442907 0.825175 0.785714
218 0.438390 0.829171 0.785714
219 0.458266 0.818182 0.785714
220 0.446445 0.817183 0.803571
221 0.445405 0.820180 0.794643
222 0.456820 0.824176 0.776786
223 0.438268 0.822178 0.767857
224 0.437985 0.830170 0.750000
225 0.446114 0.834166 0.785714
226 0.436954 0.827173 0.750000
227 0.434100 0.825175 0.785714
228 0.455423 0.832168 0.767857
229 0.443425 0.830170 0.767857
230 0.435573 0.822178 0.767857
231 0.446767 0.817183 0.776786
232 0.438390 0.829171 0.758929
233 0.445909 0.825175 0.794643
234 0.441088 0.826174 0.785714
235 0.438461 0.838162 0.750000
236 0.445172 0.834166 0.741071
237 0.442493 0.834166 0.750000
238 0.439818 0.825175 0.758929
239 0.446747 0.836164 0.776786
240 0.429591 0.826174 0.794643
241 0.439248 0.825175 0.785714
242 0.431218 0.828172 0.767857
243 0.436571 0.827173 0.758929
244 0.449512 0.837163 0.767857
245 0.432579 0.836164 0.785714
246 0.441099 0.828172 0.776786
247 0.431120 0.836164 0.767857
248 0.439751 0.825175 0.767857
249 0.439890 0.827173 0.767857
250 0.434375 0.842158 0.767857
251 0.436923 0.835165 0.776786
252 0.420903 0.842158 0.767857
253 0.418838 0.843157 0.758929
254 0.435640 0.830170 0.767857
255 0.426585 0.844156 0.750000
256 0.426816 0.838162 0.750000
257 0.424893 0.842158 0.758929
258 0.434480 0.844156 0.750000
259 0.430732 0.851149 0.741071
260 0.423470 0.844156 0.750000
261 0.423525 0.846154 0.750000
262 0.417467 0.845155 0.741071
263 0.428791 0.850150 0.714286
264 0.426690 0.852148 0.723214
265 0.413408 0.849151 0.741071
266 0.430219 0.833167 0.767857
267 0.435714 0.843157 0.758929
268 0.423856 0.845155 0.758929
269 0.422928 0.846154 0.741071
270 0.427411 0.851149 0.750000
271 0.412469 0.846154 0.750000
272 0.422687 0.845155 0.732143
273 0.426662 0.832168 0.767857
274 0.422105 0.859141 0.732143
275 0.422708 0.832168 0.785714
276 0.412787 0.846154 0.758929
277 0.415298 0.846154 0.741071
278 0.408689 0.848152 0.767857
279 0.419909 0.841159 0.750000
280 0.420253 0.855145 0.741071
281 0.427130 0.844156 0.750000
282 0.429212 0.851149 0.767857
283 0.417087 0.841159 0.732143
284 0.438456 0.851149 0.741071
285 0.422768 0.856144 0.741071
286 0.431312 0.844156 0.741071
287 0.423702 0.834166 0.758929
288 0.427882 0.852148 0.732143
289 0.425336 0.838162 0.750000
290 0.432170 0.853147 0.741071
291 0.426204 0.841159 0.732143
292 0.418071 0.840160 0.741071
293 0.413000 0.848152 0.741071
294 0.421853 0.848152 0.741071
295 0.413633 0.853147 0.723214
296 0.424359 0.845155 0.767857
297 0.424557 0.844156 0.741071
298 0.414318 0.852148 0.750000
299 0.414987 0.847153 0.750000
300 0.416577 0.852148 0.732143
301 0.398856 0.852148 0.741071
302 0.430667 0.854146 0.750000
303 0.397201 0.851149 0.741071
304 0.417313 0.838162 0.750000
305 0.406240 0.851149 0.758929
306 0.417474 0.849151 0.741071
307 0.409934 0.856144 0.723214
308 0.413476 0.862138 0.732143
309 0.418804 0.858142 0.741071
310 0.425007 0.856144 0.758929
311 0.419237 0.860140 0.732143
312 0.411687 0.851149 0.741071
313 0.415907 0.854146 0.750000
314 0.411524 0.854146 0.732143
315 0.413420 0.851149 0.741071
316 0.411030 0.848152 0.750000
317 0.405703 0.850150 0.741071
318 0.423911 0.857143 0.750000
319 0.412707 0.851149 0.732143
320 0.409546 0.846154 0.758929
321 0.407074 0.851149 0.732143
322 0.404018 0.854146 0.732143
323 0.405465 0.850150 0.732143
324 0.424849 0.850150 0.732143
325 0.400089 0.854146 0.723214
326 0.409075 0.854146 0.741071
327 0.411927 0.858142 0.723214
328 0.416099 0.853147 0.741071
329 0.402349 0.851149 0.741071
330 0.417455 0.850150 0.732143
331 0.408219 0.871129 0.741071
332 0.411254 0.854146 0.741071
333 0.415186 0.857143 0.758929
334 0.406316 0.861139 0.750000
335 0.412441 0.864136 0.741071
336 0.408295 0.856144 0.741071
337 0.406421 0.850150 0.758929
338 0.411393 0.847153 0.732143
339 0.404289 0.853147 0.741071
340 0.409857 0.850150 0.732143
341 0.420278 0.853147 0.741071
342 0.404114 0.866134 0.741071
343 0.402388 0.853147 0.741071
344 0.410181 0.866134 0.750000
345 0.409702 0.854146 0.732143
346 0.395971 0.855145 0.732143
347 0.412050 0.854146 0.741071
348 0.409747 0.855145 0.732143
349 0.408666 0.855145 0.741071
350 0.399202 0.857143 0.750000
