1 4.041433 0.422963 0.406667
2 2.138850 0.498519 0.446667
3 1.741488 0.537037 0.453333
4 1.344787 0.491111 0.413333
5 1.292662 0.483704 0.433333
6 1.450956 0.425926 0.366667
7 1.113658 0.531852 0.500000
8 1.040030 0.535556 0.480000
9 1.074731 0.574815 0.486667
10 0.942472 0.529630 0.453333
11 0.991059 0.581481 0.486667
12 1.125664 0.480000 0.433333
13 1.057772 0.579259 0.506667
14 1.010150 0.573333 0.453333
15 1.005885 0.573333 0.506667
16 1.001263 0.561481 0.493333
17 0.940761 0.487407 0.420000
18 0.931489 0.569630 0.460000
19 0.903518 0.589630 0.486667
20 0.909156 0.585185 0.526667
21 0.875193 0.598519 0.493333
22 0.887572 0.598519 0.506667
23 0.879958 0.591111 0.486667
24 0.928202 0.594815 0.500000
25 0.895449 0.578519 0.473333
26 0.879333 0.606667 0.520000
27 0.871493 0.605185 0.493333
28 0.867260 0.602963 0.460000
29 0.870669 0.590370 0.493333
30 0.865138 0.563704 0.466667
31 0.867232 0.597778 0.533333
32 0.886043 0.538519 0.480000
33 0.884752 0.593333 0.513333
34 0.871456 0.599259 0.466667
35 0.866272 0.609630 0.486667
36 0.865448 0.582222 0.480000
37 0.866037 0.609630 0.486667
38 0.825136 0.611111 0.413333
39 0.848606 0.613333 0.500000
40 0.858497 0.606667 0.466667
41 0.843738 0.601481 0.466667
42 0.842862 0.614815 0.486667
43 0.854708 0.609630 0.480000
44 0.862523 0.616296 0.480000
45 0.870658 0.574074 0.460000
46 0.883369 0.566667 0.440000
47 0.863268 0.595556 0.460000
48 0.859782 0.574815 0.473333
49 0.847195 0.622963 0.500000
50 0.806676 0.629630 0.460000
51 0.811938 0.622222 0.473333
52 0.808195 0.623704 0.473333
53 0.808602 0.629630 0.486667
54 0.799608 0.628148 0.493333
55 0.789634 0.628148 0.473333
56 0.790627 0.629630 0.506667
57 0.793034 0.629630 0.466667
58 0.789906 0.595556 0.433333
59 0.791955 0.637037 0.466667
60 0.775164 0.638519 0.473333
61 0.790817 0.617778 0.453333
62 0.797786 0.605926 0.500000
63 0.789075 0.643704 0.473333
64 0.789821 0.629630 0.480000
65 0.800495 0.627407 0.460000
66 0.785054 0.617037 0.466667
67 0.782774 0.628148 0.440000
68 0.789059 0.644444 0.440000
69 0.778723 0.622963 0.460000
70 0.768039 0.637037 0.480000
