1 4.258087 0.453852 0.424000
2 2.114391 0.503259 0.474667
3 1.800667 0.487926 0.452667
4 1.485746 0.512296 0.460667
5 1.399113 0.511556 0.475333
6 1.287314 0.506148 0.467333
7 1.267720 0.522444 0.461333
8 1.258833 0.525185 0.469333
9 1.219093 0.533778 0.476000
10 1.132221 0.540741 0.470667
11 1.081189 0.551704 0.478000
12 1.041230 0.551555 0.474000
13 1.041874 0.557704 0.485333
14 0.960573 0.560963 0.480667
15 0.965036 0.567037 0.475334
16 0.985022 0.548074 0.478667
17 0.941077 0.534222 0.461333
18 0.925593 0.575407 0.488667
19 0.949854 0.567852 0.485333
20 0.993529 0.580519 0.500000
21 0.936859 0.582963 0.493333
22 0.936232 0.577778 0.490000
23 0.928968 0.572444 0.477333
24 0.934654 0.585407 0.486000
25 0.926088 0.582667 0.500000
26 0.903593 0.579704 0.481333
27 0.887833 0.592518 0.497334
28 0.873543 0.595407 0.486667
29 0.885404 0.590370 0.481333
30 0.893048 0.598148 0.494667
31 0.885106 0.598592 0.489333
32 0.864139 0.593185 0.497333
33 0.865323 0.602222 0.498000
34 0.862737 0.597704 0.503333
35 0.855674 0.608593 0.500667
36 0.846192 0.605704 0.489333
37 0.846723 0.611333 0.493333
38 0.838059 0.614296 0.501333
39 0.842193 0.609481 0.495333
40 0.842553 0.603259 0.480667
41 0.848143 0.607556 0.481333
42 0.848152 0.613407 0.497333
43 0.839404 0.612074 0.492667
44 0.840106 0.612963 0.496000
45 0.839260 0.601111 0.482667
46 0.838322 0.589259 0.462000
47 0.829320 0.617333 0.488000
48 0.826353 0.611852 0.474666
49 0.820534 0.621259 0.491333
50 0.793859 0.630148 0.490666
51 0.781407 0.632000 0.487333
52 0.781026 0.636518 0.498000
53 0.779542 0.638296 0.493333
54 0.772863 0.636222 0.496667
55 0.773932 0.639926 0.497333
56 0.767212 0.640074 0.490000
57 0.764682 0.640593 0.486667
58 0.772995 0.640222 0.497333
59 0.770651 0.641852 0.496667
60 0.755815 0.644667 0.498667
61 0.766771 0.638148 0.493333
62 0.771897 0.644667 0.492667
63 0.763946 0.643556 0.485333
64 0.755994 0.644222 0.495333
65 0.761329 0.639555 0.476000
66 0.761442 0.635333 0.488000
67 0.756994 0.643852 0.505333
68 0.760769 0.637556 0.497333
69 0.764152 0.646222 0.493333
70 0.758177 0.642370 0.488000
