1 4.268388 0.499324 0.498783
2 1.522478 0.605299 0.596107
3 1.306754 0.654772 0.627737
4 1.323984 0.675318 0.649635
5 0.890148 0.614220 0.586375
6 0.793995 0.694512 0.681265
7 0.836554 0.543931 0.530414
8 1.137906 0.543390 0.540146
9 1.068357 0.718302 0.720195
10 0.792212 0.687753 0.666667
11 0.769466 0.675047 0.673966
12 0.718451 0.626656 0.622871
13 0.966381 0.682617 0.703163
14 0.895356 0.529062 0.537713
15 1.001814 0.719654 0.720195
16 0.646305 0.641254 0.649635
17 0.690223 0.662071 0.637470
18 0.643363 0.698838 0.725061
19 0.737324 0.630981 0.635036
20 0.700752 0.719654 0.720195
21 0.736770 0.684239 0.705596
22 0.663622 0.680725 0.659367
23 0.652100 0.724250 0.712895
24 0.731106 0.663423 0.661800
25 0.674792 0.726683 0.720195
26 0.632397 0.703704 0.715328
27 0.595115 0.710192 0.686131
28 0.761256 0.685050 0.659367
29 0.684519 0.682887 0.656934
30 0.675010 0.691809 0.676399
31 0.668039 0.678562 0.666667
32 0.674840 0.698567 0.705596
33 0.643573 0.725602 0.717762
34 0.658268 0.662071 0.676399
35 0.630650 0.707759 0.681265
36 0.596280 0.672074 0.649635
37 0.607454 0.646121 0.618005
38 0.617145 0.730738 0.710462
39 0.631420 0.741011 0.717762
40 0.639553 0.720735 0.725061
41 0.615910 0.608002 0.576642
42 0.600165 0.658827 0.669100
43 0.620192 0.718573 0.698297
44 0.578467 0.736956 0.712895
45 0.621477 0.660719 0.642336
46 0.597786 0.734793 0.720195
47 0.599757 0.729116 0.751825
48 0.588042 0.667478 0.642336
49 0.577398 0.668018 0.632603
50 0.577653 0.695053 0.712895
51 0.587157 0.719113 0.727494
52 0.571156 0.637199 0.613139
53 0.595310 0.746418 0.708029
54 0.577257 0.736415 0.715328
55 0.563972 0.726142 0.703163
56 0.569683 0.728846 0.727494
57 0.568823 0.693701 0.666667
58 0.558307 0.746148 0.732360
59 0.576355 0.716139 0.671533
60 0.575855 0.717221 0.671533
61 0.570640 0.748851 0.722628
62 0.539987 0.739389 0.746959
63 0.557851 0.741552 0.708029
64 0.547910 0.749932 0.732360
65 0.546386 0.746688 0.734793
66 0.548176 0.759124 0.717762
67 0.561235 0.754528 0.722628
68 0.551327 0.715328 0.688564
69 0.561127 0.743174 0.705596
70 0.541045 0.644228 0.654501
71 0.545081 0.735604 0.708029
72 0.542963 0.715599 0.712895
73 0.558350 0.733441 0.712895
74 0.558967 0.726683 0.737226
75 0.558905 0.701271 0.654501
76 0.554660 0.737767 0.698297
77 0.543395 0.750203 0.737226
78 0.541190 0.756691 0.722628
79 0.542150 0.703433 0.676399
80 0.533121 0.752095 0.734793
81 0.557268 0.750473 0.722628
82 0.541794 0.732630 0.690998
83 0.540349 0.758854 0.737226
84 0.547285 0.697756 0.688564
85 0.571680 0.717491 0.693431
86 0.552581 0.702622 0.695864
87 0.537099 0.756961 0.720195
88 0.543819 0.693431 0.686131
89 0.551138 0.744255 0.715328
90 0.532504 0.761557 0.734793
91 0.534881 0.755069 0.732360
92 0.545733 0.740741 0.695864
93 0.554272 0.742363 0.722628
94 0.538860 0.748310 0.725061
95 0.533594 0.753717 0.715328
96 0.526203 0.746418 0.683698
97 0.551154 0.770208 0.746959
98 0.548731 0.763990 0.727494
99 0.555084 0.564207 0.564477
100 0.537363 0.730738 0.705596
101 0.514236 0.772912 0.742092
102 0.509895 0.776426 0.742092
103 0.518221 0.782103 0.739659
104 0.501322 0.771019 0.727494
105 0.515642 0.758313 0.749392
106 0.519491 0.766964 0.751825
107 0.510998 0.782914 0.732360
108 0.512437 0.782914 0.756691
109 0.528937 0.771019 0.720195
110 0.519035 0.792106 0.746959
111 0.515041 0.780481 0.749392
112 0.510267 0.779941 0.732360
113 0.514266 0.776426 0.763990
114 0.514066 0.785077 0.746959
115 0.510542 0.773723 0.739659
116 0.502357 0.790754 0.739659
117 0.521428 0.785618 0.742092
118 0.541418 0.777237 0.727494
119 0.502802 0.781563 0.761557
120 0.514961 0.771290 0.734793
121 0.508986 0.763720 0.751825
122 0.514055 0.784536 0.737226
123 0.501337 0.781563 0.756691
124 0.500845 0.783996 0.763990
125 0.518095 0.787510 0.759124
126 0.518717 0.796161 0.763990
127 0.504560 0.780752 0.749392
128 0.491291 0.758854 0.737226
129 0.490958 0.787510 0.749392
130 0.495274 0.796972 0.756691
131 0.532433 0.791025 0.754258
132 0.516284 0.780211 0.742092
133 0.486164 0.803190 0.754258
134 0.500987 0.786158 0.729927
135 0.510684 0.793998 0.749392
136 0.507991 0.786969 0.749392
137 0.498606 0.798324 0.749392
138 0.515025 0.795891 0.763990
139 0.489925 0.785888 0.763990
140 0.499721 0.799135 0.754258
141 0.507406 0.776156 0.734793
142 0.493135 0.787510 0.763990
143 0.492546 0.793458 0.742092
144 0.493733 0.796702 0.749392
145 0.508068 0.786429 0.749392
146 0.501517 0.794539 0.744526
147 0.482193 0.791565 0.742092
148 0.486730 0.793998 0.759124
149 0.501304 0.804271 0.751825
150 0.477271 0.809678 0.761557
151 0.490275 0.803731 0.742092
152 0.477212 0.808867 0.746959
153 0.480136 0.806975 0.771290
154 0.473308 0.816978 0.759124
155 0.476508 0.817789 0.761557
156 0.478255 0.811030 0.744526
157 0.459532 0.812111 0.776156
158 0.480921 0.811841 0.761557
159 0.473202 0.814815 0.773723
160 0.476610 0.815896 0.761557
161 0.473488 0.804001 0.768856
162 0.484825 0.797513 0.746959
163 0.465130 0.811300 0.763990
164 0.467507 0.809138 0.754258
165 0.466626 0.816978 0.776156
166 0.471347 0.812922 0.766423
167 0.470473 0.793728 0.739659
168 0.455955 0.807245 0.751825
169 0.473590 0.809678 0.746959
170 0.468165 0.811571 0.768856
171 0.474801 0.810760 0.766423
172 0.481104 0.812382 0.759124
173 0.473514 0.815356 0.744526
174 0.485264 0.812652 0.763990
175 0.463840 0.810760 0.759124
176 0.470793 0.809138 0.746959
177 0.475441 0.809949 0.749392
178 0.458655 0.809408 0.766423
179 0.461473 0.792647 0.759124
180 0.475691 0.793998 0.754258
181 0.464762 0.813733 0.766423
182 0.458117 0.803190 0.742092
183 0.452159 0.822384 0.771290
184 0.459017 0.815896 0.761557
185 0.464117 0.801568 0.746959
186 0.465068 0.805893 0.754258
187 0.459634 0.819681 0.751825
188 0.458432 0.790754 0.739659
189 0.468377 0.809138 0.746959
190 0.449490 0.821033 0.742092
191 0.466552 0.812111 0.754258
192 0.442135 0.808867 0.751825
193 0.459831 0.808867 0.754258
194 0.449607 0.821303 0.763990
195 0.454573 0.792647 0.734793
196 0.467638 0.813193 0.756691
197 0.477238 0.813463 0.761557
198 0.457816 0.823195 0.783455
199 0.461952 0.816167 0.766423
200 0.445803 0.822925 0.781022
201 0.444994 0.829954 0.773723
202 0.456782 0.806975 0.739659
203 0.456052 0.826440 0.766423
204 0.446603 0.828873 0.768856
205 0.445735 0.813463 0.751825
206 0.450125 0.828602 0.778589
207 0.439415 0.823736 0.751825
208 0.444201 0.826169 0.749392
209 0.449446 0.826980 0.766423
210 0.445216 0.830765 0.761557
211 0.446527 0.825899 0.756691
212 0.441628 0.831576 0.756691
213 0.451003 0.831846 0.763990
214 0.439178 0.831306 0.759124
215 0.435849 0.829413 0.751825
216 0.439306 0.830765 0.756691
217 0.434225 0.819681 0.761557
218 0.435405 0.831846 0.761557
219 0.453751 0.828873 0.751825
220 0.430029 0.832657 0.761557
221 0.442405 0.831035 0.771290
222 0.452460 0.830495 0.766423
223 0.446106 0.830495 0.773723
224 0.443013 0.833198 0.773723
225 0.432858 0.830495 0.766423
226 0.441254 0.816437 0.754258
227 0.450457 0.833198 0.763990
228 0.429839 0.830495 0.776156
229 0.439226 0.834550 0.763990
230 0.426272 0.834009 0.763990
231 0.446801 0.832117 0.773723
232 0.436962 0.833469 0.759124
233 0.444797 0.832657 0.754258
234 0.424443 0.825358 0.766423
235 0.430563 0.829413 0.749392
236 0.454323 0.832387 0.759124
237 0.426405 0.830765 0.766423
238 0.433251 0.838875 0.766423
239 0.439649 0.822655 0.756691
240 0.444290 0.830765 0.768856
241 0.423573 0.832117 0.763990
242 0.438462 0.836442 0.771290
243 0.439820 0.834280 0.766423
244 0.437059 0.835091 0.761557
245 0.430101 0.832117 0.766423
246 0.431900 0.838875 0.778589
247 0.421198 0.826169 0.744526
248 0.439527 0.842660 0.759124
249 0.434669 0.824818 0.761557
250 0.427149 0.822384 0.759124
251 0.418287 0.841579 0.781022
252 0.412315 0.841579 0.768856
253 0.434723 0.842660 0.778589
254 0.430118 0.839957 0.768856
255 0.433624 0.836983 0.756691
256 0.418781 0.839416 0.771290
257 0.434044 0.841038 0.763990
258 0.431412 0.837524 0.771290
259 0.406439 0.835902 0.771290
260 0.410915 0.836983 0.759124
261 0.434774 0.839686 0.771290
262 0.429832 0.839957 0.776156
263 0.422512 0.841849 0.768856
264 0.432727 0.836983 0.759124
265 0.417816 0.842660 0.761557
266 0.427053 0.841308 0.768856
267 0.417471 0.841038 0.776156
268 0.418753 0.845093 0.768856
269 0.417771 0.844282 0.773723
270 0.420966 0.843201 0.788321
271 0.418208 0.842390 0.781022
272 0.411871 0.847797 0.783455
273 0.434505 0.844823 0.778589
274 0.426162 0.844553 0.793187
275 0.413579 0.846175 0.768856
276 0.419779 0.845093 0.778589
277 0.412886 0.848337 0.773723
278 0.414153 0.842931 0.763990
279 0.423247 0.848337 0.778589
280 0.421120 0.848337 0.781022
281 0.423440 0.848337 0.778589
282 0.424835 0.848067 0.776156
283 0.420478 0.845364 0.778589
284 0.428535 0.848608 0.783455
285 0.418497 0.845093 0.778589
286 0.409674 0.846986 0.776156
287 0.416390 0.844553 0.778589
288 0.427571 0.843471 0.776156
289 0.419439 0.845093 0.773723
290 0.417963 0.847526 0.768856
291 0.423656 0.852663 0.778589
292 0.413402 0.851041 0.773723
293 0.411064 0.851582 0.785888
294 0.413917 0.849419 0.781022
295 0.413146 0.849419 0.778589
296 0.412201 0.848608 0.778589
297 0.418441 0.851311 0.783455
298 0.423572 0.850230 0.781022
299 0.414167 0.846445 0.781022
300 0.438079 0.853744 0.795620
301 0.413102 0.853744 0.783455
302 0.422488 0.852663 0.778589
303 0.420185 0.849148 0.788321
304 0.409666 0.853204 0.783455
305 0.418121 0.852933 0.783455
306 0.415429 0.852122 0.785888
307 0.419514 0.858340 0.788321
308 0.414632 0.852933 0.788321
309 0.409676 0.852933 0.783455
310 0.408867 0.852393 0.771290
311 0.417027 0.852122 0.776156
312 0.412761 0.851582 0.776156
313 0.429951 0.854015 0.776156
314 0.408540 0.856448 0.768856
315 0.417617 0.854285 0.781022
316 0.417809 0.850770 0.778589
317 0.410341 0.850770 0.773723
318 0.410310 0.845904 0.771290
319 0.410271 0.852663 0.783455
320 0.406522 0.850500 0.771290
321 0.411194 0.850770 0.778589
322 0.420348 0.856448 0.793187
323 0.413216 0.852663 0.778589
324 0.410384 0.853744 0.781022
325 0.403385 0.849689 0.788321
326 0.419741 0.849148 0.773723
327 0.400344 0.852663 0.778589
328 0.427297 0.854826 0.785888
329 0.409405 0.854826 0.778589
330 0.409739 0.853204 0.783455
331 0.408092 0.850230 0.785888
332 0.408491 0.855366 0.788321
333 0.395700 0.858610 0.790754
334 0.409623 0.854826 0.773723
335 0.400157 0.857799 0.778589
336 0.399055 0.853474 0.795620
337 0.405442 0.852122 0.781022
338 0.405204 0.854826 0.788321
339 0.418775 0.852663 0.783455
340 0.401611 0.853744 0.771290
341 0.407657 0.854015 0.773723
342 0.418990 0.852393 0.781022
343 0.404707 0.855907 0.785888
344 0.402274 0.858610 0.788321
345 0.408955 0.854826 0.785888
346 0.415055 0.847256 0.788321
347 0.404718 0.856718 0.788321
348 0.399719 0.854826 0.790754
349 0.410871 0.857529 0.790754
350 0.415390 0.855637 0.778589
