1 1.026091 0.076400 0.075400
2 0.219436 0.076533 0.074600
3 0.151624 0.075311 0.075600
4 0.106523 0.077333 0.074600
5 0.112120 0.078689 0.077000
6 0.087305 0.075156 0.074000
7 0.075194 0.079444 0.077200
8 0.066340 0.075622 0.073400
9 0.065379 0.079778 0.077400
10 0.059544 0.078533 0.077600
11 0.060068 0.079889 0.076600
12 0.060260 0.079933 0.077200
13 0.056731 0.080511 0.077400
14 0.055939 0.082156 0.076600
15 0.053889 0.080644 0.076600
16 0.055721 0.081022 0.076800
17 0.054000 0.082422 0.077800
18 0.054663 0.080756 0.075800
19 0.056547 0.080933 0.077000
20 0.056251 0.080489 0.076600
21 0.049073 0.082089 0.076000
22 0.050689 0.082267 0.076000
23 0.051400 0.082089 0.078800
24 0.050533 0.081533 0.076800
25 0.051230 0.083000 0.075400
26 0.048564 0.081622 0.076800
27 0.046727 0.083644 0.078600
28 0.049906 0.081022 0.074600
29 0.047801 0.083444 0.077200
30 0.049912 0.083933 0.077600
31 1.086249 0.064222 0.065600
32 0.258997 0.070400 0.071400
33 0.157042 0.074933 0.074000
34 0.116599 0.077556 0.074400
35 0.098236 0.079000 0.077400
36 0.078507 0.074978 0.072400
37 0.078931 0.079111 0.075600
38 0.070828 0.077356 0.074400
39 0.061612 0.080267 0.076800
40 0.058526 0.079778 0.076400
41 0.060914 0.079867 0.077200
42 0.059784 0.081556 0.079400
43 0.053117 0.081378 0.078400
44 0.057357 0.080333 0.075600
45 0.055928 0.081511 0.079000
46 0.054333 0.082022 0.077600
47 0.052710 0.082267 0.077600
48 0.056036 0.081200 0.077000
49 0.050352 0.080600 0.076200
50 0.052918 0.080667 0.076400
51 0.052989 0.081022 0.077600
52 0.051893 0.082267 0.076400
53 0.046490 0.080822 0.075200
54 0.048197 0.082622 0.077400
55 0.049958 0.083333 0.078400
56 0.051660 0.082889 0.076600
57 0.052730 0.079133 0.072200
58 0.051045 0.082822 0.076800
59 0.047835 0.081422 0.076000
60 0.047259 0.083800 0.078800
61 1.096965 0.069689 0.071600
62 0.215304 0.074156 0.072000
63 0.144352 0.076000 0.072800
64 0.112415 0.077356 0.075400
65 0.107558 0.076511 0.073000
66 0.099542 0.079444 0.078600
67 0.069956 0.080244 0.079600
68 0.067863 0.076978 0.076200
69 0.063237 0.077378 0.071400
70 0.071702 0.070978 0.066800
71 0.070196 0.080356 0.075800
72 0.055116 0.080800 0.079000
73 0.064586 0.080089 0.077600
74 0.074879 0.080644 0.077400
75 0.059023 0.080467 0.079200
76 0.055349 0.082244 0.079200
77 0.049659 0.080622 0.076800
78 0.053302 0.080800 0.076800
79 0.049686 0.082778 0.080000
80 0.050189 0.083089 0.080200
81 0.051442 0.080444 0.078400
82 0.053493 0.083222 0.078600
83 0.051852 0.081289 0.079000
84 0.044184 0.083778 0.078000
85 0.046335 0.084333 0.079400
86 0.046826 0.084067 0.079000
87 0.047821 0.083333 0.078800
88 0.046050 0.082111 0.078400
89 0.044631 0.083311 0.077400
90 0.044704 0.083800 0.077400
91 1.180195 0.071889 0.071800
92 0.257532 0.077933 0.075000
93 0.135403 0.077022 0.071200
94 0.094134 0.077489 0.072600
95 0.089793 0.077978 0.073800
96 0.092322 0.077267 0.073600
97 0.081508 0.079600 0.075200
98 0.083523 0.079956 0.076400
99 0.062605 0.080178 0.076400
100 0.064916 0.080022 0.076400
101 0.059209 0.080667 0.075400
102 0.057275 0.079822 0.076000
103 0.052757 0.080756 0.075600
104 0.050663 0.082089 0.078000
105 0.049603 0.081156 0.078200
106 0.053691 0.077644 0.075000
107 0.058999 0.081622 0.075800
108 0.055009 0.081822 0.078800
109 0.050792 0.078422 0.077000
110 0.053005 0.082467 0.075800
111 0.050715 0.082933 0.075200
112 0.056653 0.082978 0.076000
113 0.052175 0.080689 0.078000
114 0.047927 0.082556 0.078000
115 0.048767 0.083644 0.077000
116 0.048158 0.084267 0.080200
117 0.046861 0.084244 0.078400
118 0.046671 0.084133 0.078200
119 0.046075 0.084689 0.077800
120 0.046364 0.084622 0.078200
121 0.961049 0.071711 0.067200
122 0.241933 0.075733 0.075400
123 0.141604 0.074689 0.070200
124 0.113221 0.078444 0.072800
125 0.088373 0.079422 0.073600
126 0.077980 0.077756 0.072200
127 0.079891 0.076644 0.073600
128 0.064891 0.078111 0.076600
129 0.068566 0.077689 0.073600
130 0.065763 0.075200 0.071600
131 0.057653 0.080022 0.073200
132 0.057668 0.077933 0.070800
133 0.057629 0.081156 0.074200
134 0.053616 0.081356 0.076400
135 0.053337 0.077200 0.071200
136 0.061478 0.079578 0.074400
137 0.053292 0.081889 0.076000
138 0.048990 0.080978 0.072400
139 0.054555 0.079600 0.075000
140 0.052316 0.081067 0.073400
141 0.051620 0.082978 0.075200
142 0.051144 0.080244 0.075000
143 0.051524 0.082778 0.073800
144 0.048696 0.084044 0.076400
145 0.048573 0.083444 0.077400
146 0.048624 0.083889 0.079600
147 0.048362 0.082733 0.076200
148 0.047487 0.082756 0.075800
149 0.045790 0.082000 0.075800
150 0.043651 0.083467 0.074400
151 0.045763 0.083400 0.076400
152 0.048552 0.084600 0.077800
153 0.049450 0.082489 0.074000
154 0.052278 0.083511 0.075400
155 0.046961 0.083978 0.078800
156 0.045355 0.081556 0.074600
157 0.045469 0.084244 0.078200
158 0.047092 0.084622 0.076200
159 0.043796 0.083622 0.076200
160 0.043859 0.085111 0.077200
161 0.045038 0.084111 0.075400
162 0.042876 0.083644 0.073600
163 0.041365 0.085000 0.075200
164 0.043835 0.085244 0.076200
165 0.041549 0.085267 0.077200
166 0.040370 0.085822 0.075200
167 0.043547 0.085556 0.074400
168 0.050294 0.083111 0.074800
169 0.047881 0.083222 0.072800
170 0.039465 0.087667 0.077800
171 0.966851 0.072356 0.070200
172 0.194808 0.075778 0.071800
173 0.130979 0.073667 0.069400
174 0.098723 0.079333 0.076200
175 0.095881 0.077289 0.071400
176 0.078820 0.079867 0.074000
177 0.076203 0.077978 0.073600
178 0.069733 0.076600 0.072800
179 0.059248 0.078711 0.073600
180 0.060160 0.079489 0.074200
181 0.059774 0.078400 0.071600
182 0.061588 0.081733 0.077000
183 0.055401 0.082822 0.077600
184 0.052464 0.082511 0.077400
185 0.056542 0.083111 0.076400
186 0.053135 0.082444 0.075400
187 0.054620 0.082467 0.076000
188 0.053486 0.083267 0.078000
189 0.049668 0.079467 0.073600
190 0.048781 0.083778 0.074200
191 0.049525 0.082622 0.076400
192 0.050907 0.083556 0.075800
193 0.048594 0.079578 0.075000
194 0.048157 0.083889 0.077800
195 0.048526 0.083600 0.077000
196 0.050000 0.080733 0.074600
197 0.048769 0.082889 0.075000
198 0.049752 0.083444 0.076200
199 0.046024 0.081244 0.074000
200 0.047487 0.084244 0.078800
201 1.068619 0.071711 0.072400
202 0.302175 0.074800 0.075000
203 0.148258 0.075800 0.075400
204 0.098979 0.077356 0.078000
205 0.096885 0.078311 0.078200
206 0.073890 0.077244 0.077400
207 0.078811 0.078667 0.075600
208 0.075487 0.078733 0.076800
209 0.065891 0.078578 0.079200
210 0.067142 0.078978 0.078600
211 0.061979 0.079044 0.079200
212 0.063254 0.080067 0.077400
213 0.058319 0.080778 0.077200
214 0.061256 0.078844 0.077000
215 0.054434 0.081689 0.079200
216 0.053791 0.080556 0.078200
217 0.051377 0.081889 0.080800
218 0.052596 0.079222 0.077000
219 0.052304 0.082000 0.080400
220 0.050377 0.081956 0.079200
221 0.049238 0.082933 0.078400
222 0.050443 0.083644 0.079600
223 0.048107 0.082756 0.079400
224 0.050609 0.083067 0.080200
225 0.047281 0.083289 0.080400
226 0.047312 0.083044 0.080000
227 0.047316 0.082644 0.079000
228 0.047411 0.084489 0.082000
229 0.047676 0.083489 0.079400
230 0.045616 0.084489 0.081000
231 1.146123 0.071822 0.067200
232 0.281279 0.078933 0.077600
233 0.151052 0.073756 0.074400
234 0.118324 0.076689 0.074600
235 0.106123 0.079400 0.076400
236 0.081935 0.079578 0.073800
237 0.076787 0.077578 0.073800
238 0.076839 0.079800 0.074400
239 0.073313 0.081422 0.079200
240 0.065992 0.079956 0.078000
241 0.065934 0.080000 0.077800
242 0.072406 0.080711 0.075800
243 0.059100 0.080600 0.075400
244 0.053503 0.081622 0.078800
245 0.055723 0.082022 0.078600
246 0.054752 0.080378 0.075800
247 0.057667 0.081178 0.075600
248 0.053182 0.080200 0.073800
249 0.048441 0.078800 0.073800
250 0.050939 0.081756 0.077400
251 0.048143 0.083400 0.078800
252 0.049318 0.084200 0.077600
253 0.047647 0.081333 0.076800
254 0.048499 0.082244 0.075800
255 0.049209 0.084378 0.077800
256 0.047385 0.082778 0.075200
257 0.046565 0.083667 0.077200
258 0.046951 0.084022 0.077000
259 0.045911 0.084600 0.076400
260 0.045659 0.083400 0.075800
261 1.086879 0.069622 0.070200
262 0.237735 0.076267 0.075200
263 0.160540 0.077933 0.076400
264 0.118504 0.074533 0.071200
265 0.094118 0.076667 0.075800
266 0.071353 0.080867 0.078600
267 0.069725 0.078800 0.077800
268 0.060445 0.080756 0.077000
269 0.064401 0.079756 0.076800
270 0.064093 0.080044 0.077800
271 0.061706 0.080622 0.077800
272 0.062684 0.080244 0.078200
273 0.060625 0.081667 0.079200
274 0.054296 0.081600 0.079200
275 0.056022 0.080711 0.078400
276 0.053928 0.080467 0.079600
277 0.059429 0.080489 0.078000
278 0.055466 0.080733 0.078000
279 0.053379 0.081600 0.077200
280 0.054622 0.081667 0.077000
281 0.053181 0.081311 0.077200
282 0.049538 0.081822 0.077200
283 0.050760 0.081844 0.078200
284 0.051838 0.082578 0.078800
285 0.046613 0.084156 0.078800
286 0.047336 0.082467 0.077400
287 0.047786 0.083689 0.080200
288 0.049263 0.082000 0.080400
289 0.048901 0.083133 0.079400
290 0.046481 0.083422 0.081000
291 1.030836 0.072844 0.070400
292 0.218520 0.074222 0.073000
293 0.167223 0.075533 0.072800
294 0.128910 0.078400 0.078400
295 0.084820 0.078867 0.078200
296 0.107327 0.075733 0.074000
297 0.096228 0.077311 0.075000
298 0.077707 0.077111 0.071200
299 0.062154 0.079067 0.077600
300 0.067776 0.079156 0.075400
301 0.054904 0.081311 0.078200
302 0.053156 0.081089 0.076000
303 0.054652 0.079800 0.074200
304 0.050429 0.082289 0.079600
305 0.051652 0.081644 0.077600
306 0.052011 0.082622 0.077000
307 0.053294 0.080244 0.074600
308 0.053676 0.079689 0.071000
309 0.051018 0.080667 0.075000
310 0.049436 0.083622 0.079800
311 0.046117 0.082844 0.078000
312 0.050157 0.081911 0.075000
313 0.050122 0.082889 0.077600
314 0.049543 0.082533 0.079200
315 0.047101 0.083867 0.076600
316 0.050434 0.080933 0.075000
317 0.049006 0.085089 0.079400
318 0.051633 0.084467 0.077200
319 0.047629 0.083778 0.077000
320 0.045758 0.083378 0.077600
321 0.044961 0.084333 0.076400
322 0.046843 0.084156 0.076400
323 0.045802 0.082822 0.077000
324 0.045562 0.084600 0.076400
325 0.043749 0.084422 0.077000
326 0.042463 0.084511 0.077600
327 0.043928 0.086267 0.075600
328 0.045752 0.086333 0.078200
329 0.048654 0.082289 0.075600
