1 10.969649 0.696889 0.716000
2 2.153040 0.741556 0.720000
3 1.443523 0.760000 0.728000
4 1.124153 0.773556 0.754000
5 1.075582 0.765111 0.730000
6 0.995418 0.794444 0.786000
7 0.699560 0.802444 0.796000
8 0.678631 0.769778 0.762000
9 0.632371 0.773778 0.714000
10 0.717024 0.709778 0.668000
11 0.701965 0.803556 0.758000
12 0.551156 0.808000 0.790000
13 0.645861 0.800889 0.776000
14 0.748791 0.806444 0.774000
15 0.590231 0.804667 0.792000
16 0.553494 0.822444 0.792000
17 0.496586 0.806222 0.768000
18 0.533025 0.808000 0.768000
19 0.496858 0.827778 0.800000
20 0.501891 0.830889 0.802000
21 0.514416 0.804444 0.784000
22 0.534933 0.832222 0.786000
23 0.518520 0.812889 0.790000
24 0.441838 0.837778 0.780000
25 0.463351 0.843333 0.794000
26 0.468264 0.840667 0.790000
27 0.478208 0.833333 0.788000
28 0.460499 0.821111 0.784000
29 0.446309 0.833111 0.774000
30 0.447039 0.838000 0.774000
