1 2.826115 0.761111 0.710000
2 0.800353 0.777778 0.710000
3 0.570852 0.781111 0.740000
4 0.497404 0.806667 0.670000
5 0.457393 0.820000 0.740000
6 0.468432 0.822222 0.720000
7 0.451444 0.787778 0.740000
8 0.414620 0.831111 0.730000
9 0.396186 0.805556 0.680000
10 0.380707 0.848889 0.730000
11 0.358252 0.848889 0.710000
12 0.421546 0.816667 0.690000
13 0.368603 0.842222 0.690000
14 0.364905 0.854444 0.630000
15 0.358091 0.830000 0.670000
16 0.339240 0.864444 0.680000
17 0.320261 0.862222 0.650000
18 0.298073 0.864444 0.710000
19 0.321898 0.864444 0.690000
20 0.339169 0.876667 0.660000
21 0.324398 0.873333 0.690000
22 0.289319 0.866667 0.660000
23 0.413101 0.852222 0.720000
24 0.548980 0.827778 0.720000
25 0.417137 0.830000 0.680000
26 0.352091 0.841111 0.600000
27 0.318414 0.866667 0.740000
28 0.301024 0.873333 0.700000
29 0.287889 0.853333 0.640000
30 0.341222 0.872222 0.680000
31 0.282164 0.882222 0.710000
32 0.305660 0.817778 0.640000
33 0.310890 0.886667 0.690000
34 0.302042 0.877778 0.660000
35 0.281887 0.877778 0.700000
36 0.259838 0.896667 0.670000
37 0.244061 0.890000 0.710000
38 0.240387 0.895556 0.650000
39 0.249836 0.873333 0.620000
40 0.282777 0.865556 0.640000
41 0.313751 0.885556 0.690000
42 0.333432 0.846667 0.630000
43 0.323516 0.858889 0.700000
44 0.284532 0.878889 0.660000
45 0.267277 0.873333 0.650000
46 0.260654 0.901111 0.670000
47 0.251801 0.896667 0.670000
48 0.265951 0.905556 0.680000
49 0.220728 0.915556 0.660000
50 0.222589 0.913333 0.660000
51 0.211946 0.911111 0.660000
52 0.208966 0.896667 0.660000
53 0.198267 0.920000 0.680000
54 0.210128 0.916667 0.670000
55 0.212064 0.927778 0.660000
56 0.203522 0.922222 0.680000
57 0.191143 0.907778 0.670000
58 0.203135 0.924444 0.670000
59 0.184794 0.922222 0.640000
60 0.224696 0.915556 0.630000
61 0.200508 0.923333 0.680000
62 0.192748 0.928889 0.680000
63 0.199920 0.921111 0.670000
64 0.206505 0.925556 0.650000
65 0.185679 0.924444 0.680000
66 0.190372 0.930000 0.660000
67 0.192441 0.920000 0.700000
68 0.188274 0.920000 0.630000
69 0.218113 0.903333 0.680000
70 0.202914 0.920000 0.650000
71 0.193237 0.923333 0.660000
72 0.196792 0.932222 0.650000
73 0.204042 0.927778 0.660000
74 0.195420 0.921111 0.670000
75 0.194671 0.926667 0.680000
76 0.198851 0.917778 0.700000
77 0.213584 0.920000 0.630000
78 0.194247 0.924444 0.660000
79 0.184842 0.912222 0.620000
80 0.169117 0.933333 0.690000
81 0.184222 0.924444 0.660000
82 0.190609 0.925556 0.620000
83 0.187736 0.924444 0.700000
84 0.185417 0.927778 0.640000
85 0.185806 0.930000 0.650000
86 0.172563 0.932222 0.700000
87 0.200358 0.934444 0.650000
88 0.186193 0.927778 0.650000
89 0.201333 0.914444 0.680000
90 0.274459 0.878889 0.650000
91 0.244842 0.922222 0.650000
92 0.197725 0.930000 0.690000
93 0.183025 0.931111 0.680000
94 0.195971 0.934444 0.650000
95 0.185840 0.932222 0.670000
96 0.180103 0.924444 0.670000
97 0.187731 0.907778 0.680000
98 0.187133 0.932222 0.650000
99 0.176168 0.931111 0.710000
100 0.179693 0.935556 0.680000
101 0.150817 0.940000 0.710000
102 0.159409 0.936667 0.670000
103 0.152305 0.937778 0.650000
104 0.154029 0.937778 0.680000
105 0.150222 0.934444 0.650000
106 0.152542 0.938889 0.680000
107 0.148355 0.932222 0.660000
108 0.142612 0.942222 0.660000
109 0.144529 0.945556 0.660000
110 0.149802 0.945556 0.680000
111 0.145356 0.940000 0.670000
112 0.145697 0.938889 0.660000
113 0.148799 0.935556 0.660000
114 0.153847 0.932222 0.630000
115 0.150669 0.927778 0.660000
116 0.192332 0.943333 0.660000
117 0.145881 0.938889 0.640000
118 0.160131 0.940000 0.670000
119 0.155821 0.933333 0.610000
120 0.143467 0.945556 0.670000
121 0.156738 0.940000 0.660000
122 0.150145 0.942222 0.690000
123 0.153945 0.937778 0.660000
124 0.147750 0.942222 0.670000
125 0.145043 0.933333 0.680000
126 0.139244 0.941111 0.680000
127 0.150865 0.945556 0.670000
128 0.147940 0.946667 0.670000
129 0.150405 0.940000 0.690000
130 0.142689 0.943333 0.660000
131 0.141149 0.935556 0.680000
132 0.162647 0.946667 0.690000
133 0.156213 0.944444 0.690000
134 0.148762 0.940000 0.650000
135 0.147587 0.941111 0.690000
136 0.145550 0.946667 0.680000
137 0.156056 0.944444 0.640000
138 0.138647 0.942222 0.650000
139 0.130265 0.943333 0.670000
140 0.144687 0.941111 0.660000
141 0.148413 0.934444 0.650000
142 0.156079 0.942222 0.670000
143 0.150565 0.940000 0.680000
144 0.140303 0.947778 0.650000
145 0.136961 0.947778 0.670000
146 0.132156 0.945556 0.680000
147 0.140938 0.946667 0.680000
148 0.131431 0.944444 0.670000
149 0.162973 0.937778 0.680000
150 0.153072 0.944444 0.680000
151 0.125615 0.945556 0.660000
152 0.123553 0.946667 0.660000
153 0.165455 0.943333 0.670000
154 0.124909 0.951111 0.660000
155 0.125827 0.952222 0.670000
156 0.126206 0.947778 0.670000
157 0.119565 0.946667 0.660000
158 0.124613 0.946667 0.680000
159 0.127698 0.944444 0.680000
160 0.131508 0.947778 0.660000
161 0.128988 0.948889 0.680000
162 0.129395 0.950000 0.660000
163 0.124680 0.950000 0.660000
164 0.130036 0.947778 0.670000
165 0.117004 0.946667 0.670000
166 0.115817 0.950000 0.670000
167 0.129710 0.948889 0.670000
168 0.124479 0.948889 0.690000
169 0.121629 0.948889 0.670000
170 0.119242 0.946667 0.670000
171 0.132476 0.947778 0.650000
172 0.128383 0.950000 0.660000
173 0.134142 0.951111 0.660000
174 0.121085 0.947778 0.640000
175 0.123932 0.948889 0.670000
176 0.115580 0.945556 0.650000
177 0.123462 0.947778 0.650000
178 0.123205 0.948889 0.660000
179 0.124240 0.951111 0.680000
180 0.152114 0.946667 0.660000
181 0.134852 0.946667 0.680000
182 0.120731 0.944444 0.690000
183 0.131592 0.951111 0.680000
184 0.128735 0.945556 0.690000
185 0.120542 0.947778 0.660000
186 0.130296 0.947778 0.670000
187 0.117361 0.948889 0.680000
188 0.120429 0.947778 0.670000
189 0.126511 0.950000 0.670000
190 0.120291 0.951111 0.660000
191 0.120244 0.950000 0.660000
192 0.128376 0.948889 0.670000
193 0.121616 0.946667 0.640000
194 0.123633 0.948889 0.670000
195 0.121803 0.941111 0.660000
196 0.118703 0.951111 0.680000
197 0.120468 0.950000 0.630000
198 0.125042 0.948889 0.680000
199 0.127559 0.947778 0.650000
200 0.118323 0.951111 0.670000
201 0.119684 0.952222 0.680000
202 0.115821 0.951111 0.670000
203 0.121587 0.945556 0.670000
204 0.115012 0.950000 0.700000
205 0.116619 0.951111 0.680000
206 0.113919 0.950000 0.660000
207 0.121617 0.950000 0.690000
208 0.114293 0.947778 0.690000
209 0.121854 0.952222 0.670000
210 0.106188 0.953333 0.660000
211 0.112255 0.955556 0.670000
212 0.116031 0.954444 0.680000
213 0.116828 0.953333 0.680000
214 0.110567 0.951111 0.690000
215 0.112395 0.952222 0.660000
216 0.109429 0.953333 0.670000
217 0.119576 0.952222 0.670000
218 0.122192 0.950000 0.690000
219 0.114964 0.953333 0.690000
220 0.118041 0.953333 0.670000
221 0.121321 0.952222 0.680000
222 0.125155 0.951111 0.680000
223 0.116176 0.955556 0.670000
224 0.115199 0.952222 0.670000
225 0.115675 0.950000 0.670000
226 0.120009 0.951111 0.710000
227 0.111955 0.952222 0.690000
228 0.114435 0.950000 0.710000
229 0.116703 0.947778 0.690000
230 0.113218 0.950000 0.680000
231 0.115479 0.952222 0.670000
232 0.104741 0.952222 0.670000
233 0.114009 0.946667 0.650000
234 0.114236 0.951111 0.670000
235 0.118474 0.952222 0.690000
236 0.119411 0.951111 0.670000
237 0.121749 0.950000 0.690000
238 0.111002 0.951111 0.700000
239 0.122585 0.953333 0.670000
240 0.115751 0.953333 0.680000
241 0.113989 0.953333 0.680000
242 0.117863 0.947778 0.670000
243 0.122053 0.955556 0.680000
244 0.107182 0.952222 0.670000
245 0.105578 0.952222 0.660000
246 0.107125 0.954444 0.670000
247 0.111364 0.953333 0.660000
248 0.115017 0.954444 0.680000
249 0.109506 0.954444 0.670000
250 0.108202 0.955556 0.680000
251 0.111254 0.951111 0.700000
252 0.107027 0.952222 0.670000
253 0.108257 0.953333 0.670000
254 0.107382 0.951111 0.680000
255 0.108168 0.952222 0.680000
256 0.112347 0.952222 0.670000
257 0.107286 0.953333 0.670000
258 0.114222 0.954444 0.680000
259 0.107972 0.955556 0.680000
260 0.110542 0.955556 0.670000
261 0.113354 0.954444 0.670000
262 0.113586 0.953333 0.680000
263 0.107166 0.953333 0.670000
264 0.109252 0.954444 0.680000
265 0.107004 0.955556 0.680000
266 0.108270 0.954444 0.670000
267 0.111645 0.955556 0.670000
268 0.112890 0.953333 0.670000
269 0.111023 0.954444 0.680000
270 0.118563 0.953333 0.670000
271 0.107257 0.953333 0.680000
272 0.105647 0.954444 0.680000
273 0.116677 0.954444 0.670000
274 0.114032 0.953333 0.690000
275 0.108371 0.953333 0.670000
276 0.107433 0.953333 0.670000
277 0.111232 0.954444 0.680000
278 0.112820 0.953333 0.690000
279 0.104322 0.953333 0.670000
280 0.106189 0.954444 0.680000
281 0.112028 0.952222 0.680000
282 0.115516 0.954444 0.670000
283 0.109729 0.954444 0.680000
284 0.115598 0.954444 0.690000
285 0.115237 0.955556 0.670000
286 0.113391 0.955556 0.680000
287 0.105434 0.954444 0.670000
288 0.109320 0.953333 0.670000
289 0.105279 0.955556 0.680000
290 0.107184 0.954444 0.680000
291 0.110563 0.955556 0.670000
292 0.112305 0.953333 0.670000
293 0.104983 0.955556 0.700000
294 0.110166 0.953333 0.680000
295 0.110077 0.954444 0.670000
296 0.109072 0.954444 0.670000
297 0.104471 0.952222 0.670000
298 0.116186 0.954444 0.700000
299 0.099370 0.954444 0.680000
300 0.101938 0.955556 0.670000
301 0.108190 0.953333 0.680000
302 0.107147 0.953333 0.680000
303 0.109798 0.955556 0.670000
304 0.104368 0.953333 0.670000
305 0.108135 0.954444 0.680000
306 0.108340 0.954444 0.670000
307 0.106716 0.953333 0.680000
308 0.109343 0.955556 0.670000
309 0.108834 0.953333 0.680000
310 0.108037 0.952222 0.680000
311 0.101031 0.954444 0.670000
312 0.112958 0.953333 0.680000
313 0.102368 0.954444 0.690000
314 0.108656 0.954444 0.670000
315 0.100392 0.954444 0.670000
316 0.104137 0.954444 0.680000
317 0.111438 0.952222 0.670000
318 0.104989 0.952222 0.670000
319 0.102274 0.954444 0.670000
320 0.098975 0.955556 0.670000
321 0.103948 0.955556 0.670000
322 0.101484 0.953333 0.670000
323 0.101684 0.953333 0.680000
324 0.104600 0.954444 0.680000
325 0.106882 0.955556 0.670000
326 0.104312 0.953333 0.680000
327 0.107158 0.955556 0.670000
328 0.106759 0.955556 0.680000
329 0.105544 0.954444 0.680000
330 0.107934 0.955556 0.670000
331 0.101996 0.955556 0.680000
332 0.105592 0.953333 0.680000
333 0.097905 0.955556 0.680000
334 0.104186 0.954444 0.690000
335 0.110499 0.955556 0.680000
336 0.103396 0.955556 0.680000
337 0.107870 0.953333 0.680000
338 0.109293 0.953333 0.680000
339 0.100675 0.955556 0.670000
340 0.105869 0.955556 0.680000
341 0.098956 0.953333 0.670000
342 0.105158 0.954444 0.680000
343 0.111048 0.955556 0.670000
344 0.108083 0.955556 0.680000
345 0.101917 0.954444 0.670000
346 0.108593 0.954444 0.680000
347 0.104985 0.953333 0.670000
348 0.115540 0.955556 0.670000
349 0.106102 0.954444 0.680000
350 0.107995 0.953333 0.680000
