1 1.397253 0.723529 0.722222
2 0.640949 0.852941 0.722222
3 0.680860 0.841176 0.722222
4 0.768216 0.805882 0.666667
5 0.477818 0.876471 0.722222
6 0.401525 0.841176 0.611111
7 0.495274 0.405882 0.388889
8 0.519033 0.394118 0.388889
9 0.390132 0.876471 0.777778
10 0.412752 0.835294 0.722222
11 0.408069 0.729412 0.722222
12 0.411362 0.794118 0.722222
13 0.402364 0.882353 0.666667
14 0.363624 0.617647 0.500000
15 0.316723 0.882353 0.666667
16 0.375154 0.388235 0.388889
17 0.340381 0.411765 0.388889
18 0.368612 0.882353 0.777778
19 0.295378 0.417647 0.388889
20 0.336083 0.805882 0.666667
21 0.359682 0.835294 0.666667
22 0.344907 0.864706 0.666667
23 0.332024 0.382353 0.333333
24 0.343594 0.741176 0.666667
25 0.302871 0.852941 0.722222
26 0.287344 0.852941 0.722222
27 0.277610 0.847059 0.666667
28 0.276820 0.888235 0.611111
29 0.251855 0.852941 0.611111
30 0.246673 0.900000 0.722222
31 0.238632 0.882353 0.666667
32 0.245371 0.923529 0.611111
33 0.248082 0.894118 0.666667
34 0.253746 0.876471 0.666667
35 0.279957 0.517647 0.444444
36 0.246970 0.364706 0.333333
37 0.228581 0.417647 0.388889
38 0.201664 0.382353 0.333333
39 0.217202 0.800000 0.611111
40 0.243377 0.452941 0.444444
41 0.235969 0.888235 0.722222
42 0.214819 0.941176 0.611111
43 0.181421 0.576471 0.333333
44 0.182821 0.835294 0.444444
45 0.190100 0.917647 0.666667
46 0.185039 0.741176 0.388889
47 0.165735 0.858824 0.666667
48 0.182994 0.858824 0.666667
49 0.173094 0.900000 0.666667
50 0.156599 0.900000 0.666667
51 0.150472 0.447059 0.388889
52 0.144573 0.941176 0.722222
53 0.146965 0.623529 0.333333
54 0.152676 0.935294 0.666667
55 0.140795 0.905882 0.666667
56 0.156000 0.541176 0.444444
57 0.146874 0.488235 0.333333
58 0.155535 0.900000 0.722222
59 0.138324 0.917647 0.666667
60 0.144723 0.794118 0.666667
61 0.139241 0.417647 0.388889
62 0.142828 0.941176 0.666667
63 0.143240 0.423529 0.388889
64 0.143113 0.870588 0.555556
65 0.138447 0.858824 0.611111
66 0.134228 0.517647 0.333333
67 0.140611 0.917647 0.722222
68 0.144759 0.852941 0.555556
69 0.140439 0.923529 0.666667
70 0.143056 0.917647 0.722222
