1 4.248515 0.422222 0.426667
2 2.304390 0.480000 0.446667
3 1.560142 0.480741 0.400000
4 1.514472 0.542963 0.520000
5 1.487693 0.506667 0.473333
6 1.176727 0.487407 0.426667
7 1.281501 0.540000 0.473333
8 1.537989 0.485926 0.473333
9 1.192477 0.518519 0.453333
10 1.046711 0.554074 0.506667
11 1.048266 0.560741 0.500000
12 0.975342 0.556296 0.493333
13 0.956496 0.569630 0.486667
14 0.929047 0.570370 0.446667
15 0.983785 0.582963 0.486667
16 0.933850 0.536296 0.426667
17 0.966834 0.567407 0.446667
18 0.964432 0.527407 0.440000
19 1.264308 0.551111 0.440000
20 1.210884 0.560000 0.466667
21 0.948047 0.571852 0.466667
22 0.995730 0.558519 0.480000
23 1.066994 0.551852 0.493333
24 0.967926 0.571852 0.453333
25 0.935956 0.577037 0.486667
26 0.925082 0.579259 0.446667
27 0.877075 0.594074 0.486667
28 0.878319 0.581481 0.460000
29 0.963528 0.599259 0.453333
30 0.878607 0.592593 0.466667
31 0.931664 0.603704 0.466667
32 0.860721 0.585926 0.480000
33 0.871425 0.605926 0.486667
34 0.857381 0.591852 0.500000
35 0.854177 0.603704 0.486667
36 0.854561 0.610370 0.486667
37 0.871606 0.605185 0.486667
38 0.858995 0.600000 0.493333
39 0.845702 0.605185 0.520000
40 0.860059 0.577037 0.466667
41 0.816737 0.606667 0.460000
42 0.839014 0.613333 0.506667
43 0.813239 0.616296 0.520000
44 0.845419 0.622963 0.500000
45 0.848364 0.602222 0.513333
46 0.842946 0.580741 0.480000
47 0.816871 0.611852 0.493333
48 0.822695 0.619259 0.453333
49 0.824593 0.616296 0.520000
50 0.795954 0.625926 0.486667
51 0.784935 0.633333 0.473333
52 0.776325 0.631111 0.506667
53 0.802095 0.632593 0.493333
54 0.793536 0.628148 0.513333
55 0.780922 0.630370 0.526667
56 0.768452 0.636296 0.520000
57 0.770984 0.642963 0.500000
58 0.781264 0.639259 0.500000
59 0.784581 0.631111 0.506667
60 0.761400 0.644444 0.533333
61 0.772237 0.636296 0.453333
62 0.790081 0.640741 0.480000
63 0.767337 0.638519 0.486667
64 0.762417 0.640000 0.513333
65 0.755020 0.637037 0.460000
66 0.774220 0.640741 0.520000
67 0.773981 0.642963 0.533333
68 0.770743 0.625926 0.526667
69 0.768138 0.645185 0.466667
70 0.747327 0.649630 0.493333
