1 3.780081 0.514563 0.571429
2 1.815342 0.543689 0.542857
3 1.278773 0.482201 0.485714
4 1.394975 0.443366 0.485714
5 1.338564 0.459547 0.514286
6 0.882295 0.637540 0.657143
7 0.741925 0.660194 0.685714
8 0.632483 0.676375 0.657143
9 0.628288 0.715210 0.685714
10 0.608192 0.724919 0.800000
11 0.607334 0.686084 0.714286
12 0.615944 0.718447 0.685714
13 0.610099 0.676375 0.685714
14 0.555982 0.747573 0.657143
15 0.554869 0.734628 0.714286
16 0.600803 0.514563 0.600000
17 0.540615 0.799353 0.714286
18 0.528657 0.818770 0.685714
19 0.503646 0.796117 0.657143
20 0.458489 0.757282 0.742857
21 0.524296 0.802589 0.714286
22 0.460856 0.854369 0.657143
23 0.437960 0.822006 0.714286
24 0.410902 0.828479 0.657143
25 0.352089 0.805825 0.628571
26 0.384606 0.773463 0.685714
27 0.376646 0.763754 0.657143
28 0.391416 0.854369 0.685714
29 0.388470 0.741100 0.685714
30 0.350433 0.860841 0.714286
31 0.291163 0.880259 0.714286
32 0.568420 0.715210 0.657143
33 0.280581 0.799353 0.714286
34 0.303507 0.883495 0.742857
35 0.289043 0.932039 0.657143
36 0.243724 0.941748 0.628571
37 0.207087 0.912621 0.542857
38 0.237348 0.886731 0.714286
39 0.223920 0.944984 0.571429
40 0.158225 0.928803 0.628571
41 0.376869 0.831715 0.600000
42 0.218241 0.944984 0.628571
43 0.119441 0.970874 0.600000
44 0.103155 0.987055 0.657143
45 0.123804 0.899676 0.571429
46 0.431106 0.822006 0.600000
47 0.307393 0.970874 0.657143
48 0.121561 0.977346 0.600000
49 0.175282 0.932039 0.600000
50 0.114679 0.980583 0.600000
51 0.109340 0.977346 0.571429
52 0.087703 0.983819 0.628571
53 0.069048 0.983819 0.600000
54 0.071205 0.983819 0.571429
55 0.070152 0.987055 0.571429
56 0.060816 0.928803 0.600000
57 0.070370 0.990291 0.600000
58 0.062091 0.983819 0.600000
59 0.066434 0.983819 0.571429
60 0.079597 0.980583 0.628571
61 0.060813 0.990291 0.600000
62 0.067666 0.987055 0.628571
63 0.064785 0.987055 0.628571
64 0.069189 0.980583 0.628571
65 0.070413 0.983819 0.600000
66 0.086712 0.987055 0.685714
67 0.118762 0.906149 0.600000
68 0.099468 0.987055 0.628571
69 0.085662 0.983819 0.600000
70 0.097210 0.902913 0.571429
71 0.100709 0.970874 0.571429
72 0.071886 0.990291 0.628571
73 0.055792 0.990291 0.571429
74 0.051060 0.987055 0.600000
75 0.056276 0.990291 0.600000
76 0.048091 0.990291 0.600000
77 0.045094 0.990291 0.628571
78 0.048804 0.990291 0.628571
79 0.061450 0.983819 0.657143
80 0.227762 0.948220 0.514286
81 0.127718 0.977346 0.657143
82 0.067271 0.987055 0.628571
83 0.058285 0.993528 0.628571
84 0.049110 0.990291 0.628571
85 0.053691 0.990291 0.600000
86 0.044999 0.990291 0.600000
87 0.047456 0.990291 0.628571
88 0.055152 0.990291 0.600000
89 0.052539 0.993528 0.628571
90 0.059057 0.990291 0.628571
91 0.218207 0.902913 0.542857
92 0.198302 0.983819 0.628571
93 0.126114 0.987055 0.685714
94 0.095849 0.983819 0.657143
95 0.078020 0.977346 0.628571
96 0.081039 0.990291 0.628571
97 0.057743 0.990291 0.600000
98 0.050238 0.990291 0.628571
99 0.060184 0.993528 0.571429
100 0.052066 0.990291 0.657143
101 0.056064 0.987055 0.628571
102 0.046396 0.993528 0.628571
103 0.043050 0.993528 0.628571
104 0.038046 0.990291 0.628571
105 0.036490 0.993528 0.628571
106 0.045414 0.993528 0.628571
107 0.041839 0.993528 0.628571
108 0.040093 0.993528 0.628571
109 0.041212 0.993528 0.628571
110 0.037835 0.993528 0.628571
111 0.044806 0.993528 0.628571
112 0.059213 0.993528 0.600000
113 0.047130 0.993528 0.600000
114 0.081083 0.993528 0.657143
115 0.043545 0.993528 0.657143
116 0.043697 0.993528 0.657143
117 0.038572 0.993528 0.657143
118 0.039828 0.993528 0.657143
119 0.037181 0.993528 0.657143
120 0.042567 0.993528 0.657143
121 0.041094 0.993528 0.657143
122 0.036696 0.993528 0.657143
123 0.039375 0.993528 0.657143
124 0.036385 0.993528 0.657143
125 0.038738 0.993528 0.657143
126 0.036925 0.993528 0.657143
127 0.038825 0.993528 0.657143
128 0.035839 0.993528 0.657143
129 0.040528 0.993528 0.657143
130 0.036878 0.993528 0.657143
131 0.033548 0.993528 0.628571
132 0.038992 0.993528 0.628571
133 0.039604 0.993528 0.628571
134 0.035346 0.993528 0.657143
135 0.032302 0.993528 0.628571
136 0.038315 0.993528 0.628571
137 0.051448 0.990291 0.628571
138 0.096655 0.980583 0.685714
139 0.065080 0.990291 0.685714
140 0.054647 0.987055 0.628571
141 0.046652 0.993528 0.685714
142 0.047296 0.993528 0.628571
143 0.034574 0.993528 0.657143
144 0.036772 0.993528 0.657143
145 0.042299 0.993528 0.628571
146 0.057292 0.990291 0.600000
147 0.078573 0.990291 0.628571
148 0.104345 0.990291 0.685714
149 0.051219 0.993528 0.628571
150 0.039231 0.993528 0.628571
151 0.035493 0.993528 0.600000
152 0.035012 0.993528 0.600000
153 0.032786 0.993528 0.628571
154 0.036069 0.993528 0.628571
155 0.040031 0.993528 0.628571
156 0.034169 0.993528 0.628571
157 0.030720 0.993528 0.628571
158 0.030863 0.993528 0.628571
159 0.032273 0.993528 0.600000
160 0.033945 0.993528 0.600000
161 0.033326 0.993528 0.628571
162 0.030595 0.993528 0.628571
163 0.033588 0.993528 0.628571
164 0.031789 0.993528 0.628571
165 0.030558 0.993528 0.628571
166 0.035230 0.993528 0.628571
167 0.031114 0.993528 0.628571
168 0.027043 0.993528 0.628571
169 0.028474 0.993528 0.628571
170 0.032058 0.993528 0.628571
171 0.030003 0.993528 0.600000
172 0.030424 0.993528 0.628571
173 0.029603 0.993528 0.628571
174 0.032167 0.993528 0.628571
175 0.032086 0.993528 0.628571
176 0.033996 0.993528 0.628571
177 0.028919 0.993528 0.628571
178 0.032086 0.993528 0.628571
179 0.032860 0.993528 0.628571
180 0.035894 0.993528 0.600000
181 0.031972 0.993528 0.628571
182 0.030139 0.993528 0.600000
183 0.029011 0.993528 0.571429
184 0.030262 0.993528 0.600000
185 0.032647 0.993528 0.600000
186 0.033088 0.993528 0.600000
187 0.032007 0.993528 0.600000
188 0.029189 0.993528 0.600000
189 0.028305 0.993528 0.600000
190 0.041773 0.993528 0.600000
191 0.029483 0.993528 0.600000
192 0.029789 0.993528 0.571429
193 0.027909 0.993528 0.600000
194 0.034868 0.993528 0.600000
195 0.034175 0.993528 0.628571
196 0.027079 0.993528 0.600000
197 0.031457 0.993528 0.600000
198 0.030580 0.993528 0.600000
199 0.034791 0.993528 0.600000
200 0.023576 0.993528 0.600000
201 0.025968 0.993528 0.628571
202 0.030703 0.993528 0.600000
203 0.026568 0.993528 0.628571
204 0.026999 0.993528 0.600000
205 0.027328 0.993528 0.628571
206 0.027327 0.993528 0.600000
207 0.024033 0.993528 0.628571
208 0.026630 0.993528 0.600000
209 0.029622 0.993528 0.600000
210 0.025111 0.993528 0.600000
211 0.027900 0.993528 0.600000
212 0.026072 0.993528 0.600000
213 0.022266 0.993528 0.628571
214 0.028735 0.993528 0.571429
215 0.029419 0.993528 0.600000
216 0.026211 0.993528 0.600000
217 0.023139 0.993528 0.628571
218 0.027579 0.993528 0.600000
219 0.029473 0.993528 0.600000
220 0.028831 0.993528 0.628571
221 0.026166 0.993528 0.600000
222 0.027812 0.993528 0.628571
223 0.027103 0.993528 0.600000
224 0.030534 0.993528 0.542857
225 0.032616 0.993528 0.600000
226 0.028061 0.993528 0.628571
227 0.025103 0.993528 0.600000
228 0.030511 0.993528 0.600000
229 0.030586 0.993528 0.628571
230 0.026915 0.993528 0.628571
231 0.027356 0.993528 0.628571
232 0.026539 0.993528 0.628571
233 0.024786 0.993528 0.600000
234 0.022744 0.993528 0.628571
235 0.025254 0.993528 0.628571
236 0.023819 0.993528 0.628571
237 0.027427 0.993528 0.600000
238 0.024717 0.993528 0.628571
239 0.022476 0.993528 0.628571
240 0.030892 0.993528 0.600000
241 0.025064 0.993528 0.628571
242 0.024499 0.993528 0.628571
243 0.023746 0.993528 0.628571
244 0.025303 0.993528 0.628571
245 0.023083 0.993528 0.628571
246 0.028294 0.993528 0.600000
247 0.025004 0.993528 0.628571
248 0.028081 0.993528 0.628571
249 0.027077 0.993528 0.628571
250 0.030002 0.993528 0.600000
251 0.026174 0.993528 0.628571
252 0.020487 0.993528 0.600000
253 0.026528 0.993528 0.628571
254 0.025529 0.993528 0.628571
255 0.023882 0.993528 0.628571
256 0.025020 0.993528 0.657143
257 0.021516 0.993528 0.628571
258 0.023510 0.993528 0.628571
259 0.025992 0.993528 0.600000
260 0.026427 0.993528 0.628571
261 0.026683 0.993528 0.628571
262 0.026847 0.993528 0.628571
263 0.023698 0.993528 0.600000
264 0.024834 0.993528 0.600000
265 0.026281 0.993528 0.571429
266 0.022951 0.993528 0.628571
267 0.024761 0.993528 0.628571
268 0.024568 0.993528 0.628571
269 0.024654 0.993528 0.600000
270 0.023288 0.993528 0.600000
271 0.023180 0.993528 0.628571
272 0.024368 0.993528 0.628571
273 0.025596 0.993528 0.628571
274 0.027049 0.993528 0.628571
275 0.022592 0.993528 0.628571
276 0.024513 0.993528 0.628571
277 0.022705 0.993528 0.628571
278 0.024285 0.993528 0.628571
279 0.027122 0.993528 0.628571
280 0.020848 0.993528 0.628571
281 0.024791 0.993528 0.600000
282 0.027464 0.993528 0.628571
283 0.021298 0.993528 0.628571
284 0.022974 0.993528 0.628571
285 0.024648 0.993528 0.628571
286 0.023128 0.993528 0.657143
287 0.025910 0.993528 0.657143
288 0.022534 0.993528 0.657143
289 0.024468 0.993528 0.657143
290 0.023386 0.993528 0.657143
291 0.023490 0.993528 0.657143
292 0.026385 0.993528 0.657143
293 0.022862 0.993528 0.657143
294 0.023411 0.993528 0.657143
295 0.025312 0.993528 0.657143
296 0.020844 0.993528 0.628571
297 0.025089 0.993528 0.628571
298 0.024706 0.993528 0.628571
299 0.022833 0.993528 0.628571
300 0.022791 0.993528 0.657143
301 0.022474 0.993528 0.657143
302 0.021432 0.993528 0.628571
303 0.024318 0.993528 0.657143
304 0.020095 0.993528 0.657143
305 0.021862 0.993528 0.628571
306 0.022577 0.993528 0.628571
307 0.024277 0.993528 0.628571
308 0.022077 0.993528 0.628571
309 0.024648 0.993528 0.628571
310 0.025315 0.993528 0.657143
311 0.021782 0.993528 0.628571
312 0.025263 0.993528 0.628571
313 0.022309 0.993528 0.628571
314 0.020698 0.993528 0.628571
315 0.023057 0.993528 0.628571
316 0.023582 0.993528 0.628571
317 0.023092 0.993528 0.628571
318 0.024313 0.993528 0.628571
319 0.024390 0.993528 0.628571
320 0.019095 0.993528 0.628571
321 0.024291 0.993528 0.628571
322 0.022516 0.993528 0.628571
323 0.024695 0.993528 0.628571
324 0.024117 0.993528 0.628571
325 0.026761 0.993528 0.657143
326 0.025742 0.993528 0.628571
327 0.024118 0.993528 0.657143
328 0.022213 0.993528 0.657143
329 0.024697 0.993528 0.657143
330 0.023021 0.993528 0.657143
331 0.022501 0.993528 0.657143
332 0.022651 0.993528 0.657143
333 0.022671 0.993528 0.657143
334 0.020632 0.993528 0.657143
335 0.025301 0.993528 0.657143
336 0.024545 0.993528 0.657143
337 0.023090 0.993528 0.657143
338 0.020124 0.993528 0.657143
339 0.023070 0.993528 0.657143
340 0.022427 0.993528 0.657143
341 0.021276 0.993528 0.657143
342 0.023657 0.993528 0.657143
343 0.024764 0.993528 0.657143
344 0.020598 0.993528 0.657143
345 0.022007 0.993528 0.657143
346 0.021593 0.993528 0.657143
347 0.024111 0.993528 0.657143
348 0.021879 0.993528 0.657143
349 0.020763 0.993528 0.657143
350 0.027307 0.993528 0.657143
