1 1.979636 0.804734 0.842105
2 0.756562 0.816568 0.789474
3 0.622608 0.668639 0.684211
4 0.636765 0.763314 0.789474
5 0.495156 0.887574 0.842105
6 0.390906 0.692308 0.736842
7 0.603708 0.834320 0.789474
8 0.498437 0.881657 0.842105
9 0.367284 0.798817 0.736842
10 0.340243 0.869822 0.736842
11 0.296340 0.414201 0.315789
12 0.281242 0.692308 0.473684
13 0.269820 0.863905 0.736842
14 0.252165 0.757396 0.684211
15 0.289856 0.763314 0.736842
16 0.336284 0.775148 0.736842
17 0.295871 0.899408 0.789474
18 0.246538 0.887574 0.789474
19 0.214214 0.852071 0.736842
20 0.222476 0.544379 0.684211
21 0.278362 0.899408 0.789474
22 0.211245 0.893491 0.736842
23 0.199526 0.940828 0.736842
24 0.182039 0.940828 0.789474
25 0.169512 0.952663 0.789474
26 0.205942 0.940828 0.789474
27 0.165643 0.923077 0.789474
28 0.203395 0.502959 0.263158
29 0.181775 0.828402 0.736842
30 0.212730 0.899408 0.789474
31 0.203320 0.840237 0.736842
32 0.155339 0.781065 0.684211
33 0.166364 0.674556 0.631579
34 0.148448 0.970414 0.789474
35 0.148487 0.917160 0.684211
36 0.151263 0.905325 0.578947
37 0.152247 0.899408 0.736842
38 0.151032 0.958580 0.789474
39 0.135015 0.923077 0.684211
40 0.160422 0.715976 0.631579
41 0.131141 0.958580 0.736842
42 0.130889 0.952663 0.789474
43 0.157086 0.952663 0.736842
44 0.138138 0.958580 0.736842
45 0.134916 0.952663 0.789474
46 0.183909 0.769231 0.684211
47 0.183420 0.964497 0.789474
48 0.136058 0.923077 0.736842
49 0.124528 0.420118 0.263158
50 0.117283 0.958580 0.789474
51 0.102622 0.970414 0.789474
52 0.097791 0.964497 0.789474
53 0.108008 0.970414 0.789474
54 0.100937 0.940828 0.789474
55 0.102340 0.970414 0.789474
56 0.108408 0.976331 0.789474
57 0.092369 0.970414 0.789474
58 0.094142 0.970414 0.789474
59 0.088325 0.964497 0.789474
60 0.089921 0.976331 0.789474
61 0.097197 0.970414 0.789474
62 0.102520 0.946746 0.736842
63 0.100825 0.952663 0.789474
64 0.083676 0.964497 0.789474
65 0.083522 0.982249 0.789474
66 0.090456 0.940828 0.736842
67 0.092777 0.964497 0.789474
68 0.085620 0.982249 0.789474
69 0.103901 0.911243 0.736842
70 0.090204 0.982249 0.789474
