1 10.308361 0.728444 0.704000
2 2.185200 0.742222 0.730000
3 1.672235 0.755333 0.728000
4 1.289095 0.784000 0.784000
5 0.848195 0.788667 0.782000
6 1.073271 0.757333 0.740000
7 0.962282 0.773111 0.750000
8 0.777073 0.771111 0.712000
9 0.621544 0.790667 0.776000
10 0.677758 0.791556 0.754000
11 0.549037 0.813111 0.782000
12 0.531559 0.810889 0.760000
13 0.546523 0.798000 0.742000
14 0.504291 0.822889 0.796000
15 0.516522 0.816444 0.776000
16 0.520105 0.826222 0.770000
17 0.532936 0.802444 0.746000
18 0.536759 0.796889 0.710000
19 0.510177 0.806667 0.750000
20 0.494357 0.836222 0.798000
21 0.461168 0.828444 0.780000
22 0.501573 0.819111 0.750000
23 0.501222 0.828889 0.776000
24 0.495431 0.825333 0.792000
25 0.471005 0.838667 0.766000
26 0.504343 0.809333 0.750000
27 0.490064 0.850889 0.794000
28 0.516325 0.844667 0.772000
29 0.476291 0.837778 0.770000
30 0.457576 0.833778 0.776000
31 0.449613 0.843333 0.764000
32 0.468433 0.841556 0.764000
33 0.458023 0.828222 0.770000
34 0.455619 0.846000 0.764000
35 0.437490 0.844222 0.770000
36 0.424629 0.845111 0.776000
37 0.439280 0.862667 0.756000
38 0.457518 0.863333 0.782000
39 0.486543 0.822889 0.756000
