1 4.222477 0.475556 0.393333
2 1.939864 0.535556 0.493333
3 1.589497 0.474815 0.433333
4 1.388441 0.530370 0.453333
5 1.211691 0.517037 0.480000
6 1.474519 0.526667 0.453333
7 1.353109 0.499259 0.466667
8 1.305083 0.525926 0.460000
9 1.142821 0.543704 0.466667
10 1.023688 0.577037 0.506667
11 1.041819 0.537037 0.446667
12 0.988855 0.585185 0.486667
13 0.968608 0.560741 0.453333
14 0.935438 0.577778 0.473333
15 0.906256 0.582963 0.466667
16 1.001098 0.594815 0.466667
17 0.922588 0.518519 0.453333
18 0.919563 0.579259 0.486667
19 0.876066 0.548889 0.453333
20 0.943884 0.562222 0.460000
21 0.955386 0.591852 0.480000
22 0.913097 0.597037 0.506667
23 0.908395 0.571111 0.466667
24 0.933019 0.587407 0.480000
25 0.881150 0.588148 0.473333
26 0.867611 0.589630 0.460000
27 0.879237 0.606667 0.486667
28 0.871288 0.609630 0.486667
29 0.868665 0.613333 0.486667
30 0.851048 0.605185 0.486667
31 0.864073 0.600000 0.466667
32 0.853858 0.568889 0.473333
33 0.840742 0.608148 0.513333
34 0.856709 0.607407 0.493333
35 0.838329 0.620000 0.506667
36 0.830995 0.605185 0.500000
37 0.816026 0.632593 0.513333
38 0.828817 0.619259 0.500000
39 0.836184 0.620000 0.506667
40 0.821977 0.613333 0.520000
41 0.835031 0.602963 0.486667
42 0.824970 0.624444 0.473333
43 0.861016 0.602222 0.473333
44 0.847501 0.614815 0.480000
45 0.807689 0.628889 0.513333
46 0.803105 0.582963 0.493333
47 0.808244 0.628889 0.453333
48 0.812395 0.621481 0.533333
49 0.803153 0.614074 0.466667
50 0.789476 0.628889 0.493333
51 0.776302 0.634074 0.480000
52 0.765700 0.645185 0.506667
53 0.764911 0.634815 0.486667
54 0.748270 0.641481 0.506667
55 0.766091 0.635556 0.500000
56 0.754369 0.636296 0.486667
57 0.742070 0.638519 0.493333
58 0.761713 0.646667 0.520000
59 0.761951 0.640000 0.506667
60 0.754025 0.640000 0.466667
61 0.758334 0.645926 0.506667
62 0.759869 0.640741 0.480000
63 0.765136 0.636296 0.493333
64 0.754094 0.643704 0.500000
65 0.749145 0.637037 0.493333
66 0.734573 0.604444 0.486667
67 0.738565 0.640000 0.513333
68 0.745235 0.622963 0.473333
69 0.756196 0.651852 0.493333
70 0.760495 0.630370 0.453333
