1 2.287129 0.705556 0.620000
2 1.196111 0.744444 0.690000
3 0.554946 0.781111 0.740000
4 0.479412 0.800000 0.760000
5 0.440769 0.817778 0.760000
6 0.450135 0.793333 0.700000
7 0.451598 0.810000 0.690000
8 0.406199 0.828889 0.720000
9 0.367106 0.832222 0.680000
10 0.384937 0.831111 0.740000
11 0.349188 0.855556 0.730000
12 0.366658 0.852222 0.740000
13 0.367558 0.850000 0.750000
14 0.316458 0.886667 0.730000
15 0.318179 0.862222 0.770000
16 0.307899 0.880000 0.740000
17 0.305920 0.860000 0.700000
18 0.298470 0.880000 0.750000
19 0.306482 0.872222 0.770000
20 0.285495 0.852222 0.760000
21 0.299452 0.878889 0.750000
22 0.306846 0.888889 0.700000
23 0.279647 0.881111 0.720000
24 0.370333 0.810000 0.710000
25 0.373503 0.864444 0.710000
26 0.324358 0.887778 0.720000
27 0.311231 0.872222 0.760000
28 0.308712 0.860000 0.720000
29 0.285102 0.882222 0.730000
30 0.291841 0.874444 0.770000
31 0.295775 0.900000 0.780000
32 0.306169 0.866667 0.750000
33 0.287767 0.897778 0.780000
34 0.245652 0.898889 0.740000
35 0.244761 0.877778 0.760000
36 0.239678 0.900000 0.730000
37 0.240525 0.904444 0.760000
38 0.232361 0.885556 0.730000
39 0.223711 0.894444 0.750000
40 0.225754 0.882222 0.700000
41 0.261342 0.906667 0.690000
42 0.252798 0.908889 0.720000
43 0.232872 0.898889 0.760000
44 0.237627 0.900000 0.730000
45 0.219818 0.888889 0.730000
46 0.203459 0.906667 0.750000
47 0.281178 0.877778 0.720000
48 0.255710 0.911111 0.750000
49 0.232103 0.908889 0.700000
50 0.205215 0.924444 0.750000
51 0.190625 0.926667 0.780000
52 0.172430 0.926667 0.760000
53 0.173349 0.922222 0.790000
54 0.182784 0.926667 0.790000
55 0.168003 0.932222 0.820000
56 0.164639 0.928889 0.770000
57 0.166676 0.935556 0.780000
58 0.157068 0.930000 0.770000
59 0.182694 0.932222 0.770000
60 0.176690 0.934444 0.750000
61 0.162826 0.932222 0.740000
62 0.159800 0.925556 0.760000
63 0.173214 0.932222 0.750000
64 0.172191 0.928889 0.760000
65 0.172151 0.930000 0.730000
66 0.164457 0.933333 0.730000
67 0.166772 0.925556 0.690000
68 0.177579 0.926667 0.720000
69 0.191933 0.922222 0.720000
70 0.174758 0.932222 0.750000
71 0.169122 0.932222 0.740000
72 0.162883 0.933333 0.760000
73 0.161570 0.935556 0.750000
74 0.160322 0.923333 0.740000
75 0.163641 0.937778 0.790000
76 0.159976 0.925556 0.760000
77 0.165606 0.931111 0.770000
78 0.159987 0.932222 0.750000
79 0.424498 0.887778 0.740000
80 0.267711 0.925556 0.800000
81 0.220535 0.930000 0.790000
82 0.186054 0.937778 0.790000
83 0.186129 0.922222 0.760000
84 0.169101 0.938889 0.820000
85 0.192321 0.922222 0.820000
86 0.272205 0.916667 0.760000
87 0.300165 0.922222 0.750000
88 0.196593 0.926667 0.800000
89 0.189258 0.932222 0.730000
90 0.170050 0.932222 0.800000
91 0.158729 0.934444 0.770000
92 0.161943 0.931111 0.750000
93 0.164460 0.928889 0.750000
94 0.158351 0.935556 0.750000
95 0.175397 0.921111 0.840000
96 0.172773 0.930000 0.750000
97 0.177059 0.934444 0.750000
98 0.162603 0.932222 0.800000
99 0.156069 0.936667 0.780000
100 0.143456 0.938889 0.790000
101 0.150460 0.941111 0.750000
102 0.137274 0.940000 0.770000
103 0.137615 0.941111 0.790000
104 0.131313 0.941111 0.770000
105 0.136309 0.938889 0.780000
106 0.133721 0.938889 0.750000
107 0.134657 0.944444 0.760000
108 0.131169 0.940000 0.800000
109 0.133281 0.943333 0.760000
110 0.150031 0.943333 0.760000
111 0.135970 0.938889 0.770000
112 0.126358 0.944444 0.740000
113 0.120949 0.945556 0.760000
114 0.123906 0.942222 0.730000
115 0.130492 0.942222 0.780000
116 0.135568 0.946667 0.790000
117 0.142492 0.945556 0.780000
118 0.122927 0.944444 0.770000
119 0.132930 0.942222 0.790000
120 0.129909 0.943333 0.770000
121 0.162191 0.941111 0.790000
122 0.156569 0.944444 0.810000
123 0.140314 0.947778 0.830000
124 0.134002 0.937778 0.800000
125 0.143526 0.943333 0.770000
126 0.136263 0.943333 0.780000
127 0.131533 0.943333 0.820000
128 0.128585 0.947778 0.780000
129 0.126690 0.948889 0.780000
130 0.125759 0.947778 0.760000
131 0.145494 0.945556 0.800000
132 0.149373 0.946667 0.790000
133 0.131681 0.948889 0.780000
134 0.125564 0.942222 0.790000
135 0.133456 0.940000 0.770000
136 0.130341 0.935556 0.780000
137 0.143500 0.946667 0.800000
138 0.137925 0.945556 0.790000
139 0.126904 0.948889 0.780000
140 0.131099 0.950000 0.800000
141 0.127543 0.948889 0.800000
142 0.126804 0.952222 0.780000
143 0.125331 0.945556 0.800000
144 0.128686 0.948889 0.790000
145 0.139917 0.946667 0.790000
146 0.133429 0.950000 0.780000
147 0.125947 0.944444 0.800000
148 0.129193 0.947778 0.780000
149 0.120567 0.950000 0.770000
150 0.112272 0.951111 0.790000
151 0.115136 0.952222 0.790000
152 0.116371 0.952222 0.780000
153 0.117530 0.948889 0.780000
154 0.118186 0.951111 0.760000
155 0.106094 0.950000 0.780000
156 0.115397 0.952222 0.810000
157 0.110951 0.951111 0.790000
158 0.110692 0.950000 0.810000
159 0.115576 0.952222 0.800000
160 0.114932 0.948889 0.810000
161 0.113117 0.951111 0.790000
162 0.107801 0.953333 0.780000
163 0.130126 0.952222 0.780000
164 0.112444 0.951111 0.830000
165 0.113927 0.952222 0.820000
166 0.112312 0.954444 0.800000
167 0.115831 0.945556 0.780000
168 0.115572 0.950000 0.790000
169 0.107336 0.951111 0.790000
170 0.106929 0.953333 0.800000
171 0.115085 0.953333 0.800000
172 0.126279 0.947778 0.790000
173 0.118258 0.950000 0.810000
174 0.110442 0.953333 0.770000
175 0.106132 0.953333 0.800000
176 0.111045 0.953333 0.800000
177 0.109639 0.948889 0.780000
178 0.139401 0.950000 0.780000
179 0.120755 0.951111 0.800000
180 0.111671 0.953333 0.790000
181 0.106915 0.953333 0.810000
182 0.104420 0.953333 0.810000
183 0.110792 0.952222 0.800000
184 0.111669 0.955556 0.800000
185 0.100417 0.954444 0.800000
186 0.107706 0.954444 0.800000
187 0.110233 0.953333 0.810000
188 0.105503 0.952222 0.790000
189 0.104705 0.955556 0.770000
190 0.110198 0.953333 0.800000
191 0.114380 0.953333 0.790000
192 0.114791 0.952222 0.790000
193 0.105667 0.948889 0.790000
194 0.102875 0.952222 0.800000
195 0.110040 0.950000 0.790000
196 0.120443 0.951111 0.780000
197 0.110493 0.955556 0.770000
198 0.106761 0.952222 0.800000
199 0.107499 0.952222 0.790000
200 0.110076 0.954444 0.780000
201 0.102248 0.953333 0.800000
202 0.112666 0.951111 0.790000
203 0.106279 0.953333 0.780000
204 0.103256 0.952222 0.790000
205 0.101395 0.951111 0.810000
206 0.111017 0.954444 0.790000
207 0.108825 0.953333 0.800000
208 0.100855 0.955556 0.800000
209 0.102876 0.955556 0.800000
210 0.099710 0.955556 0.810000
211 0.104615 0.953333 0.800000
212 0.101339 0.953333 0.820000
213 0.102148 0.956667 0.810000
214 0.102483 0.955556 0.800000
215 0.102286 0.955556 0.790000
216 0.098768 0.955556 0.810000
217 0.103571 0.955556 0.800000
218 0.098994 0.955556 0.790000
219 0.106231 0.956667 0.810000
220 0.110045 0.953333 0.790000
221 0.107661 0.954444 0.810000
222 0.103778 0.955556 0.780000
223 0.107398 0.955556 0.810000
224 0.104865 0.954444 0.780000
225 0.102193 0.954444 0.790000
226 0.101850 0.954444 0.800000
227 0.098680 0.954444 0.810000
228 0.108133 0.954444 0.800000
229 0.098943 0.953333 0.800000
230 0.108782 0.953333 0.790000
231 0.105624 0.956667 0.790000
232 0.102359 0.955556 0.810000
233 0.096832 0.955556 0.800000
234 0.099737 0.954444 0.820000
235 0.263767 0.955556 0.800000
236 0.102181 0.954444 0.800000
237 0.107042 0.953333 0.810000
238 0.098531 0.954444 0.800000
239 0.101388 0.954444 0.800000
240 0.103480 0.955556 0.800000
241 0.101851 0.955556 0.780000
242 0.101176 0.955556 0.800000
243 0.109666 0.955556 0.790000
244 0.098168 0.954444 0.820000
245 0.098584 0.956667 0.800000
246 0.105449 0.955556 0.800000
247 0.110396 0.955556 0.800000
248 0.111692 0.953333 0.810000
249 0.098909 0.954444 0.820000
250 0.107023 0.954444 0.820000
251 0.115850 0.954444 0.810000
252 0.098866 0.954444 0.800000
253 0.099430 0.955556 0.800000
254 0.096747 0.953333 0.810000
255 0.098149 0.953333 0.820000
256 0.101523 0.954444 0.810000
257 0.095475 0.954444 0.810000
258 0.104853 0.954444 0.800000
259 0.101686 0.955556 0.820000
260 0.101094 0.954444 0.810000
261 0.099095 0.955556 0.820000
262 0.106580 0.955556 0.790000
263 0.097945 0.955556 0.780000
264 0.104543 0.955556 0.810000
265 0.102191 0.955556 0.800000
266 0.097955 0.953333 0.830000
267 0.102832 0.954444 0.820000
268 0.106183 0.953333 0.810000
269 0.102287 0.954444 0.810000
270 0.106291 0.955556 0.810000
271 0.101145 0.955556 0.790000
272 0.100492 0.955556 0.800000
273 0.096225 0.956667 0.810000
274 0.102282 0.954444 0.810000
275 0.097386 0.954444 0.810000
276 0.096473 0.954444 0.820000
277 0.104523 0.955556 0.810000
278 0.100871 0.956667 0.810000
279 0.098023 0.955556 0.810000
280 0.092147 0.953333 0.810000
281 0.104760 0.955556 0.800000
282 0.099209 0.954444 0.780000
283 0.095924 0.954444 0.770000
284 0.100836 0.953333 0.780000
285 0.095730 0.955556 0.780000
286 0.103206 0.955556 0.800000
287 0.093372 0.955556 0.780000
288 0.104231 0.955556 0.790000
289 0.093392 0.955556 0.810000
290 0.105255 0.954444 0.810000
291 0.094389 0.955556 0.810000
292 0.095627 0.955556 0.790000
293 0.095224 0.955556 0.800000
294 0.101906 0.955556 0.800000
295 0.100505 0.953333 0.800000
296 0.095403 0.955556 0.820000
297 0.097828 0.956667 0.810000
298 0.096258 0.956667 0.780000
299 0.092589 0.953333 0.790000
300 0.090851 0.955556 0.790000
301 0.091960 0.955556 0.790000
302 0.095977 0.954444 0.800000
303 0.098109 0.955556 0.800000
304 0.094183 0.954444 0.810000
305 0.089445 0.955556 0.790000
306 0.096112 0.955556 0.810000
307 0.098587 0.955556 0.790000
308 0.097246 0.956667 0.810000
309 0.099860 0.955556 0.810000
310 0.103576 0.955556 0.770000
311 0.099539 0.956667 0.800000
312 0.093238 0.955556 0.790000
313 0.099770 0.955556 0.800000
314 0.089385 0.955556 0.800000
315 0.093056 0.956667 0.810000
316 0.099697 0.955556 0.800000
317 0.096892 0.955556 0.790000
318 0.097847 0.955556 0.800000
319 0.090980 0.954444 0.810000
320 0.102449 0.954444 0.810000
321 0.094539 0.954444 0.810000
322 0.097637 0.955556 0.800000
323 0.100051 0.956667 0.800000
324 0.091518 0.956667 0.790000
325 0.095648 0.955556 0.790000
326 0.093500 0.955556 0.800000
327 0.088105 0.956667 0.800000
328 0.099314 0.956667 0.800000
329 0.092677 0.956667 0.800000
330 0.097633 0.955556 0.790000
331 0.094104 0.955556 0.800000
332 0.092793 0.955556 0.810000
333 0.096401 0.955556 0.800000
334 0.097567 0.955556 0.790000
335 0.093069 0.955556 0.800000
336 0.097590 0.956667 0.790000
337 0.101761 0.956667 0.790000
338 0.101454 0.955556 0.790000
339 0.097673 0.955556 0.790000
340 0.100838 0.955556 0.790000
341 0.092418 0.956667 0.800000
342 0.096433 0.955556 0.800000
343 0.098763 0.956667 0.780000
344 0.092286 0.955556 0.800000
345 0.095400 0.955556 0.790000
346 0.104576 0.955556 0.790000
347 0.096215 0.956667 0.790000
348 0.097171 0.956667 0.810000
349 0.098142 0.956667 0.790000
350 0.092447 0.955556 0.790000
