1 4.002055 0.629032 0.558824
2 1.622683 0.629032 0.352941
3 1.502396 0.635484 0.441176
4 1.342271 0.651613 0.441176
5 1.369624 0.687097 0.529412
6 0.961788 0.677419 0.441176
7 0.898570 0.754839 0.529412
8 0.745092 0.732258 0.588235
9 0.781257 0.719355 0.411765
10 0.816121 0.706452 0.500000
11 0.725262 0.758065 0.735294
12 0.676300 0.761290 0.617647
13 0.584206 0.690323 0.558824
14 0.610111 0.780645 0.588235
15 0.521812 0.787097 0.588235
16 0.579163 0.819355 0.500000
17 0.511007 0.796774 0.617647
18 0.549490 0.716129 0.470588
19 0.491413 0.806452 0.500000
20 0.515035 0.816129 0.500000
21 0.473122 0.822581 0.529412
22 0.454994 0.867742 0.588235
23 0.397127 0.858065 0.617647
24 0.452142 0.816129 0.647059
25 0.477146 0.722581 0.529412
26 0.452002 0.880645 0.588235
27 0.419102 0.870968 0.617647
28 0.395318 0.858065 0.588235
29 0.443138 0.825806 0.617647
30 0.412244 0.819355 0.588235
31 0.390882 0.803226 0.470588
32 0.386959 0.841935 0.529412
33 0.332190 0.806452 0.500000
34 0.379919 0.874194 0.529412
35 0.380546 0.825806 0.588235
36 0.317093 0.867742 0.647059
37 0.320989 0.874194 0.617647
38 0.338837 0.887097 0.558824
39 0.318015 0.829032 0.617647
40 0.331312 0.874194 0.617647
41 0.268349 0.932258 0.588235
42 0.332507 0.858065 0.617647
43 0.295584 0.825806 0.705882
44 0.303471 0.835484 0.588235
45 0.292847 0.941935 0.500000
46 0.324645 0.812903 0.441176
47 0.318308 0.922581 0.558824
48 0.282872 0.912903 0.617647
49 0.258069 0.909677 0.676471
50 0.186685 0.961290 0.529412
51 0.166149 0.961290 0.588235
52 0.202116 0.961290 0.500000
53 0.151258 0.974194 0.529412
54 0.172938 0.848387 0.441176
55 0.176071 0.970968 0.470588
56 0.157381 0.967742 0.558824
57 0.191948 0.903226 0.617647
58 0.147628 0.938710 0.500000
59 0.214530 0.964516 0.500000
60 0.135424 0.922581 0.647059
61 0.132175 0.970968 0.470588
62 0.158852 0.961290 0.470588
63 0.180661 0.980645 0.588235
64 0.131136 0.990323 0.441176
65 0.180062 0.967742 0.647059
66 0.190956 0.983871 0.500000
67 0.140228 0.961290 0.529412
68 0.149129 0.970968 0.500000
69 0.148718 0.970968 0.558824
70 0.217819 0.964516 0.500000
71 0.126020 0.977419 0.588235
72 0.125423 0.990323 0.529412
73 0.115184 0.993548 0.470588
74 0.131553 0.867742 0.470588
75 0.193314 0.958065 0.558824
76 0.114686 0.967742 0.558824
77 0.140601 0.977419 0.647059
78 0.140690 0.970968 0.558824
79 0.133770 0.974194 0.529412
80 0.127616 0.993548 0.529412
81 0.200152 0.906452 0.617647
82 0.196391 0.987097 0.588235
83 0.122039 0.987097 0.588235
84 0.177561 0.977419 0.558824
85 0.136727 0.987097 0.588235
86 0.135829 0.977419 0.588235
87 0.137604 0.954839 0.529412
88 0.131484 0.951613 0.617647
89 0.208516 0.919355 0.558824
90 0.137656 0.967742 0.558824
91 0.124276 0.954839 0.558824
92 0.208206 0.929032 0.441176
93 0.185807 0.974194 0.500000
94 0.117275 0.993548 0.558824
95 0.128096 0.983871 0.529412
96 0.099880 0.993548 0.558824
97 0.110156 0.983871 0.529412
98 0.106348 0.970968 0.529412
99 0.176346 0.974194 0.529412
100 0.121717 0.990323 0.558824
101 0.080423 0.993548 0.529412
102 0.073348 0.993548 0.529412
103 0.074827 0.993548 0.529412
104 0.080946 0.993548 0.500000
105 0.074922 0.993548 0.558824
106 0.069985 0.993548 0.529412
107 0.067742 0.993548 0.558824
108 0.075561 0.993548 0.529412
109 0.065820 0.990323 0.500000
110 0.067266 0.993548 0.529412
111 0.064536 0.993548 0.529412
112 0.077007 0.993548 0.529412
113 0.081929 0.990323 0.558824
114 0.071648 0.993548 0.558824
115 0.082415 0.993548 0.529412
116 0.079147 0.993548 0.558824
117 0.093642 0.980645 0.529412
118 0.109687 0.977419 0.529412
119 0.092978 0.993548 0.529412
120 0.084904 0.983871 0.500000
121 0.071490 0.990323 0.558824
122 0.072322 0.993548 0.558824
123 0.073202 0.993548 0.500000
124 0.074160 0.993548 0.558824
125 0.109853 0.990323 0.558824
126 0.086755 0.993548 0.529412
127 0.071913 0.993548 0.529412
128 0.069198 0.993548 0.558824
129 0.075550 0.993548 0.617647
130 0.075289 0.993548 0.529412
131 0.069593 0.993548 0.558824
132 0.075502 0.990323 0.529412
133 0.082842 0.993548 0.470588
134 0.081605 0.993548 0.529412
135 0.111398 0.990323 0.558824
136 0.104060 0.961290 0.470588
137 0.121398 0.983871 0.500000
138 0.116277 0.980645 0.588235
139 0.092862 0.993548 0.529412
140 0.076673 0.993548 0.588235
141 0.072229 0.993548 0.588235
142 0.067700 0.993548 0.500000
143 0.071159 0.993548 0.529412
144 0.077621 0.993548 0.529412
145 0.082992 0.993548 0.529412
146 0.073309 0.993548 0.588235
147 0.075456 0.993548 0.500000
148 0.082108 0.987097 0.558824
149 0.066794 0.993548 0.588235
150 0.061206 0.993548 0.558824
151 0.061624 0.993548 0.529412
152 0.059031 0.993548 0.529412
153 0.053320 0.993548 0.558824
154 0.055179 0.993548 0.529412
155 0.058017 0.993548 0.529412
156 0.054890 0.993548 0.529412
157 0.057923 0.993548 0.529412
158 0.054691 0.993548 0.558824
159 0.059040 0.993548 0.529412
160 0.057530 0.993548 0.558824
161 0.056727 0.993548 0.529412
162 0.056790 0.993548 0.529412
163 0.051413 0.993548 0.529412
164 0.057577 0.993548 0.529412
165 0.052444 0.993548 0.558824
166 0.054564 0.993548 0.558824
167 0.058340 0.993548 0.529412
168 0.055441 0.993548 0.529412
169 0.059008 0.993548 0.558824
170 0.060943 0.993548 0.558824
171 0.063776 0.993548 0.529412
172 0.052636 0.993548 0.529412
173 0.057369 0.993548 0.529412
174 0.051342 0.993548 0.529412
175 0.061811 0.993548 0.529412
176 0.079227 0.993548 0.588235
177 0.070299 0.993548 0.588235
178 0.057357 0.993548 0.558824
179 0.059466 0.993548 0.558824
180 0.065635 0.993548 0.558824
181 0.055282 0.993548 0.529412
182 0.056416 0.993548 0.558824
183 0.053247 0.993548 0.529412
184 0.058492 0.993548 0.588235
185 0.056375 0.993548 0.500000
186 0.062556 0.993548 0.529412
187 0.063590 0.993548 0.529412
188 0.053701 0.993548 0.500000
189 0.067367 0.993548 0.558824
190 0.054187 0.990323 0.558824
191 0.061244 0.993548 0.588235
192 0.061644 0.993548 0.558824
193 0.060633 0.993548 0.588235
194 0.050467 0.993548 0.558824
195 0.056248 0.993548 0.529412
196 0.048838 0.993548 0.500000
197 0.054082 0.993548 0.558824
198 0.053320 0.993548 0.558824
199 0.060440 0.993548 0.558824
200 0.055934 0.993548 0.529412
201 0.051523 0.993548 0.529412
202 0.051605 0.993548 0.529412
203 0.049508 0.993548 0.558824
204 0.053477 0.993548 0.558824
205 0.050039 0.993548 0.558824
206 0.049267 0.993548 0.558824
207 0.046586 0.993548 0.558824
208 0.048890 0.993548 0.558824
209 0.050702 0.993548 0.558824
210 0.049755 0.993548 0.558824
211 0.049288 0.993548 0.558824
212 0.052000 0.993548 0.558824
213 0.051018 0.993548 0.558824
214 0.052093 0.993548 0.558824
215 0.047911 0.993548 0.558824
216 0.048482 0.993548 0.558824
217 0.047992 0.993548 0.558824
218 0.048444 0.993548 0.558824
219 0.052029 0.993548 0.588235
220 0.047980 0.993548 0.529412
221 0.044673 0.993548 0.529412
222 0.049076 0.993548 0.529412
223 0.050460 0.993548 0.529412
224 0.048504 0.993548 0.529412
225 0.047306 0.993548 0.588235
226 0.047540 0.993548 0.558824
227 0.049863 0.993548 0.588235
228 0.048943 0.993548 0.500000
229 0.045761 0.993548 0.529412
230 0.045277 0.993548 0.558824
231 0.058136 0.993548 0.558824
232 0.058435 0.993548 0.558824
233 0.051337 0.993548 0.588235
234 0.045573 0.993548 0.529412
235 0.049354 0.993548 0.588235
236 0.050774 0.993548 0.588235
237 0.050657 0.993548 0.529412
238 0.048030 0.993548 0.558824
239 0.046217 0.993548 0.588235
240 0.049119 0.993548 0.529412
241 0.051512 0.993548 0.588235
242 0.045264 0.993548 0.588235
243 0.043496 0.993548 0.558824
244 0.049240 0.993548 0.558824
245 0.047420 0.993548 0.529412
246 0.052465 0.993548 0.529412
247 0.046986 0.993548 0.558824
248 0.051971 0.993548 0.558824
249 0.058358 0.993548 0.529412
250 0.051274 0.993548 0.558824
251 0.043584 0.993548 0.529412
252 0.043489 0.993548 0.529412
253 0.043531 0.993548 0.529412
254 0.045908 0.993548 0.529412
255 0.043311 0.993548 0.529412
256 0.044347 0.993548 0.529412
257 0.041848 0.993548 0.529412
258 0.046087 0.993548 0.529412
259 0.042868 0.993548 0.558824
260 0.044349 0.993548 0.529412
261 0.047659 0.993548 0.529412
262 0.046231 0.993548 0.529412
263 0.043468 0.993548 0.529412
264 0.043960 0.993548 0.529412
265 0.046242 0.993548 0.529412
266 0.044559 0.993548 0.529412
267 0.042948 0.993548 0.529412
268 0.043889 0.993548 0.529412
269 0.044055 0.993548 0.529412
270 0.041362 0.993548 0.529412
271 0.045312 0.993548 0.529412
272 0.044276 0.993548 0.529412
273 0.045613 0.993548 0.529412
274 0.046583 0.993548 0.529412
275 0.043598 0.993548 0.558824
276 0.044291 0.993548 0.558824
277 0.042302 0.993548 0.529412
278 0.043797 0.993548 0.588235
279 0.044833 0.993548 0.529412
280 0.042183 0.993548 0.558824
281 0.046279 0.993548 0.529412
282 0.045059 0.993548 0.529412
283 0.042711 0.993548 0.529412
284 0.045685 0.993548 0.529412
285 0.047820 0.993548 0.529412
286 0.041530 0.993548 0.529412
287 0.049058 0.993548 0.529412
288 0.041660 0.993548 0.500000
289 0.049401 0.993548 0.500000
290 0.044659 0.993548 0.529412
291 0.043171 0.993548 0.558824
292 0.041524 0.993548 0.529412
293 0.041185 0.993548 0.500000
294 0.044413 0.993548 0.500000
295 0.042947 0.993548 0.529412
296 0.046751 0.993548 0.500000
297 0.045599 0.993548 0.500000
298 0.046852 0.993548 0.529412
299 0.043550 0.993548 0.529412
300 0.044310 0.993548 0.500000
301 0.042959 0.993548 0.500000
302 0.043441 0.993548 0.500000
303 0.043192 0.993548 0.500000
304 0.037532 0.993548 0.529412
305 0.039431 0.993548 0.529412
306 0.039280 0.993548 0.529412
307 0.042422 0.993548 0.529412
308 0.039956 0.993548 0.529412
309 0.043727 0.993548 0.529412
310 0.043472 0.993548 0.529412
311 0.041212 0.993548 0.529412
312 0.038414 0.993548 0.500000
313 0.038392 0.993548 0.500000
314 0.037659 0.993548 0.529412
315 0.042228 0.993548 0.500000
316 0.043451 0.993548 0.529412
317 0.042599 0.993548 0.529412
318 0.041893 0.993548 0.529412
319 0.041827 0.993548 0.529412
320 0.040199 0.993548 0.500000
321 0.042954 0.993548 0.529412
322 0.039865 0.993548 0.500000
323 0.037440 0.993548 0.500000
324 0.040978 0.993548 0.558824
325 0.041830 0.993548 0.529412
326 0.042958 0.993548 0.529412
327 0.039857 0.993548 0.529412
328 0.041273 0.993548 0.529412
329 0.044307 0.993548 0.529412
330 0.046648 0.993548 0.529412
331 0.039957 0.993548 0.500000
332 0.040063 0.993548 0.529412
333 0.039763 0.993548 0.529412
334 0.039811 0.993548 0.529412
335 0.039123 0.993548 0.529412
336 0.039472 0.993548 0.500000
337 0.040142 0.993548 0.500000
338 0.039224 0.993548 0.500000
339 0.044313 0.993548 0.529412
340 0.042174 0.993548 0.500000
341 0.039689 0.993548 0.500000
342 0.043560 0.993548 0.529412
343 0.041170 0.993548 0.500000
344 0.042616 0.993548 0.500000
345 0.042020 0.993548 0.529412
346 0.040106 0.993548 0.500000
347 0.039169 0.993548 0.529412
348 0.043463 0.993548 0.500000
349 0.040349 0.993548 0.500000
350 0.041490 0.993548 0.500000
