1 4.053614 0.612903 0.470588
2 1.918559 0.609677 0.441176
3 1.648377 0.658065 0.588235
4 1.196171 0.580645 0.500000
5 0.996675 0.645161 0.470588
6 0.957327 0.654839 0.588235
7 0.978732 0.619355 0.558824
8 0.895330 0.719355 0.500000
9 0.693648 0.612903 0.470588
10 0.691080 0.651613 0.588235
11 0.732925 0.632258 0.500000
12 0.641070 0.719355 0.588235
13 0.596445 0.767742 0.617647
14 0.594506 0.738710 0.470588
15 0.570021 0.683871 0.500000
16 0.590029 0.664516 0.441176
17 0.573918 0.719355 0.529412
18 0.595615 0.751613 0.588235
19 0.585276 0.790323 0.500000
20 0.579509 0.767742 0.558824
21 0.558905 0.780645 0.705882
22 0.503388 0.703226 0.470588
23 0.493687 0.754839 0.588235
24 0.502523 0.800000 0.617647
25 0.486580 0.777419 0.617647
26 0.453329 0.777419 0.647059
27 0.482880 0.774194 0.588235
28 0.447349 0.748387 0.617647
29 0.430321 0.806452 0.558824
30 0.421140 0.819355 0.647059
31 0.371681 0.816129 0.647059
32 0.415210 0.854839 0.676471
33 0.461696 0.835484 0.617647
34 0.389042 0.832258 0.617647
35 0.416251 0.825806 0.588235
36 0.359135 0.861290 0.558824
37 0.376838 0.741935 0.500000
38 0.373888 0.825806 0.647059
39 0.338307 0.809677 0.558824
40 0.336481 0.809677 0.529412
41 0.323790 0.909677 0.617647
42 0.355105 0.900000 0.588235
43 0.313098 0.864516 0.617647
44 0.309053 0.854839 0.529412
45 0.286621 0.906452 0.588235
46 0.284857 0.883871 0.588235
47 0.276201 0.819355 0.529412
48 0.293906 0.893548 0.558824
49 0.269292 0.896774 0.617647
50 0.184811 0.961290 0.500000
51 0.177125 0.970968 0.588235
52 0.154511 0.964516 0.617647
53 0.157205 0.938710 0.617647
54 0.168392 0.925806 0.647059
55 0.180005 0.919355 0.588235
56 0.144819 0.980645 0.617647
57 0.128261 0.925806 0.558824
58 0.132486 0.987097 0.558824
59 0.219570 0.948387 0.588235
60 0.188574 0.890323 0.617647
61 0.140454 0.974194 0.588235
62 0.133017 0.958065 0.588235
63 0.155292 0.945161 0.529412
64 0.189513 0.935484 0.588235
65 0.135202 0.932258 0.647059
66 0.134480 0.922581 0.588235
67 0.227011 0.935484 0.617647
68 0.172945 0.977419 0.617647
69 0.121820 0.967742 0.588235
70 0.207110 0.925806 0.676471
71 0.141745 0.970968 0.558824
72 0.137459 0.987097 0.558824
73 0.112930 0.996774 0.588235
74 0.095482 0.990323 0.558824
75 0.087467 0.996774 0.558824
76 0.080527 0.996774 0.558824
77 0.098463 0.990323 0.558824
78 0.219442 0.977419 0.558824
79 0.164215 0.912903 0.617647
80 0.183782 0.977419 0.676471
81 0.103351 0.996774 0.617647
82 0.104924 0.958065 0.617647
83 0.110556 0.993548 0.647059
84 0.093441 0.919355 0.617647
85 0.094821 0.996774 0.617647
86 0.073338 0.996774 0.588235
87 0.088407 0.977419 0.558824
88 0.287679 0.819355 0.411765
89 0.313974 0.945161 0.558824
90 0.133783 0.993548 0.617647
91 0.084646 0.996774 0.617647
92 0.077125 0.996774 0.558824
93 0.084583 0.983871 0.588235
94 0.087927 0.948387 0.529412
95 0.101173 0.948387 0.588235
96 0.087035 0.996774 0.617647
97 0.071960 0.990323 0.588235
98 0.072217 0.996774 0.647059
99 0.081895 0.945161 0.647059
100 0.082146 0.996774 0.588235
101 0.058215 0.993548 0.647059
102 0.058655 0.996774 0.588235
103 0.065957 0.996774 0.647059
104 0.064174 0.996774 0.617647
105 0.058843 0.996774 0.588235
106 0.067413 0.996774 0.617647
107 0.055936 0.996774 0.617647
108 0.061959 0.996774 0.588235
109 0.051193 0.996774 0.647059
110 0.048992 0.996774 0.617647
111 0.063582 0.993548 0.617647
112 0.054840 0.996774 0.588235
113 0.050371 0.996774 0.588235
114 0.069406 0.938710 0.588235
115 0.068270 0.996774 0.558824
116 0.135065 0.983871 0.529412
117 0.091053 0.996774 0.588235
118 0.072854 0.990323 0.529412
119 0.061140 0.996774 0.558824
120 0.061615 0.996774 0.588235
121 0.057688 0.996774 0.558824
122 0.052044 0.996774 0.558824
123 0.047296 0.996774 0.558824
124 0.057477 0.996774 0.529412
125 0.054639 0.996774 0.588235
126 0.074085 0.922581 0.617647
127 0.092441 0.993548 0.529412
128 0.081668 0.990323 0.617647
129 0.062247 0.996774 0.617647
130 0.056734 0.996774 0.617647
131 0.053481 0.970968 0.647059
132 0.058363 0.996774 0.558824
133 0.056926 0.996774 0.558824
134 0.056969 0.996774 0.617647
135 0.120210 0.954839 0.588235
136 0.120560 0.993548 0.676471
137 0.085189 0.993548 0.588235
138 0.073125 0.996774 0.617647
139 0.074566 0.996774 0.558824
140 0.055710 0.996774 0.558824
141 0.058170 0.996774 0.529412
142 0.050748 0.996774 0.529412
143 0.049674 0.996774 0.558824
144 0.055014 0.996774 0.588235
145 0.055355 0.996774 0.617647
146 0.055088 0.996774 0.617647
147 0.055853 0.993548 0.647059
148 0.081242 0.987097 0.617647
149 0.110853 0.938710 0.676471
150 0.064309 0.996774 0.558824
151 0.051067 0.996774 0.558824
152 0.057105 0.996774 0.617647
153 0.045952 0.996774 0.617647
154 0.049702 0.996774 0.588235
155 0.045683 0.996774 0.588235
156 0.046130 0.996774 0.588235
157 0.043594 0.996774 0.588235
158 0.040614 0.996774 0.588235
159 0.043434 0.996774 0.588235
160 0.041907 0.996774 0.588235
161 0.048641 0.996774 0.588235
162 0.043237 0.996774 0.588235
163 0.042705 0.996774 0.558824
164 0.043811 0.996774 0.588235
165 0.042161 0.996774 0.558824
166 0.049398 0.996774 0.617647
167 0.049428 0.996774 0.558824
168 0.045221 0.996774 0.558824
169 0.044836 0.996774 0.558824
170 0.040928 0.996774 0.647059
171 0.043165 0.996774 0.588235
172 0.041731 0.996774 0.588235
173 0.042898 0.996774 0.558824
174 0.045226 0.996774 0.558824
175 0.043834 0.996774 0.588235
176 0.044652 0.996774 0.588235
177 0.040348 0.996774 0.588235
178 0.041758 0.996774 0.588235
179 0.041510 0.996774 0.588235
180 0.046950 0.996774 0.588235
181 0.049497 0.990323 0.558824
182 0.070949 0.996774 0.558824
183 0.050733 0.996774 0.588235
184 0.052706 0.996774 0.558824
185 0.050708 0.996774 0.617647
186 0.048411 0.996774 0.588235
187 0.046265 0.996774 0.588235
188 0.049895 0.996774 0.588235
189 0.045528 0.996774 0.588235
190 0.040763 0.996774 0.588235
191 0.044100 0.996774 0.558824
192 0.048594 0.996774 0.588235
193 0.043651 0.996774 0.588235
194 0.050839 0.941935 0.588235
195 0.070074 0.996774 0.617647
196 0.070005 0.996774 0.588235
197 0.048721 0.996774 0.558824
198 0.053173 0.996774 0.588235
199 0.047721 0.996774 0.617647
200 0.041353 0.996774 0.588235
201 0.037853 0.996774 0.617647
202 0.041736 0.996774 0.617647
203 0.038257 0.996774 0.588235
204 0.040779 0.996774 0.558824
205 0.036897 0.996774 0.558824
206 0.040779 0.996774 0.588235
207 0.034898 0.996774 0.588235
208 0.038514 0.996774 0.558824
209 0.039941 0.996774 0.558824
210 0.037135 0.996774 0.588235
211 0.037363 0.996774 0.558824
212 0.042494 0.996774 0.588235
213 0.037506 0.996774 0.558824
214 0.041812 0.996774 0.558824
215 0.039061 0.996774 0.558824
216 0.035198 0.996774 0.588235
217 0.036424 0.996774 0.558824
218 0.042742 0.996774 0.588235
219 0.041131 0.996774 0.558824
220 0.037398 0.996774 0.588235
221 0.038014 0.996774 0.558824
222 0.040668 0.996774 0.617647
223 0.038824 0.996774 0.558824
224 0.037067 0.996774 0.588235
225 0.036727 0.996774 0.588235
226 0.037982 0.996774 0.588235
227 0.036699 0.996774 0.558824
228 0.039547 0.996774 0.588235
229 0.042615 0.996774 0.588235
230 0.034559 0.996774 0.558824
231 0.039508 0.996774 0.588235
232 0.039980 0.996774 0.588235
233 0.036407 0.996774 0.558824
234 0.034345 0.996774 0.558824
235 0.037067 0.996774 0.529412
236 0.035351 0.996774 0.558824
237 0.037363 0.996774 0.588235
238 0.036612 0.996774 0.558824
239 0.038604 0.996774 0.558824
240 0.040257 0.996774 0.588235
241 0.036964 0.996774 0.588235
242 0.036876 0.996774 0.588235
243 0.034586 0.996774 0.617647
244 0.040567 0.996774 0.588235
245 0.043766 0.993548 0.617647
246 0.046770 0.996774 0.558824
247 0.039133 0.996774 0.558824
248 0.044422 0.996774 0.529412
249 0.039876 0.996774 0.558824
250 0.036658 0.996774 0.529412
251 0.035536 0.996774 0.529412
252 0.033434 0.996774 0.529412
253 0.034534 0.996774 0.529412
254 0.039979 0.996774 0.558824
255 0.033546 0.996774 0.529412
256 0.037230 0.996774 0.558824
257 0.034293 0.996774 0.558824
258 0.038337 0.996774 0.529412
259 0.038595 0.996774 0.588235
260 0.037381 0.996774 0.558824
261 0.038579 0.996774 0.558824
262 0.037464 0.996774 0.529412
263 0.033450 0.996774 0.529412
264 0.032349 0.996774 0.558824
265 0.037275 0.996774 0.558824
266 0.035668 0.996774 0.529412
267 0.037612 0.996774 0.558824
268 0.034834 0.996774 0.588235
269 0.034971 0.996774 0.588235
270 0.031540 0.996774 0.558824
271 0.039305 0.996774 0.588235
272 0.036285 0.996774 0.588235
273 0.037010 0.996774 0.558824
274 0.038908 0.996774 0.588235
275 0.034130 0.996774 0.558824
276 0.035086 0.996774 0.558824
277 0.036992 0.996774 0.588235
278 0.033941 0.996774 0.558824
279 0.036329 0.996774 0.558824
280 0.032742 0.996774 0.558824
281 0.038295 0.996774 0.529412
282 0.039047 0.996774 0.588235
283 0.035985 0.996774 0.558824
284 0.036421 0.996774 0.558824
285 0.035538 0.996774 0.558824
286 0.032002 0.996774 0.529412
287 0.037166 0.996774 0.529412
288 0.034691 0.996774 0.558824
289 0.037191 0.996774 0.529412
290 0.036574 0.996774 0.529412
291 0.034489 0.996774 0.558824
292 0.034845 0.996774 0.558824
293 0.034175 0.996774 0.558824
294 0.036237 0.996774 0.588235
295 0.033846 0.996774 0.588235
296 0.034553 0.996774 0.500000
297 0.038112 0.996774 0.558824
298 0.035863 0.996774 0.588235
299 0.032242 0.996774 0.588235
300 0.035902 0.996774 0.588235
301 0.035478 0.996774 0.588235
302 0.035378 0.996774 0.558824
303 0.034776 0.996774 0.558824
304 0.031485 0.996774 0.588235
305 0.032773 0.996774 0.588235
306 0.034609 0.996774 0.588235
307 0.035644 0.996774 0.588235
308 0.031681 0.996774 0.588235
309 0.032826 0.996774 0.588235
310 0.034875 0.996774 0.588235
311 0.033315 0.996774 0.588235
312 0.033704 0.996774 0.588235
313 0.034304 0.996774 0.588235
314 0.030312 0.996774 0.588235
315 0.032663 0.996774 0.588235
316 0.033067 0.996774 0.588235
317 0.035635 0.996774 0.588235
318 0.032125 0.996774 0.558824
319 0.033476 0.996774 0.588235
320 0.031382 0.996774 0.588235
321 0.033746 0.996774 0.558824
322 0.034483 0.996774 0.558824
323 0.033142 0.996774 0.588235
324 0.032402 0.996774 0.588235
325 0.033632 0.996774 0.588235
326 0.034521 0.996774 0.558824
327 0.035637 0.996774 0.588235
328 0.033420 0.996774 0.558824
329 0.033393 0.996774 0.588235
330 0.034383 0.996774 0.588235
331 0.031641 0.996774 0.588235
332 0.031487 0.996774 0.588235
333 0.036179 0.996774 0.588235
334 0.031745 0.996774 0.558824
335 0.032439 0.996774 0.558824
336 0.033215 0.996774 0.558824
337 0.031635 0.996774 0.588235
338 0.034489 0.996774 0.558824
339 0.033785 0.996774 0.558824
340 0.033291 0.996774 0.588235
341 0.031750 0.996774 0.558824
342 0.032994 0.996774 0.558824
343 0.031016 0.996774 0.558824
344 0.034087 0.996774 0.558824
345 0.034983 0.996774 0.558824
346 0.033355 0.996774 0.558824
347 0.034791 0.996774 0.558824
348 0.035949 0.996774 0.558824
349 0.031724 0.996774 0.558824
350 0.035962 0.996774 0.588235
