1 10.868793 0.696222 0.702000
2 2.377345 0.762667 0.752000
3 1.605401 0.779333 0.764000
4 1.185039 0.745333 0.712000
5 0.941183 0.766667 0.758000
6 0.713526 0.808667 0.786000
7 0.697249 0.788000 0.778000
8 0.604452 0.807556 0.770000
9 0.644011 0.797556 0.768000
10 0.640929 0.800444 0.778000
11 0.617056 0.806222 0.778000
12 0.626836 0.802444 0.782000
13 0.606251 0.816667 0.792000
14 0.542962 0.816000 0.792000
15 0.560223 0.807111 0.784000
16 0.539276 0.804667 0.796000
17 0.594290 0.804889 0.780000
18 0.554665 0.807333 0.780000
19 0.533788 0.816000 0.772000
20 0.546222 0.816667 0.770000
21 0.531811 0.813111 0.772000
22 0.495376 0.818222 0.772000
23 0.507597 0.818444 0.782000
24 0.518383 0.825778 0.788000
25 0.466127 0.841556 0.788000
26 0.473362 0.824667 0.774000
27 0.477860 0.836889 0.802000
28 0.492628 0.820000 0.804000
29 0.489006 0.831333 0.794000
30 0.464808 0.834222 0.810000
