1 2.795124 0.736667 0.750000
2 0.839426 0.783333 0.750000
3 0.640946 0.771111 0.720000
4 0.506660 0.725556 0.680000
5 0.485973 0.791111 0.700000
6 0.427414 0.800000 0.740000
7 0.412963 0.824444 0.730000
8 0.398241 0.844444 0.750000
9 0.395021 0.832222 0.770000
10 0.525645 0.776667 0.720000
11 0.562944 0.824444 0.730000
12 0.403814 0.806667 0.740000
13 0.406680 0.828889 0.730000
14 0.366427 0.875556 0.760000
15 0.344378 0.835556 0.710000
16 0.335347 0.840000 0.680000
17 0.331856 0.863333 0.760000
18 0.329718 0.840000 0.690000
19 0.302625 0.885556 0.750000
20 0.425162 0.757778 0.640000
21 0.449695 0.834444 0.750000
22 0.342233 0.845556 0.740000
23 0.333889 0.862222 0.760000
24 0.311313 0.862222 0.740000
25 0.318222 0.876667 0.710000
26 0.290581 0.888889 0.730000
27 0.290111 0.883333 0.700000
28 0.315603 0.845556 0.730000
29 0.318338 0.863333 0.740000
30 0.307621 0.810000 0.750000
31 0.306548 0.872222 0.740000
32 0.329282 0.857778 0.720000
33 0.280673 0.871111 0.710000
34 0.277257 0.861111 0.690000
35 0.397644 0.862222 0.690000
36 0.301665 0.874444 0.680000
37 0.312522 0.892222 0.750000
38 0.290550 0.877778 0.710000
39 0.266771 0.892222 0.700000
40 0.260812 0.873333 0.760000
41 0.332848 0.875556 0.730000
42 0.312820 0.883333 0.710000
43 0.267788 0.898889 0.740000
44 0.251925 0.887778 0.750000
45 0.271589 0.860000 0.710000
46 0.260083 0.890000 0.700000
47 0.257493 0.848889 0.720000
48 0.271830 0.894444 0.720000
49 0.260269 0.863333 0.750000
50 0.245983 0.913333 0.720000
51 0.223537 0.897778 0.720000
52 0.200431 0.908889 0.720000
53 0.200372 0.911111 0.700000
54 0.201463 0.921111 0.700000
55 0.209233 0.911111 0.680000
56 0.198352 0.922222 0.700000
57 0.206293 0.913333 0.680000
58 0.205390 0.913333 0.710000
59 0.218062 0.916667 0.720000
60 0.212699 0.917778 0.720000
61 0.213604 0.911111 0.710000
62 0.209420 0.907778 0.710000
63 0.213227 0.905556 0.680000
64 0.199573 0.928889 0.700000
65 0.194698 0.922222 0.690000
66 0.190598 0.916667 0.700000
67 0.219731 0.921111 0.710000
68 0.191734 0.926667 0.740000
69 0.211136 0.916667 0.740000
70 0.195502 0.917778 0.690000
71 0.198002 0.921111 0.680000
72 0.191792 0.925556 0.710000
73 0.196037 0.906667 0.670000
74 0.228225 0.922222 0.720000
75 0.205102 0.925556 0.710000
76 0.180167 0.915556 0.720000
77 0.185397 0.905556 0.720000
78 0.206298 0.937778 0.700000
79 0.170815 0.916667 0.720000
80 0.190973 0.921111 0.730000
81 0.183435 0.926667 0.710000
82 0.192323 0.925556 0.710000
83 0.185642 0.921111 0.690000
84 0.207356 0.916667 0.720000
85 0.191205 0.927778 0.720000
86 0.198240 0.926667 0.730000
87 0.194110 0.926667 0.720000
88 0.221977 0.921111 0.720000
89 0.188382 0.928889 0.730000
90 0.176366 0.928889 0.730000
91 0.181818 0.904444 0.720000
92 0.193187 0.927778 0.730000
93 0.202607 0.925556 0.750000
94 0.188464 0.925556 0.710000
95 0.168217 0.935556 0.710000
96 0.180793 0.931111 0.720000
97 0.191033 0.924444 0.710000
98 0.190177 0.934444 0.730000
99 0.197973 0.928889 0.750000
100 0.161805 0.930000 0.710000
101 0.158408 0.941111 0.720000
102 0.167567 0.933333 0.740000
103 0.156195 0.936667 0.720000
104 0.160217 0.942222 0.740000
105 0.156992 0.932222 0.730000
106 0.154851 0.943333 0.740000
107 0.144594 0.935556 0.730000
108 0.150086 0.933333 0.720000
109 0.154739 0.941111 0.740000
110 0.161177 0.934444 0.750000
111 0.145728 0.933333 0.730000
112 0.150823 0.943333 0.720000
113 0.149518 0.942222 0.730000
114 0.140582 0.945556 0.720000
115 0.146093 0.943333 0.730000
116 0.155842 0.941111 0.730000
117 0.144002 0.942222 0.710000
118 0.139484 0.941111 0.750000
119 0.143745 0.945556 0.730000
120 0.155715 0.934444 0.740000
121 0.157699 0.941111 0.740000
122 0.150070 0.940000 0.750000
123 0.139762 0.940000 0.750000
124 0.145510 0.942222 0.730000
125 0.146075 0.938889 0.730000
126 0.147617 0.936667 0.750000
127 0.156788 0.934444 0.740000
128 0.153443 0.941111 0.750000
129 0.143856 0.936667 0.750000
130 0.161341 0.937778 0.740000
131 0.144372 0.942222 0.740000
132 0.153417 0.943333 0.740000
133 0.138336 0.935556 0.720000
134 0.146942 0.941111 0.720000
135 0.152638 0.934444 0.730000
136 0.139578 0.941111 0.740000
137 0.149666 0.942222 0.740000
138 0.149036 0.940000 0.750000
139 0.143726 0.943333 0.730000
140 0.145502 0.940000 0.770000
141 0.153466 0.942222 0.750000
142 0.143565 0.945556 0.720000
143 0.135830 0.946667 0.710000
144 0.148450 0.937778 0.740000
145 0.144037 0.945556 0.710000
146 0.139694 0.941111 0.720000
147 0.134527 0.944444 0.740000
148 0.146117 0.942222 0.720000
149 0.143279 0.937778 0.700000
150 0.137035 0.948889 0.740000
151 0.135194 0.946667 0.720000
152 0.129849 0.942222 0.750000
153 0.127583 0.950000 0.740000
154 0.131435 0.946667 0.730000
155 0.128379 0.947778 0.730000
156 0.128023 0.945556 0.710000
157 0.118141 0.944444 0.730000
158 0.127446 0.944444 0.720000
159 0.129246 0.946667 0.740000
160 0.135366 0.944444 0.720000
161 0.137133 0.948889 0.710000
162 0.172283 0.945556 0.730000
163 0.139408 0.950000 0.730000
164 0.131567 0.948889 0.720000
165 0.134149 0.946667 0.710000
166 0.121275 0.946667 0.720000
167 0.128103 0.947778 0.730000
168 0.132093 0.950000 0.730000
169 0.121299 0.948889 0.720000
170 0.126505 0.947778 0.710000
171 0.126674 0.950000 0.720000
172 0.124121 0.947778 0.740000
173 0.128166 0.944444 0.740000
174 0.122912 0.945556 0.710000
175 0.133615 0.943333 0.750000
176 0.126219 0.948889 0.720000
177 0.128841 0.944444 0.710000
178 0.133808 0.946667 0.740000
179 0.123784 0.945556 0.730000
180 0.123895 0.947778 0.720000
181 0.130615 0.947778 0.750000
182 0.120507 0.946667 0.720000
183 0.121758 0.947778 0.720000
184 0.128733 0.950000 0.720000
185 0.124638 0.947778 0.720000
186 0.120694 0.948889 0.730000
187 0.126994 0.951111 0.740000
188 0.129402 0.947778 0.750000
189 0.123362 0.951111 0.730000
190 0.122587 0.948889 0.720000
191 0.134067 0.950000 0.710000
192 0.132454 0.950000 0.720000
193 0.129768 0.948889 0.750000
194 0.124788 0.948889 0.740000
195 0.125570 0.947778 0.720000
196 0.127454 0.948889 0.730000
197 0.121979 0.946667 0.730000
198 0.124582 0.950000 0.740000
199 0.127174 0.950000 0.720000
200 0.122668 0.950000 0.710000
201 0.120481 0.950000 0.710000
202 0.123474 0.950000 0.720000
203 0.124256 0.951111 0.730000
204 0.117961 0.952222 0.730000
205 0.117001 0.952222 0.730000
206 0.124973 0.951111 0.740000
207 0.125512 0.951111 0.740000
208 0.118239 0.951111 0.720000
209 0.118685 0.950000 0.740000
210 0.115400 0.951111 0.720000
211 0.121010 0.948889 0.750000
212 0.122125 0.950000 0.730000
213 0.121780 0.951111 0.730000
214 0.119426 0.950000 0.730000
215 0.120435 0.950000 0.730000
216 0.120045 0.950000 0.750000
217 0.116367 0.951111 0.730000
218 0.137229 0.950000 0.720000
219 0.121874 0.950000 0.730000
220 0.123109 0.948889 0.730000
221 0.111864 0.950000 0.720000
222 0.127348 0.950000 0.720000
223 0.121267 0.947778 0.730000
224 0.116317 0.950000 0.760000
225 0.111123 0.951111 0.740000
226 0.121938 0.950000 0.740000
227 0.115178 0.951111 0.730000
228 0.116450 0.950000 0.730000
229 0.117334 0.951111 0.730000
230 0.122833 0.950000 0.740000
231 0.120417 0.950000 0.750000
232 0.111572 0.950000 0.730000
233 0.110321 0.951111 0.740000
234 0.112683 0.950000 0.750000
235 0.117579 0.951111 0.730000
236 0.129529 0.950000 0.740000
237 0.123464 0.948889 0.750000
238 0.119931 0.950000 0.750000
239 0.119599 0.951111 0.720000
240 0.123811 0.948889 0.740000
241 0.124962 0.951111 0.760000
242 0.118492 0.951111 0.760000
243 0.126977 0.950000 0.750000
244 0.121446 0.950000 0.740000
245 0.119134 0.951111 0.740000
246 0.108286 0.950000 0.740000
247 0.123514 0.952222 0.740000
248 0.126944 0.951111 0.750000
249 0.114607 0.950000 0.750000
250 0.122850 0.951111 0.740000
251 0.118198 0.950000 0.740000
252 0.110702 0.951111 0.750000
253 0.115753 0.951111 0.740000
254 0.117808 0.951111 0.750000
255 0.111026 0.951111 0.740000
256 0.118989 0.951111 0.740000
257 0.107089 0.952222 0.740000
258 0.122934 0.952222 0.750000
259 0.112906 0.951111 0.750000
260 0.116268 0.951111 0.730000
261 0.115593 0.951111 0.750000
262 0.117858 0.951111 0.720000
263 0.116250 0.951111 0.740000
264 0.117559 0.952222 0.740000
265 0.119517 0.951111 0.730000
266 0.117658 0.951111 0.730000
267 0.114195 0.951111 0.720000
268 0.122829 0.952222 0.720000
269 0.114187 0.951111 0.740000
270 0.120896 0.952222 0.740000
271 0.110095 0.952222 0.740000
272 0.107866 0.951111 0.750000
273 0.107710 0.951111 0.730000
274 0.118668 0.951111 0.740000
275 0.111418 0.952222 0.740000
276 0.112220 0.951111 0.730000
277 0.116957 0.951111 0.730000
278 0.116148 0.951111 0.740000
279 0.112459 0.950000 0.740000
280 0.114771 0.951111 0.740000
281 0.112580 0.951111 0.740000
282 0.112442 0.952222 0.750000
283 0.118256 0.950000 0.730000
284 0.116221 0.951111 0.740000
285 0.118226 0.952222 0.730000
286 0.117448 0.951111 0.750000
287 0.113921 0.951111 0.740000
288 0.110190 0.951111 0.740000
289 0.112796 0.951111 0.730000
290 0.120822 0.952222 0.730000
291 0.114305 0.950000 0.730000
292 0.119011 0.950000 0.740000
293 0.104343 0.951111 0.740000
294 0.115000 0.951111 0.730000
295 0.108854 0.951111 0.740000
296 0.111080 0.951111 0.740000
297 0.109657 0.951111 0.730000
298 0.125783 0.951111 0.740000
299 0.113478 0.951111 0.740000
300 0.115901 0.948889 0.750000
301 0.116433 0.950000 0.730000
302 0.108001 0.951111 0.760000
303 0.111187 0.951111 0.740000
304 0.102534 0.952222 0.740000
305 0.114840 0.951111 0.740000
306 0.112145 0.952222 0.740000
307 0.109073 0.952222 0.740000
308 0.110620 0.951111 0.740000
309 0.113125 0.952222 0.740000
310 0.110776 0.952222 0.740000
311 0.112582 0.951111 0.750000
312 0.105728 0.951111 0.730000
313 0.097926 0.951111 0.740000
314 0.113702 0.951111 0.740000
315 0.114331 0.951111 0.740000
316 0.105707 0.951111 0.730000
317 0.114115 0.951111 0.730000
318 0.111092 0.952222 0.740000
319 0.112732 0.953333 0.740000
320 0.112024 0.952222 0.730000
321 0.106941 0.952222 0.740000
322 0.118777 0.953333 0.730000
323 0.111940 0.952222 0.740000
324 0.114246 0.951111 0.740000
325 0.114090 0.952222 0.750000
326 0.108976 0.952222 0.740000
327 0.112967 0.952222 0.720000
328 0.115311 0.951111 0.730000
329 0.110639 0.951111 0.730000
330 0.122822 0.952222 0.750000
331 0.116667 0.953333 0.750000
332 0.108394 0.952222 0.740000
333 0.110418 0.952222 0.740000
334 0.118261 0.951111 0.740000
335 0.114167 0.953333 0.750000
336 0.115864 0.953333 0.750000
337 0.117092 0.953333 0.740000
338 0.111081 0.951111 0.740000
339 0.108927 0.952222 0.730000
340 0.114147 0.951111 0.770000
341 0.106958 0.952222 0.750000
342 0.111889 0.953333 0.740000
343 0.119356 0.952222 0.740000
344 0.113779 0.952222 0.740000
345 0.115137 0.952222 0.750000
346 0.118762 0.952222 0.750000
347 0.111539 0.952222 0.760000
348 0.115156 0.953333 0.740000
349 0.109806 0.952222 0.740000
350 0.115409 0.952222 0.740000
