1 1.791363 0.694118 0.722222
2 0.665489 0.858824 0.777778
3 0.539578 0.541176 0.388889
4 0.731775 0.864706 0.777778
5 0.479654 0.847059 0.777778
6 0.497021 0.835294 0.777778
7 0.429345 0.694118 0.500000
8 0.372933 0.852941 0.777778
9 0.361673 0.864706 0.833333
10 0.323091 0.870588 0.833333
11 0.380743 0.841176 0.833333
12 0.352103 0.841176 0.833333
13 0.414561 0.876471 0.833333
14 0.287172 0.800000 0.555556
15 0.300002 0.917647 0.833333
16 0.308786 0.741176 0.500000
17 0.316454 0.888235 0.888889
18 0.247599 0.905882 0.833333
19 0.267162 0.876471 0.611111
20 0.210655 0.923529 0.833333
21 0.263950 0.894118 0.833333
22 0.248061 0.876471 0.888889
23 0.254267 0.905882 0.888889
24 0.224787 0.929412 0.833333
25 0.253968 0.900000 0.833333
26 0.274516 0.841176 0.611111
27 0.240312 0.894118 0.777778
28 0.220815 0.917647 0.833333
29 0.171658 0.935294 0.833333
30 0.176860 0.876471 0.777778
31 0.192456 0.958824 0.777778
32 0.152029 0.941176 0.833333
33 0.134622 0.958824 0.777778
34 0.160841 0.905882 0.833333
35 0.149772 0.852941 0.833333
36 0.209200 0.758824 0.611111
37 0.239591 0.858824 0.777778
38 0.233476 0.894118 0.833333
39 0.208538 0.923529 0.722222
40 0.163725 0.917647 0.833333
41 0.134504 0.947059 0.777778
42 0.122598 0.976471 0.777778
43 0.100724 0.852941 0.611111
44 0.117730 0.941176 0.777778
45 0.139124 0.847059 0.777778
46 0.124051 0.935294 0.777778
47 0.109969 0.905882 0.722222
48 0.104096 0.982353 0.833333
49 0.087651 0.964706 0.833333
50 0.083000 0.994118 0.777778
51 0.073126 0.994118 0.777778
52 0.067456 1.000000 0.777778
53 0.072854 1.000000 0.777778
54 0.068794 0.994118 0.777778
55 0.075310 0.988235 0.777778
56 0.069683 0.988235 0.777778
57 0.065492 0.988235 0.777778
58 0.065740 0.988235 0.777778
59 0.074656 1.000000 0.777778
60 0.068667 1.000000 0.777778
61 0.065894 0.988235 0.777778
62 0.073094 0.994118 0.888889
63 0.070033 0.994118 0.833333
64 0.066900 0.988235 0.777778
65 0.071448 1.000000 0.777778
66 0.062758 0.988235 0.777778
67 0.074543 0.994118 0.777778
68 0.067800 0.994118 0.777778
69 0.078507 0.994118 0.833333
70 0.068546 0.994118 0.833333
