1 4.321957 0.443037 0.417333
2 2.118454 0.485482 0.439334
3 1.735050 0.513926 0.464000
4 1.415166 0.508593 0.460000
5 1.408507 0.501556 0.458000
6 1.290289 0.510815 0.454000
7 1.131938 0.536222 0.478667
8 1.125143 0.532074 0.466000
9 1.045110 0.537407 0.466000
10 1.007700 0.547185 0.476667
11 1.000060 0.554815 0.484000
12 0.986311 0.548148 0.476666
13 0.962122 0.566519 0.484000
14 0.943375 0.569259 0.484000
15 0.949808 0.559778 0.478667
16 0.944085 0.552963 0.484667
17 0.923481 0.537185 0.454667
18 0.916624 0.557185 0.478667
19 0.914907 0.577333 0.489333
20 0.923856 0.582370 0.498000
21 0.915574 0.581408 0.490000
22 0.917521 0.578445 0.476000
23 0.908862 0.570593 0.472000
24 0.907051 0.574815 0.486667
25 0.904620 0.578370 0.479333
26 0.889469 0.584741 0.480000
27 0.882990 0.583185 0.480667
28 0.875015 0.590074 0.480667
29 0.882550 0.595259 0.482667
30 0.885674 0.591852 0.486667
31 0.884207 0.585926 0.486000
32 0.875862 0.562815 0.473333
33 0.878186 0.593555 0.488667
34 0.876265 0.589259 0.498000
35 0.871315 0.584815 0.482000
36 0.882547 0.576667 0.470000
37 0.873025 0.602519 0.497333
38 0.858900 0.593778 0.487333
39 0.860806 0.594889 0.472667
40 0.864279 0.582370 0.464000
41 0.875085 0.596074 0.484000
42 0.867856 0.601926 0.472667
43 0.869544 0.600296 0.489333
44 0.858926 0.599185 0.485333
45 0.857344 0.581185 0.464667
46 0.864647 0.574815 0.470667
47 0.856123 0.598889 0.478667
48 0.846954 0.603407 0.482000
49 0.848930 0.597259 0.483333
50 0.817976 0.615408 0.482000
51 0.803822 0.625556 0.492000
52 0.798869 0.626889 0.485333
53 0.806825 0.624815 0.485333
54 0.802013 0.623704 0.496667
55 0.790738 0.631407 0.501333
56 0.786715 0.630519 0.497333
57 0.785401 0.627704 0.476667
58 0.796582 0.622000 0.486000
59 0.788736 0.631185 0.490667
60 0.782480 0.634963 0.493333
61 0.789984 0.626963 0.477333
62 0.791809 0.633259 0.494667
63 0.787454 0.635259 0.485333
64 0.784436 0.631778 0.488667
65 0.788723 0.631556 0.483333
66 0.783258 0.629704 0.492667
67 0.783994 0.634148 0.502667
68 0.784299 0.631630 0.494667
69 0.787270 0.635259 0.490000
70 0.772556 0.632889 0.484667
