1 9.931548 0.743111 0.762000
2 2.233995 0.742000 0.732000
3 1.215099 0.737333 0.698000
4 0.925628 0.786889 0.778000
5 1.043364 0.774444 0.744000
6 0.791935 0.784000 0.766000
7 0.692256 0.792222 0.800000
8 0.617671 0.775111 0.766000
9 0.622500 0.795111 0.780000
10 0.596699 0.789333 0.740000
11 0.529192 0.807556 0.752000
12 0.564956 0.804667 0.790000
13 0.538139 0.809778 0.782000
14 0.627013 0.811333 0.768000
15 1.662577 0.466222 0.456000
16 0.782607 0.780889 0.770000
17 0.597757 0.796667 0.776000
18 0.549885 0.803333 0.784000
19 0.539657 0.805778 0.786000
20 0.515478 0.817556 0.768000
21 0.522091 0.817111 0.776000
22 0.498455 0.823778 0.778000
23 0.492834 0.829556 0.782000
24 0.455907 0.832222 0.784000
25 0.453357 0.827333 0.778000
26 0.464391 0.830667 0.768000
27 0.509874 0.823333 0.764000
28 0.444693 0.837111 0.800000
29 0.429455 0.808667 0.768000
30 0.445091 0.835333 0.778000
