1 1.702057 0.769231 0.684211
2 0.735034 0.852071 0.631579
3 0.610799 0.840237 0.736842
4 0.624914 0.840237 0.736842
5 0.587325 0.857988 0.789474
6 0.453685 0.822485 0.684211
7 0.489449 0.869822 0.684211
8 0.566150 0.816568 0.684211
9 0.385744 0.869822 0.789474
10 0.402351 0.822485 0.736842
11 0.381158 0.863905 0.789474
12 0.377231 0.863905 0.789474
13 0.434136 0.810651 0.684211
14 0.428760 0.899408 0.842105
15 0.333968 0.757396 0.631579
16 0.313292 0.881657 0.789474
17 0.310929 0.822485 0.736842
18 0.296685 0.881657 0.789474
19 0.265481 0.875740 0.894737
20 0.243248 0.822485 0.684211
21 0.287692 0.869822 0.842105
22 0.225137 0.917160 0.789474
23 0.208819 0.810651 0.578947
24 0.211512 0.544379 0.421053
25 0.213606 0.911243 0.789474
26 0.212999 0.840237 0.736842
27 0.203851 0.881657 0.842105
28 0.205613 0.881657 0.789474
29 0.178201 0.905325 0.789474
30 0.170962 0.964497 0.842105
31 0.224911 0.863905 0.789474
32 0.194843 0.899408 0.789474
33 0.180127 0.934911 0.736842
34 0.180259 0.834320 0.684211
35 0.165386 0.869822 0.736842
36 0.198987 0.710059 0.526316
37 0.162729 0.544379 0.368421
38 0.153403 0.887574 0.842105
39 0.168502 0.934911 0.842105
40 0.179613 0.881657 0.789474
41 0.144365 0.857988 0.736842
42 0.143037 0.917160 0.684211
43 0.175506 0.822485 0.736842
44 0.293041 0.745562 0.736842
45 0.222263 0.816568 0.631579
46 0.203048 0.875740 0.736842
47 0.173851 0.928994 0.842105
48 0.141647 0.952663 0.894737
49 0.149249 0.923077 0.789474
50 0.137825 0.934911 0.789474
51 0.113794 0.917160 0.789474
52 0.100237 0.952663 0.842105
53 0.113316 0.911243 0.789474
54 0.114949 0.911243 0.736842
55 0.126190 0.911243 0.842105
56 0.105653 0.988166 0.789474
57 0.097858 0.976331 0.789474
58 0.106262 0.934911 0.736842
59 0.111848 0.988166 0.736842
60 0.102983 0.970414 0.789474
61 0.095054 0.982249 0.789474
62 0.101072 0.923077 0.842105
63 0.104883 0.822485 0.631579
64 0.099605 0.982249 0.789474
65 0.092933 0.982249 0.789474
66 0.097468 0.952663 0.789474
67 0.091112 0.816568 0.578947
68 0.099073 0.976331 0.789474
69 0.092811 0.757396 0.578947
70 0.101044 0.976331 0.789474
