1 4.191413 0.456296 0.473333
2 2.042535 0.465926 0.473333
3 1.861394 0.517037 0.460000
4 1.695198 0.445185 0.420000
5 1.967811 0.454074 0.433333
6 1.343273 0.520741 0.506667
7 1.323908 0.545926 0.440000
8 1.241652 0.540000 0.473333
9 1.138898 0.555556 0.473333
10 1.154727 0.560741 0.473333
11 1.167559 0.534815 0.413333
12 1.054454 0.549630 0.500000
13 1.155824 0.557037 0.486667
14 1.023754 0.557778 0.406667
15 0.973187 0.527407 0.466667
16 1.005479 0.545926 0.506667
17 0.961778 0.520741 0.466667
18 0.963818 0.583704 0.500000
19 0.901919 0.597037 0.500000
20 0.900083 0.591111 0.493333
21 0.912925 0.598519 0.500000
22 0.902607 0.580741 0.466667
23 0.915005 0.593333 0.480000
24 0.903700 0.598519 0.520000
25 0.900205 0.591852 0.513333
26 0.879982 0.583704 0.480000
27 0.869221 0.599259 0.453333
28 0.850502 0.605185 0.460000
29 0.858122 0.597037 0.500000
30 0.839266 0.620000 0.486667
31 0.875726 0.617778 0.473333
32 0.859235 0.613333 0.480000
33 0.850133 0.620000 0.506667
34 0.838664 0.615556 0.500000
35 0.845242 0.614074 0.486667
36 0.857885 0.600000 0.433333
37 0.843986 0.621481 0.480000
38 0.819853 0.621481 0.506667
39 0.830463 0.611111 0.473333
40 0.850183 0.595556 0.453333
41 0.855822 0.598519 0.426667
42 0.844768 0.619259 0.493333
43 0.847699 0.608889 0.453333
44 0.816140 0.626667 0.460000
45 0.892024 0.606667 0.493333
46 0.847320 0.585926 0.420000
47 0.815867 0.623704 0.473333
48 0.824417 0.608889 0.460000
49 0.814082 0.638519 0.460000
50 0.778883 0.637778 0.473333
51 0.763859 0.632593 0.453333
52 0.773738 0.642963 0.473333
53 0.762718 0.650370 0.453333
54 0.766068 0.644444 0.473333
55 0.769820 0.648148 0.460000
56 0.753169 0.649630 0.460000
57 0.752998 0.650370 0.446667
58 0.766768 0.648889 0.446667
59 0.768471 0.642963 0.460000
60 0.758189 0.648889 0.460000
61 0.755160 0.640741 0.466667
62 0.771444 0.647407 0.486667
63 0.749292 0.648889 0.460000
64 0.742884 0.650370 0.453333
65 0.760565 0.644444 0.460000
66 0.762356 0.631852 0.446667
67 0.750351 0.652593 0.500000
68 0.745075 0.651111 0.473333
69 0.761656 0.654074 0.466667
70 0.773353 0.638519 0.413333
