1 3.416891 0.609677 0.529412
2 1.618395 0.648387 0.529412
3 1.230210 0.687097 0.588235
4 1.001835 0.664516 0.617647
5 0.804509 0.693548 0.529412
6 0.845540 0.564516 0.441176
7 0.777864 0.638710 0.529412
8 0.631710 0.577419 0.529412
9 0.616875 0.658065 0.529412
10 0.579843 0.683871 0.470588
11 0.589110 0.696774 0.588235
12 0.552592 0.774194 0.647059
13 0.528100 0.812903 0.588235
14 0.486190 0.800000 0.676471
15 0.415289 0.835484 0.676471
16 0.446946 0.838710 0.647059
17 0.416073 0.822581 0.647059
18 0.449416 0.829032 0.588235
19 0.421703 0.832258 0.676471
20 0.413825 0.841935 0.617647
21 0.382047 0.822581 0.647059
22 0.362914 0.800000 0.529412
23 0.354558 0.841935 0.647059
24 0.357518 0.835484 0.588235
25 0.334507 0.903226 0.588235
26 0.329432 0.780645 0.617647
27 0.360808 0.861290 0.588235
28 0.330598 0.858065 0.676471
29 0.295844 0.890323 0.617647
30 0.247151 0.848387 0.558824
31 0.192274 0.925806 0.647059
32 0.264947 0.819355 0.500000
33 0.285170 0.819355 0.588235
34 0.307061 0.929032 0.617647
35 0.306788 0.922581 0.617647
36 0.209957 0.912903 0.500000
37 0.149714 0.961290 0.588235
38 0.192102 0.893548 0.647059
39 0.217323 0.919355 0.647059
40 0.232243 0.874194 0.588235
41 0.248143 0.922581 0.558824
42 0.184897 0.983871 0.647059
43 0.131874 0.977419 0.588235
44 0.130987 0.987097 0.676471
45 0.163863 0.958065 0.647059
46 0.127247 0.941935 0.617647
47 0.217214 0.938710 0.500000
48 0.138640 0.948387 0.558824
49 0.222584 0.977419 0.647059
50 0.099157 0.990323 0.588235
51 0.066880 0.996774 0.617647
52 0.051567 0.996774 0.676471
53 0.051636 0.996774 0.617647
54 0.057662 0.983871 0.617647
55 0.067173 0.996774 0.705882
56 0.045677 0.993548 0.676471
57 0.062625 0.996774 0.647059
58 0.069195 0.996774 0.588235
59 0.048958 0.996774 0.647059
60 0.040448 0.996774 0.705882
61 0.042224 0.993548 0.676471
62 0.038784 0.996774 0.705882
63 0.036262 0.996774 0.676471
64 0.035075 0.996774 0.676471
65 0.040005 0.996774 0.705882
66 0.036483 0.996774 0.676471
67 0.034202 0.996774 0.676471
68 0.037596 0.993548 0.647059
69 0.040313 0.996774 0.735294
70 0.142518 0.880645 0.647059
71 0.110022 0.987097 0.588235
72 0.073818 0.993548 0.617647
73 0.061261 0.996774 0.647059
74 0.052790 0.996774 0.735294
75 0.088499 0.983871 0.558824
76 0.066313 0.993548 0.676471
77 0.050075 0.993548 0.676471
78 0.044874 0.996774 0.647059
79 0.043024 0.996774 0.617647
80 0.036592 0.996774 0.676471
81 0.036943 0.996774 0.676471
82 0.041904 0.996774 0.676471
83 0.038857 0.996774 0.676471
84 0.035148 0.996774 0.647059
85 0.031587 0.996774 0.676471
86 0.328817 0.874194 0.558824
87 0.194705 0.980645 0.647059
88 0.082291 0.993548 0.617647
89 0.047887 0.996774 0.647059
90 0.038668 0.996774 0.647059
91 0.038044 0.996774 0.647059
92 0.036435 0.996774 0.705882
93 0.038795 0.996774 0.676471
94 0.036403 0.996774 0.647059
95 0.048753 0.987097 0.676471
96 0.071194 0.990323 0.647059
97 0.076822 0.990323 0.676471
98 0.077776 0.996774 0.588235
99 0.084757 0.987097 0.676471
100 0.053385 0.996774 0.588235
101 0.030614 0.996774 0.558824
102 0.035589 0.996774 0.558824
103 0.033276 0.996774 0.588235
104 0.029180 0.996774 0.588235
105 0.033084 0.996774 0.588235
106 0.038100 0.993548 0.617647
107 0.036365 0.996774 0.647059
108 0.029537 0.996774 0.617647
109 0.027225 0.996774 0.647059
110 0.025400 0.996774 0.617647
111 0.027922 0.996774 0.617647
112 0.028439 0.996774 0.647059
113 0.034739 0.996774 0.617647
114 0.035477 0.996774 0.647059
115 0.028541 0.996774 0.647059
116 0.035360 0.996774 0.647059
117 0.041072 0.990323 0.676471
118 0.050812 0.996774 0.617647
119 0.031452 0.996774 0.647059
120 0.033105 0.996774 0.676471
121 0.025726 0.996774 0.676471
122 0.032311 0.996774 0.617647
123 0.026737 0.996774 0.588235
124 0.033883 0.996774 0.647059
125 0.029953 0.996774 0.647059
126 0.051079 0.983871 0.588235
127 0.049476 0.996774 0.676471
128 0.033394 0.996774 0.647059
129 0.029351 0.996774 0.705882
130 0.033836 0.996774 0.705882
131 0.027575 0.996774 0.676471
132 0.027423 0.996774 0.676471
133 0.030922 0.996774 0.676471
134 0.028707 0.996774 0.647059
135 0.027396 0.996774 0.676471
136 0.024988 0.996774 0.647059
137 0.029716 0.996774 0.676471
138 0.026063 0.996774 0.676471
139 0.034911 0.996774 0.705882
140 0.038182 0.996774 0.617647
141 0.042058 0.996774 0.647059
142 0.047732 0.990323 0.529412
143 0.087645 0.987097 0.558824
144 0.052263 0.996774 0.676471
145 0.051165 0.919355 0.558824
146 0.114453 0.996774 0.588235
147 0.041412 0.996774 0.588235
148 0.039431 0.996774 0.588235
149 0.032274 0.996774 0.558824
150 0.033258 0.996774 0.588235
151 0.025135 0.996774 0.558824
152 0.025114 0.996774 0.588235
153 0.025121 0.996774 0.617647
154 0.026183 0.996774 0.617647
155 0.026694 0.996774 0.588235
156 0.027220 0.996774 0.617647
157 0.024343 0.996774 0.558824
158 0.024189 0.996774 0.588235
159 0.023946 0.996774 0.588235
160 0.026405 0.996774 0.647059
161 0.030669 0.996774 0.647059
162 0.024166 0.996774 0.676471
163 0.025323 0.996774 0.647059
164 0.023040 0.996774 0.676471
165 0.024882 0.996774 0.676471
166 0.024701 0.996774 0.676471
167 0.028479 0.996774 0.617647
168 0.023858 0.996774 0.617647
169 0.022840 0.996774 0.617647
170 0.023824 0.996774 0.676471
171 0.024060 0.996774 0.647059
172 0.023733 0.996774 0.617647
173 0.025840 0.996774 0.676471
174 0.026821 0.996774 0.647059
175 0.027383 0.996774 0.676471
176 0.025119 0.996774 0.676471
177 0.022509 0.996774 0.676471
178 0.025649 0.996774 0.676471
179 0.022051 0.996774 0.676471
180 0.025271 0.996774 0.647059
181 0.022626 0.996774 0.676471
182 0.022755 0.996774 0.676471
183 0.021361 0.996774 0.647059
184 0.028593 0.996774 0.617647
185 0.021999 0.996774 0.617647
186 0.025027 0.996774 0.588235
187 0.025671 0.996774 0.617647
188 0.023623 0.996774 0.647059
189 0.021397 0.996774 0.647059
190 0.023149 0.996774 0.647059
191 0.023433 0.996774 0.617647
192 0.028411 0.996774 0.647059
193 0.021880 0.996774 0.647059
194 0.041780 0.987097 0.676471
195 0.107608 0.996774 0.647059
196 0.032351 0.996774 0.647059
197 0.029931 0.996774 0.676471
198 0.026435 0.996774 0.676471
199 0.030666 0.996774 0.676471
200 0.021828 0.996774 0.676471
201 0.023209 0.996774 0.676471
202 0.026658 0.996774 0.676471
203 0.023629 0.996774 0.647059
204 0.026143 0.996774 0.647059
205 0.022758 0.996774 0.647059
206 0.024134 0.996774 0.647059
207 0.021110 0.996774 0.676471
208 0.022449 0.996774 0.647059
209 0.025247 0.996774 0.676471
210 0.022185 0.996774 0.647059
211 0.021189 0.996774 0.647059
212 0.024565 0.996774 0.647059
213 0.024505 0.996774 0.676471
214 0.021689 0.996774 0.676471
215 0.024056 0.996774 0.647059
216 0.020764 0.996774 0.676471
217 0.022210 0.996774 0.676471
218 0.025273 0.996774 0.647059
219 0.023468 0.996774 0.676471
220 0.022136 0.996774 0.676471
221 0.021628 0.996774 0.676471
222 0.024295 0.996774 0.676471
223 0.023149 0.996774 0.676471
224 0.020349 0.996774 0.676471
225 0.019702 0.996774 0.676471
226 0.023968 0.996774 0.647059
227 0.021336 0.996774 0.676471
228 0.022978 0.996774 0.676471
229 0.021412 0.996774 0.647059
230 0.018811 0.996774 0.676471
231 0.023043 0.996774 0.676471
232 0.021380 0.996774 0.676471
233 0.018850 0.996774 0.676471
234 0.019318 0.996774 0.676471
235 0.020250 0.996774 0.676471
236 0.019788 0.996774 0.676471
237 0.021716 0.996774 0.676471
238 0.021222 0.996774 0.647059
239 0.023111 0.996774 0.647059
240 0.022194 0.996774 0.647059
241 0.020174 0.996774 0.676471
242 0.019293 0.996774 0.647059
243 0.016887 0.996774 0.676471
244 0.022180 0.996774 0.676471
245 0.020014 0.996774 0.676471
246 0.021953 0.996774 0.647059
247 0.019689 0.996774 0.647059
248 0.023026 0.996774 0.676471
249 0.021047 0.996774 0.676471
250 0.020145 0.996774 0.676471
251 0.020843 0.996774 0.676471
252 0.014891 0.996774 0.676471
253 0.018776 0.996774 0.647059
254 0.025915 0.996774 0.647059
255 0.017292 0.996774 0.647059
256 0.019477 0.996774 0.647059
257 0.015379 0.996774 0.676471
258 0.017682 0.996774 0.676471
259 0.020330 0.996774 0.647059
260 0.019676 0.996774 0.647059
261 0.021030 0.996774 0.676471
262 0.019446 0.996774 0.676471
263 0.018911 0.996774 0.647059
264 0.018519 0.996774 0.676471
265 0.023705 0.996774 0.676471
266 0.022071 0.996774 0.676471
267 0.021937 0.996774 0.676471
268 0.020574 0.996774 0.676471
269 0.018611 0.996774 0.676471
270 0.016607 0.996774 0.676471
271 0.020235 0.996774 0.676471
272 0.021041 0.996774 0.676471
273 0.020850 0.996774 0.647059
274 0.022445 0.996774 0.676471
275 0.019132 0.996774 0.647059
276 0.019509 0.996774 0.705882
277 0.019914 0.996774 0.676471
278 0.019023 0.996774 0.676471
279 0.020618 0.996774 0.647059
280 0.018015 0.996774 0.647059
281 0.022706 0.996774 0.676471
282 0.020619 0.996774 0.676471
283 0.018821 0.996774 0.676471
284 0.021573 0.996774 0.647059
285 0.016802 0.996774 0.647059
286 0.017267 0.996774 0.647059
287 0.022229 0.996774 0.676471
288 0.018855 0.996774 0.647059
289 0.020236 0.996774 0.676471
290 0.018623 0.996774 0.676471
291 0.018416 0.996774 0.676471
292 0.019148 0.996774 0.676471
293 0.019579 0.996774 0.705882
294 0.018728 0.996774 0.705882
295 0.019387 0.996774 0.676471
296 0.018558 0.996774 0.676471
297 0.021776 0.996774 0.705882
298 0.019261 0.996774 0.676471
299 0.016557 0.996774 0.676471
300 0.020000 0.996774 0.676471
301 0.019726 0.996774 0.676471
302 0.018725 0.996774 0.676471
303 0.019445 0.996774 0.676471
304 0.015863 0.996774 0.676471
305 0.018416 0.996774 0.676471
306 0.018825 0.996774 0.676471
307 0.019337 0.996774 0.676471
308 0.017210 0.996774 0.676471
309 0.018186 0.996774 0.676471
310 0.019423 0.996774 0.676471
311 0.019057 0.996774 0.676471
312 0.018045 0.996774 0.676471
313 0.019043 0.996774 0.676471
314 0.015688 0.996774 0.676471
315 0.018362 0.996774 0.676471
316 0.018199 0.996774 0.676471
317 0.019882 0.996774 0.676471
318 0.017954 0.996774 0.705882
319 0.021912 0.996774 0.676471
320 0.016992 0.996774 0.676471
321 0.017235 0.996774 0.676471
322 0.021548 0.996774 0.676471
323 0.019071 0.996774 0.676471
324 0.019136 0.996774 0.676471
325 0.018934 0.996774 0.676471
326 0.019312 0.996774 0.705882
327 0.017929 0.996774 0.676471
328 0.017823 0.996774 0.676471
329 0.017451 0.996774 0.676471
330 0.017966 0.996774 0.676471
331 0.017223 0.996774 0.676471
332 0.017159 0.996774 0.676471
333 0.018978 0.996774 0.676471
334 0.020078 0.996774 0.676471
335 0.018047 0.996774 0.676471
336 0.019693 0.996774 0.676471
337 0.016565 0.996774 0.647059
338 0.020604 0.996774 0.647059
339 0.017806 0.996774 0.647059
340 0.019161 0.996774 0.676471
341 0.017006 0.996774 0.676471
342 0.018550 0.996774 0.676471
343 0.016545 0.996774 0.647059
344 0.015631 0.996774 0.676471
345 0.019453 0.996774 0.647059
346 0.017809 0.996774 0.676471
347 0.018796 0.996774 0.676471
348 0.020501 0.996774 0.676471
349 0.017755 0.996774 0.676471
350 0.019787 0.996774 0.676471
