1 1.481666 0.686391 0.578947
2 0.659338 0.846154 0.631579
3 0.552246 0.857988 0.631579
4 0.528144 0.828402 0.631579
5 0.567234 0.881657 0.684211
6 0.419001 0.893491 0.631579
7 0.552293 0.893491 0.631579
8 0.512978 0.621302 0.315789
9 0.386612 0.887574 0.631579
10 0.399618 0.893491 0.684211
11 0.375959 0.893491 0.578947
12 0.406530 0.650888 0.473684
13 0.357502 0.810651 0.526316
14 0.355697 0.869822 0.684211
15 0.307332 0.887574 0.684211
16 0.305236 0.887574 0.631579
17 0.334445 0.899408 0.631579
18 0.327004 0.875740 0.631579
19 0.333527 0.905325 0.631579
20 0.323368 0.881657 0.684211
21 0.311077 0.526627 0.368421
22 0.301787 0.745562 0.631579
23 0.271421 0.733728 0.526316
24 0.288418 0.905325 0.631579
25 0.284083 0.899408 0.578947
26 0.268290 0.384615 0.368421
27 0.271608 0.863905 0.473684
28 0.236829 0.923077 0.631579
29 0.219548 0.905325 0.684211
30 0.246001 0.834320 0.631579
31 0.216347 0.497041 0.368421
32 0.204731 0.426036 0.315789
33 0.232133 0.467456 0.315789
34 0.264764 0.378698 0.315789
35 0.245856 0.846154 0.684211
36 0.240011 0.514793 0.368421
37 0.197928 0.911243 0.578947
38 0.216475 0.769231 0.368421
39 0.215050 0.426036 0.315789
40 0.210557 0.491124 0.315789
41 0.202236 0.491124 0.315789
42 0.183139 0.917160 0.578947
43 0.189815 0.384615 0.368421
44 0.215029 0.420118 0.263158
45 0.202901 0.449704 0.368421
46 0.220379 0.911243 0.631579
47 0.217898 0.928994 0.578947
48 0.179266 0.792899 0.368421
49 0.201021 0.905325 0.578947
50 0.160875 0.911243 0.631579
51 0.156069 0.934911 0.684211
52 0.164941 0.911243 0.578947
53 0.159594 0.680473 0.526316
54 0.156566 0.402367 0.315789
55 0.160240 0.917160 0.578947
56 0.156048 0.633136 0.526316
57 0.150381 0.911243 0.578947
58 0.156676 0.917160 0.578947
59 0.163080 0.739645 0.684211
60 0.154685 0.934911 0.631579
61 0.161428 0.544379 0.421053
62 0.157966 0.857988 0.368421
63 0.161782 0.893491 0.473684
64 0.148155 0.609467 0.368421
65 0.151692 0.473373 0.263158
66 0.163372 0.710059 0.578947
67 0.163107 0.497041 0.368421
68 0.149446 0.514793 0.368421
69 0.142931 0.568047 0.421053
70 0.151340 0.899408 0.631579
