1 3.807084 0.572858 0.552311
2 2.200488 0.657745 0.610706
3 1.475934 0.646391 0.654501
4 1.027278 0.596648 0.581509
5 0.974673 0.712625 0.666667
6 0.938583 0.660178 0.656934
7 1.206626 0.682887 0.639903
8 1.221776 0.635848 0.586375
9 0.905515 0.664774 0.659367
10 0.876277 0.631522 0.588808
11 0.839159 0.501757 0.496350
12 0.704160 0.634225 0.620438
13 0.631290 0.726953 0.712895
14 0.695452 0.647202 0.649635
15 0.768370 0.711273 0.664234
16 0.647488 0.705596 0.693431
17 0.770434 0.519059 0.491484
18 0.699569 0.709651 0.681265
19 0.660380 0.723439 0.693431
20 0.708807 0.686942 0.690998
21 0.697567 0.715599 0.700730
22 0.642207 0.627737 0.630170
23 0.660700 0.535009 0.542579
24 0.693441 0.734523 0.708029
25 0.667793 0.735064 0.712895
26 0.846274 0.720195 0.673966
27 0.612303 0.646661 0.603406
28 0.607004 0.731008 0.695864
29 0.641891 0.649365 0.600973
30 0.662243 0.721276 0.683698
31 0.594886 0.628548 0.630170
32 0.640587 0.731008 0.710462
33 0.654942 0.731008 0.717762
34 0.614255 0.735334 0.715328
35 0.591197 0.635307 0.596107
36 0.620451 0.666396 0.656934
37 0.602607 0.733982 0.712895
38 0.615911 0.714517 0.683698
39 0.617581 0.621519 0.632603
40 0.578604 0.613409 0.600973
41 0.590309 0.620438 0.591241
42 0.581408 0.733441 0.734793
43 0.568999 0.737226 0.708029
44 0.628192 0.727764 0.715328
45 0.586618 0.596107 0.613139
46 0.585020 0.739119 0.683698
47 0.571689 0.708840 0.703163
48 0.596531 0.687213 0.686131
49 0.613525 0.722898 0.695864
50 0.585346 0.694242 0.652068
51 0.553674 0.731279 0.693431
52 0.555869 0.749392 0.695864
53 0.573904 0.740470 0.690998
54 0.575479 0.742903 0.708029
55 0.551194 0.749662 0.722628
56 0.572818 0.746688 0.720195
57 0.554432 0.740470 0.720195
58 0.547617 0.743174 0.710462
59 0.546331 0.751284 0.703163
60 0.576882 0.747770 0.715328
61 0.540313 0.744526 0.708029
62 0.550480 0.745607 0.698297
63 0.554316 0.731279 0.705596
64 0.548425 0.734793 0.690998
65 0.539993 0.744796 0.686131
66 0.550900 0.755610 0.712895
67 0.540912 0.744255 0.708029
68 0.544042 0.743174 0.700730
69 0.563598 0.727764 0.683698
70 0.545998 0.746688 0.727494
71 0.547043 0.743715 0.727494
72 0.554330 0.697215 0.635036
73 0.549282 0.757772 0.708029
74 0.547493 0.746418 0.703163
75 0.557271 0.717491 0.666667
76 0.550944 0.752366 0.712895
77 0.545310 0.726142 0.676399
78 0.553048 0.728575 0.693431
79 0.542049 0.671803 0.652068
80 0.534618 0.732360 0.681265
81 0.525438 0.756691 0.710462
82 0.551671 0.768856 0.725061
83 0.546110 0.772641 0.732360
84 0.540461 0.655312 0.625304
85 0.538953 0.608543 0.588808
86 0.540092 0.734793 0.698297
87 0.542050 0.768316 0.734793
88 0.543158 0.758043 0.708029
89 0.547842 0.766153 0.712895
90 0.521725 0.757772 0.727494
91 0.546852 0.760205 0.715328
92 0.523345 0.761557 0.705596
93 0.535715 0.777507 0.729927
94 0.524062 0.745877 0.725061
95 0.517338 0.743985 0.712895
96 0.539061 0.752095 0.695864
97 0.550452 0.752095 0.742092
98 0.532767 0.756961 0.739659
99 0.542757 0.683428 0.654501
100 0.515651 0.781563 0.729927
101 0.498504 0.769127 0.729927
102 0.505764 0.788592 0.746959
103 0.517364 0.770479 0.703163
104 0.497964 0.760205 0.727494
105 0.505460 0.771830 0.734793
106 0.507808 0.788051 0.756691
107 0.508043 0.746418 0.693431
108 0.496273 0.789673 0.746959
109 0.491562 0.779400 0.739659
110 0.510039 0.789403 0.751825
111 0.500746 0.786969 0.754258
112 0.499465 0.731279 0.710462
113 0.522906 0.794809 0.749392
114 0.501636 0.770208 0.744526
115 0.503086 0.776967 0.756691
116 0.496306 0.796702 0.746959
117 0.496783 0.795891 0.742092
118 0.500193 0.793187 0.742092
119 0.496667 0.795620 0.734793
120 0.504547 0.792917 0.751825
121 0.490252 0.796972 0.746959
122 0.500184 0.795620 0.759124
123 0.488478 0.791565 0.754258
124 0.487935 0.781563 0.729927
125 0.500642 0.799676 0.749392
126 0.488193 0.800757 0.749392
127 0.507345 0.784807 0.751825
128 0.484134 0.704785 0.695864
129 0.496151 0.793728 0.754258
130 0.490563 0.743715 0.703163
131 0.489514 0.791836 0.756691
132 0.494064 0.794269 0.742092
133 0.499029 0.780481 0.729927
134 0.489373 0.759935 0.695864
135 0.474650 0.799405 0.727494
136 0.496050 0.796702 0.729927
137 0.489698 0.794809 0.749392
138 0.492430 0.777507 0.739659
139 0.487722 0.791836 0.739659
140 0.475573 0.805082 0.754258
141 0.482839 0.771560 0.727494
142 0.485880 0.803190 0.737226
143 0.481021 0.801298 0.734793
144 0.476870 0.806705 0.759124
145 0.492167 0.796431 0.742092
146 0.485848 0.796161 0.739659
147 0.485059 0.789132 0.739659
148 0.477563 0.802649 0.732360
149 0.501693 0.801027 0.749392
150 0.460108 0.808867 0.746959
151 0.459510 0.810489 0.734793
152 0.461327 0.806164 0.751825
153 0.474332 0.804001 0.749392
154 0.464550 0.807786 0.737226
155 0.464153 0.811841 0.744526
156 0.465510 0.805623 0.756691
157 0.470102 0.815356 0.744526
158 0.453153 0.814274 0.761557
159 0.458908 0.817248 0.761557
160 0.462019 0.807245 0.746959
161 0.469269 0.811841 0.751825
162 0.471910 0.799676 0.739659
163 0.469007 0.799135 0.725061
164 0.460627 0.814544 0.766423
165 0.466915 0.815356 0.744526
166 0.455418 0.817789 0.754258
167 0.464883 0.818329 0.742092
168 0.462610 0.808327 0.749392
169 0.465343 0.795891 0.720195
170 0.452339 0.808056 0.742092
171 0.464308 0.813193 0.781022
172 0.472174 0.813463 0.744526
173 0.464561 0.815626 0.749392
174 0.455704 0.819951 0.754258
175 0.460949 0.819411 0.768856
176 0.463575 0.810760 0.737226
177 0.470679 0.811841 0.766423
178 0.462158 0.815085 0.754258
179 0.454899 0.819951 0.763990
180 0.460244 0.817518 0.761557
181 0.458241 0.818600 0.739659
182 0.445630 0.808597 0.737226
183 0.463141 0.814274 0.749392
184 0.456489 0.806975 0.746959
185 0.449439 0.796161 0.751825
186 0.466676 0.807245 0.751825
187 0.440027 0.819951 0.739659
188 0.453511 0.804542 0.761557
189 0.458148 0.820222 0.756691
190 0.447761 0.825629 0.751825
191 0.455382 0.825088 0.763990
192 0.457114 0.824818 0.768856
193 0.451629 0.822114 0.756691
194 0.461099 0.822655 0.742092
195 0.453718 0.821844 0.749392
196 0.445331 0.821844 0.742092
197 0.444152 0.821033 0.737226
198 0.449340 0.815896 0.761557
199 0.452756 0.822655 0.759124
200 0.438682 0.824277 0.783455
201 0.447370 0.823736 0.744526
202 0.439244 0.830495 0.766423
203 0.439922 0.827251 0.759124
204 0.442046 0.828062 0.776156
205 0.426696 0.826440 0.746959
206 0.443629 0.810219 0.732360
207 0.433820 0.828062 0.766423
208 0.443155 0.830224 0.754258
209 0.439821 0.826169 0.776156
210 0.438488 0.822384 0.742092
211 0.439281 0.830224 0.771290
212 0.423652 0.829684 0.776156
213 0.437507 0.829143 0.759124
214 0.430914 0.837253 0.768856
215 0.428098 0.828873 0.781022
216 0.428692 0.832657 0.790754
217 0.433770 0.836983 0.781022
218 0.435323 0.830765 0.759124
219 0.432824 0.832928 0.785888
220 0.439216 0.841038 0.781022
221 0.441793 0.831846 0.768856
222 0.433611 0.834280 0.759124
223 0.429307 0.833198 0.776156
224 0.423902 0.834009 0.759124
225 0.438245 0.839146 0.776156
226 0.430210 0.835361 0.781022
227 0.452456 0.830495 0.778589
228 0.435521 0.835361 0.751825
229 0.427366 0.836442 0.759124
230 0.435868 0.839146 0.763990
231 0.441764 0.831035 0.766423
232 0.439878 0.836172 0.766423
233 0.420530 0.832657 0.766423
234 0.416170 0.835631 0.759124
235 0.424819 0.835091 0.759124
236 0.419641 0.840227 0.773723
237 0.424896 0.836983 0.766423
238 0.427698 0.831576 0.768856
239 0.438814 0.832928 0.778589
240 0.417266 0.835091 0.788321
241 0.429735 0.835902 0.763990
242 0.417997 0.834009 0.766423
243 0.430296 0.837253 0.771290
244 0.424981 0.834280 0.768856
245 0.426316 0.837253 0.778589
246 0.428539 0.834550 0.781022
247 0.421958 0.836983 0.781022
248 0.433356 0.840768 0.773723
249 0.426508 0.832117 0.761557
250 0.422562 0.839957 0.768856
251 0.425118 0.839957 0.790754
252 0.417899 0.842119 0.763990
253 0.412676 0.839957 0.783455
254 0.426267 0.841038 0.768856
255 0.421753 0.837794 0.771290
256 0.421369 0.844823 0.790754
257 0.420195 0.842660 0.771290
258 0.409714 0.840227 0.781022
259 0.416792 0.841849 0.800487
260 0.406559 0.843742 0.785888
261 0.428226 0.841308 0.781022
262 0.421110 0.844012 0.793187
263 0.414872 0.842660 0.771290
264 0.415540 0.845364 0.776156
265 0.415324 0.839686 0.771290
266 0.414834 0.841308 0.785888
267 0.412089 0.839686 0.778589
268 0.410092 0.840497 0.768856
269 0.419226 0.841849 0.778589
270 0.415041 0.846445 0.763990
271 0.419323 0.846175 0.783455
272 0.420909 0.845904 0.781022
273 0.419572 0.844012 0.781022
274 0.411415 0.846715 0.785888
275 0.418645 0.846715 0.763990
276 0.416616 0.841579 0.773723
277 0.418381 0.846986 0.783455
278 0.398131 0.841849 0.788321
279 0.432741 0.845364 0.771290
280 0.413517 0.844553 0.805353
281 0.415573 0.849959 0.781022
282 0.411572 0.846175 0.802920
283 0.416900 0.845093 0.800487
284 0.407831 0.844012 0.785888
285 0.417605 0.845904 0.781022
286 0.396478 0.846445 0.790754
287 0.413508 0.844823 0.793187
288 0.424862 0.844553 0.785888
289 0.414125 0.848067 0.781022
290 0.410626 0.846175 0.763990
291 0.410854 0.847256 0.776156
292 0.412920 0.842119 0.785888
293 0.400927 0.844553 0.795620
294 0.410211 0.846986 0.785888
295 0.398897 0.845904 0.790754
296 0.408143 0.841308 0.778589
297 0.402196 0.841849 0.785888
298 0.417444 0.846445 0.783455
299 0.415788 0.844012 0.773723
300 0.411806 0.845364 0.776156
301 0.412722 0.845634 0.785888
302 0.406194 0.848878 0.795620
303 0.401773 0.849419 0.788321
304 0.417195 0.849419 0.790754
305 0.409370 0.850230 0.800487
306 0.412567 0.849419 0.785888
307 0.408364 0.850500 0.800487
308 0.396940 0.848608 0.788321
309 0.415128 0.846715 0.783455
310 0.411053 0.848878 0.778589
311 0.420371 0.852122 0.795620
312 0.412340 0.851582 0.781022
313 0.407766 0.848878 0.785888
314 0.405394 0.851041 0.781022
315 0.412608 0.851311 0.793187
316 0.410226 0.851852 0.793187
317 0.424766 0.849689 0.793187
318 0.410419 0.857799 0.793187
319 0.409594 0.851311 0.795620
320 0.416973 0.851582 0.785888
321 0.411746 0.853744 0.781022
322 0.416300 0.859692 0.798054
323 0.408353 0.852933 0.790754
324 0.402872 0.855096 0.781022
325 0.409200 0.854285 0.800487
326 0.401673 0.857259 0.785888
327 0.395843 0.853474 0.783455
328 0.410289 0.852933 0.793187
329 0.405628 0.858881 0.793187
330 0.403514 0.852663 0.790754
331 0.412012 0.848067 0.788321
332 0.431468 0.854285 0.783455
333 0.392143 0.851041 0.802920
334 0.411124 0.852933 0.800487
335 0.415903 0.855637 0.798054
336 0.410861 0.855096 0.800487
337 0.398616 0.852933 0.778589
338 0.409770 0.852663 0.788321
339 0.408643 0.856448 0.788321
340 0.407042 0.853204 0.788321
341 0.435843 0.849689 0.790754
342 0.400731 0.852122 0.793187
343 0.397062 0.855637 0.793187
344 0.410593 0.856448 0.785888
345 0.406633 0.849419 0.793187
346 0.397393 0.854285 0.802920
347 0.403713 0.854826 0.810219
348 0.398948 0.858340 0.795620
349 0.405504 0.853474 0.798054
350 0.398350 0.855907 0.788321
