1 4.676923 0.471111 0.406667
2 2.181060 0.455556 0.366667
3 1.770128 0.538519 0.460000
4 1.375981 0.523704 0.506667
5 1.658853 0.480741 0.466667
6 1.250227 0.509630 0.413333
7 1.077320 0.540000 0.480000
8 1.032457 0.557778 0.466667
9 1.013159 0.516296 0.440000
10 0.955676 0.568889 0.466667
11 0.962497 0.561481 0.473333
12 0.921186 0.570370 0.460000
13 0.954562 0.574074 0.486667
14 0.910121 0.574815 0.453333
15 0.933986 0.572593 0.440000
16 0.913982 0.582963 0.486667
17 0.901152 0.583704 0.460000
18 0.909736 0.577778 0.473333
19 0.976977 0.589630 0.446667
20 1.030426 0.559259 0.466667
21 0.972245 0.568889 0.440000
22 0.967008 0.585926 0.486667
23 0.908084 0.580741 0.453333
24 0.928890 0.534074 0.426667
25 0.919394 0.580000 0.480000
26 0.879958 0.610370 0.480000
27 0.877981 0.600741 0.500000
28 0.879133 0.586667 0.446667
29 0.893761 0.565926 0.433333
30 0.955355 0.583704 0.486667
31 0.936049 0.590370 0.493333
32 0.876822 0.537778 0.433333
33 0.878559 0.597037 0.460000
34 0.866346 0.591111 0.460000
35 0.864024 0.583704 0.460000
36 0.851365 0.600000 0.486667
37 0.855219 0.602963 0.526667
38 0.861772 0.550370 0.453333
39 0.860733 0.608889 0.493333
40 0.853991 0.564444 0.480000
41 0.848690 0.599259 0.526667
42 0.857662 0.597037 0.466667
43 0.837873 0.611111 0.500000
44 0.843717 0.573333 0.486667
45 0.839845 0.611111 0.466667
46 0.858816 0.574815 0.480000
47 0.839814 0.597037 0.506667
48 0.842758 0.614074 0.480000
49 0.818795 0.570370 0.453333
50 0.797569 0.609630 0.453333
51 0.789701 0.616296 0.473333
52 0.800915 0.631852 0.486667
53 0.833765 0.614815 0.480000
54 0.815366 0.619259 0.486667
55 0.796468 0.629630 0.506667
56 0.772054 0.625926 0.513333
57 0.794077 0.633333 0.453333
58 0.799279 0.631111 0.526667
59 0.794409 0.630370 0.466667
60 0.780375 0.641481 0.506667
61 0.778242 0.635556 0.466667
62 0.798103 0.639259 0.473333
63 0.803453 0.626667 0.466667
64 0.784194 0.627407 0.493333
65 0.774007 0.637037 0.460000
66 0.805530 0.626667 0.540000
67 0.807530 0.630370 0.533333
68 0.788812 0.638519 0.500000
69 0.784177 0.639259 0.493333
70 0.772554 0.630370 0.500000
