1 1.537432 0.661253 0.618421
2 0.700841 0.761197 0.733918
3 0.592431 0.786711 0.748246
4 0.567333 0.662388 0.585380
5 0.592908 0.790992 0.726608
6 0.482055 0.825701 0.786257
7 0.522241 0.762040 0.726316
8 0.486633 0.723554 0.690643
9 0.435146 0.806752 0.755556
10 0.459798 0.814431 0.743567
11 0.421533 0.826276 0.787134
12 0.426107 0.741841 0.700292
13 0.418334 0.814410 0.765790
14 0.429070 0.756627 0.652632
15 0.400355 0.818545 0.748831
16 0.391895 0.770317 0.727193
17 0.386941 0.666759 0.610234
18 0.371836 0.777703 0.719298
19 0.360549 0.798058 0.738012
20 0.373375 0.812746 0.732164
21 0.375279 0.769467 0.723100
22 0.358927 0.814441 0.770760
23 0.346564 0.581810 0.535088
24 0.346120 0.809338 0.742983
25 0.327473 0.752388 0.681287
26 0.312484 0.778319 0.750585
27 0.323691 0.745722 0.639474
28 0.327354 0.804981 0.652924
29 0.304602 0.723522 0.636550
30 0.308965 0.821455 0.697661
31 0.293560 0.671204 0.574854
32 0.290571 0.807790 0.739474
33 0.282208 0.684417 0.647953
34 0.292000 0.777097 0.717544
35 0.277976 0.695322 0.641228
36 0.274419 0.626091 0.599415
37 0.263093 0.703387 0.595614
38 0.256295 0.693627 0.614327
39 0.257386 0.627654 0.563743
40 0.259693 0.652729 0.594152
41 0.254722 0.676770 0.595322
42 0.245270 0.678872 0.549123
43 0.240310 0.670139 0.611403
44 0.243129 0.717943 0.632456
45 0.228351 0.745681 0.665497
46 0.231396 0.667348 0.578070
47 0.228740 0.739433 0.626901
48 0.220717 0.766662 0.643860
49 0.226253 0.704563 0.595322
50 0.191262 0.759461 0.622807
51 0.181775 0.673777 0.580117
52 0.185084 0.796798 0.711111
53 0.182014 0.766561 0.664035
54 0.179581 0.732830 0.649415
55 0.182306 0.808639 0.711696
56 0.177166 0.653265 0.525439
57 0.176312 0.798594 0.658480
58 0.177417 0.789631 0.632456
59 0.176150 0.806300 0.695029
60 0.176128 0.777835 0.711696
61 0.176572 0.689259 0.599708
62 0.179140 0.826725 0.707602
63 0.176112 0.708698 0.601170
64 0.170795 0.788914 0.691813
65 0.171719 0.771779 0.649123
66 0.174723 0.647765 0.547661
67 0.168058 0.685555 0.616374
68 0.165344 0.771382 0.700292
69 0.170978 0.723870 0.639474
70 0.166431 0.729286 0.628363
