1 4.429004 0.576534 0.568126
2 1.739037 0.615356 0.605596
3 1.460462 0.603325 0.609976
4 1.130752 0.629846 0.624088
5 0.927743 0.656637 0.652555
6 0.870574 0.661881 0.654258
7 0.908066 0.638524 0.620195
8 0.995475 0.642336 0.631143
9 0.972409 0.633036 0.631144
10 0.799304 0.628034 0.625304
11 0.781142 0.634442 0.629927
12 0.764376 0.639632 0.638929
13 0.736130 0.668694 0.670560
14 0.757414 0.615382 0.618491
15 0.746774 0.679535 0.663504
16 0.698454 0.685780 0.682482
17 0.746846 0.609732 0.604623
18 0.714590 0.659665 0.662044
19 0.668645 0.648202 0.639173
20 0.723663 0.650716 0.649879
21 0.704241 0.667505 0.663504
22 0.684718 0.678291 0.675669
23 0.682513 0.651284 0.648418
24 0.667958 0.654636 0.646959
25 0.669830 0.682536 0.675912
26 0.696566 0.673236 0.663017
27 0.662083 0.692701 0.682238
28 0.652641 0.681238 0.669830
29 0.633073 0.693404 0.681022
30 0.642380 0.699648 0.692457
31 0.662925 0.686915 0.681752
32 0.650983 0.658745 0.648905
33 0.662652 0.691322 0.685645
34 0.634600 0.697270 0.685401
35 0.612854 0.689916 0.681752
36 0.620881 0.690187 0.687591
37 0.605869 0.672128 0.659854
38 0.614782 0.684969 0.675182
39 0.626777 0.691619 0.684428
40 0.610775 0.714247 0.709489
41 0.611478 0.642065 0.637713
42 0.601518 0.704920 0.701460
43 0.597671 0.719438 0.713139
44 0.620402 0.677480 0.667883
45 0.616123 0.680860 0.670316
46 0.592951 0.699459 0.686618
47 0.584151 0.712247 0.709246
48 0.588635 0.686131 0.682238
49 0.590451 0.686699 0.672263
50 0.580972 0.721628 0.713139
51 0.561601 0.736902 0.727737
52 0.560025 0.703352 0.681752
53 0.568198 0.743201 0.729197
54 0.561088 0.735199 0.730413
55 0.557612 0.711436 0.698784
56 0.554049 0.739443 0.728710
57 0.559209 0.722492 0.712166
58 0.554395 0.744039 0.732846
59 0.556512 0.724169 0.704380
60 0.566616 0.723439 0.710462
61 0.549307 0.748932 0.734063
62 0.550560 0.743363 0.736983
63 0.556852 0.743580 0.728711
64 0.548964 0.734820 0.723844
65 0.547990 0.733063 0.721654
66 0.557500 0.746364 0.732117
67 0.548425 0.738848 0.718492
68 0.545313 0.736145 0.725304
69 0.548742 0.737767 0.723601
70 0.550368 0.725737 0.717761
71 0.548559 0.738578 0.725061
72 0.545675 0.733144 0.711922
73 0.547432 0.735982 0.717518
74 0.548162 0.749392 0.737956
75 0.554843 0.727251 0.704136
76 0.546127 0.722601 0.708273
77 0.547537 0.747851 0.732847
78 0.552409 0.748851 0.732117
79 0.545115 0.723547 0.707056
80 0.541330 0.749527 0.740389
81 0.538572 0.753528 0.744282
82 0.542156 0.739876 0.723601
83 0.543157 0.741038 0.727250
84 0.543932 0.728197 0.718491
85 0.551965 0.719032 0.702190
86 0.543607 0.727034 0.720681
87 0.545706 0.750311 0.735523
88 0.548622 0.719978 0.710706
89 0.555052 0.746634 0.731630
90 0.534764 0.747607 0.734306
91 0.543493 0.750635 0.739173
92 0.534838 0.748527 0.729197
93 0.546892 0.739822 0.722871
94 0.537689 0.743985 0.729927
95 0.538445 0.745769 0.725061
96 0.535198 0.759340 0.740146
97 0.542577 0.752798 0.737956
98 0.534695 0.734793 0.720438
99 0.550147 0.704244 0.696350
100 0.528801 0.768397 0.751095
101 0.514630 0.770343 0.756934
102 0.511814 0.772803 0.753528
103 0.516873 0.773155 0.753041
104 0.510906 0.771749 0.756204
105 0.508242 0.775804 0.755718
106 0.510480 0.771506 0.761557
107 0.510027 0.770830 0.749635
108 0.510617 0.771803 0.749635
109 0.508638 0.773533 0.753285
110 0.520126 0.756853 0.735766
111 0.510111 0.771235 0.757421
112 0.504986 0.765099 0.747932
113 0.512915 0.778859 0.759611
114 0.508548 0.762449 0.749148
115 0.505595 0.770992 0.756204
116 0.505957 0.780833 0.758151
117 0.512551 0.772101 0.753528
118 0.513645 0.778832 0.760827
119 0.507333 0.770127 0.748905
120 0.511048 0.773479 0.758394
121 0.501200 0.764369 0.743796
122 0.506079 0.776615 0.752555
123 0.503266 0.780508 0.765207
124 0.503578 0.779995 0.752068
125 0.507073 0.782184 0.760097
126 0.502032 0.774344 0.747445
127 0.503508 0.774912 0.757664
128 0.497082 0.766450 0.747202
129 0.499372 0.785996 0.770560
130 0.503660 0.771560 0.745012
131 0.501867 0.788700 0.764964
132 0.500717 0.782103 0.758881
133 0.499430 0.783158 0.753771
134 0.500444 0.765504 0.743066
135 0.495360 0.780319 0.756448
136 0.502562 0.782887 0.756448
137 0.500028 0.789835 0.763017
138 0.502526 0.778399 0.753771
139 0.495204 0.783428 0.761557
140 0.500599 0.776210 0.749635
141 0.494138 0.775074 0.756691
142 0.498602 0.778643 0.758881
143 0.495747 0.784618 0.754988
144 0.487228 0.778616 0.751338
145 0.494980 0.785293 0.763017
146 0.496293 0.781346 0.750122
147 0.489698 0.787077 0.767883
148 0.493943 0.768424 0.743066
149 0.499710 0.790159 0.758151
150 0.481216 0.800351 0.773236
151 0.477373 0.796756 0.763990
152 0.478969 0.797351 0.767640
153 0.478857 0.795431 0.769586
154 0.472870 0.798892 0.764963
155 0.478025 0.802298 0.769343
156 0.475943 0.801460 0.771776
157 0.474114 0.801811 0.776886
158 0.472139 0.803542 0.776156
159 0.476225 0.802920 0.773236
160 0.472411 0.799540 0.771046
161 0.480552 0.797594 0.761071
162 0.473236 0.798243 0.773966
163 0.468485 0.800919 0.763260
164 0.471444 0.805407 0.776399
165 0.472070 0.806326 0.772020
166 0.473219 0.803244 0.778345
167 0.466054 0.801595 0.765207
168 0.464355 0.806569 0.771290
169 0.469650 0.800487 0.767154
170 0.463059 0.802676 0.773723
171 0.467717 0.804596 0.778102
172 0.472981 0.807326 0.771776
173 0.472098 0.807137 0.776156
174 0.472214 0.806083 0.768127
175 0.463767 0.806164 0.773723
176 0.469631 0.807407 0.767153
177 0.472185 0.805920 0.771533
178 0.462578 0.806110 0.774939
179 0.468877 0.806218 0.776399
180 0.464280 0.804623 0.773479
181 0.464406 0.807434 0.771533
182 0.464583 0.796756 0.755231
183 0.470062 0.806785 0.772020
184 0.464683 0.807299 0.771290
185 0.463540 0.803244 0.772506
186 0.462420 0.800270 0.767397
187 0.461815 0.805434 0.771533
188 0.462936 0.787943 0.764963
189 0.470431 0.810300 0.772993
190 0.460271 0.811354 0.775182
191 0.461802 0.807651 0.771046
192 0.461762 0.807921 0.780292
193 0.460223 0.812111 0.776886
194 0.456042 0.809219 0.771776
195 0.456342 0.804515 0.766180
196 0.462131 0.807326 0.767640
197 0.466461 0.811814 0.777129
198 0.457872 0.815923 0.779076
199 0.459145 0.812193 0.780292
200 0.451929 0.819168 0.786618
201 0.446265 0.820654 0.783455
202 0.447906 0.816059 0.775426
203 0.449851 0.819249 0.777859
204 0.448168 0.821006 0.783941
205 0.445401 0.819411 0.778832
206 0.449638 0.812571 0.777372
207 0.442938 0.821628 0.783942
208 0.448098 0.822168 0.776643
209 0.446972 0.824872 0.785645
210 0.445236 0.822006 0.780779
211 0.443508 0.823790 0.781752
212 0.439257 0.824412 0.783698
213 0.441245 0.824682 0.785401
214 0.439630 0.824466 0.785888
215 0.443334 0.824358 0.783942
216 0.439039 0.826088 0.784915
217 0.441945 0.825710 0.784672
218 0.442894 0.826332 0.784185
219 0.446739 0.825223 0.780049
220 0.443111 0.823898 0.781022
221 0.444550 0.826683 0.780049
222 0.440936 0.825520 0.785402
223 0.438606 0.826467 0.784428
224 0.439241 0.824844 0.782482
225 0.440913 0.825196 0.782482
226 0.440399 0.826331 0.784915
227 0.446709 0.825439 0.784915
228 0.441721 0.826223 0.780292
229 0.441850 0.824196 0.779076
230 0.437272 0.827899 0.785158
231 0.437577 0.829197 0.786375
232 0.437780 0.827656 0.781022
233 0.439876 0.828170 0.778832
234 0.432760 0.827656 0.783942
235 0.432062 0.827953 0.778102
236 0.433872 0.830954 0.786132
237 0.438007 0.829981 0.783211
238 0.437518 0.828737 0.788321
239 0.431683 0.829062 0.788321
240 0.434185 0.828575 0.788078
241 0.434525 0.829522 0.782238
242 0.437376 0.830116 0.783698
243 0.437887 0.829251 0.784185
244 0.432097 0.830603 0.784671
245 0.434703 0.830089 0.787834
246 0.435541 0.831170 0.788321
247 0.431802 0.826007 0.784915
248 0.433976 0.831441 0.786861
249 0.430904 0.831117 0.789051
250 0.428153 0.833577 0.788321
251 0.427562 0.836415 0.792214
252 0.421902 0.836469 0.787348
253 0.427307 0.837361 0.792457
254 0.424492 0.837686 0.788321
255 0.423783 0.833279 0.790025
256 0.425782 0.837821 0.788564
257 0.423252 0.838308 0.795620
258 0.421796 0.837686 0.793187
259 0.418757 0.836145 0.793917
260 0.422421 0.837064 0.787835
261 0.425221 0.838199 0.793431
262 0.425544 0.839010 0.791971
263 0.424622 0.837199 0.791971
264 0.424314 0.839362 0.790268
265 0.422623 0.838848 0.791728
266 0.425769 0.837848 0.792457
267 0.419358 0.838578 0.796107
268 0.422133 0.838497 0.789781
269 0.419794 0.839389 0.795134
270 0.423664 0.839794 0.794890
271 0.419484 0.838308 0.797324
272 0.420093 0.840281 0.793674
273 0.424230 0.840930 0.791728
274 0.424131 0.840741 0.794404
275 0.414186 0.841957 0.790024
276 0.415970 0.840308 0.787348
277 0.419366 0.841390 0.790024
278 0.419389 0.840389 0.794404
279 0.423284 0.841903 0.796837
280 0.417656 0.842903 0.793674
281 0.421364 0.843012 0.788808
282 0.420017 0.841390 0.792458
283 0.417664 0.841633 0.795377
284 0.421926 0.843255 0.798540
285 0.421085 0.842795 0.788808
286 0.412916 0.842417 0.791728
287 0.415501 0.842849 0.795134
288 0.422383 0.842228 0.800000
289 0.416844 0.842065 0.794161
290 0.416197 0.842173 0.786861
291 0.418365 0.842201 0.792701
292 0.418309 0.843606 0.791971
293 0.415669 0.842633 0.797080
294 0.415251 0.842850 0.794161
295 0.416395 0.844093 0.796350
296 0.417973 0.842444 0.793187
297 0.411038 0.843498 0.796107
298 0.415048 0.844336 0.789781
299 0.419107 0.842390 0.789538
300 0.418394 0.845715 0.794647
301 0.410693 0.845229 0.794647
302 0.411010 0.847635 0.795134
303 0.414619 0.846634 0.795377
304 0.412289 0.847662 0.797324
305 0.416384 0.847310 0.796107
306 0.412994 0.846256 0.797567
307 0.412618 0.848581 0.799514
308 0.408178 0.847337 0.798297
309 0.410358 0.847229 0.796594
310 0.415206 0.846418 0.794161
311 0.416165 0.847986 0.798054
312 0.407947 0.847202 0.795134
313 0.410550 0.846472 0.797567
314 0.409353 0.847797 0.793917
315 0.408565 0.846634 0.794161
316 0.409942 0.848067 0.794647
317 0.410161 0.848554 0.795377
318 0.404198 0.847013 0.795864
319 0.408457 0.847932 0.795134
320 0.410089 0.848202 0.795621
321 0.413965 0.849473 0.794160
322 0.414940 0.849824 0.795134
323 0.409459 0.848716 0.792944
324 0.410551 0.848986 0.796107
325 0.407222 0.847824 0.796837
326 0.413542 0.848743 0.792944
327 0.403208 0.847905 0.793917
328 0.412584 0.850176 0.799270
329 0.409986 0.850419 0.795864
330 0.407898 0.848256 0.798540
331 0.409397 0.847067 0.797567
332 0.412741 0.849851 0.798784
333 0.403663 0.849202 0.798053
334 0.404369 0.850203 0.795621
335 0.409669 0.851041 0.799027
336 0.407527 0.851500 0.798297
337 0.406019 0.850797 0.796350
338 0.406226 0.849878 0.794404
339 0.409017 0.850879 0.795377
340 0.401818 0.850527 0.792944
341 0.408213 0.850689 0.796837
342 0.406660 0.850257 0.798784
343 0.409522 0.852230 0.797080
344 0.408574 0.852257 0.796837
345 0.408803 0.850554 0.796107
346 0.405311 0.849851 0.795620
347 0.405370 0.851041 0.798297
348 0.410239 0.850825 0.798054
349 0.408604 0.852690 0.800243
350 0.406535 0.851663 0.797080
