1 4.313354 0.471852 0.453333
2 1.892773 0.497037 0.473333
3 1.809190 0.453333 0.473333
4 1.654147 0.490370 0.466667
5 1.565211 0.494074 0.480000
6 1.229194 0.493333 0.480000
7 1.222047 0.519259 0.480000
8 0.995159 0.551111 0.520000
9 1.109443 0.531852 0.480000
10 1.162314 0.524444 0.533333
11 1.058230 0.562963 0.486667
12 1.083436 0.527407 0.473333
13 0.970991 0.543704 0.520000
14 0.946911 0.562963 0.506667
15 0.953172 0.588889 0.473333
16 1.009701 0.571111 0.513333
17 0.907722 0.554074 0.480000
18 0.899407 0.596296 0.466667
19 0.895448 0.563704 0.466667
20 0.933454 0.599259 0.493333
21 0.943872 0.591111 0.506667
22 0.923006 0.551111 0.500000
23 0.874945 0.574815 0.500000
24 0.876389 0.608889 0.453333
25 0.878165 0.607407 0.466667
26 0.917890 0.587407 0.493333
27 0.896609 0.584444 0.526667
28 0.888333 0.607407 0.480000
29 0.874876 0.602963 0.500000
30 0.884474 0.608148 0.520000
31 0.858910 0.613333 0.486667
32 0.835405 0.622222 0.533333
33 0.848468 0.617778 0.506667
34 0.864606 0.580741 0.506667
35 0.841439 0.616296 0.500000
36 0.812185 0.625926 0.500000
37 0.840873 0.625185 0.526667
38 0.828255 0.630370 0.480000
39 0.823293 0.610370 0.513333
40 0.825084 0.617778 0.480000
41 0.877482 0.605926 0.513333
42 0.859757 0.619259 0.500000
43 0.831364 0.613333 0.500000
44 0.828625 0.599259 0.513333
45 0.844755 0.573333 0.453333
46 0.846136 0.612593 0.466667
47 0.818536 0.619259 0.500000
48 0.824173 0.617778 0.433333
49 0.835599 0.627407 0.460000
50 0.799928 0.634074 0.533333
51 0.779135 0.637037 0.506667
52 0.789996 0.645926 0.500000
53 0.767319 0.645926 0.480000
54 0.765599 0.645926 0.493333
55 0.768595 0.649630 0.493333
56 0.769101 0.644444 0.506667
57 0.754901 0.648148 0.533333
58 0.758142 0.650370 0.473333
59 0.756567 0.646667 0.500000
60 0.758631 0.652593 0.500000
61 0.758297 0.623704 0.480000
62 0.754626 0.650370 0.500000
63 0.746481 0.652593 0.446667
64 0.750475 0.652593 0.493333
65 0.767728 0.641481 0.473333
66 0.746773 0.654074 0.506667
67 0.764995 0.640000 0.513333
68 0.757100 0.647407 0.520000
69 0.766747 0.651852 0.473333
70 0.766521 0.645185 0.493333
