1 2.944892 0.563801 0.555231
2 1.181242 0.620276 0.609003
3 0.999125 0.667856 0.662774
4 0.972006 0.663071 0.655231
5 0.846947 0.615491 0.612895
6 0.855471 0.626953 0.620681
7 0.877615 0.642579 0.629927
8 0.826713 0.623953 0.625061
9 0.802239 0.639930 0.640146
10 0.775090 0.620789 0.609733
11 0.733910 0.657529 0.643066
12 0.756629 0.655475 0.658881
13 0.718164 0.694215 0.696350
14 0.777580 0.658232 0.651095
15 0.708971 0.639389 0.640146
16 0.686850 0.689565 0.681022
17 0.688369 0.680238 0.667883
18 0.671237 0.674480 0.674453
19 0.634634 0.704866 0.696350
20 0.643978 0.664288 0.664234
21 0.637423 0.699838 0.690754
22 0.641613 0.699405 0.698783
23 0.630468 0.694377 0.692214
24 0.637377 0.692511 0.685888
25 0.622998 0.687051 0.680535
26 0.648458 0.715274 0.707299
27 0.621229 0.690700 0.683212
28 0.613658 0.703677 0.703407
29 0.597578 0.703622 0.696351
30 0.593627 0.712517 0.699270
31 0.592790 0.710760 0.704623
32 0.600812 0.719438 0.715085
33 0.595465 0.721520 0.712165
34 0.595665 0.709327 0.699757
35 0.584535 0.705840 0.703649
36 0.595380 0.724628 0.720681
37 0.577435 0.715301 0.707299
38 0.585714 0.732576 0.724818
39 0.591456 0.722114 0.713869
40 0.577851 0.735685 0.717275
41 0.584489 0.733306 0.722871
42 0.569398 0.722492 0.710949
43 0.570602 0.735766 0.724088
44 0.581757 0.721384 0.708759
45 0.586531 0.726683 0.718735
46 0.570541 0.713679 0.699757
47 0.567720 0.731711 0.719951
48 0.565328 0.717599 0.708759
49 0.565616 0.724710 0.705352
50 0.560519 0.737010 0.731144
51 0.544062 0.748094 0.741119
52 0.545326 0.744445 0.728711
53 0.550460 0.741849 0.728954
54 0.546897 0.743796 0.738686
55 0.542435 0.743282 0.728954
56 0.536871 0.742011 0.734793
57 0.545649 0.750203 0.741363
58 0.538411 0.753366 0.735766
59 0.538185 0.735496 0.723114
60 0.540761 0.745283 0.733090
61 0.532119 0.758070 0.743066
62 0.532992 0.757853 0.745256
63 0.534776 0.754285 0.742092
64 0.535998 0.752933 0.736983
65 0.529581 0.751771 0.743552
66 0.535791 0.759746 0.749148
67 0.526416 0.753366 0.739416
68 0.523450 0.759070 0.745985
69 0.529219 0.749932 0.734550
70 0.528954 0.761503 0.745012
71 0.527550 0.761260 0.746472
72 0.522547 0.764639 0.744282
73 0.524192 0.760070 0.736740
74 0.529640 0.763017 0.750852
75 0.531227 0.767532 0.747445
76 0.524407 0.767667 0.749635
77 0.523586 0.757745 0.743552
78 0.520733 0.765829 0.746229
79 0.521727 0.765423 0.754258
80 0.513223 0.770019 0.753772
81 0.515356 0.766856 0.752798
82 0.515410 0.764531 0.747689
83 0.516903 0.764828 0.746229
84 0.514894 0.761909 0.740146
85 0.518757 0.765531 0.748905
86 0.513153 0.759935 0.738200
87 0.519046 0.766504 0.737713
88 0.519418 0.773344 0.747445
89 0.517624 0.778156 0.761314
90 0.506325 0.766045 0.738686
91 0.510059 0.778967 0.754501
92 0.510355 0.777886 0.749878
93 0.508912 0.775588 0.750851
94 0.503493 0.745310 0.721168
95 0.511544 0.782076 0.759611
96 0.504498 0.776480 0.749878
97 0.502615 0.779238 0.758638
98 0.502145 0.781536 0.744282
99 0.503669 0.784050 0.759611
100 0.492078 0.795134 0.766667
101 0.480052 0.800135 0.766667
102 0.476778 0.802460 0.769343
103 0.482486 0.798973 0.766423
104 0.477249 0.801325 0.768127
105 0.472844 0.803028 0.769343
106 0.470801 0.803758 0.769100
107 0.473720 0.806732 0.773723
108 0.470831 0.806245 0.768856
109 0.469274 0.807164 0.767397
110 0.475131 0.805191 0.763260
111 0.470306 0.804758 0.774696
112 0.461834 0.809219 0.769830
113 0.468887 0.806326 0.770803
114 0.466880 0.806326 0.771289
115 0.457624 0.808786 0.764720
116 0.458591 0.814788 0.771290
117 0.464633 0.810597 0.773966
118 0.462326 0.813571 0.776399
119 0.462199 0.814950 0.776886
120 0.461051 0.810057 0.776399
121 0.451387 0.811679 0.771533
122 0.454965 0.818194 0.776399
123 0.453080 0.814869 0.777372
124 0.455713 0.820195 0.779319
125 0.453263 0.819195 0.777859
126 0.445511 0.821006 0.780535
127 0.448832 0.820735 0.776642
128 0.445966 0.822249 0.777129
129 0.447959 0.821492 0.777616
130 0.448473 0.827386 0.779319
131 0.444220 0.823682 0.780292
132 0.442782 0.824709 0.778102
133 0.443116 0.826412 0.783942
134 0.443872 0.823304 0.776399
135 0.436039 0.822330 0.778102
136 0.438219 0.823493 0.772506
137 0.437199 0.816464 0.776156
138 0.436802 0.828900 0.782725
139 0.433090 0.835334 0.785158
140 0.438777 0.828927 0.778346
141 0.436084 0.828603 0.781508
142 0.432359 0.833631 0.781752
143 0.432737 0.832630 0.781752
144 0.420705 0.833496 0.783212
145 0.425248 0.837821 0.787591
146 0.422970 0.836415 0.787835
147 0.418620 0.838389 0.781995
148 0.422428 0.835523 0.774696
149 0.423089 0.840930 0.787104
150 0.410317 0.850446 0.791241
151 0.397828 0.850933 0.787591
152 0.397870 0.854366 0.790511
153 0.397434 0.855447 0.784915
154 0.392287 0.856096 0.791484
155 0.397781 0.851663 0.786375
156 0.393305 0.858394 0.794890
157 0.389734 0.856799 0.792457
158 0.390436 0.858259 0.793674
159 0.389979 0.855420 0.794161
160 0.385359 0.856880 0.793674
161 0.395632 0.857015 0.788808
162 0.386370 0.859908 0.793431
163 0.378960 0.858989 0.791727
164 0.384231 0.863368 0.793187
165 0.377565 0.862855 0.791484
166 0.378653 0.866234 0.788565
167 0.376100 0.863449 0.795864
168 0.375748 0.864477 0.792944
169 0.373040 0.861206 0.792214
170 0.370967 0.865720 0.796350
171 0.369435 0.864855 0.798297
172 0.375760 0.867262 0.799513
173 0.372698 0.871262 0.798784
174 0.371941 0.869127 0.798053
175 0.365099 0.868883 0.795134
176 0.368758 0.870046 0.793431
177 0.369150 0.869397 0.801946
178 0.363698 0.873750 0.794647
179 0.364873 0.871857 0.791727
180 0.363409 0.875020 0.799513
181 0.360276 0.876318 0.792457
182 0.361853 0.871506 0.792944
183 0.364040 0.875101 0.798297
184 0.359682 0.877210 0.795620
185 0.359735 0.871749 0.790511
186 0.355136 0.877237 0.796594
187 0.357947 0.874561 0.794404
188 0.356536 0.878048 0.797567
189 0.357380 0.879778 0.797324
190 0.355601 0.878886 0.796350
191 0.349105 0.883563 0.803407
192 0.351579 0.878859 0.800243
193 0.348853 0.877183 0.792457
194 0.343639 0.885050 0.798784
195 0.346712 0.881211 0.795620
196 0.347550 0.884698 0.797567
197 0.355698 0.883969 0.798540
198 0.342555 0.883131 0.801217
199 0.343720 0.881346 0.802190
200 0.335727 0.894512 0.808272
201 0.323304 0.895107 0.804623
202 0.322789 0.897540 0.802677
203 0.324703 0.899784 0.800973
204 0.324144 0.898621 0.801217
205 0.314965 0.897513 0.804623
206 0.322274 0.897810 0.802190
207 0.315306 0.899595 0.806569
208 0.318686 0.900243 0.801460
209 0.317160 0.902568 0.804866
210 0.312805 0.901487 0.803893
211 0.313544 0.902460 0.805110
212 0.307217 0.902920 0.808029
213 0.306695 0.904839 0.803650
214 0.304568 0.904055 0.802920
215 0.311017 0.905109 0.801217
216 0.306247 0.905299 0.805110
217 0.303804 0.906624 0.805839
218 0.309013 0.906164 0.798783
219 0.313030 0.906975 0.806326
220 0.305140 0.906678 0.802920
221 0.301536 0.907651 0.806569
222 0.302975 0.909732 0.803893
223 0.304507 0.908327 0.807543
224 0.299549 0.910652 0.799027
225 0.303775 0.909408 0.806813
226 0.300277 0.912679 0.806326
227 0.301749 0.909759 0.800973
228 0.302071 0.913977 0.802676
229 0.300304 0.911976 0.802676
230 0.289757 0.913139 0.801217
231 0.295714 0.913057 0.800243
232 0.293441 0.913923 0.801217
233 0.293304 0.914707 0.801947
234 0.289799 0.916112 0.803650
235 0.288659 0.914869 0.804623
236 0.288857 0.915409 0.807056
237 0.291762 0.918140 0.804623
238 0.287430 0.917329 0.800000
239 0.283010 0.917707 0.805596
240 0.287235 0.915707 0.806813
241 0.286798 0.917140 0.810705
242 0.289002 0.920276 0.809975
243 0.286251 0.919870 0.804380
244 0.282183 0.920303 0.804866
245 0.283036 0.919519 0.804136
246 0.282524 0.922168 0.801460
247 0.278747 0.921655 0.804623
248 0.280410 0.922466 0.802676
249 0.278898 0.923331 0.803406
250 0.274972 0.927278 0.813139
251 0.270882 0.928846 0.808759
252 0.268403 0.928792 0.805596
253 0.263525 0.929630 0.804623
254 0.264292 0.928792 0.805839
255 0.264574 0.930387 0.801703
256 0.265687 0.929143 0.809489
257 0.260568 0.931008 0.808273
258 0.260741 0.932576 0.805596
259 0.259385 0.932874 0.808759
260 0.259840 0.932739 0.800730
261 0.260389 0.933847 0.808029
262 0.260894 0.932847 0.809246
263 0.256909 0.932712 0.806812
264 0.257663 0.934361 0.804866
265 0.255244 0.929386 0.800243
266 0.257969 0.934820 0.801217
267 0.252068 0.934280 0.805596
268 0.252418 0.934171 0.806813
269 0.252580 0.936442 0.806569
270 0.257652 0.936551 0.809732
271 0.252477 0.936361 0.802920
272 0.257703 0.935875 0.807056
273 0.256357 0.936010 0.809732
274 0.254779 0.937280 0.804623
275 0.241377 0.938551 0.800730
276 0.249378 0.936956 0.800487
277 0.250474 0.937956 0.804623
278 0.251845 0.939146 0.804623
279 0.254189 0.938335 0.805110
280 0.247988 0.938578 0.801946
281 0.254804 0.939118 0.802190
282 0.250759 0.938091 0.801947
283 0.245105 0.938632 0.805110
284 0.247079 0.940741 0.806083
285 0.248890 0.939335 0.807056
286 0.239899 0.940281 0.800973
287 0.243866 0.940957 0.803650
288 0.251792 0.939470 0.800244
289 0.242447 0.941876 0.800730
290 0.246184 0.940362 0.801460
291 0.244472 0.940389 0.803893
292 0.242391 0.941335 0.803893
293 0.237211 0.941768 0.803163
294 0.241815 0.941984 0.802920
295 0.237522 0.942822 0.805110
296 0.243375 0.942336 0.801703
297 0.242422 0.942904 0.802190
298 0.237886 0.943363 0.801216
299 0.242554 0.942093 0.798053
300 0.240015 0.945391 0.802676
301 0.233356 0.946607 0.803406
302 0.230206 0.947445 0.804136
303 0.233173 0.946932 0.803163
304 0.233627 0.946904 0.800000
305 0.232467 0.947688 0.804866
306 0.231777 0.948175 0.804866
307 0.228869 0.947959 0.807056
308 0.226570 0.948229 0.803163
309 0.234500 0.948148 0.807542
310 0.231012 0.948337 0.803650
311 0.233861 0.948364 0.804136
312 0.226072 0.949257 0.806569
313 0.228970 0.948878 0.803893
314 0.224661 0.948148 0.803893
315 0.228032 0.949716 0.804380
316 0.227897 0.949581 0.806813
317 0.226194 0.950014 0.805110
318 0.223812 0.949905 0.807056
319 0.224403 0.949608 0.801703
320 0.224822 0.950473 0.806813
321 0.226192 0.950743 0.807056
322 0.228747 0.949959 0.802676
323 0.224220 0.950230 0.806326
324 0.227917 0.950500 0.798053
325 0.221791 0.951068 0.800973
326 0.221160 0.951230 0.805839
327 0.220490 0.951581 0.801703
328 0.227478 0.951149 0.802433
329 0.219381 0.952068 0.810706
330 0.227620 0.950717 0.802920
331 0.222494 0.952528 0.802433
332 0.227296 0.950635 0.802920
333 0.218721 0.951473 0.803406
334 0.223079 0.951663 0.803650
335 0.221250 0.952609 0.805353
336 0.224788 0.951636 0.799757
337 0.224126 0.952311 0.804623
338 0.221651 0.952960 0.807056
339 0.220771 0.952663 0.802676
340 0.216055 0.952987 0.799270
341 0.221830 0.952393 0.804136
342 0.220254 0.953339 0.802920
343 0.220641 0.952609 0.801703
344 0.220352 0.953501 0.802433
345 0.219932 0.952771 0.802920
346 0.216088 0.954258 0.801460
347 0.216892 0.953474 0.801460
348 0.220206 0.953474 0.800487
349 0.221371 0.954582 0.800730
350 0.218274 0.954312 0.801947
