1 2.828655 0.735556 0.680000
2 0.780094 0.746667 0.760000
3 0.564869 0.783333 0.730000
4 0.484594 0.798889 0.710000
5 0.489004 0.795556 0.730000
6 0.443286 0.805556 0.720000
7 0.427577 0.816667 0.720000
8 0.458603 0.827778 0.740000
9 0.449533 0.838889 0.720000
10 0.395167 0.848889 0.740000
11 0.379191 0.831111 0.690000
12 0.392181 0.823333 0.720000
13 0.390254 0.787778 0.680000
14 0.338803 0.843333 0.690000
15 0.336088 0.870000 0.660000
16 0.345974 0.827778 0.670000
17 0.372459 0.832222 0.740000
18 0.370154 0.826667 0.750000
19 0.338706 0.840000 0.690000
20 0.338695 0.842222 0.650000
21 0.330583 0.863333 0.730000
22 0.313990 0.865556 0.690000
23 0.288161 0.887778 0.660000
24 0.312994 0.866667 0.680000
25 0.307335 0.867778 0.740000
26 0.279064 0.872222 0.700000
27 0.299677 0.867778 0.590000
28 0.290248 0.863333 0.710000
29 0.321345 0.851111 0.620000
30 0.373079 0.864444 0.710000
31 0.440977 0.853333 0.680000
32 0.324147 0.868889 0.640000
33 0.305835 0.875556 0.660000
34 0.311649 0.862222 0.680000
35 0.278479 0.864444 0.650000
36 0.272433 0.861111 0.630000
37 0.298065 0.870000 0.710000
38 0.291802 0.874444 0.700000
39 0.270136 0.862222 0.720000
40 0.288688 0.872222 0.700000
41 0.315231 0.865556 0.730000
42 0.267985 0.878889 0.690000
43 0.268003 0.877778 0.650000
44 0.275996 0.885556 0.660000
45 0.288904 0.884444 0.730000
46 0.293251 0.876667 0.630000
47 0.300273 0.886667 0.670000
48 0.270894 0.880000 0.690000
49 0.270085 0.878889 0.680000
50 0.240321 0.908889 0.690000
51 0.246773 0.874444 0.660000
52 0.273891 0.897778 0.710000
53 0.292099 0.902222 0.670000
54 0.264347 0.895556 0.670000
55 0.223484 0.898889 0.670000
56 0.236098 0.905556 0.710000
57 0.222333 0.913333 0.700000
58 0.202277 0.912222 0.660000
59 0.251545 0.901111 0.700000
60 0.217013 0.920000 0.690000
61 0.214835 0.911111 0.700000
62 0.208097 0.915556 0.690000
63 0.198834 0.911111 0.690000
64 0.211931 0.908889 0.680000
65 0.203736 0.906667 0.720000
66 0.205756 0.905556 0.720000
67 0.216600 0.900000 0.680000
68 0.198342 0.913333 0.640000
69 0.201312 0.908889 0.670000
70 0.200639 0.917778 0.690000
71 0.231099 0.903333 0.690000
72 0.228744 0.911111 0.670000
73 0.243888 0.885556 0.660000
74 0.197238 0.923333 0.700000
75 0.205613 0.918889 0.730000
76 0.189942 0.911111 0.710000
77 0.187335 0.924444 0.710000
78 0.212104 0.906667 0.730000
79 0.203577 0.922222 0.720000
80 0.198737 0.926667 0.690000
81 0.207969 0.922222 0.690000
82 0.201122 0.911111 0.690000
83 0.209015 0.921111 0.710000
84 0.193070 0.927778 0.750000
85 0.192138 0.925556 0.690000
86 0.189094 0.926667 0.720000
87 0.188546 0.917778 0.680000
88 0.226736 0.911111 0.700000
89 0.234325 0.913333 0.680000
90 0.188868 0.926667 0.700000
91 0.191719 0.923333 0.730000
92 0.198460 0.920000 0.720000
93 0.198073 0.922222 0.720000
94 0.193295 0.930000 0.710000
95 0.187351 0.927778 0.700000
96 0.185607 0.920000 0.680000
97 0.187330 0.916667 0.710000
98 0.184168 0.925556 0.710000
99 0.215569 0.886667 0.670000
100 0.214145 0.925556 0.740000
101 0.160635 0.933333 0.700000
102 0.186305 0.927778 0.680000
103 0.177719 0.926667 0.640000
104 0.173186 0.934444 0.690000
105 0.174354 0.926667 0.700000
106 0.178033 0.937778 0.700000
107 0.162719 0.933333 0.680000
108 0.162691 0.935556 0.690000
109 0.164026 0.934444 0.710000
110 0.160867 0.936667 0.660000
111 0.166828 0.936667 0.740000
112 0.157840 0.933333 0.700000
113 0.157133 0.932222 0.680000
114 0.153227 0.936667 0.690000
115 0.165707 0.934444 0.670000
116 0.170196 0.932222 0.700000
117 0.177167 0.933333 0.690000
118 0.164921 0.931111 0.650000
119 0.154390 0.935556 0.690000
120 0.162132 0.937778 0.680000
121 0.157236 0.936667 0.690000
122 0.148401 0.940000 0.710000
123 0.162246 0.934444 0.680000
124 0.150863 0.935556 0.720000
125 0.160813 0.937778 0.720000
126 0.162994 0.935556 0.730000
127 0.150315 0.937778 0.700000
128 0.151937 0.941111 0.720000
129 0.168773 0.934444 0.670000
130 0.159600 0.940000 0.680000
131 0.159134 0.938889 0.650000
132 0.173844 0.935556 0.640000
133 0.159708 0.937778 0.670000
134 0.150855 0.932222 0.660000
135 0.183990 0.936667 0.710000
136 0.183062 0.936667 0.700000
137 0.163356 0.936667 0.680000
138 0.156172 0.938889 0.720000
139 0.151198 0.941111 0.680000
140 0.164158 0.940000 0.690000
141 0.143514 0.943333 0.690000
142 0.149662 0.938889 0.690000
143 0.149089 0.938889 0.700000
144 0.166053 0.938889 0.680000
145 0.158053 0.940000 0.700000
146 0.153462 0.940000 0.700000
147 0.152662 0.933333 0.680000
148 0.166791 0.934444 0.700000
149 0.146159 0.940000 0.700000
150 0.135921 0.934444 0.680000
151 0.133772 0.945556 0.680000
152 0.138965 0.942222 0.670000
153 0.143211 0.944444 0.680000
154 0.142249 0.944444 0.720000
155 0.137339 0.943333 0.670000
156 0.135598 0.946667 0.710000
157 0.135648 0.943333 0.730000
158 0.135348 0.942222 0.700000
159 0.135277 0.944444 0.710000
160 0.134358 0.943333 0.730000
161 0.138368 0.944444 0.700000
162 0.143066 0.945556 0.680000
163 0.128729 0.942222 0.650000
164 0.144756 0.946667 0.690000
165 0.135976 0.941111 0.700000
166 0.138652 0.943333 0.670000
167 0.137694 0.944444 0.690000
168 0.136623 0.943333 0.670000
169 0.133268 0.942222 0.700000
170 0.132038 0.945556 0.720000
171 0.144130 0.944444 0.690000
172 0.145876 0.941111 0.720000
173 0.136173 0.945556 0.720000
174 0.128469 0.946667 0.720000
175 0.143346 0.944444 0.720000
176 0.141887 0.944444 0.710000
177 0.148418 0.941111 0.690000
178 0.148707 0.940000 0.660000
179 0.134324 0.944444 0.680000
180 0.132488 0.943333 0.700000
181 0.128786 0.943333 0.670000
182 0.139440 0.943333 0.680000
183 0.137292 0.944444 0.680000
184 0.128559 0.945556 0.670000
185 0.135834 0.946667 0.710000
186 0.144692 0.946667 0.700000
187 0.130121 0.947778 0.700000
188 0.140280 0.947778 0.730000
189 0.140603 0.943333 0.670000
190 0.129725 0.944444 0.700000
191 0.123677 0.945556 0.670000
192 0.129819 0.944444 0.690000
193 0.126265 0.948889 0.720000
194 0.132006 0.943333 0.700000
195 0.143546 0.944444 0.710000
196 0.147741 0.945556 0.680000
197 0.135150 0.944444 0.710000
198 0.133237 0.947778 0.680000
199 0.121679 0.946667 0.710000
200 0.123125 0.944444 0.710000
201 0.133371 0.947778 0.710000
202 0.126847 0.948889 0.670000
203 0.128475 0.948889 0.710000
204 0.127688 0.947778 0.680000
205 0.134314 0.947778 0.690000
206 0.123919 0.946667 0.690000
207 0.135178 0.947778 0.680000
208 0.124659 0.946667 0.670000
209 0.122708 0.947778 0.670000
210 0.135285 0.947778 0.660000
211 0.124868 0.945556 0.680000
212 0.126948 0.946667 0.680000
213 0.130152 0.948889 0.690000
214 0.126655 0.945556 0.670000
215 0.128855 0.945556 0.690000
216 0.128686 0.947778 0.690000
217 0.125215 0.945556 0.680000
218 0.128101 0.947778 0.700000
219 0.125441 0.950000 0.710000
220 0.122771 0.944444 0.710000
221 0.121563 0.948889 0.700000
222 0.126230 0.946667 0.680000
223 0.122921 0.946667 0.680000
224 0.122687 0.946667 0.670000
225 0.123237 0.947778 0.680000
226 0.121051 0.946667 0.730000
227 0.120582 0.946667 0.680000
228 0.127611 0.948889 0.700000
229 0.122920 0.946667 0.710000
230 0.117259 0.947778 0.700000
231 0.119382 0.947778 0.680000
232 0.124362 0.948889 0.730000
233 0.127759 0.950000 0.710000
234 0.120228 0.948889 0.720000
235 0.121033 0.948889 0.710000
236 0.128073 0.948889 0.720000
237 0.118826 0.947778 0.720000
238 0.116953 0.946667 0.690000
239 0.116807 0.947778 0.730000
240 0.117831 0.948889 0.700000
241 0.120035 0.948889 0.710000
242 0.118488 0.946667 0.710000
243 0.126572 0.948889 0.680000
244 0.121646 0.950000 0.700000
245 0.130974 0.947778 0.710000
246 0.124364 0.948889 0.720000
247 0.117018 0.947778 0.690000
248 0.121362 0.951111 0.710000
249 0.116058 0.948889 0.720000
250 0.119051 0.948889 0.720000
251 0.120918 0.950000 0.680000
252 0.111801 0.947778 0.730000
253 0.118959 0.948889 0.680000
254 0.128067 0.947778 0.690000
255 0.119308 0.951111 0.680000
256 0.119310 0.950000 0.670000
257 0.113914 0.947778 0.690000
258 0.118961 0.951111 0.680000
259 0.118262 0.950000 0.700000
260 0.122040 0.950000 0.700000
261 0.124188 0.947778 0.700000
262 0.114439 0.947778 0.700000
263 0.116125 0.950000 0.700000
264 0.115224 0.948889 0.700000
265 0.117143 0.950000 0.690000
266 0.116678 0.951111 0.680000
267 0.118041 0.950000 0.680000
268 0.123002 0.946667 0.690000
269 0.121484 0.948889 0.670000
270 0.135286 0.950000 0.700000
271 0.125496 0.948889 0.720000
272 0.113408 0.951111 0.690000
273 0.116046 0.948889 0.700000
274 0.113859 0.948889 0.680000
275 0.116072 0.950000 0.700000
276 0.125328 0.947778 0.690000
277 0.119948 0.948889 0.690000
278 0.119291 0.951111 0.680000
279 0.121617 0.947778 0.680000
280 0.115480 0.950000 0.700000
281 0.114285 0.950000 0.730000
282 0.125183 0.950000 0.700000
283 0.113588 0.950000 0.680000
284 0.116850 0.948889 0.720000
285 0.121810 0.950000 0.680000
286 0.129274 0.947778 0.700000
287 0.120483 0.950000 0.690000
288 0.122480 0.950000 0.690000
289 0.110849 0.947778 0.680000
290 0.110994 0.948889 0.680000
291 0.122385 0.950000 0.750000
292 0.119364 0.950000 0.710000
293 0.109937 0.950000 0.710000
294 0.114136 0.951111 0.680000
295 0.115007 0.950000 0.680000
296 0.110775 0.950000 0.690000
297 0.115597 0.948889 0.680000
298 0.117372 0.948889 0.720000
299 0.117805 0.948889 0.710000
300 0.112606 0.951111 0.710000
301 0.110219 0.950000 0.700000
302 0.116042 0.948889 0.710000
303 0.120480 0.950000 0.700000
304 0.112217 0.950000 0.710000
305 0.112564 0.948889 0.710000
306 0.119644 0.950000 0.750000
307 0.107020 0.950000 0.720000
308 0.118073 0.948889 0.690000
309 0.118218 0.950000 0.680000
310 0.121614 0.950000 0.700000
311 0.115366 0.950000 0.730000
312 0.113808 0.951111 0.680000
313 0.114738 0.951111 0.690000
314 0.105434 0.950000 0.710000
315 0.108916 0.950000 0.690000
316 0.113127 0.948889 0.700000
317 0.116121 0.950000 0.710000
318 0.114327 0.948889 0.710000
319 0.111816 0.951111 0.710000
320 0.111210 0.951111 0.730000
321 0.112880 0.950000 0.690000
322 0.112926 0.950000 0.700000
323 0.113530 0.951111 0.680000
324 0.117519 0.950000 0.690000
325 0.115446 0.948889 0.680000
326 0.115201 0.951111 0.700000
327 0.117232 0.951111 0.700000
328 0.110020 0.948889 0.700000
329 0.108937 0.951111 0.710000
330 0.116608 0.951111 0.700000
331 0.115553 0.948889 0.690000
332 0.110664 0.950000 0.690000
333 0.110412 0.951111 0.710000
334 0.110171 0.951111 0.670000
335 0.111102 0.948889 0.710000
336 0.112213 0.950000 0.720000
337 0.108369 0.950000 0.710000
338 0.122902 0.950000 0.680000
339 0.115529 0.950000 0.710000
340 0.112186 0.950000 0.680000
341 0.114038 0.950000 0.690000
342 0.116076 0.951111 0.680000
343 0.110688 0.950000 0.700000
344 0.116800 0.950000 0.710000
345 0.111801 0.948889 0.720000
346 0.117469 0.950000 0.710000
347 0.114037 0.950000 0.670000
348 0.111545 0.950000 0.690000
349 0.115228 0.950000 0.700000
350 0.113488 0.950000 0.700000
