1 3.478591 0.608414 0.628571
2 1.962268 0.676375 0.514286
3 1.301766 0.566343 0.371429
4 1.409283 0.676375 0.542857
5 1.072201 0.644013 0.485714
6 1.045713 0.686084 0.457143
7 0.867700 0.682848 0.542857
8 1.049625 0.656958 0.514286
9 0.794509 0.770227 0.542857
10 0.852726 0.766990 0.514286
11 0.680664 0.747573 0.600000
12 0.666083 0.637540 0.542857
13 0.609778 0.815534 0.542857
14 0.557048 0.721683 0.657143
15 0.549115 0.731392 0.571429
16 0.540501 0.779935 0.600000
17 0.488083 0.844660 0.542857
18 0.461104 0.754045 0.571429
19 0.463967 0.831715 0.571429
20 0.484274 0.828479 0.542857
21 0.437899 0.776699 0.600000
22 0.439713 0.812298 0.542857
23 0.420500 0.851133 0.600000
24 0.427936 0.857605 0.457143
25 0.424322 0.786408 0.571429
26 0.382852 0.796117 0.657143
27 0.384489 0.818770 0.542857
28 0.424059 0.883495 0.485714
29 0.425957 0.841424 0.571429
30 0.353552 0.854369 0.600000
31 0.394682 0.867314 0.514286
32 0.345085 0.847896 0.571429
33 0.379745 0.834951 0.542857
34 0.355199 0.899676 0.514286
35 0.374879 0.877023 0.571429
36 0.333716 0.893204 0.514286
37 0.329675 0.812298 0.571429
38 0.311768 0.867314 0.600000
39 0.333753 0.779935 0.600000
40 0.295421 0.864078 0.542857
41 0.294107 0.886731 0.571429
42 0.283454 0.932039 0.542857
43 0.345641 0.812298 0.428571
44 0.336459 0.880259 0.600000
45 0.242745 0.941748 0.571429
46 0.246718 0.912621 0.542857
47 0.242148 0.919094 0.600000
48 0.280535 0.915858 0.514286
49 0.254335 0.919094 0.571429
50 0.212143 0.935275 0.542857
51 0.176609 0.951456 0.657143
52 0.150713 0.919094 0.571429
53 0.157793 0.977346 0.571429
54 0.145463 0.951456 0.600000
55 0.149864 0.951456 0.600000
56 0.144877 0.983819 0.628571
57 0.120389 0.964401 0.571429
58 0.159533 0.909385 0.600000
59 0.191955 0.987055 0.628571
60 0.134720 0.990291 0.657143
61 0.128849 0.974110 0.571429
62 0.186177 0.902913 0.628571
63 0.236230 0.961165 0.600000
64 0.154043 0.987055 0.628571
65 0.129453 0.980583 0.600000
66 0.119461 0.974110 0.685714
67 0.131591 0.987055 0.571429
68 0.165681 0.867314 0.514286
69 0.151401 0.980583 0.657143
70 0.114035 0.967638 0.514286
71 0.131018 0.948220 0.600000
72 0.164895 0.974110 0.600000
73 0.153922 0.883495 0.628571
74 0.121841 0.967638 0.571429
75 0.104377 0.970874 0.600000
76 0.129573 0.977346 0.685714
77 0.116582 0.964401 0.628571
78 0.161463 0.909385 0.600000
79 0.195859 0.912621 0.542857
80 0.139986 0.957929 0.571429
81 0.101399 0.993528 0.657143
82 0.112736 0.935275 0.600000
83 0.123088 0.925566 0.571429
84 0.104115 0.990291 0.657143
85 0.114014 0.977346 0.657143
86 0.175574 0.928803 0.657143
87 0.160408 0.970874 0.542857
88 0.135995 0.919094 0.514286
89 0.119550 0.977346 0.685714
90 0.117365 0.990291 0.685714
91 0.099257 0.990291 0.628571
92 0.091951 0.922330 0.600000
93 0.082616 0.987055 0.628571
94 0.128688 0.980583 0.542857
95 0.120634 0.928803 0.542857
96 0.150308 0.957929 0.628571
97 0.122512 0.932039 0.600000
98 0.113483 0.983819 0.685714
99 0.136019 0.912621 0.657143
100 0.108389 0.987055 0.600000
101 0.078330 0.993528 0.657143
102 0.067761 0.993528 0.628571
103 0.071024 0.993528 0.657143
104 0.070164 0.993528 0.685714
105 0.065101 0.993528 0.685714
106 0.071863 0.993528 0.657143
107 0.062737 0.993528 0.714286
108 0.074597 0.993528 0.657143
109 0.070347 0.993528 0.657143
110 0.062837 0.990291 0.685714
111 0.068675 0.993528 0.657143
112 0.065927 0.990291 0.714286
113 0.060241 0.993528 0.685714
114 0.065925 0.993528 0.657143
115 0.061601 0.993528 0.685714
116 0.059745 0.993528 0.685714
117 0.059229 0.993528 0.628571
118 0.161945 0.948220 0.542857
119 0.143766 0.983819 0.657143
120 0.087037 0.993528 0.628571
121 0.094847 0.993528 0.685714
122 0.064592 0.993528 0.685714
123 0.060059 0.993528 0.628571
124 0.062491 0.993528 0.685714
125 0.063945 0.993528 0.628571
126 0.063857 0.993528 0.714286
127 0.088446 0.951456 0.628571
128 0.116315 0.980583 0.571429
129 0.080101 0.990291 0.628571
130 0.065757 0.993528 0.657143
131 0.068157 0.990291 0.685714
132 0.072753 0.993528 0.657143
133 0.068967 0.983819 0.628571
134 0.087562 0.993528 0.600000
135 0.070357 0.993528 0.628571
136 0.066099 0.993528 0.628571
137 0.067545 0.993528 0.628571
138 0.082037 0.987055 0.600000
139 0.135852 0.993528 0.600000
140 0.079875 0.993528 0.628571
141 0.087261 0.990291 0.600000
142 0.069950 0.993528 0.685714
143 0.061553 0.993528 0.628571
144 0.069659 0.993528 0.685714
145 0.060040 0.993528 0.657143
146 0.057287 0.993528 0.685714
147 0.074857 0.990291 0.657143
148 0.078232 0.993528 0.657143
149 0.064045 0.993528 0.657143
150 0.060837 0.993528 0.657143
151 0.050432 0.993528 0.657143
152 0.052149 0.993528 0.685714
153 0.051538 0.993528 0.685714
154 0.050689 0.993528 0.628571
155 0.054850 0.993528 0.628571
156 0.056876 0.993528 0.657143
157 0.047547 0.993528 0.657143
158 0.052277 0.993528 0.657143
159 0.053078 0.993528 0.685714
160 0.053971 0.993528 0.628571
161 0.051947 0.993528 0.685714
162 0.055025 0.993528 0.657143
163 0.047671 0.993528 0.657143
164 0.055144 0.993528 0.600000
165 0.059601 0.993528 0.657143
166 0.050094 0.993528 0.628571
167 0.049562 0.993528 0.657143
168 0.051326 0.993528 0.685714
169 0.053947 0.993528 0.657143
170 0.056832 0.993528 0.657143
171 0.054250 0.993528 0.657143
172 0.051467 0.993528 0.685714
173 0.052045 0.993528 0.714286
174 0.052356 0.993528 0.714286
175 0.054321 0.983819 0.628571
176 0.104558 0.990291 0.657143
177 0.070636 0.980583 0.628571
178 0.062163 0.993528 0.628571
179 0.056413 0.993528 0.628571
180 0.053321 0.993528 0.685714
181 0.052803 0.993528 0.657143
182 0.057985 0.993528 0.657143
183 0.057527 0.993528 0.628571
184 0.051704 0.993528 0.657143
185 0.048021 0.993528 0.657143
186 0.046789 0.993528 0.628571
187 0.049249 0.993528 0.685714
188 0.049579 0.993528 0.657143
189 0.046430 0.993528 0.628571
190 0.047410 0.993528 0.657143
191 0.053610 0.993528 0.657143
192 0.047349 0.993528 0.657143
193 0.050170 0.993528 0.657143
194 0.117278 0.951456 0.600000
195 0.080402 0.993528 0.657143
196 0.052561 0.993528 0.628571
197 0.059339 0.993528 0.657143
198 0.047943 0.993528 0.685714
199 0.050637 0.993528 0.685714
200 0.045469 0.993528 0.657143
201 0.047080 0.993528 0.657143
202 0.051231 0.993528 0.657143
203 0.046220 0.993528 0.657143
204 0.044892 0.993528 0.657143
205 0.046305 0.993528 0.657143
206 0.048684 0.993528 0.657143
207 0.042596 0.993528 0.657143
208 0.045060 0.993528 0.628571
209 0.045844 0.993528 0.657143
210 0.046495 0.993528 0.657143
211 0.046593 0.993528 0.657143
212 0.050776 0.993528 0.657143
213 0.049580 0.993528 0.657143
214 0.047230 0.993528 0.685714
215 0.050200 0.993528 0.685714
216 0.045380 0.993528 0.657143
217 0.041355 0.993528 0.657143
218 0.047428 0.993528 0.657143
219 0.049105 0.993528 0.657143
220 0.043487 0.993528 0.657143
221 0.048685 0.993528 0.657143
222 0.043995 0.993528 0.657143
223 0.048606 0.993528 0.657143
224 0.045389 0.993528 0.657143
225 0.045473 0.993528 0.657143
226 0.043146 0.993528 0.657143
227 0.044503 0.993528 0.657143
228 0.046584 0.993528 0.685714
229 0.043287 0.993528 0.657143
230 0.042890 0.993528 0.657143
231 0.046286 0.993528 0.657143
232 0.045766 0.993528 0.657143
233 0.043323 0.993528 0.657143
234 0.046242 0.993528 0.657143
235 0.047898 0.993528 0.657143
236 0.041589 0.993528 0.657143
237 0.044143 0.993528 0.657143
238 0.044730 0.993528 0.657143
239 0.048726 0.993528 0.657143
240 0.045053 0.993528 0.657143
241 0.043812 0.993528 0.685714
242 0.045803 0.993528 0.657143
243 0.041120 0.993528 0.628571
244 0.039748 0.993528 0.657143
245 0.042990 0.993528 0.657143
246 0.048420 0.993528 0.657143
247 0.043349 0.993528 0.657143
248 0.047538 0.993528 0.657143
249 0.050322 0.993528 0.657143
250 0.047083 0.993528 0.657143
251 0.042365 0.993528 0.657143
252 0.040597 0.993528 0.657143
253 0.036546 0.993528 0.657143
254 0.041528 0.993528 0.657143
255 0.042576 0.993528 0.685714
256 0.041422 0.993528 0.657143
257 0.038921 0.993528 0.628571
258 0.043543 0.993528 0.685714
259 0.044354 0.993528 0.685714
260 0.043116 0.993528 0.685714
261 0.044816 0.993528 0.685714
262 0.041370 0.993528 0.685714
263 0.040207 0.993528 0.657143
264 0.040263 0.993528 0.657143
265 0.045818 0.993528 0.657143
266 0.040963 0.993528 0.657143
267 0.041371 0.993528 0.657143
268 0.042065 0.993528 0.657143
269 0.040664 0.993528 0.657143
270 0.040560 0.993528 0.685714
271 0.043197 0.993528 0.685714
272 0.044046 0.993528 0.685714
273 0.045841 0.993528 0.657143
274 0.044061 0.993528 0.685714
275 0.038047 0.993528 0.657143
276 0.041408 0.993528 0.657143
277 0.043502 0.993528 0.714286
278 0.040015 0.993528 0.685714
279 0.043411 0.993528 0.685714
280 0.040875 0.993528 0.685714
281 0.044593 0.993528 0.714286
282 0.045113 0.993528 0.657143
283 0.040946 0.993528 0.685714
284 0.043758 0.993528 0.685714
285 0.039303 0.993528 0.742857
286 0.040522 0.993528 0.685714
287 0.043752 0.993528 0.685714
288 0.040393 0.993528 0.685714
289 0.041953 0.993528 0.685714
290 0.041396 0.993528 0.657143
291 0.041937 0.993528 0.685714
292 0.040901 0.993528 0.657143
293 0.042590 0.993528 0.685714
294 0.042843 0.993528 0.714286
295 0.042620 0.993528 0.714286
296 0.043893 0.993528 0.714286
297 0.042287 0.993528 0.714286
298 0.041820 0.993528 0.657143
299 0.041469 0.993528 0.657143
300 0.040946 0.993528 0.657143
301 0.039969 0.993528 0.685714
302 0.041869 0.993528 0.685714
303 0.044627 0.993528 0.685714
304 0.038342 0.993528 0.657143
305 0.041829 0.993528 0.657143
306 0.040013 0.993528 0.685714
307 0.044106 0.993528 0.685714
308 0.036598 0.993528 0.685714
309 0.039931 0.993528 0.714286
310 0.042958 0.993528 0.657143
311 0.042324 0.993528 0.714286
312 0.037874 0.993528 0.685714
313 0.036004 0.993528 0.657143
314 0.038031 0.993528 0.685714
315 0.038614 0.993528 0.657143
316 0.040029 0.993528 0.685714
317 0.040654 0.993528 0.685714
318 0.039612 0.993528 0.685714
319 0.040619 0.993528 0.685714
320 0.038875 0.993528 0.657143
321 0.040536 0.993528 0.657143
322 0.041993 0.993528 0.685714
323 0.038019 0.993528 0.657143
324 0.036940 0.993528 0.657143
325 0.045021 0.993528 0.657143
326 0.039953 0.993528 0.685714
327 0.040787 0.993528 0.657143
328 0.042373 0.993528 0.657143
329 0.039154 0.993528 0.657143
330 0.042354 0.993528 0.685714
331 0.038259 0.993528 0.657143
332 0.039828 0.993528 0.657143
333 0.038866 0.993528 0.657143
334 0.037651 0.993528 0.657143
335 0.039262 0.993528 0.657143
336 0.039700 0.993528 0.657143
337 0.038315 0.993528 0.657143
338 0.038510 0.993528 0.657143
339 0.040801 0.993528 0.657143
340 0.039480 0.993528 0.657143
341 0.037328 0.993528 0.685714
342 0.039021 0.993528 0.685714
343 0.038687 0.993528 0.657143
344 0.040451 0.993528 0.657143
345 0.040406 0.993528 0.657143
346 0.036976 0.993528 0.657143
347 0.042328 0.993528 0.657143
348 0.040560 0.993528 0.657143
349 0.037998 0.993528 0.657143
350 0.042918 0.993528 0.657143
