1 4.433450 0.440741 0.353333
2 2.222762 0.528889 0.466667
3 2.019544 0.507407 0.440000
4 1.386281 0.490370 0.340000
5 1.141209 0.526667 0.360000
6 1.102281 0.548148 0.413333
7 1.490892 0.513333 0.360000
8 1.308744 0.517037 0.366667
9 1.038027 0.520741 0.326667
10 1.242265 0.534074 0.406667
11 1.011383 0.573333 0.500000
12 0.924102 0.564444 0.420000
13 1.050359 0.576296 0.520000
14 0.922462 0.550370 0.453333
15 0.922052 0.587407 0.440000
16 0.889521 0.542222 0.420000
17 0.896997 0.559259 0.440000
18 0.905997 0.596296 0.493333
19 0.938303 0.591111 0.500000
20 0.900747 0.599259 0.493333
21 1.050049 0.546667 0.433333
22 1.046856 0.545185 0.433333
23 0.999521 0.536296 0.386667
24 0.950306 0.573333 0.433333
25 0.945404 0.564444 0.486667
26 0.903932 0.588148 0.500000
27 0.889768 0.582222 0.506667
28 0.873282 0.595556 0.513333
29 0.872369 0.588889 0.480000
30 0.864463 0.602963 0.473333
31 0.861640 0.602222 0.513333
32 0.864814 0.591852 0.480000
33 0.858031 0.602963 0.500000
34 0.858403 0.599259 0.486667
35 0.892603 0.607407 0.493333
36 0.850651 0.605926 0.480000
37 0.841838 0.588148 0.380000
38 0.884210 0.593333 0.513333
39 0.842515 0.606667 0.473333
40 0.849671 0.608889 0.473333
41 0.850975 0.624444 0.466667
42 0.868072 0.618519 0.480000
43 0.832429 0.617037 0.493333
44 0.839106 0.605185 0.493333
45 0.826901 0.620000 0.486667
46 0.813591 0.610370 0.440000
47 0.884112 0.604444 0.480000
48 0.816048 0.619259 0.473333
49 0.821643 0.620000 0.480000
50 0.799215 0.629630 0.493333
51 0.785177 0.639259 0.500000
52 0.790747 0.636296 0.493333
53 0.787125 0.642963 0.486667
54 0.774230 0.637778 0.480000
55 0.770342 0.640000 0.493333
56 0.767548 0.640741 0.486667
57 0.764049 0.636296 0.420000
58 0.787146 0.628889 0.473333
59 0.767584 0.647407 0.466667
60 0.752603 0.647407 0.486667
61 0.773375 0.634815 0.500000
62 0.768914 0.647407 0.473333
63 0.755173 0.639259 0.493333
64 0.753901 0.643704 0.506667
65 0.754974 0.623704 0.420000
66 0.750872 0.639259 0.486667
67 0.730339 0.641481 0.446667
68 0.752488 0.648148 0.493333
69 0.758013 0.639259 0.486667
70 0.753398 0.653333 0.480000
