1 11.461231 0.718222 0.672000
2 2.812792 0.789333 0.776000
3 1.510519 0.737556 0.744000
4 1.183237 0.766889 0.746000
5 1.061230 0.794000 0.764000
6 0.819348 0.795778 0.738000
7 0.767868 0.775778 0.738000
8 0.768394 0.798000 0.744000
9 0.733130 0.814222 0.792000
10 0.659922 0.799556 0.780000
11 0.659335 0.800000 0.778000
12 0.724061 0.807111 0.758000
13 0.591003 0.806000 0.754000
14 0.535029 0.816222 0.788000
15 0.557228 0.820222 0.786000
16 0.547522 0.803778 0.758000
17 0.576668 0.811778 0.756000
18 0.531817 0.802000 0.738000
19 0.484414 0.788000 0.738000
20 0.509391 0.817556 0.774000
21 0.481426 0.834000 0.788000
22 0.493184 0.842000 0.776000
23 0.476471 0.813333 0.768000
24 0.484993 0.822444 0.758000
25 0.492089 0.843778 0.778000
26 0.473851 0.827778 0.752000
27 0.465650 0.836667 0.772000
28 0.469510 0.840222 0.770000
29 0.459111 0.846000 0.764000
30 0.456592 0.834000 0.758000
