1 9.441236 0.726547 0.684685
2 4.360334 0.707585 0.711712
3 3.228030 0.684631 0.639640
4 3.961216 0.732535 0.756757
5 2.293986 0.699601 0.720721
6 2.185946 0.598802 0.576577
7 2.174871 0.738523 0.702703
8 1.353339 0.679641 0.693694
9 1.128163 0.744511 0.711712
10 1.435888 0.650699 0.648649
11 1.382569 0.600798 0.594595
12 1.074306 0.737525 0.684685
13 0.932994 0.727545 0.729730
14 1.165932 0.711577 0.711712
15 0.782129 0.722555 0.711712
16 0.796074 0.723553 0.729730
17 0.822006 0.739521 0.711712
18 0.795978 0.673653 0.711712
19 0.786148 0.612774 0.603604
20 0.694411 0.742515 0.720721
21 0.695696 0.738523 0.738739
22 0.668611 0.751497 0.747748
23 0.684728 0.741517 0.729730
24 0.640350 0.712575 0.729730
25 0.668737 0.702595 0.657658
26 0.718105 0.745509 0.720721
27 0.629139 0.748503 0.756757
28 0.669481 0.745509 0.729730
29 0.664228 0.716567 0.711712
30 0.667551 0.743513 0.720721
31 0.612547 0.740519 0.738739
32 0.569797 0.744511 0.747748
33 0.588969 0.745509 0.720721
34 0.600861 0.746507 0.711712
35 0.596821 0.734531 0.756757
36 0.569682 0.699601 0.702703
37 0.582681 0.686627 0.648649
38 0.585979 0.761477 0.711712
39 0.563334 0.753493 0.738739
40 0.581950 0.719561 0.756757
41 0.587753 0.719561 0.747748
42 0.572181 0.744511 0.693694
43 0.576379 0.707585 0.729730
44 0.604248 0.755489 0.720721
45 0.578078 0.729541 0.729730
46 0.555577 0.745509 0.711712
47 0.587950 0.737525 0.684685
48 0.567657 0.729541 0.738739
49 0.564362 0.751497 0.738739
50 0.555590 0.733533 0.729730
51 0.562612 0.758483 0.738739
52 0.539108 0.747505 0.729730
53 0.545289 0.747505 0.756757
54 0.546304 0.761477 0.711712
55 0.550914 0.761477 0.747748
56 0.554338 0.739521 0.720721
57 0.557242 0.754491 0.756757
58 0.537522 0.745509 0.738739
59 0.553180 0.754491 0.729730
60 0.537212 0.739521 0.774775
61 0.564212 0.751497 0.738739
62 0.544783 0.750499 0.720721
63 0.551465 0.742515 0.738739
64 0.533403 0.742515 0.738739
65 0.546498 0.761477 0.738739
66 0.543617 0.740519 0.711712
67 0.536614 0.760479 0.729730
68 0.541663 0.763473 0.738739
69 0.550241 0.739521 0.738739
70 0.552647 0.749501 0.756757
71 0.552935 0.751497 0.756757
72 0.549767 0.759481 0.711712
73 0.539984 0.748503 0.720721
74 0.555964 0.727545 0.693694
75 0.567522 0.754491 0.747748
76 0.541766 0.757485 0.738739
77 0.558991 0.735529 0.702703
78 0.541318 0.759481 0.693694
79 0.547243 0.749501 0.693694
80 0.543767 0.750499 0.738739
81 0.549146 0.743513 0.738739
82 0.551771 0.762475 0.729730
83 0.563917 0.736527 0.729730
84 0.548941 0.731537 0.738739
85 0.547937 0.757485 0.729730
86 0.547953 0.753493 0.729730
87 0.540738 0.687625 0.702703
88 0.548000 0.755489 0.729730
89 0.555371 0.752495 0.720721
90 0.541405 0.764471 0.720721
91 0.545235 0.721557 0.702703
92 0.543249 0.695609 0.684685
93 0.546791 0.750499 0.774775
94 0.554893 0.737525 0.720721
95 0.548914 0.718563 0.720721
96 0.532437 0.753493 0.711712
97 0.545180 0.751497 0.711712
98 0.533567 0.735529 0.765766
99 0.557166 0.754491 0.729730
100 0.536284 0.759481 0.756757
101 0.546810 0.757485 0.729730
102 0.528545 0.756487 0.711712
103 0.540399 0.760479 0.756757
104 0.542476 0.766467 0.720721
105 0.533619 0.763473 0.738739
106 0.527954 0.775449 0.711712
107 0.544286 0.750499 0.693694
108 0.536654 0.726547 0.702703
109 0.522367 0.752495 0.738739
110 0.530301 0.756487 0.729730
111 0.535107 0.695609 0.639640
112 0.522254 0.757485 0.711712
113 0.529017 0.732535 0.702703
114 0.538714 0.747505 0.675676
115 0.536276 0.740519 0.684685
116 0.523995 0.763473 0.711712
117 0.538438 0.749501 0.693694
118 0.523752 0.767465 0.711712
119 0.539471 0.748503 0.729730
120 0.544623 0.761477 0.729730
121 0.531186 0.761477 0.729730
122 0.521989 0.764471 0.693694
123 0.518477 0.759481 0.693694
124 0.537424 0.766467 0.720721
125 0.521426 0.767465 0.711712
126 0.541749 0.774451 0.675676
127 0.525843 0.761477 0.675676
128 0.527393 0.747505 0.738739
129 0.518091 0.778443 0.747748
130 0.515763 0.769461 0.693694
131 0.525459 0.765469 0.711712
132 0.526510 0.744511 0.729730
133 0.525023 0.776447 0.693694
134 0.517625 0.766467 0.738739
135 0.522045 0.756487 0.693694
136 0.511597 0.761477 0.729730
137 0.526358 0.743513 0.693694
138 0.523167 0.768463 0.729730
139 0.535724 0.758483 0.702703
140 0.524791 0.753493 0.729730
141 0.513620 0.745509 0.702703
142 0.522386 0.763473 0.702703
143 0.520723 0.707585 0.630631
144 0.517888 0.750499 0.729730
145 0.523843 0.742515 0.648649
146 0.527603 0.768463 0.711712
147 0.538781 0.723553 0.648649
148 0.513493 0.754491 0.756757
149 0.530555 0.757485 0.711712
150 0.517334 0.778443 0.684685
151 0.518378 0.771457 0.702703
152 0.499707 0.764471 0.702703
153 0.497357 0.772455 0.675676
154 0.506600 0.780439 0.684685
155 0.521137 0.761477 0.693694
156 0.510144 0.780439 0.702703
157 0.508987 0.771457 0.666667
158 0.500621 0.769461 0.711712
159 0.500849 0.775449 0.693694
160 0.511020 0.763473 0.738739
161 0.501742 0.781437 0.720721
162 0.507060 0.781437 0.693694
163 0.511517 0.775449 0.666667
164 0.508910 0.768463 0.720721
165 0.491238 0.778443 0.720721
166 0.496466 0.777445 0.657658
167 0.497005 0.771457 0.675676
168 0.509700 0.777445 0.702703
169 0.495601 0.772455 0.720721
170 0.494396 0.767465 0.693694
171 0.497852 0.767465 0.711712
172 0.508687 0.772455 0.675676
173 0.504465 0.783433 0.684685
174 0.499882 0.775449 0.711712
175 0.496604 0.776447 0.720721
176 0.508253 0.779441 0.684685
177 0.504723 0.780439 0.693694
178 0.501361 0.792415 0.702703
179 0.501916 0.785429 0.729730
180 0.501401 0.783433 0.711712
181 0.488180 0.767465 0.729730
182 0.497709 0.776447 0.684685
183 0.484652 0.783433 0.675676
184 0.505672 0.776447 0.702703
185 0.505549 0.785429 0.720721
186 0.499050 0.786427 0.711712
187 0.501577 0.790419 0.684685
188 0.496844 0.787425 0.657658
189 0.507072 0.776447 0.693694
190 0.493486 0.782435 0.693694
191 0.501048 0.780439 0.693694
192 0.494392 0.776447 0.711712
193 0.490928 0.784431 0.711712
194 0.508555 0.763473 0.675676
195 0.494909 0.786427 0.720721
196 0.506950 0.780439 0.720721
197 0.496996 0.788423 0.693694
198 0.496222 0.789421 0.675676
199 0.483303 0.803393 0.738739
200 0.492694 0.780439 0.684685
201 0.498617 0.794411 0.711712
202 0.488055 0.791417 0.702703
203 0.490557 0.775449 0.693694
204 0.487075 0.779441 0.702703
205 0.484328 0.789421 0.711712
206 0.489288 0.790419 0.711712
207 0.487925 0.786427 0.702703
208 0.500816 0.795409 0.702703
209 0.493916 0.785429 0.684685
210 0.490769 0.792415 0.684685
211 0.478100 0.779441 0.711712
212 0.488260 0.795409 0.702703
213 0.483845 0.787425 0.711712
214 0.482304 0.793413 0.693694
215 0.475026 0.785429 0.693694
216 0.480953 0.794411 0.702703
217 0.481373 0.803393 0.711712
218 0.488280 0.789421 0.711712
219 0.488528 0.786427 0.729730
220 0.481615 0.792415 0.684685
221 0.486997 0.788423 0.711712
222 0.483679 0.808383 0.702703
223 0.475861 0.789421 0.720721
224 0.480496 0.793413 0.702703
225 0.479821 0.801397 0.711712
226 0.482369 0.794411 0.711712
227 0.473468 0.789421 0.702703
228 0.486639 0.788423 0.720721
229 0.491581 0.793413 0.711712
230 0.485000 0.799401 0.684685
231 0.484674 0.785429 0.702703
232 0.478846 0.789421 0.729730
233 0.473365 0.793413 0.729730
234 0.466834 0.799401 0.711712
235 0.483305 0.792415 0.702703
236 0.476776 0.777445 0.738739
237 0.477151 0.800399 0.729730
238 0.474429 0.794411 0.720721
239 0.465363 0.811377 0.693694
240 0.474868 0.789421 0.702703
241 0.488273 0.802395 0.693694
242 0.468379 0.791417 0.720721
243 0.480235 0.799401 0.693694
244 0.477036 0.801397 0.666667
245 0.472489 0.795409 0.702703
246 0.469495 0.794411 0.693694
247 0.474322 0.800399 0.693694
248 0.473117 0.785429 0.666667
249 0.479246 0.806387 0.702703
250 0.472402 0.807385 0.720721
251 0.481712 0.802395 0.693694
252 0.469836 0.791417 0.729730
253 0.468594 0.811377 0.684685
254 0.473437 0.813373 0.684685
255 0.476328 0.811377 0.693694
256 0.467932 0.807385 0.720721
257 0.466025 0.811377 0.702703
258 0.474933 0.810379 0.693694
259 0.462357 0.816367 0.702703
260 0.474988 0.810379 0.693694
261 0.456136 0.810379 0.675676
262 0.458510 0.806387 0.693694
263 0.467197 0.814371 0.684685
264 0.471587 0.809381 0.666667
265 0.459404 0.815369 0.693694
266 0.476725 0.792415 0.747748
267 0.464774 0.808383 0.693694
268 0.466089 0.807385 0.684685
269 0.446456 0.810379 0.729730
270 0.471603 0.792415 0.729730
271 0.462820 0.815369 0.711712
272 0.463988 0.815369 0.702703
273 0.458190 0.804391 0.729730
274 0.456715 0.813373 0.675676
275 0.459426 0.809381 0.684685
276 0.469386 0.813373 0.720721
277 0.462237 0.818363 0.702703
278 0.463464 0.801397 0.693694
279 0.459104 0.808383 0.747748
280 0.459593 0.815369 0.729730
281 0.464099 0.804391 0.711712
282 0.464478 0.802395 0.738739
283 0.475481 0.804391 0.711712
284 0.452435 0.810379 0.729730
285 0.479505 0.809381 0.702703
286 0.458622 0.817365 0.702703
287 0.460769 0.806387 0.738739
288 0.470247 0.804391 0.702703
289 0.469133 0.803393 0.720721
290 0.464766 0.805389 0.693694
291 0.465974 0.807385 0.720721
292 0.463027 0.815369 0.738739
293 0.455701 0.820359 0.702703
294 0.453682 0.817365 0.711712
295 0.460400 0.804391 0.720721
296 0.445069 0.805389 0.720721
297 0.471132 0.808383 0.702703
298 0.462058 0.804391 0.684685
299 0.466539 0.811377 0.729730
300 0.472503 0.806387 0.711712
301 0.458415 0.809381 0.693694
302 0.461522 0.821357 0.702703
303 0.458062 0.818363 0.702703
304 0.459746 0.816367 0.702703
305 0.460208 0.810379 0.711712
306 0.456504 0.819361 0.684685
307 0.458103 0.828343 0.711712
308 0.448969 0.820359 0.711712
309 0.458043 0.816367 0.693694
310 0.454174 0.820359 0.702703
311 0.451447 0.813373 0.711712
312 0.451036 0.816367 0.711712
313 0.449948 0.821357 0.675676
314 0.452784 0.823353 0.711712
315 0.450105 0.820359 0.702703
316 0.450118 0.818363 0.684685
317 0.447971 0.810379 0.693694
318 0.462536 0.816367 0.693694
319 0.463037 0.814371 0.702703
320 0.460749 0.820359 0.702703
321 0.458092 0.812375 0.702703
322 0.464574 0.821357 0.702703
323 0.450905 0.805389 0.693694
324 0.451041 0.818363 0.702703
325 0.459556 0.818363 0.702703
326 0.467321 0.811377 0.720721
327 0.448566 0.821357 0.693694
328 0.446573 0.822355 0.711712
329 0.450031 0.824351 0.720721
330 0.465560 0.816367 0.702703
331 0.460462 0.825349 0.693694
332 0.457833 0.821357 0.693694
333 0.454236 0.825349 0.684685
334 0.456142 0.816367 0.720721
335 0.452991 0.832335 0.711712
336 0.460533 0.824351 0.729730
337 0.457053 0.827345 0.711712
338 0.467859 0.813373 0.729730
339 0.458152 0.823353 0.702703
340 0.459192 0.815369 0.702703
341 0.459129 0.820359 0.702703
342 0.456329 0.814371 0.693694
343 0.452864 0.813373 0.693694
344 0.460482 0.804391 0.711712
345 0.465022 0.817365 0.702703
346 0.446026 0.814371 0.720721
347 0.449385 0.828343 0.693694
348 0.457531 0.816367 0.693694
349 0.456403 0.817365 0.711712
350 0.442312 0.823353 0.729730
