1 9.647980 0.740889 0.722000
2 1.712487 0.735778 0.750000
3 1.060540 0.773778 0.764000
4 0.855637 0.748444 0.764000
5 0.992776 0.788889 0.774000
6 0.838173 0.794667 0.792000
7 0.645860 0.811333 0.782000
8 0.717537 0.780889 0.760000
9 0.604598 0.812889 0.770000
10 0.549165 0.786889 0.752000
11 0.552239 0.800889 0.784000
12 0.573544 0.821333 0.780000
13 0.545004 0.829111 0.804000
14 0.530096 0.812889 0.788000
15 0.523515 0.805111 0.800000
16 0.537238 0.824222 0.770000
17 0.495991 0.829333 0.784000
18 0.501282 0.812000 0.772000
19 0.495151 0.825111 0.764000
20 0.485455 0.822667 0.782000
21 0.465651 0.827111 0.778000
22 0.462866 0.825778 0.776000
23 0.472921 0.823333 0.770000
24 0.517575 0.820889 0.776000
25 0.495920 0.831778 0.792000
26 0.462629 0.839333 0.774000
27 0.492799 0.838222 0.774000
28 0.462604 0.837778 0.758000
29 0.442718 0.844889 0.770000
30 0.425472 0.843778 0.758000
