1 3.528360 0.596774 0.558824
2 1.575628 0.570968 0.617647
3 1.649479 0.564516 0.470588
4 1.721230 0.558065 0.617647
5 1.486803 0.687097 0.588235
6 0.878732 0.674194 0.617647
7 0.778536 0.670968 0.676471
8 0.792510 0.677419 0.617647
9 0.643163 0.690323 0.676471
10 0.596295 0.603226 0.617647
11 0.596731 0.764516 0.676471
12 0.579289 0.738710 0.705882
13 0.562627 0.787097 0.705882
14 0.572590 0.712903 0.617647
15 0.545996 0.761290 0.647059
16 0.507183 0.751613 0.588235
17 0.534651 0.732258 0.558824
18 0.487602 0.777419 0.617647
19 0.490334 0.732258 0.647059
20 0.469566 0.738710 0.617647
21 0.454342 0.803226 0.647059
22 0.397801 0.861290 0.705882
23 0.377543 0.803226 0.617647
24 0.375968 0.832258 0.676471
25 0.352886 0.800000 0.647059
26 0.321551 0.777419 0.617647
27 0.373643 0.896774 0.764706
28 0.305127 0.867742 0.676471
29 0.349639 0.809677 0.617647
30 0.255674 0.912903 0.617647
31 0.264149 0.883871 0.617647
32 0.308676 0.890323 0.617647
33 0.269510 0.854839 0.588235
34 0.283608 0.912903 0.676471
35 0.250519 0.877419 0.676471
36 0.260450 0.893548 0.588235
37 0.203731 0.948387 0.588235
38 0.198196 0.938710 0.617647
39 0.208191 0.912903 0.558824
40 0.256093 0.938710 0.647059
41 0.191659 0.896774 0.676471
42 0.209519 0.970968 0.617647
43 0.131356 0.970968 0.647059
44 0.178240 0.948387 0.617647
45 0.174820 0.954839 0.588235
46 0.120479 0.977419 0.588235
47 0.248518 0.929032 0.647059
48 0.167877 0.967742 0.588235
49 0.264074 0.903226 0.617647
50 0.117390 0.974194 0.647059
51 0.082988 0.990323 0.647059
52 0.101219 0.970968 0.676471
53 0.078494 0.990323 0.647059
54 0.069458 0.990323 0.676471
55 0.113272 0.967742 0.558824
56 0.087556 0.990323 0.617647
57 0.065078 0.993548 0.647059
58 0.072207 0.990323 0.647059
59 0.097298 0.990323 0.705882
60 0.070594 0.990323 0.647059
61 0.053137 0.996774 0.647059
62 0.050424 0.993548 0.647059
63 0.060378 0.987097 0.617647
64 0.086491 0.987097 0.617647
65 0.069892 0.993548 0.647059
66 0.058480 0.990323 0.617647
67 0.058305 0.993548 0.647059
68 0.099345 0.987097 0.647059
69 0.105372 0.970968 0.676471
70 0.103082 0.993548 0.676471
71 0.102154 0.948387 0.735294
72 0.088549 0.993548 0.558824
73 0.075146 0.990323 0.558824
74 0.099942 0.987097 0.705882
75 0.178245 0.970968 0.617647
76 0.083488 0.996774 0.588235
77 0.064426 0.977419 0.617647
78 0.054520 0.996774 0.588235
79 0.047362 0.996774 0.647059
80 0.042883 0.996774 0.617647
81 0.043631 0.996774 0.617647
82 0.041816 0.996774 0.617647
83 0.116269 0.925806 0.647059
84 0.178218 0.990323 0.617647
85 0.061361 0.993548 0.588235
86 0.044524 0.993548 0.588235
87 0.043223 0.996774 0.588235
88 0.037822 0.996774 0.617647
89 0.034357 0.996774 0.647059
90 0.041971 0.996774 0.617647
91 0.040829 0.996774 0.617647
92 0.039169 0.996774 0.647059
93 0.037701 0.996774 0.647059
94 0.032889 0.996774 0.647059
95 0.039206 0.996774 0.647059
96 0.054632 0.983871 0.647059
97 0.163431 0.829032 0.647059
98 0.270462 0.987097 0.588235
99 0.076517 0.990323 0.676471
100 0.055816 0.996774 0.617647
101 0.040648 0.996774 0.588235
102 0.039642 0.996774 0.588235
103 0.042275 0.996774 0.617647
104 0.033320 0.996774 0.617647
105 0.050350 0.996774 0.647059
106 0.043417 0.996774 0.647059
107 0.036785 0.996774 0.647059
108 0.036418 0.996774 0.647059
109 0.038935 0.996774 0.647059
110 0.038087 0.996774 0.617647
111 0.034001 0.996774 0.647059
112 0.031694 0.996774 0.617647
113 0.033583 0.996774 0.617647
114 0.039646 0.996774 0.647059
115 0.029145 0.996774 0.617647
116 0.030792 0.996774 0.617647
117 0.028675 0.996774 0.617647
118 0.028109 0.996774 0.617647
119 0.027194 0.996774 0.617647
120 0.034532 0.996774 0.617647
121 0.035702 0.996774 0.647059
122 0.041396 0.983871 0.647059
123 0.057933 0.996774 0.588235
124 0.062680 0.980645 0.647059
125 0.062108 0.996774 0.647059
126 0.043342 0.996774 0.647059
127 0.033627 0.996774 0.647059
128 0.041056 0.996774 0.588235
129 0.036327 0.996774 0.588235
130 0.031909 0.996774 0.617647
131 0.027500 0.996774 0.588235
132 0.027379 0.996774 0.617647
133 0.033895 0.996774 0.617647
134 0.027113 0.996774 0.617647
135 0.029269 0.996774 0.647059
136 0.028530 0.996774 0.647059
137 0.031588 0.996774 0.647059
138 0.034596 0.996774 0.647059
139 0.033591 0.996774 0.617647
140 0.031394 0.996774 0.617647
141 0.030452 0.996774 0.617647
142 0.031880 0.996774 0.617647
143 0.063084 0.993548 0.617647
144 0.049994 0.996774 0.588235
145 0.045417 0.996774 0.588235
146 0.031614 0.996774 0.588235
147 0.027438 0.996774 0.617647
148 0.030029 0.996774 0.617647
149 0.089344 0.996774 0.647059
150 0.036451 0.996774 0.617647
151 0.028090 0.996774 0.617647
152 0.027344 0.996774 0.617647
153 0.025819 0.996774 0.617647
154 0.026029 0.996774 0.617647
155 0.027548 0.996774 0.588235
156 0.027846 0.996774 0.588235
157 0.025060 0.996774 0.617647
158 0.022586 0.996774 0.588235
159 0.024250 0.996774 0.617647
160 0.026394 0.996774 0.617647
161 0.027853 0.996774 0.588235
162 0.024938 0.996774 0.617647
163 0.025004 0.996774 0.588235
164 0.022018 0.996774 0.617647
165 0.023165 0.996774 0.588235
166 0.025756 0.996774 0.617647
167 0.024143 0.996774 0.617647
168 0.023883 0.996774 0.588235
169 0.025217 0.993548 0.617647
170 0.029604 0.996774 0.588235
171 0.030848 0.996774 0.558824
172 0.027655 0.996774 0.588235
173 0.028162 0.996774 0.617647
174 0.025746 0.996774 0.617647
175 0.027535 0.996774 0.617647
176 0.025159 0.996774 0.617647
177 0.021188 0.996774 0.617647
178 0.023719 0.996774 0.617647
179 0.023996 0.996774 0.617647
180 0.027061 0.996774 0.617647
181 0.021102 0.996774 0.617647
182 0.022682 0.996774 0.617647
183 0.020401 0.996774 0.617647
184 0.029463 0.996774 0.588235
185 0.025887 0.996774 0.617647
186 0.023970 0.996774 0.588235
187 0.024565 0.996774 0.617647
188 0.042453 0.996774 0.617647
189 0.036837 0.996774 0.617647
190 0.042392 0.996774 0.647059
191 0.027823 0.996774 0.676471
192 0.040167 0.996774 0.676471
193 0.023626 0.996774 0.676471
194 0.025128 0.996774 0.676471
195 0.024278 0.996774 0.676471
196 0.021342 0.996774 0.676471
197 0.024713 0.996774 0.676471
198 0.023353 0.996774 0.676471
199 0.024266 0.996774 0.676471
200 0.019214 0.996774 0.676471
201 0.020642 0.996774 0.676471
202 0.021197 0.996774 0.676471
203 0.022212 0.996774 0.676471
204 0.020334 0.996774 0.676471
205 0.018689 0.996774 0.676471
206 0.019779 0.996774 0.676471
207 0.021569 0.996774 0.676471
208 0.021128 0.996774 0.676471
209 0.022410 0.996774 0.676471
210 0.020522 0.996774 0.676471
211 0.019606 0.996774 0.676471
212 0.020285 0.996774 0.676471
213 0.018705 0.996774 0.676471
214 0.022851 0.996774 0.676471
215 0.021341 0.996774 0.676471
216 0.020106 0.996774 0.676471
217 0.021779 0.996774 0.647059
218 0.023002 0.996774 0.676471
219 0.020771 0.996774 0.676471
220 0.021189 0.996774 0.676471
221 0.016738 0.996774 0.676471
222 0.022200 0.996774 0.676471
223 0.037940 0.996774 0.676471
224 0.021208 0.996774 0.676471
225 0.020443 0.996774 0.676471
226 0.039216 0.993548 0.676471
227 0.027517 0.996774 0.617647
228 0.020025 0.996774 0.647059
229 0.019730 0.996774 0.647059
230 0.021538 0.996774 0.647059
231 0.023297 0.996774 0.617647
232 0.021976 0.996774 0.647059
233 0.021520 0.996774 0.647059
234 0.017983 0.996774 0.647059
235 0.020822 0.996774 0.676471
236 0.021538 0.996774 0.647059
237 0.021679 0.996774 0.647059
238 0.018709 0.996774 0.647059
239 0.018592 0.996774 0.676471
240 0.021415 0.996774 0.647059
241 0.018502 0.996774 0.647059
242 0.020981 0.996774 0.647059
243 0.017249 0.996774 0.647059
244 0.024042 0.996774 0.647059
245 0.017532 0.996774 0.647059
246 0.022035 0.996774 0.647059
247 0.019185 0.996774 0.617647
248 0.022234 0.996774 0.617647
249 0.021428 0.996774 0.617647
250 0.018578 0.996774 0.617647
251 0.019533 0.996774 0.617647
252 0.017321 0.996774 0.647059
253 0.017506 0.996774 0.617647
254 0.020503 0.996774 0.617647
255 0.017803 0.996774 0.617647
256 0.020394 0.996774 0.617647
257 0.017101 0.996774 0.617647
258 0.021508 0.996774 0.647059
259 0.021415 0.996774 0.647059
260 0.018892 0.996774 0.647059
261 0.021182 0.996774 0.647059
262 0.021434 0.996774 0.647059
263 0.018779 0.996774 0.647059
264 0.018060 0.996774 0.647059
265 0.021313 0.996774 0.647059
266 0.020104 0.996774 0.647059
267 0.020747 0.996774 0.647059
268 0.021090 0.996774 0.647059
269 0.018283 0.996774 0.647059
270 0.019850 0.996774 0.647059
271 0.018822 0.996774 0.617647
272 0.020401 0.996774 0.647059
273 0.019774 0.996774 0.647059
274 0.021728 0.996774 0.617647
275 0.020099 0.996774 0.617647
276 0.019128 0.996774 0.617647
277 0.018038 0.996774 0.617647
278 0.018021 0.996774 0.617647
279 0.019831 0.996774 0.647059
280 0.018852 0.996774 0.647059
281 0.022280 0.996774 0.647059
282 0.019091 0.996774 0.647059
283 0.018025 0.996774 0.647059
284 0.020146 0.996774 0.647059
285 0.018295 0.996774 0.647059
286 0.016342 0.996774 0.617647
287 0.020535 0.996774 0.617647
288 0.019476 0.996774 0.617647
289 0.022270 0.996774 0.647059
290 0.020250 0.996774 0.617647
291 0.018050 0.996774 0.617647
292 0.017684 0.996774 0.617647
293 0.019056 0.996774 0.588235
294 0.018975 0.996774 0.617647
295 0.020745 0.996774 0.617647
296 0.018032 0.996774 0.617647
297 0.020620 0.996774 0.617647
298 0.018860 0.996774 0.617647
299 0.018750 0.996774 0.647059
300 0.018289 0.996774 0.617647
301 0.020051 0.996774 0.617647
302 0.019783 0.996774 0.617647
303 0.021623 0.996774 0.617647
304 0.015844 0.996774 0.617647
305 0.018583 0.996774 0.617647
306 0.017299 0.996774 0.617647
307 0.017458 0.996774 0.617647
308 0.017556 0.996774 0.588235
309 0.019759 0.996774 0.617647
310 0.020397 0.996774 0.617647
311 0.018919 0.996774 0.617647
312 0.018043 0.996774 0.617647
313 0.019165 0.996774 0.617647
314 0.016852 0.996774 0.617647
315 0.019841 0.996774 0.617647
316 0.020025 0.996774 0.588235
317 0.019645 0.996774 0.588235
318 0.017490 0.996774 0.617647
319 0.019966 0.996774 0.647059
320 0.015532 0.996774 0.617647
321 0.018141 0.996774 0.617647
322 0.018332 0.996774 0.617647
323 0.018530 0.996774 0.617647
324 0.018941 0.996774 0.617647
325 0.019423 0.996774 0.617647
326 0.018594 0.996774 0.617647
327 0.017344 0.996774 0.617647
328 0.017827 0.996774 0.617647
329 0.018235 0.996774 0.588235
330 0.017264 0.996774 0.617647
331 0.017410 0.996774 0.617647
332 0.018446 0.996774 0.647059
333 0.017841 0.996774 0.617647
334 0.017086 0.996774 0.617647
335 0.017444 0.996774 0.617647
336 0.016997 0.996774 0.617647
337 0.016741 0.996774 0.617647
338 0.020943 0.996774 0.647059
339 0.018503 0.996774 0.588235
340 0.018997 0.996774 0.588235
341 0.016087 0.996774 0.617647
342 0.018701 0.996774 0.617647
343 0.018359 0.996774 0.617647
344 0.017107 0.996774 0.617647
345 0.020087 0.996774 0.588235
346 0.018066 0.996774 0.617647
347 0.018896 0.996774 0.647059
348 0.019119 0.996774 0.647059
349 0.017744 0.996774 0.617647
350 0.020262 0.996774 0.617647
