1 2.327894 0.720000 0.680000
2 0.729760 0.762222 0.710000
3 0.564913 0.784444 0.720000
4 0.896674 0.721111 0.680000
5 0.528270 0.810000 0.750000
6 0.463516 0.801111 0.750000
7 0.731306 0.701111 0.640000
8 0.562713 0.815556 0.720000
9 0.465879 0.811111 0.700000
10 0.422386 0.800000 0.720000
11 0.361283 0.808889 0.650000
12 0.374713 0.834444 0.740000
13 0.338662 0.816667 0.640000
14 0.359214 0.871111 0.700000
15 0.324613 0.847778 0.770000
16 0.299952 0.860000 0.750000
17 0.316224 0.845556 0.730000
18 0.300365 0.880000 0.760000
19 0.270655 0.881111 0.780000
20 0.308521 0.885556 0.730000
21 0.294011 0.863333 0.750000
22 0.293755 0.873333 0.780000
23 0.283541 0.875556 0.760000
24 0.288492 0.874444 0.770000
25 0.276290 0.863333 0.750000
26 0.269914 0.872222 0.750000
27 0.275454 0.877778 0.750000
28 0.276176 0.878889 0.700000
29 0.309760 0.884444 0.760000
30 0.276365 0.885556 0.760000
31 0.256174 0.885556 0.760000
32 0.388243 0.824444 0.760000
33 0.359990 0.850000 0.720000
34 0.298853 0.880000 0.700000
35 0.280310 0.863333 0.730000
36 0.269148 0.893333 0.720000
37 0.249801 0.893333 0.690000
38 0.236837 0.885556 0.670000
39 0.248475 0.910000 0.730000
40 0.237194 0.896667 0.720000
41 0.246186 0.877778 0.730000
42 0.240124 0.891111 0.780000
43 0.240589 0.901111 0.710000
44 0.236833 0.907778 0.700000
45 0.233054 0.911111 0.750000
46 0.238681 0.898889 0.750000
47 0.217828 0.897778 0.720000
48 0.232814 0.895556 0.740000
49 0.217041 0.908889 0.760000
50 0.198502 0.916667 0.750000
51 0.187273 0.922222 0.740000
52 0.187183 0.922222 0.730000
53 0.179221 0.924444 0.740000
54 0.183430 0.918889 0.770000
55 0.186169 0.915556 0.730000
56 0.197416 0.924444 0.750000
57 0.192808 0.917778 0.730000
58 0.182678 0.924444 0.780000
59 0.192779 0.920000 0.770000
60 0.181813 0.921111 0.730000
61 0.187233 0.924444 0.750000
62 0.180286 0.925556 0.740000
63 0.183723 0.921111 0.760000
64 0.166952 0.926667 0.720000
65 0.185305 0.927778 0.700000
66 0.186112 0.928889 0.770000
67 0.179424 0.923333 0.740000
68 0.168208 0.918889 0.750000
69 0.163455 0.930000 0.780000
70 0.166650 0.928889 0.750000
71 0.192320 0.933333 0.710000
72 0.171578 0.926667 0.770000
73 0.185724 0.916667 0.770000
74 0.178865 0.917778 0.720000
75 0.181331 0.926667 0.720000
76 0.182958 0.921111 0.720000
77 0.167110 0.928889 0.690000
78 0.178325 0.930000 0.700000
79 0.169214 0.936667 0.710000
80 0.158406 0.932222 0.730000
81 0.172995 0.927778 0.750000
82 0.178685 0.922222 0.750000
83 0.169087 0.928889 0.720000
84 0.169684 0.926667 0.740000
85 0.161237 0.925556 0.720000
86 0.170401 0.932222 0.710000
87 0.154779 0.918889 0.710000
88 0.169207 0.932222 0.760000
89 0.168285 0.932222 0.720000
90 0.159397 0.928889 0.730000
91 0.152631 0.934444 0.740000
92 0.217929 0.918889 0.730000
93 0.205819 0.920000 0.710000
94 0.178319 0.927778 0.690000
95 0.165121 0.931111 0.720000
96 0.184809 0.924444 0.720000
97 0.177047 0.930000 0.710000
98 0.168189 0.931111 0.720000
99 0.245377 0.886667 0.730000
100 0.236163 0.917778 0.710000
101 0.175221 0.924444 0.720000
102 0.170231 0.933333 0.690000
103 0.156647 0.924444 0.680000
104 0.152919 0.934444 0.660000
105 0.190282 0.936667 0.720000
106 0.152136 0.938889 0.720000
107 0.150670 0.928889 0.730000
108 0.151488 0.936667 0.720000
109 0.149200 0.932222 0.700000
110 0.144133 0.935556 0.690000
111 0.153161 0.935556 0.730000
112 0.162540 0.933333 0.730000
113 0.152184 0.937778 0.740000
114 0.144259 0.928889 0.720000
115 0.147277 0.940000 0.720000
116 0.141917 0.938889 0.720000
117 0.141496 0.938889 0.740000
118 0.151481 0.936667 0.750000
119 0.151549 0.936667 0.730000
120 0.145401 0.935556 0.730000
121 0.138969 0.937778 0.710000
122 0.147611 0.938889 0.720000
123 0.152042 0.933333 0.690000
124 0.137949 0.941111 0.730000
125 0.135790 0.936667 0.730000
126 0.135138 0.937778 0.720000
127 0.130282 0.937778 0.720000
128 0.133512 0.936667 0.720000
129 0.145762 0.936667 0.740000
130 0.163474 0.933333 0.700000
131 0.142926 0.937778 0.730000
132 0.135407 0.938889 0.730000
133 0.134866 0.938889 0.730000
134 0.137237 0.937778 0.760000
135 0.145150 0.936667 0.730000
136 0.142381 0.933333 0.740000
137 0.140153 0.936667 0.720000
138 0.131164 0.937778 0.730000
139 0.134703 0.943333 0.750000
140 0.137077 0.936667 0.750000
141 0.134202 0.938889 0.760000
142 0.130934 0.943333 0.740000
143 0.139398 0.941111 0.740000
144 0.141979 0.937778 0.750000
145 0.151755 0.934444 0.760000
146 0.137137 0.943333 0.730000
147 0.132489 0.940000 0.730000
148 0.127798 0.940000 0.740000
149 0.134195 0.938889 0.720000
150 0.137379 0.942222 0.770000
151 0.120009 0.942222 0.750000
152 0.125389 0.944444 0.760000
153 0.129932 0.943333 0.760000
154 0.120171 0.943333 0.720000
155 0.117500 0.942222 0.760000
156 0.123872 0.942222 0.760000
157 0.121781 0.944444 0.770000
158 0.121488 0.943333 0.750000
159 0.117241 0.944444 0.770000
160 0.122163 0.943333 0.760000
161 0.125563 0.941111 0.760000
162 0.123818 0.943333 0.740000
163 0.130222 0.941111 0.760000
164 0.122179 0.943333 0.740000
165 0.118609 0.942222 0.730000
166 0.119164 0.942222 0.750000
167 0.128240 0.946667 0.750000
168 0.121826 0.941111 0.710000
169 0.115691 0.942222 0.730000
170 0.110826 0.944444 0.720000
171 0.130616 0.943333 0.710000
172 0.129158 0.941111 0.740000
173 0.131141 0.943333 0.740000
174 0.127290 0.942222 0.750000
175 0.126564 0.943333 0.750000
176 0.121169 0.942222 0.750000
177 0.124003 0.941111 0.710000
178 0.135397 0.942222 0.750000
179 0.128547 0.944444 0.740000
180 0.122151 0.943333 0.740000
181 0.116172 0.941111 0.730000
182 0.117617 0.942222 0.730000
183 0.132062 0.943333 0.740000
184 0.123027 0.945556 0.740000
185 0.117444 0.944444 0.740000
186 0.124212 0.944444 0.740000
187 0.122434 0.944444 0.750000
188 0.123876 0.943333 0.740000
189 0.123143 0.941111 0.750000
190 0.125755 0.944444 0.750000
191 0.113897 0.944444 0.750000
192 0.123891 0.941111 0.780000
193 0.121797 0.942222 0.790000
194 0.118369 0.940000 0.760000
195 0.122238 0.940000 0.730000
196 0.131804 0.941111 0.760000
197 0.132750 0.943333 0.780000
198 0.117289 0.943333 0.760000
199 0.122582 0.943333 0.750000
200 0.108971 0.944444 0.760000
201 0.118549 0.943333 0.760000
202 0.106653 0.945556 0.750000
203 0.115662 0.945556 0.760000
204 0.112696 0.943333 0.760000
205 0.107752 0.943333 0.730000
206 0.112250 0.943333 0.740000
207 0.120176 0.940000 0.740000
208 0.122158 0.943333 0.770000
209 0.114449 0.943333 0.750000
210 0.113475 0.943333 0.750000
211 0.109147 0.943333 0.770000
212 0.119164 0.943333 0.740000
213 0.113251 0.944444 0.740000
214 0.109216 0.944444 0.750000
215 0.118357 0.942222 0.760000
216 0.113610 0.946667 0.760000
217 0.111983 0.945556 0.740000
218 0.116687 0.945556 0.740000
219 0.114741 0.946667 0.770000
220 0.113583 0.944444 0.740000
221 0.114648 0.945556 0.740000
222 0.122761 0.945556 0.790000
223 0.114826 0.945556 0.780000
224 0.116926 0.944444 0.780000
225 0.110651 0.946667 0.790000
226 0.109837 0.946667 0.760000
227 0.108615 0.946667 0.760000
228 0.118105 0.944444 0.760000
229 0.113842 0.943333 0.790000
230 0.115979 0.945556 0.770000
231 0.109613 0.946667 0.790000
232 0.118443 0.945556 0.770000
233 0.113530 0.946667 0.770000
234 0.114378 0.946667 0.780000
235 0.109243 0.942222 0.760000
236 0.118025 0.944444 0.790000
237 0.116445 0.947778 0.780000
238 0.107090 0.946667 0.730000
239 0.125522 0.946667 0.730000
240 0.112040 0.945556 0.720000
241 0.118409 0.944444 0.730000
242 0.108231 0.945556 0.720000
243 0.109069 0.944444 0.750000
244 0.112855 0.946667 0.760000
245 0.118498 0.947778 0.750000
246 0.106486 0.946667 0.750000
247 0.119002 0.945556 0.740000
248 0.111659 0.947778 0.750000
249 0.110342 0.945556 0.780000
250 0.107277 0.944444 0.760000
251 0.114094 0.945556 0.760000
252 0.106897 0.945556 0.750000
253 0.108583 0.944444 0.750000
254 0.114002 0.947778 0.760000
255 0.109698 0.946667 0.770000
256 0.106761 0.947778 0.770000
257 0.108269 0.947778 0.760000
258 0.104758 0.947778 0.760000
259 0.108852 0.947778 0.770000
260 0.111099 0.946667 0.740000
261 0.118839 0.946667 0.730000
262 0.107623 0.946667 0.730000
263 0.115699 0.945556 0.750000
264 0.111997 0.948889 0.730000
265 0.110029 0.947778 0.750000
266 0.112229 0.947778 0.750000
267 0.111953 0.945556 0.740000
268 0.107749 0.946667 0.730000
269 0.114965 0.950000 0.760000
270 0.109365 0.948889 0.750000
271 0.108895 0.948889 0.750000
272 0.103083 0.948889 0.740000
273 0.107309 0.948889 0.750000
274 0.111303 0.951111 0.760000
275 0.105022 0.950000 0.750000
276 0.102418 0.948889 0.750000
277 0.104919 0.951111 0.740000
278 0.111700 0.947778 0.730000
279 0.108298 0.948889 0.770000
280 0.107038 0.946667 0.770000
281 0.102555 0.950000 0.770000
282 0.114029 0.948889 0.750000
283 0.112305 0.950000 0.750000
284 0.107622 0.948889 0.750000
285 0.109784 0.950000 0.750000
286 0.110344 0.950000 0.760000
287 0.107422 0.952222 0.750000
288 0.107926 0.951111 0.740000
289 0.103176 0.950000 0.760000
290 0.103355 0.952222 0.730000
291 0.110955 0.950000 0.770000
292 0.102760 0.950000 0.760000
293 0.104911 0.951111 0.740000
294 0.107204 0.950000 0.740000
295 0.100225 0.948889 0.760000
296 0.103511 0.948889 0.760000
297 0.104628 0.952222 0.720000
298 0.106524 0.950000 0.770000
299 0.098467 0.948889 0.770000
300 0.105813 0.950000 0.760000
301 0.099856 0.950000 0.780000
302 0.108442 0.948889 0.770000
303 0.110088 0.950000 0.750000
304 0.100627 0.950000 0.760000
305 0.102876 0.951111 0.760000
306 0.102699 0.952222 0.750000
307 0.106592 0.948889 0.770000
308 0.103920 0.948889 0.770000
309 0.103598 0.950000 0.760000
310 0.103031 0.948889 0.760000
311 0.106397 0.948889 0.760000
312 0.108353 0.950000 0.760000
313 0.111479 0.950000 0.770000
314 0.104929 0.948889 0.780000
315 0.098795 0.950000 0.770000
316 0.102047 0.948889 0.760000
317 0.102020 0.950000 0.750000
318 0.104300 0.951111 0.750000
319 0.103597 0.950000 0.750000
320 0.097948 0.951111 0.760000
321 0.099391 0.950000 0.770000
322 0.105776 0.950000 0.760000
323 0.102586 0.948889 0.750000
324 0.104748 0.950000 0.740000
325 0.099283 0.951111 0.750000
326 0.100824 0.950000 0.770000
327 0.104735 0.950000 0.770000
328 0.103501 0.948889 0.770000
329 0.101882 0.952222 0.760000
330 0.098763 0.951111 0.760000
331 0.103411 0.950000 0.750000
332 0.109848 0.951111 0.740000
333 0.098538 0.951111 0.760000
334 0.102451 0.951111 0.750000
335 0.100524 0.950000 0.780000
336 0.103444 0.950000 0.760000
337 0.105778 0.950000 0.770000
338 0.109965 0.950000 0.760000
339 0.102277 0.950000 0.770000
340 0.107897 0.948889 0.770000
341 0.102006 0.950000 0.760000
342 0.112237 0.950000 0.770000
343 0.105885 0.948889 0.760000
344 0.099911 0.951111 0.720000
345 0.103334 0.951111 0.730000
346 0.098531 0.952222 0.740000
347 0.100324 0.952222 0.760000
348 0.108879 0.951111 0.770000
349 0.098831 0.952222 0.740000
350 0.102565 0.952222 0.740000
