1 2.814824 0.548527 0.571776
2 1.282836 0.685050 0.666667
3 0.998133 0.661530 0.615572
4 0.940621 0.702622 0.715328
5 0.939911 0.522033 0.537713
6 0.965411 0.635848 0.620438
7 0.855115 0.609895 0.637470
8 0.797492 0.614220 0.632603
9 0.777106 0.699108 0.737226
10 0.726188 0.546364 0.557178
11 0.728386 0.557718 0.537713
12 0.680335 0.712084 0.717762
13 0.749194 0.671803 0.686131
14 0.694231 0.697756 0.712895
15 0.672638 0.713977 0.712895
16 0.626529 0.691538 0.686131
17 0.621860 0.612868 0.586375
18 0.639886 0.690457 0.698297
19 0.710454 0.712355 0.686131
20 0.731051 0.694782 0.678832
21 0.757574 0.658016 0.669100
22 0.757886 0.705866 0.708029
23 0.647806 0.722087 0.712895
24 0.631765 0.728575 0.710462
25 0.601501 0.628819 0.627737
26 0.620721 0.738308 0.720195
27 0.569225 0.680454 0.669100
28 0.626193 0.734523 0.720195
29 0.588363 0.717491 0.703163
30 0.584840 0.737226 0.710462
31 0.585895 0.722898 0.720195
32 0.606628 0.741822 0.710462
33 0.580285 0.725602 0.698297
34 0.600585 0.727494 0.725061
35 0.575029 0.692620 0.678832
36 0.579803 0.732630 0.708029
37 0.571899 0.562314 0.549878
38 0.595571 0.718302 0.695864
39 0.593277 0.671533 0.676399
40 0.585345 0.738037 0.712895
41 0.590740 0.734253 0.715328
42 0.555972 0.733441 0.705596
43 0.575344 0.732090 0.700730
44 0.557141 0.713977 0.695864
45 0.584540 0.722898 0.693431
46 0.569411 0.747499 0.720195
47 0.568891 0.705866 0.720195
48 0.565018 0.739389 0.720195
49 0.557822 0.742363 0.715328
50 0.554620 0.747770 0.725061
51 0.540841 0.752095 0.725061
52 0.547363 0.745607 0.705596
53 0.567498 0.755880 0.722628
54 0.542130 0.759394 0.732360
55 0.540759 0.725331 0.705596
56 0.530938 0.710462 0.690998
57 0.539463 0.738037 0.712895
58 0.531100 0.753447 0.712895
59 0.558433 0.707759 0.681265
60 0.546490 0.708029 0.693431
61 0.542086 0.761287 0.720195
62 0.509110 0.751014 0.734793
63 0.530003 0.764531 0.727494
64 0.519088 0.771830 0.727494
65 0.521712 0.683428 0.664234
66 0.523845 0.762098 0.717762
67 0.534403 0.757772 0.727494
68 0.523841 0.765612 0.722628
69 0.527635 0.772912 0.729927
70 0.517399 0.760746 0.722628
71 0.516641 0.764261 0.739659
72 0.515047 0.771830 0.727494
73 0.517621 0.762639 0.717762
74 0.528279 0.756961 0.746959
75 0.524597 0.770479 0.727494
76 0.524978 0.781292 0.737226
77 0.517240 0.761016 0.715328
78 0.513867 0.773723 0.715328
79 0.509737 0.759394 0.737226
80 0.497592 0.782103 0.744526
81 0.514767 0.771560 0.759124
82 0.508386 0.777237 0.734793
83 0.499254 0.792376 0.742092
84 0.501708 0.772101 0.727494
85 0.525968 0.776156 0.729927
86 0.499158 0.788862 0.742092
87 0.500309 0.783185 0.715328
88 0.506904 0.776696 0.742092
89 0.506956 0.781563 0.744526
90 0.495007 0.782914 0.729927
91 0.487504 0.784266 0.739659
92 0.500126 0.786158 0.763990
93 0.500304 0.795620 0.766423
94 0.497716 0.685050 0.644769
95 0.498858 0.784266 0.727494
96 0.472417 0.795080 0.744526
97 0.491850 0.774804 0.732360
98 0.487034 0.793728 0.725061
99 0.478657 0.782914 0.720195
100 0.486308 0.802649 0.751825
101 0.451591 0.811030 0.751825
102 0.450413 0.808867 0.742092
103 0.462092 0.813463 0.766423
104 0.444219 0.819411 0.773723
105 0.454546 0.819140 0.778589
106 0.444907 0.822384 0.763990
107 0.448697 0.818600 0.778589
108 0.437819 0.825629 0.773723
109 0.463905 0.814544 0.749392
110 0.450189 0.825358 0.768856
111 0.451984 0.820762 0.766423
112 0.433638 0.825629 0.761557
113 0.439426 0.825088 0.778589
114 0.440319 0.823195 0.759124
115 0.433124 0.823736 0.742092
116 0.423486 0.826710 0.739659
117 0.443515 0.812652 0.749392
118 0.452127 0.835091 0.761557
119 0.434528 0.832928 0.761557
120 0.436556 0.816707 0.751825
121 0.433945 0.827251 0.771290
122 0.426990 0.836713 0.763990
123 0.420641 0.837253 0.781022
124 0.428814 0.839686 0.785888
125 0.431735 0.840497 0.776156
126 0.423404 0.836713 0.781022
127 0.432440 0.829413 0.768856
128 0.405342 0.831846 0.759124
129 0.407283 0.836442 0.766423
130 0.409114 0.844823 0.759124
131 0.428820 0.845364 0.766423
132 0.427439 0.844012 0.773723
133 0.408394 0.850770 0.776156
134 0.410096 0.844823 0.771290
135 0.415444 0.842931 0.761557
136 0.416596 0.848608 0.759124
137 0.397740 0.831306 0.756691
138 0.409193 0.855637 0.773723
139 0.393765 0.853474 0.778589
140 0.398103 0.847256 0.785888
141 0.404126 0.840768 0.761557
142 0.389794 0.862125 0.795620
143 0.401706 0.852122 0.778589
144 0.399194 0.858881 0.781022
145 0.390101 0.856448 0.768856
146 0.382531 0.862125 0.781022
147 0.371516 0.849419 0.773723
148 0.382705 0.859692 0.759124
149 0.390570 0.844012 0.763990
150 0.378647 0.862936 0.783455
151 0.365244 0.870776 0.773723
152 0.367642 0.869695 0.768856
153 0.364794 0.874290 0.761557
154 0.355119 0.878616 0.771290
155 0.355508 0.872668 0.768856
156 0.351930 0.876994 0.790754
157 0.350959 0.862125 0.773723
158 0.360661 0.881049 0.783455
159 0.359279 0.866180 0.788321
160 0.347736 0.879968 0.788321
161 0.337942 0.878345 0.781022
162 0.358077 0.881049 0.773723
163 0.330548 0.882941 0.761557
164 0.358575 0.880238 0.788321
165 0.334904 0.883482 0.783455
166 0.341279 0.886456 0.773723
167 0.345641 0.882130 0.781022
168 0.338354 0.882401 0.798054
169 0.337084 0.880238 0.778589
170 0.328294 0.886456 0.763990
171 0.337759 0.887537 0.781022
172 0.347231 0.888619 0.790754
173 0.331362 0.892944 0.776156
174 0.337817 0.889430 0.785888
175 0.333198 0.890241 0.768856
176 0.343740 0.892944 0.781022
177 0.332989 0.889700 0.793187
178 0.326649 0.897540 0.788321
179 0.321536 0.893755 0.766423
180 0.325801 0.895647 0.776156
181 0.320421 0.901325 0.781022
182 0.321847 0.894296 0.768856
183 0.308118 0.886996 0.802920
184 0.318650 0.894025 0.773723
185 0.332260 0.892403 0.773723
186 0.313343 0.898081 0.776156
187 0.308961 0.899162 0.790754
188 0.316664 0.903217 0.785888
189 0.316288 0.902406 0.776156
190 0.307299 0.896729 0.771290
191 0.315218 0.904839 0.790754
192 0.288805 0.909705 0.800487
193 0.308914 0.903758 0.783455
194 0.310591 0.912138 0.778589
195 0.295090 0.901325 0.790754
196 0.303179 0.908083 0.790754
197 0.331995 0.896729 0.773723
198 0.310105 0.913490 0.807786
199 0.309134 0.908354 0.783455
200 0.298789 0.913490 0.788321
201 0.278007 0.918627 0.781022
202 0.289811 0.920519 0.798054
203 0.286567 0.920249 0.785888
204 0.287601 0.921600 0.771290
205 0.262177 0.921060 0.783455
206 0.278442 0.921600 0.793187
207 0.269550 0.923763 0.795620
208 0.265927 0.920519 0.783455
209 0.266232 0.928089 0.795620
210 0.280811 0.924574 0.793187
211 0.269824 0.924845 0.800487
212 0.269328 0.926737 0.790754
213 0.263508 0.931603 0.783455
214 0.255106 0.927278 0.768856
215 0.263224 0.928900 0.788321
216 0.260585 0.929440 0.778589
217 0.267517 0.928089 0.790754
218 0.259613 0.926737 0.771290
219 0.284918 0.928359 0.798054
220 0.262645 0.924034 0.773723
221 0.257516 0.936469 0.793187
222 0.260650 0.934577 0.781022
223 0.266650 0.932144 0.790754
224 0.248392 0.936199 0.773723
225 0.260924 0.932685 0.798054
226 0.268793 0.936740 0.790754
227 0.248869 0.935388 0.788321
228 0.247447 0.938091 0.788321
229 0.258556 0.936740 0.785888
230 0.241421 0.933225 0.776156
231 0.263787 0.937821 0.781022
232 0.247106 0.938632 0.788321
233 0.246399 0.941065 0.785888
234 0.235531 0.939713 0.793187
235 0.247644 0.938902 0.778589
236 0.260770 0.931062 0.766423
237 0.247491 0.942417 0.773723
238 0.234747 0.944039 0.771290
239 0.250378 0.940795 0.778589
240 0.242889 0.940524 0.785888
241 0.245768 0.937551 0.781022
242 0.239221 0.942417 0.793187
243 0.238985 0.947553 0.773723
244 0.252201 0.942958 0.768856
245 0.227955 0.948635 0.785888
246 0.233557 0.948905 0.785888
247 0.224442 0.950257 0.790754
248 0.225293 0.949716 0.785888
249 0.243329 0.951338 0.788321
250 0.215868 0.952149 0.793187
251 0.217352 0.954312 0.802920
252 0.209311 0.954582 0.776156
253 0.207994 0.953231 0.781022
254 0.223014 0.957556 0.773723
255 0.217403 0.958097 0.785888
256 0.206927 0.954312 0.788321
257 0.219113 0.954042 0.778589
258 0.217002 0.957556 0.785888
259 0.211148 0.958367 0.783455
260 0.200663 0.958637 0.776156
261 0.217971 0.957556 0.781022
262 0.222708 0.952960 0.776156
263 0.213379 0.956475 0.783455
264 0.217175 0.954042 0.788321
265 0.201969 0.959989 0.778589
266 0.204257 0.963233 0.776156
267 0.204770 0.959719 0.788321
268 0.204679 0.961341 0.785888
269 0.205478 0.962152 0.812652
270 0.201561 0.961882 0.790754
271 0.204838 0.959178 0.781022
272 0.202596 0.961882 0.793187
273 0.215513 0.960260 0.795620
274 0.211021 0.959448 0.778589
275 0.198261 0.958908 0.778589
276 0.204769 0.963233 0.788321
277 0.186369 0.962963 0.785888
278 0.212968 0.961882 0.790754
279 0.206366 0.965396 0.783455
280 0.198099 0.963774 0.778589
281 0.205099 0.960800 0.781022
282 0.205649 0.960260 0.788321
283 0.187087 0.959178 0.781022
284 0.202007 0.965126 0.788321
285 0.192198 0.964044 0.790754
286 0.188763 0.964585 0.783455
287 0.195995 0.965666 0.781022
288 0.210875 0.964315 0.783455
289 0.204964 0.965126 0.781022
290 0.198667 0.966748 0.793187
291 0.194336 0.965396 0.783455
292 0.187286 0.969181 0.783455
293 0.182074 0.967559 0.793187
294 0.192557 0.966477 0.790754
295 0.180828 0.970533 0.781022
296 0.184286 0.968640 0.776156
297 0.214539 0.966748 0.788321
298 0.185481 0.968370 0.783455
299 0.198802 0.968099 0.793187
300 0.200240 0.971073 0.798054
301 0.205600 0.971614 0.781022
302 0.185724 0.974317 0.788321
303 0.183898 0.971884 0.788321
304 0.183825 0.969181 0.773723
305 0.176343 0.972155 0.795620
306 0.181354 0.972966 0.790754
307 0.191889 0.972155 0.785888
308 0.183080 0.971344 0.776156
309 0.193164 0.971614 0.785888
310 0.190002 0.970533 0.778589
311 0.175074 0.969992 0.790754
312 0.180485 0.972695 0.805353
313 0.190171 0.974047 0.790754
314 0.177474 0.973777 0.790754
315 0.187701 0.974858 0.798054
316 0.182936 0.970803 0.793187
317 0.186525 0.972695 0.795620
318 0.184956 0.972966 0.790754
319 0.181327 0.971344 0.795620
320 0.176969 0.973777 0.790754
321 0.168836 0.974858 0.790754
322 0.191327 0.971614 0.793187
323 0.178647 0.971344 0.771290
324 0.176679 0.972695 0.783455
325 0.181432 0.971614 0.785888
326 0.183171 0.973236 0.785888
327 0.176623 0.972425 0.798054
328 0.170116 0.973777 0.788321
329 0.170194 0.975128 0.783455
330 0.187064 0.973777 0.783455
331 0.181458 0.975939 0.781022
332 0.183992 0.973506 0.785888
333 0.161178 0.976210 0.785888
334 0.175922 0.975128 0.781022
335 0.174957 0.974858 0.793187
336 0.181697 0.974588 0.788321
337 0.174193 0.974858 0.800487
338 0.164699 0.975399 0.788321
339 0.175084 0.973777 0.785888
340 0.181143 0.974588 0.776156
341 0.176497 0.975399 0.781022
342 0.181775 0.976210 0.795620
343 0.170351 0.976480 0.781022
344 0.172501 0.975399 0.800487
345 0.171027 0.973777 0.798054
346 0.177674 0.974047 0.783455
347 0.175844 0.973777 0.790754
348 0.175226 0.976750 0.776156
349 0.174619 0.976210 0.781022
350 0.174363 0.977562 0.781022
