1 3.508828 0.622581 0.617647
2 2.017871 0.574194 0.500000
3 1.366636 0.661290 0.647059
4 1.050226 0.632258 0.558824
5 1.411464 0.461290 0.441176
6 0.848254 0.583871 0.558824
7 0.781948 0.648387 0.764706
8 0.861005 0.645161 0.529412
9 0.729088 0.641935 0.676471
10 0.737814 0.622581 0.647059
11 0.645458 0.670968 0.558824
12 0.616278 0.667742 0.647059
13 0.596134 0.709677 0.794118
14 0.604988 0.738710 0.705882
15 0.581013 0.729032 0.617647
16 0.552394 0.722581 0.705882
17 0.498928 0.645161 0.647059
18 0.606660 0.661290 0.588235
19 0.524876 0.774194 0.617647
20 0.503081 0.732258 0.617647
21 0.450909 0.803226 0.558824
22 0.480090 0.819355 0.588235
23 0.409841 0.819355 0.588235
24 0.395803 0.845161 0.735294
25 0.442232 0.735484 0.588235
26 0.411759 0.867742 0.558824
27 0.368575 0.861290 0.647059
28 0.352421 0.835484 0.588235
29 0.374161 0.848387 0.441176
30 0.302548 0.877419 0.705882
31 0.394198 0.793548 0.500000
32 0.324223 0.890323 0.588235
33 0.280897 0.887097 0.617647
34 0.292448 0.864516 0.647059
35 0.302480 0.887097 0.529412
36 0.356420 0.741935 0.529412
37 0.304149 0.864516 0.588235
38 0.267635 0.938710 0.676471
39 0.240236 0.929032 0.647059
40 0.232170 0.874194 0.558824
41 0.239672 0.941935 0.529412
42 0.196936 0.919355 0.500000
43 0.267870 0.883871 0.558824
44 0.254846 0.919355 0.558824
45 0.172526 0.922581 0.588235
46 0.172432 0.925806 0.588235
47 0.163896 0.951613 0.500000
48 0.124791 0.938710 0.558824
49 0.319932 0.816129 0.588235
50 0.246611 0.951613 0.558824
51 0.134114 0.970968 0.676471
52 0.109224 0.980645 0.529412
53 0.098660 0.980645 0.529412
54 0.087654 0.980645 0.558824
55 0.106021 0.958065 0.558824
56 0.092448 0.980645 0.558824
57 0.073809 0.983871 0.470588
58 0.102454 0.970968 0.500000
59 0.114520 0.967742 0.647059
60 0.092380 0.990323 0.529412
61 0.062214 0.990323 0.500000
62 0.053343 0.990323 0.558824
63 0.056138 0.993548 0.588235
64 0.054162 0.980645 0.558824
65 0.064090 0.967742 0.588235
66 0.066789 0.993548 0.588235
67 0.064087 0.990323 0.647059
68 0.073195 0.970968 0.500000
69 0.069719 0.987097 0.588235
70 0.131978 0.954839 0.617647
71 0.325269 0.954839 0.558824
72 0.104843 0.980645 0.588235
73 0.078298 0.990323 0.617647
74 0.066277 0.993548 0.588235
75 0.054969 0.993548 0.558824
76 0.045636 0.993548 0.588235
77 0.084867 0.932258 0.647059
78 0.143948 0.970968 0.588235
79 0.067804 0.990323 0.529412
80 0.053254 0.993548 0.558824
81 0.049119 0.990323 0.588235
82 0.097035 0.993548 0.647059
83 0.069724 0.993548 0.617647
84 0.058861 0.983871 0.647059
85 0.138762 0.961290 0.617647
86 0.121594 0.987097 0.617647
87 0.059706 0.993548 0.588235
88 0.046226 0.993548 0.705882
89 0.044867 0.993548 0.705882
90 0.045853 0.993548 0.647059
91 0.049091 0.990323 0.647059
92 0.050793 0.993548 0.647059
93 0.057061 0.993548 0.705882
94 0.040498 0.993548 0.647059
95 0.046316 0.993548 0.647059
96 0.040319 0.993548 0.647059
97 0.111453 0.954839 0.617647
98 0.313083 0.864516 0.558824
99 0.128051 0.990323 0.588235
100 0.059134 0.993548 0.558824
101 0.048999 0.993548 0.529412
102 0.045401 0.993548 0.617647
103 0.045488 0.993548 0.676471
104 0.042104 0.993548 0.617647
105 0.047194 0.993548 0.617647
106 0.053208 0.993548 0.676471
107 0.047184 0.993548 0.617647
108 0.042478 0.993548 0.647059
109 0.042022 0.993548 0.676471
110 0.036819 0.993548 0.647059
111 0.039301 0.993548 0.676471
112 0.039478 0.993548 0.588235
113 0.038958 0.993548 0.647059
114 0.040459 0.993548 0.617647
115 0.036723 0.993548 0.647059
116 0.037471 0.993548 0.617647
117 0.036318 0.993548 0.617647
118 0.040126 0.993548 0.647059
119 0.035669 0.993548 0.647059
120 0.037890 0.993548 0.617647
121 0.040079 0.993548 0.647059
122 0.038724 0.993548 0.676471
123 0.037315 0.993548 0.647059
124 0.035673 0.993548 0.647059
125 0.034914 0.993548 0.647059
126 0.039733 0.993548 0.676471
127 0.035257 0.993548 0.647059
128 0.032197 0.993548 0.705882
129 0.034213 0.993548 0.676471
130 0.040142 0.993548 0.617647
131 0.036319 0.993548 0.705882
132 0.037816 0.993548 0.617647
133 0.057707 0.987097 0.647059
134 0.053372 0.993548 0.647059
135 0.085320 0.974194 0.500000
136 0.051069 0.993548 0.617647
137 0.040032 0.993548 0.529412
138 0.034048 0.993548 0.647059
139 0.035783 0.993548 0.617647
140 0.037276 0.993548 0.617647
141 0.040479 0.993548 0.588235
142 0.034122 0.993548 0.617647
143 0.033852 0.993548 0.588235
144 0.036015 0.993548 0.617647
145 0.035805 0.993548 0.647059
146 0.027635 0.993548 0.617647
147 0.035328 0.993548 0.588235
148 0.037625 0.993548 0.617647
149 0.035646 0.990323 0.617647
150 0.047299 0.993548 0.588235
151 0.034331 0.993548 0.676471
152 0.031172 0.993548 0.617647
153 0.030626 0.993548 0.617647
154 0.032297 0.993548 0.647059
155 0.034045 0.993548 0.588235
156 0.031368 0.993548 0.617647
157 0.028361 0.993548 0.647059
158 0.031558 0.993548 0.588235
159 0.033404 0.993548 0.588235
160 0.037171 0.993548 0.588235
161 0.036204 0.993548 0.529412
162 0.031899 0.993548 0.617647
163 0.030133 0.993548 0.588235
164 0.028419 0.993548 0.617647
165 0.028894 0.993548 0.647059
166 0.030827 0.993548 0.588235
167 0.030446 0.993548 0.588235
168 0.028765 0.993548 0.647059
169 0.030696 0.993548 0.588235
170 0.029323 0.993548 0.617647
171 0.035315 0.993548 0.617647
172 0.029241 0.993548 0.588235
173 0.031113 0.993548 0.617647
174 0.034132 0.993548 0.617647
175 0.033311 0.993548 0.588235
176 0.030335 0.993548 0.647059
177 0.030974 0.993548 0.617647
178 0.032408 0.993548 0.588235
179 0.033822 0.993548 0.558824
180 0.033896 0.993548 0.617647
181 0.032675 0.993548 0.588235
182 0.032390 0.993548 0.617647
183 0.026607 0.993548 0.588235
184 0.027976 0.993548 0.588235
185 0.029788 0.993548 0.588235
186 0.027888 0.993548 0.558824
187 0.040093 0.993548 0.617647
188 0.057018 0.987097 0.647059
189 0.074856 0.987097 0.617647
190 0.055933 0.993548 0.617647
191 0.032561 0.993548 0.647059
192 0.032397 0.993548 0.647059
193 0.030972 0.993548 0.647059
194 0.035475 0.993548 0.676471
195 0.033705 0.993548 0.647059
196 0.028898 0.993548 0.676471
197 0.030227 0.993548 0.647059
198 0.027972 0.993548 0.676471
199 0.041631 0.993548 0.647059
200 0.028480 0.993548 0.617647
201 0.030946 0.993548 0.676471
202 0.030401 0.993548 0.676471
203 0.031503 0.993548 0.676471
204 0.028269 0.993548 0.676471
205 0.026797 0.993548 0.676471
206 0.029631 0.993548 0.676471
207 0.030883 0.993548 0.676471
208 0.026936 0.993548 0.676471
209 0.029065 0.993548 0.676471
210 0.026427 0.993548 0.676471
211 0.027339 0.993548 0.676471
212 0.030942 0.993548 0.676471
213 0.027883 0.993548 0.676471
214 0.027607 0.993548 0.676471
215 0.027510 0.993548 0.676471
216 0.029594 0.993548 0.676471
217 0.029297 0.993548 0.676471
218 0.028026 0.993548 0.676471
219 0.029556 0.993548 0.617647
220 0.029429 0.993548 0.676471
221 0.026214 0.993548 0.676471
222 0.032255 0.993548 0.676471
223 0.031110 0.993548 0.676471
224 0.025806 0.993548 0.647059
225 0.026443 0.993548 0.676471
226 0.030395 0.993548 0.676471
227 0.028319 0.993548 0.647059
228 0.029599 0.993548 0.647059
229 0.028205 0.993548 0.676471
230 0.026968 0.993548 0.647059
231 0.029199 0.993548 0.676471
232 0.027047 0.993548 0.647059
233 0.027390 0.993548 0.676471
234 0.027601 0.993548 0.676471
235 0.026758 0.993548 0.647059
236 0.025662 0.993548 0.647059
237 0.032444 0.993548 0.676471
238 0.028181 0.993548 0.647059
239 0.026192 0.993548 0.647059
240 0.030468 0.993548 0.676471
241 0.028106 0.993548 0.705882
242 0.030089 0.993548 0.676471
243 0.024908 0.993548 0.647059
244 0.030410 0.993548 0.735294
245 0.025366 0.993548 0.647059
246 0.030690 0.993548 0.676471
247 0.026774 0.993548 0.676471
248 0.030421 0.993548 0.647059
249 0.025387 0.993548 0.647059
250 0.026435 0.993548 0.647059
251 0.027033 0.993548 0.647059
252 0.025585 0.993548 0.617647
253 0.025215 0.993548 0.647059
254 0.028076 0.993548 0.647059
255 0.026897 0.993548 0.676471
256 0.025451 0.993548 0.705882
257 0.025337 0.993548 0.676471
258 0.026567 0.993548 0.676471
259 0.026289 0.993548 0.705882
260 0.027503 0.993548 0.647059
261 0.029066 0.993548 0.676471
262 0.024073 0.993548 0.647059
263 0.025002 0.993548 0.676471
264 0.025729 0.993548 0.676471
265 0.030807 0.993548 0.647059
266 0.026224 0.993548 0.647059
267 0.027446 0.993548 0.647059
268 0.027646 0.993548 0.676471
269 0.027889 0.993548 0.676471
270 0.023659 0.993548 0.676471
271 0.027396 0.993548 0.676471
272 0.027251 0.993548 0.647059
273 0.028022 0.993548 0.676471
274 0.027925 0.993548 0.676471
275 0.024926 0.993548 0.617647
276 0.024343 0.993548 0.617647
277 0.027608 0.993548 0.676471
278 0.027725 0.993548 0.676471
279 0.030139 0.993548 0.705882
280 0.024827 0.993548 0.676471
281 0.027963 0.993548 0.676471
282 0.029229 0.993548 0.676471
283 0.022722 0.993548 0.676471
284 0.024917 0.993548 0.676471
285 0.025125 0.993548 0.647059
286 0.024117 0.993548 0.676471
287 0.029278 0.993548 0.676471
288 0.026624 0.993548 0.676471
289 0.028731 0.993548 0.705882
290 0.022473 0.993548 0.647059
291 0.026715 0.993548 0.676471
292 0.027538 0.993548 0.676471
293 0.024133 0.993548 0.735294
294 0.028433 0.993548 0.647059
295 0.026256 0.993548 0.676471
296 0.025625 0.993548 0.705882
297 0.029922 0.993548 0.705882
298 0.028686 0.993548 0.705882
299 0.026293 0.993548 0.705882
300 0.027393 0.993548 0.705882
301 0.027240 0.993548 0.705882
302 0.024549 0.993548 0.705882
303 0.026656 0.993548 0.705882
304 0.024584 0.993548 0.705882
305 0.024184 0.993548 0.705882
306 0.024771 0.993548 0.735294
307 0.025461 0.993548 0.705882
308 0.024353 0.993548 0.705882
309 0.026287 0.993548 0.705882
310 0.027866 0.993548 0.735294
311 0.023011 0.993548 0.735294
312 0.023774 0.993548 0.676471
313 0.023306 0.993548 0.676471
314 0.022972 0.993548 0.676471
315 0.027114 0.993548 0.647059
316 0.024977 0.993548 0.705882
317 0.027760 0.993548 0.705882
318 0.026177 0.993548 0.705882
319 0.026501 0.993548 0.705882
320 0.022401 0.993548 0.676471
321 0.023678 0.993548 0.735294
322 0.021667 0.993548 0.705882
323 0.025646 0.993548 0.705882
324 0.026562 0.993548 0.705882
325 0.025894 0.993548 0.705882
326 0.025519 0.993548 0.676471
327 0.022651 0.993548 0.676471
328 0.024233 0.993548 0.676471
329 0.027340 0.993548 0.705882
330 0.023241 0.993548 0.705882
331 0.024636 0.993548 0.705882
332 0.024385 0.993548 0.705882
333 0.024736 0.993548 0.705882
334 0.024291 0.993548 0.705882
335 0.024242 0.993548 0.676471
336 0.025074 0.993548 0.676471
337 0.022953 0.993548 0.676471
338 0.026517 0.993548 0.676471
339 0.025526 0.993548 0.676471
340 0.027200 0.993548 0.647059
341 0.024967 0.993548 0.705882
342 0.026559 0.993548 0.676471
343 0.024777 0.993548 0.705882
344 0.023737 0.993548 0.705882
345 0.026406 0.993548 0.647059
346 0.024209 0.993548 0.676471
347 0.026088 0.993548 0.676471
348 0.025191 0.993548 0.647059
349 0.026776 0.993548 0.647059
350 0.026111 0.993548 0.676471
