1 1.409398 0.485207 0.315789
2 0.594190 0.828402 0.894737
3 0.583212 0.834320 0.947368
4 0.662101 0.520710 0.473684
5 0.559811 0.857988 0.894737
6 0.496245 0.834320 0.894737
7 0.513131 0.834320 0.894737
8 0.512133 0.863905 0.947368
9 0.513625 0.846154 0.894737
10 0.438317 0.769231 0.736842
11 0.483514 0.810651 0.894737
12 0.452183 0.863905 0.894737
13 0.452799 0.857988 0.894737
14 0.607193 0.621302 0.631579
15 0.492869 0.846154 0.894737
16 0.476320 0.822485 0.842105
17 0.412455 0.852071 0.894737
18 0.391350 0.840237 0.894737
19 0.423999 0.621302 0.578947
20 0.403420 0.680473 0.684211
21 0.402422 0.846154 0.894737
22 0.383182 0.846154 0.842105
23 0.389116 0.875740 0.894737
24 0.368057 0.757396 0.684211
25 0.343528 0.573964 0.526316
26 0.337479 0.846154 0.842105
27 0.358511 0.431953 0.368421
28 0.341786 0.905325 0.894737
29 0.318146 0.455621 0.368421
30 0.358674 0.727811 0.684211
31 0.326700 0.751479 0.789474
32 0.321144 0.840237 0.842105
33 0.317460 0.810651 0.789474
34 0.324185 0.857988 0.789474
35 0.293201 0.763314 0.736842
36 0.308407 0.686391 0.684211
37 0.317409 0.372781 0.315789
38 0.280950 0.840237 0.842105
39 0.296084 0.674556 0.526316
40 0.305676 0.757396 0.789474
41 0.276097 0.556213 0.368421
42 0.288236 0.840237 0.789474
43 0.251985 0.893491 0.894737
44 0.296453 0.828402 0.789474
45 0.258908 0.846154 0.842105
46 0.236607 0.828402 0.736842
47 0.256332 0.875740 0.894737
48 0.234001 0.650888 0.526316
49 0.226303 0.816568 0.842105
50 0.195357 0.857988 0.842105
51 0.193636 0.692308 0.578947
52 0.195812 0.627219 0.631579
53 0.196992 0.692308 0.526316
54 0.174187 0.497041 0.421053
55 0.183517 0.917160 0.789474
56 0.175200 0.721893 0.631579
57 0.176129 0.911243 0.842105
58 0.176858 0.692308 0.473684
59 0.177298 0.923077 0.842105
60 0.167637 0.751479 0.631579
61 0.161479 0.905325 0.894737
62 0.171947 0.840237 0.789474
63 0.168926 0.662722 0.526316
64 0.163688 0.875740 0.842105
65 0.163945 0.846154 0.736842
66 0.157120 0.520710 0.421053
67 0.146240 0.810651 0.789474
68 0.159202 0.881657 0.842105
69 0.161167 0.639053 0.631579
70 0.157280 0.485207 0.421053
