1 2.754629 0.743445 0.718000
2 0.869841 0.761556 0.718000
3 0.579577 0.778778 0.723000
4 0.500411 0.774111 0.695000
5 0.476757 0.792000 0.718000
6 0.466897 0.793444 0.702000
7 0.483175 0.796556 0.719000
8 0.453825 0.813000 0.728000
9 0.418774 0.827111 0.731000
10 0.405812 0.829111 0.727000
11 0.393973 0.836889 0.709000
12 0.389141 0.824445 0.717000
13 0.408733 0.828333 0.716000
14 0.365016 0.854333 0.725000
15 0.352626 0.848333 0.718000
16 0.344403 0.846778 0.710000
17 0.344612 0.857111 0.719000
18 0.333052 0.854889 0.706000
19 0.323545 0.861222 0.718000
20 0.338394 0.845222 0.696000
21 0.338047 0.857889 0.714000
22 0.314462 0.862778 0.715000
23 0.334918 0.860889 0.718000
24 0.335680 0.858778 0.712000
25 0.320979 0.868445 0.720000
26 0.307710 0.872111 0.701000
27 0.298675 0.868778 0.705000
28 0.295578 0.858222 0.712000
29 0.306053 0.864889 0.695000
30 0.360869 0.851000 0.715000
31 0.340129 0.868000 0.716000
32 0.338786 0.857333 0.704000
33 0.319813 0.870889 0.699000
34 0.304696 0.869667 0.715000
35 0.351788 0.864556 0.693000
36 0.287131 0.877556 0.697000
37 0.296542 0.874000 0.717000
38 0.289506 0.878000 0.712000
39 0.284812 0.870667 0.704000
40 0.291182 0.875222 0.704000
41 0.299480 0.876889 0.719000
42 0.280873 0.875000 0.704000
43 0.275570 0.880556 0.705000
44 0.281127 0.881223 0.705000
45 0.272085 0.878000 0.713000
46 0.276235 0.884556 0.697000
47 0.306645 0.876556 0.707000
48 0.281047 0.889445 0.707000
49 0.263321 0.880111 0.706000
50 0.248621 0.904889 0.715000
51 0.229808 0.900667 0.709000
52 0.227357 0.906667 0.711000
53 0.223948 0.905778 0.702000
54 0.222077 0.907222 0.704000
55 0.221101 0.906111 0.697000
56 0.217945 0.910556 0.702000
57 0.216388 0.908445 0.703000
58 0.207892 0.913555 0.693000
59 0.214167 0.909889 0.703000
60 0.214287 0.914111 0.701000
61 0.213753 0.909444 0.716000
62 0.212380 0.909889 0.713000
63 0.215183 0.908222 0.706000
64 0.208269 0.915556 0.707000
65 0.201334 0.917000 0.706000
66 0.206871 0.916000 0.707000
67 0.226433 0.911444 0.723000
68 0.205872 0.906555 0.690000
69 0.219024 0.907778 0.709000
70 0.209278 0.915111 0.706000
71 0.212500 0.911666 0.704000
72 0.205364 0.915556 0.706000
73 0.218039 0.906889 0.696000
74 0.212644 0.917444 0.714000
75 0.205097 0.918889 0.714000
76 0.197497 0.910667 0.722000
77 0.196312 0.918111 0.697000
78 0.197181 0.920444 0.708000
79 0.200065 0.915667 0.713000
80 0.194125 0.922333 0.716000
81 0.196275 0.918778 0.714000
82 0.196585 0.917333 0.711000
83 0.195810 0.920111 0.721000
84 0.194100 0.919111 0.711000
85 0.195944 0.920333 0.711000
86 0.191098 0.922222 0.705000
87 0.200514 0.918556 0.714000
88 0.209298 0.917222 0.715000
89 0.205221 0.917889 0.709000
90 0.202525 0.917667 0.710000
91 0.195696 0.919778 0.709000
92 0.208101 0.921778 0.718000
93 0.200651 0.919889 0.710000
94 0.236294 0.919000 0.715000
95 0.213797 0.919111 0.712000
96 0.205007 0.920333 0.713000
97 0.195682 0.914222 0.714000
98 0.197653 0.921444 0.710000
99 0.198527 0.917445 0.716000
100 0.185323 0.927111 0.721000
101 0.166060 0.930111 0.719000
102 0.171947 0.930111 0.718000
103 0.168482 0.929111 0.697000
104 0.168873 0.932000 0.718000
105 0.166480 0.930222 0.716000
106 0.163413 0.933444 0.722000
107 0.160398 0.931444 0.718000
108 0.161886 0.931889 0.720000
109 0.164326 0.932111 0.720000
110 0.163833 0.933000 0.714000
111 0.159196 0.932333 0.717000
112 0.164481 0.932444 0.708000
113 0.163420 0.933889 0.714000
114 0.156222 0.933778 0.704000
115 0.165271 0.933667 0.714000
116 0.172641 0.932667 0.721000
117 0.160608 0.934556 0.711000
118 0.158630 0.932778 0.700000
119 0.156178 0.934445 0.709000
120 0.157532 0.934556 0.702000
121 0.160693 0.932889 0.708000
122 0.159272 0.934222 0.716000
123 0.168609 0.933111 0.708000
124 0.159276 0.935556 0.705000
125 0.157083 0.933778 0.700000
126 0.158767 0.932889 0.716000
127 0.155852 0.933556 0.719000
128 0.154110 0.936000 0.718000
129 0.161793 0.932667 0.715000
130 0.165680 0.934222 0.711000
131 0.158843 0.932889 0.710000
132 0.163330 0.937556 0.706000
133 0.159406 0.934222 0.720000
134 0.154377 0.934778 0.706000
135 0.159988 0.934778 0.711000
136 0.155865 0.935778 0.717000
137 0.158426 0.937222 0.703000
138 0.153704 0.935000 0.710000
139 0.156255 0.934778 0.702000
140 0.158701 0.933889 0.712000
141 0.158025 0.935444 0.719000
142 0.153149 0.937000 0.707000
143 0.151014 0.935333 0.715000
144 0.158320 0.937111 0.709000
145 0.156463 0.937445 0.713000
146 0.154284 0.934778 0.716000
147 0.155267 0.937000 0.705000
148 0.154908 0.936444 0.718000
149 0.154086 0.935667 0.714000
150 0.146749 0.938555 0.700000
151 0.141379 0.938889 0.704000
152 0.143175 0.940222 0.712000
153 0.147756 0.940444 0.711000
154 0.139198 0.940556 0.714000
155 0.138121 0.941000 0.709000
156 0.138619 0.940000 0.713000
157 0.134754 0.940222 0.720000
158 0.134113 0.940667 0.712000
159 0.136574 0.941889 0.722000
160 0.139746 0.941333 0.718000
161 0.141742 0.942667 0.718000
162 0.144943 0.941778 0.716000
163 0.139714 0.941555 0.714000
164 0.139911 0.942889 0.716000
165 0.136354 0.940778 0.723000
166 0.138270 0.942778 0.720000
167 0.139772 0.942111 0.715000
168 0.138903 0.942222 0.715000
169 0.133655 0.942667 0.707000
170 0.131555 0.942445 0.717000
171 0.140889 0.943000 0.707000
172 0.136797 0.941889 0.710000
173 0.140214 0.942111 0.718000
174 0.133799 0.942333 0.710000
175 0.139778 0.941667 0.726000
176 0.139443 0.942778 0.708000
177 0.137876 0.941000 0.707000
178 0.138058 0.943444 0.710000
179 0.138415 0.942889 0.717000
180 0.140610 0.942889 0.703000
181 0.137732 0.942444 0.713000
182 0.136919 0.940889 0.704000
183 0.147964 0.942000 0.711000
184 0.137423 0.943889 0.710000
185 0.134780 0.944000 0.724000
186 0.137304 0.943445 0.713000
187 0.136501 0.944889 0.714000
188 0.135225 0.943222 0.717000
189 0.134517 0.943444 0.712000
190 0.134763 0.944778 0.713000
191 0.134143 0.943556 0.703000
192 0.132876 0.943000 0.708000
193 0.134313 0.944111 0.714000
194 0.132653 0.943222 0.716000
195 0.135835 0.943889 0.714000
196 0.140436 0.944333 0.712000
197 0.135157 0.944889 0.706000
198 0.131815 0.944778 0.718000
199 0.135373 0.945333 0.711000
200 0.127872 0.946000 0.709000
201 0.128120 0.947000 0.713000
202 0.128124 0.946000 0.707000
203 0.130165 0.946000 0.710000
204 0.128021 0.947222 0.716000
205 0.125520 0.946333 0.706000
206 0.127337 0.946000 0.711000
207 0.132098 0.946333 0.709000
208 0.127365 0.946778 0.703000
209 0.128464 0.946667 0.709000
210 0.126168 0.947333 0.698000
211 0.124197 0.946889 0.707000
212 0.126406 0.947111 0.706000
213 0.127667 0.947333 0.703000
214 0.125697 0.947222 0.704000
215 0.127446 0.947889 0.705000
216 0.126194 0.947222 0.714000
217 0.124872 0.947778 0.712000
218 0.130838 0.947333 0.713000
219 0.127227 0.947889 0.719000
220 0.126643 0.946889 0.712000
221 0.125178 0.947667 0.709000
222 0.127480 0.946222 0.704000
223 0.127230 0.947667 0.709000
224 0.125999 0.947444 0.710000
225 0.125473 0.948333 0.711000
226 0.127246 0.947222 0.721000
227 0.121159 0.946778 0.707000
228 0.127169 0.947444 0.719000
229 0.121967 0.946889 0.716000
230 0.127457 0.947333 0.709000
231 0.123589 0.947778 0.713000
232 0.123641 0.948667 0.712000
233 0.122288 0.947000 0.708000
234 0.123333 0.948556 0.714000
235 0.122797 0.947778 0.717000
236 0.127484 0.947444 0.718000
237 0.127959 0.947444 0.716000
238 0.120294 0.947778 0.720000
239 0.126666 0.947444 0.715000
240 0.125237 0.948333 0.708000
241 0.125252 0.947778 0.713000
242 0.124925 0.947889 0.715000
243 0.126374 0.949000 0.709000
244 0.122529 0.948000 0.709000
245 0.125381 0.947333 0.711000
246 0.122233 0.947889 0.715000
247 0.127260 0.948444 0.705000
248 0.125440 0.949111 0.712000
249 0.119877 0.948889 0.715000
250 0.124194 0.948555 0.715000
251 0.122026 0.949333 0.707000
252 0.120667 0.948778 0.721000
253 0.119191 0.950222 0.709000
254 0.121597 0.948444 0.713000
255 0.120385 0.950445 0.709000
256 0.123630 0.949222 0.710000
257 0.115908 0.949333 0.711000
258 0.123959 0.950222 0.712000
259 0.118741 0.950667 0.722000
260 0.120473 0.950667 0.714000
261 0.123562 0.949333 0.710000
262 0.121763 0.950222 0.707000
263 0.118743 0.950222 0.719000
264 0.122706 0.950444 0.718000
265 0.120127 0.949667 0.713000
266 0.120233 0.949555 0.708000
267 0.122135 0.950444 0.706000
268 0.122847 0.949111 0.709000
269 0.119255 0.950111 0.709000
270 0.126209 0.949778 0.712000
271 0.121889 0.950333 0.717000
272 0.116530 0.950333 0.714000
273 0.117664 0.949778 0.720000
274 0.122408 0.950222 0.715000
275 0.119289 0.949889 0.715000
276 0.119684 0.948889 0.709000
277 0.122358 0.949333 0.717000
278 0.121618 0.950000 0.716000
279 0.119149 0.950000 0.708000
280 0.116963 0.950111 0.716000
281 0.117737 0.949111 0.711000
282 0.123971 0.949778 0.712000
283 0.120802 0.950111 0.707000
284 0.122905 0.949333 0.718000
285 0.122584 0.949778 0.709000
286 0.125197 0.949778 0.716000
287 0.121001 0.951000 0.716000
288 0.119638 0.950222 0.711000
289 0.116471 0.950111 0.710000
290 0.120309 0.949778 0.716000
291 0.120392 0.950222 0.719000
292 0.121343 0.949444 0.713000
293 0.115517 0.949889 0.718000
294 0.119810 0.950556 0.707000
295 0.119512 0.950111 0.710000
296 0.117573 0.950444 0.712000
297 0.115921 0.950445 0.714000
298 0.120984 0.950556 0.714000
299 0.116615 0.950444 0.714000
300 0.117419 0.950111 0.715000
301 0.114540 0.950555 0.712000
302 0.120035 0.950444 0.718000
303 0.119412 0.950889 0.714000
304 0.112637 0.950778 0.713000
305 0.116435 0.950111 0.718000
306 0.116699 0.950222 0.717000
307 0.115073 0.951222 0.716000
308 0.118000 0.950667 0.711000
309 0.118408 0.950000 0.715000
310 0.118920 0.951000 0.710000
311 0.116383 0.951111 0.715000
312 0.116354 0.950222 0.711000
313 0.117617 0.950445 0.717000
314 0.113736 0.950444 0.716000
315 0.113258 0.950667 0.714000
316 0.117121 0.950667 0.713000
317 0.117978 0.950889 0.714000
318 0.117163 0.951000 0.713000
319 0.115302 0.951000 0.711000
320 0.115137 0.951334 0.714000
321 0.115100 0.951000 0.715000
322 0.116725 0.950778 0.706000
323 0.117192 0.950667 0.707000
324 0.117002 0.950555 0.710000
325 0.116824 0.950778 0.708000
326 0.116075 0.950889 0.711000
327 0.116631 0.950889 0.708000
328 0.116740 0.951000 0.711000
329 0.115838 0.951000 0.712000
330 0.117780 0.950889 0.713000
331 0.118382 0.951111 0.712000
332 0.115107 0.950778 0.710000
333 0.114119 0.951111 0.720000
334 0.115852 0.950445 0.715000
335 0.113555 0.951556 0.716000
336 0.117685 0.950667 0.718000
337 0.116743 0.950333 0.714000
338 0.120332 0.951000 0.707000
339 0.116455 0.951444 0.710000
340 0.118898 0.950778 0.715000
341 0.116019 0.951000 0.712000
342 0.117914 0.950444 0.714000
343 0.119502 0.950889 0.713000
344 0.116707 0.950889 0.716000
345 0.116653 0.951222 0.713000
346 0.119910 0.950667 0.717000
347 0.115207 0.950556 0.711000
348 0.119101 0.950778 0.712000
349 0.117120 0.950555 0.714000
350 0.116793 0.951222 0.717000
