1 212.319311 0.200040 0.200040
2 50.320063 0.200040 0.200040
3 3.223836 0.200040 0.200040
4 1.994847 0.200017 0.200040
5 1.916258 0.200040 0.200040
6 1.889301 0.200040 0.200040
7 1.774084 0.200040 0.200040
8 1.800172 0.200040 0.200040
9 1.753120 0.200040 0.200040
10 1.828003 0.200017 0.200040
11 1.780837 0.200017 0.200040
12 1.739034 0.200040 0.200040
13 1.746393 0.200040 0.200040
14 1.774380 0.200040 0.200040
15 1.691501 0.200040 0.200040
16 1.713469 0.200017 0.200040
17 1.649288 0.200040 0.200040
18 1.755878 0.200040 0.200040
19 1.719467 0.200040 0.200040
20 1.764041 0.200040 0.200040
21 1.686079 0.200040 0.200040
22 1.713725 0.200040 0.200040
23 1.721125 0.200017 0.200040
24 1.655133 0.200040 0.200040
25 1.693314 0.200017 0.200040
26 1.763232 0.200040 0.200040
27 1.750064 0.200040 0.200040
28 1.792398 0.200040 0.200040
29 1.800121 0.200040 0.200040
30 1.653974 0.200040 0.200040
31 1.718590 0.200040 0.200040
32 1.788024 0.200040 0.200040
33 1.674252 0.200040 0.200040
34 1.743205 0.200017 0.200040
35 1.793489 0.200040 0.200040
36 1.661530 0.200040 0.200040
37 1.764699 0.200040 0.200040
38 1.757677 0.200040 0.200040
39 1.775141 0.200040 0.200040
40 1.754665 0.200040 0.200040
41 1.678499 0.200040 0.200040
42 1.730750 0.200040 0.200040
43 1.733471 0.200040 0.200040
44 1.690749 0.200040 0.200040
45 1.727787 0.200040 0.200040
46 1.709046 0.200040 0.200040
47 1.670541 0.200040 0.200040
48 1.671434 0.200040 0.200040
49 1.709250 0.200040 0.200040
50 1.572555 0.200040 0.200040
51 1.530536 0.200040 0.200040
52 1.523006 0.200040 0.200040
53 1.506981 0.200040 0.200040
54 1.496466 0.200040 0.200040
55 1.514613 0.200040 0.200040
56 1.534066 0.200040 0.200040
57 1.488189 0.200040 0.200040
58 1.500715 0.200040 0.200040
59 1.600338 0.200040 0.200040
60 1.530572 0.200040 0.200040
61 1.531288 0.200040 0.200040
62 1.559044 0.200040 0.200040
63 1.580551 0.200040 0.200040
64 1.556305 0.200040 0.200040
65 1.511754 0.200040 0.200040
66 1.524674 0.200040 0.200040
67 1.521670 0.200040 0.200040
68 1.525167 0.200040 0.200040
69 1.520673 0.200040 0.200040
70 1.542144 0.200040 0.200040
