1 1.619855 0.674556 0.684211
2 0.698752 0.769231 0.789474
3 0.550992 0.739645 0.789474
4 0.550232 0.828402 0.789474
5 0.481157 0.852071 0.789474
6 0.436274 0.846154 0.789474
7 0.408230 0.786982 0.789474
8 0.421757 0.479290 0.421053
9 0.466852 0.863905 0.789474
10 0.397853 0.893491 0.789474
11 0.353759 0.751479 0.842105
12 0.342919 0.816568 0.736842
13 0.412200 0.840237 0.736842
14 0.366249 0.881657 0.736842
15 0.361580 0.899408 0.736842
16 0.360946 0.887574 0.789474
17 0.309614 0.520710 0.631579
18 0.375249 0.863905 0.736842
19 0.341985 0.869822 0.842105
20 0.308372 0.852071 0.789474
21 0.336550 0.863905 0.789474
22 0.338820 0.745562 0.684211
23 0.268610 0.402367 0.368421
24 0.278123 0.917160 0.789474
25 0.235779 0.633136 0.315789
26 0.224555 0.739645 0.473684
27 0.225061 0.479290 0.263158
28 0.264453 0.928994 0.736842
29 0.245667 0.934911 0.789474
30 0.189792 0.698225 0.263158
31 0.202940 0.491124 0.315789
32 0.203689 0.875740 0.789474
33 0.177760 0.792899 0.736842
34 0.176493 0.923077 0.789474
35 0.178221 0.816568 0.736842
36 0.192324 0.396450 0.315789
37 0.164715 0.846154 0.789474
38 0.158097 0.869822 0.789474
39 0.170968 0.514793 0.263158
40 0.157254 0.899408 0.842105
41 0.170366 0.905325 0.736842
42 0.180492 0.449704 0.315789
43 0.199286 0.485207 0.315789
44 0.161659 0.804734 0.789474
45 0.206674 0.437870 0.368421
46 0.191061 0.491124 0.315789
47 0.175993 0.887574 0.789474
48 0.151940 0.928994 0.736842
49 0.166339 0.905325 0.736842
50 0.143042 0.639053 0.315789
51 0.140915 0.674556 0.368421
52 0.132054 0.964497 0.789474
53 0.133622 0.846154 0.736842
54 0.133747 0.928994 0.684211
55 0.137677 0.828402 0.789474
56 0.138756 0.698225 0.368421
57 0.135456 0.727811 0.368421
58 0.124958 0.917160 0.631579
59 0.129695 0.964497 0.736842
60 0.130926 0.899408 0.842105
61 0.158575 0.508876 0.315789
62 0.149608 0.917160 0.736842
63 0.139193 0.757396 0.315789
64 0.123281 0.905325 0.789474
65 0.133386 0.970414 0.736842
66 0.150439 0.940828 0.578947
67 0.136896 0.396450 0.368421
68 0.133444 0.964497 0.736842
69 0.130992 0.491124 0.315789
70 0.120132 0.928994 0.736842
