1 4.628661 0.468889 0.460000
2 1.915794 0.517037 0.506667
3 1.470512 0.486667 0.406667
4 1.317690 0.485926 0.413333
5 1.305140 0.486667 0.446667
6 1.309142 0.521481 0.473333
7 1.152266 0.562222 0.473333
8 1.180075 0.555556 0.493333
9 1.314472 0.501481 0.513333
10 1.269415 0.480000 0.380000
11 1.141349 0.544444 0.493333
12 0.995005 0.550370 0.453333
13 0.948240 0.557778 0.506667
14 0.924408 0.563704 0.493333
15 0.944779 0.560000 0.486667
16 0.935041 0.565185 0.513333
17 0.952103 0.497037 0.433333
18 0.919205 0.579259 0.520000
19 0.946680 0.563704 0.486667
20 1.397563 0.548889 0.520000
21 0.941091 0.582963 0.540000
22 0.954496 0.570370 0.493333
23 0.897998 0.578519 0.493333
24 0.982923 0.597037 0.513333
25 0.909358 0.565926 0.486667
26 0.884385 0.564444 0.453333
27 0.868709 0.599259 0.486667
28 0.856379 0.602222 0.520000
29 0.854847 0.564444 0.466667
30 0.877220 0.613333 0.533333
31 0.869439 0.570370 0.446667
32 0.845367 0.596296 0.493333
33 0.879184 0.599259 0.486667
34 0.857825 0.595556 0.520000
35 0.846116 0.608148 0.513333
36 0.835851 0.608889 0.506667
37 0.838665 0.611852 0.500000
38 0.827456 0.628148 0.506667
39 0.844452 0.601481 0.493333
40 0.848285 0.607407 0.486667
41 0.846544 0.600000 0.513333
42 0.820723 0.608148 0.486667
43 0.815201 0.605185 0.500000
44 0.852631 0.617037 0.500000
45 0.823618 0.584444 0.440000
46 0.816369 0.581481 0.453333
47 0.822416 0.613333 0.473333
48 0.828231 0.593333 0.453333
49 0.801742 0.623704 0.526667
50 0.790298 0.632593 0.513333
51 0.777420 0.620741 0.453333
52 0.764784 0.634074 0.520000
53 0.766249 0.641481 0.520000
54 0.765011 0.637037 0.473333
55 0.779239 0.646667 0.513333
56 0.750335 0.635556 0.486667
57 0.756643 0.633333 0.486667
58 0.754611 0.636296 0.520000
59 0.780474 0.649630 0.533333
60 0.743576 0.651852 0.526667
61 0.749106 0.639259 0.480000
62 0.774328 0.643704 0.513333
63 0.782473 0.642963 0.500000
64 0.756242 0.650370 0.520000
65 0.760048 0.638519 0.526667
66 0.794581 0.631852 0.500000
67 0.754067 0.651111 0.526667
68 0.742385 0.645926 0.526667
69 0.753548 0.648148 0.533333
70 0.760353 0.643704 0.520000
