1 147.418677 0.591833 0.588000
2 63.559186 0.634333 0.642000
3 19.433294 0.683055 0.677000
4 11.567560 0.693722 0.688500
5 8.026228 0.673056 0.671500
6 9.930429 0.700278 0.699500
7 7.323586 0.684444 0.676500
8 7.180132 0.722833 0.723500
9 5.886429 0.680778 0.677500
10 4.533107 0.716778 0.720000
11 5.514144 0.690333 0.689000
12 3.245519 0.703333 0.698000
13 2.898428 0.659278 0.654000
14 4.691968 0.714889 0.707000
15 1.954387 0.700445 0.703500
16 3.233911 0.675389 0.676000
17 3.136205 0.740500 0.732500
18 2.050880 0.722667 0.724000
19 1.973521 0.721167 0.712500
20 2.000222 0.731278 0.723500
21 1.912710 0.659167 0.655000
22 1.606578 0.739056 0.738000
23 1.712017 0.704722 0.709500
24 1.602893 0.736556 0.729000
25 1.565424 0.710167 0.730000
26 1.497973 0.731111 0.730000
27 1.191477 0.754333 0.754500
28 1.009645 0.731333 0.729000
29 0.919859 0.691111 0.683000
30 1.373774 0.743222 0.736000
31 0.991123 0.727167 0.729500
32 1.300174 0.721944 0.720500
33 1.236805 0.706944 0.701000
34 0.998886 0.764389 0.765000
35 0.972127 0.732722 0.722500
36 0.832154 0.743444 0.753000
37 0.895351 0.757000 0.758000
38 1.647213 0.718944 0.715500
39 1.075605 0.743500 0.747500
40 1.153401 0.733889 0.739500
41 0.933260 0.722889 0.715500
42 0.913648 0.748722 0.740000
43 0.823052 0.727944 0.727500
44 0.902977 0.732389 0.735000
45 0.832905 0.732333 0.738000
46 0.877558 0.718000 0.711000
47 0.827435 0.713944 0.710500
48 0.851506 0.725167 0.725000
49 0.810336 0.737778 0.745000
50 0.951715 0.757833 0.755500
51 0.740252 0.765389 0.769500
52 0.812230 0.732222 0.727000
53 0.629698 0.768389 0.770500
54 0.663347 0.742833 0.744000
55 0.657891 0.763056 0.759500
56 0.648030 0.762889 0.761000
57 0.831731 0.742889 0.741000
58 0.678125 0.762889 0.757500
59 0.766524 0.763389 0.760500
60 0.686694 0.756167 0.757500
61 0.671494 0.751778 0.748500
62 0.746887 0.768722 0.764500
63 0.648790 0.752278 0.757500
64 0.681064 0.744111 0.736500
65 0.666600 0.755556 0.755000
66 0.657307 0.760778 0.760500
67 0.623004 0.763167 0.760500
68 0.649395 0.753833 0.752000
69 0.631967 0.739500 0.746500
70 0.658190 0.740722 0.752500
71 0.677077 0.768166 0.763000
72 0.669329 0.743722 0.740000
73 0.715313 0.753278 0.757500
74 0.672444 0.748722 0.737500
75 0.814546 0.766667 0.770500
76 0.656435 0.753778 0.759000
77 0.664010 0.765167 0.773000
78 0.654413 0.760055 0.757500
79 0.653539 0.757056 0.756500
80 0.697658 0.750389 0.749500
81 0.676165 0.761333 0.762000
82 0.632066 0.760278 0.771000
83 0.714450 0.757278 0.756500
84 0.667809 0.749445 0.753500
85 0.655274 0.761055 0.761500
86 0.624912 0.750055 0.753000
87 0.670048 0.762278 0.747500
88 0.653773 0.773722 0.773500
89 0.642565 0.766778 0.765000
90 0.668652 0.770667 0.764500
91 0.665797 0.759667 0.753500
92 0.654422 0.758167 0.753000
93 0.713020 0.725000 0.730000
94 0.734232 0.757222 0.761500
95 0.709687 0.771833 0.763500
96 0.647662 0.763056 0.769000
97 0.663557 0.768833 0.765000
98 0.639611 0.762556 0.764000
99 0.707136 0.772000 0.773500
100 0.585616 0.781722 0.771500
101 0.578270 0.764944 0.757500
102 0.581024 0.766278 0.761500
103 0.543346 0.774889 0.770000
104 0.540292 0.762167 0.764000
105 0.571724 0.776222 0.768500
106 0.571710 0.765778 0.758000
107 0.591456 0.765889 0.767500
108 0.553124 0.770111 0.779500
109 0.551638 0.768222 0.764500
110 0.548135 0.771944 0.764000
111 0.557964 0.757278 0.753500
112 0.566136 0.772167 0.769500
113 0.541526 0.777000 0.766000
114 0.573824 0.763778 0.764000
115 0.608240 0.770111 0.772000
116 0.557930 0.768278 0.760000
117 0.544680 0.773555 0.769500
118 0.576376 0.769833 0.774500
119 0.558244 0.779389 0.789500
120 0.540906 0.777167 0.777000
121 0.579337 0.773611 0.771500
122 0.549200 0.780778 0.775500
123 0.591105 0.770611 0.763500
124 0.582984 0.786167 0.784500
125 0.558926 0.769444 0.769500
126 0.538386 0.782444 0.773500
127 0.582859 0.767556 0.771500
128 0.576557 0.764667 0.771000
129 0.570920 0.777278 0.772000
130 0.583602 0.762056 0.761500
131 0.580788 0.782222 0.772000
132 0.571187 0.775945 0.782500
133 0.553996 0.776167 0.776500
134 0.565469 0.787278 0.784500
135 0.543663 0.775833 0.766500
136 0.576397 0.775333 0.765000
137 0.593532 0.778556 0.773500
138 0.601543 0.786667 0.790500
139 0.568130 0.780944 0.776500
140 0.557686 0.775834 0.777000
141 0.552913 0.787611 0.785000
142 0.542059 0.767167 0.762000
143 0.538349 0.783167 0.776500
144 0.541313 0.773556 0.764000
145 0.547436 0.757500 0.764000
146 0.558921 0.779056 0.778000
147 0.554390 0.753945 0.758000
148 0.560950 0.786000 0.788500
149 0.543072 0.778778 0.779000
150 0.514279 0.790056 0.787500
151 0.523661 0.779889 0.769000
152 0.530247 0.790722 0.783500
153 0.529817 0.761000 0.757500
154 0.528310 0.775611 0.778000
155 0.519886 0.757000 0.758500
156 0.522666 0.796944 0.782500
157 0.511513 0.787667 0.788500
158 0.511168 0.789278 0.788000
159 0.523692 0.795222 0.791500
160 0.531940 0.765167 0.763000
161 0.528920 0.791833 0.790000
162 0.521903 0.768778 0.774000
163 0.521074 0.792056 0.784500
164 0.528942 0.795667 0.794000
165 0.509281 0.781722 0.775500
166 0.533220 0.777611 0.785500
167 0.511429 0.775667 0.769500
168 0.521822 0.789778 0.776000
169 0.518106 0.773000 0.772000
170 0.516429 0.792222 0.789000
171 0.511577 0.764500 0.759500
172 0.513788 0.774166 0.778000
173 0.526217 0.756444 0.759000
174 0.536191 0.795000 0.777500
175 0.513637 0.792111 0.796500
176 0.509641 0.787444 0.781000
177 0.518689 0.754611 0.751500
178 0.548580 0.791055 0.784000
179 0.512781 0.767778 0.764000
180 0.513321 0.788611 0.787500
181 0.544941 0.786222 0.781000
182 0.528854 0.762833 0.767000
183 0.521466 0.798611 0.799000
184 0.524003 0.759333 0.758500
185 0.530058 0.771500 0.771500
186 0.514761 0.784278 0.784000
187 0.525423 0.771389 0.768000
188 0.514131 0.764611 0.766500
189 0.510523 0.791222 0.780500
190 0.517782 0.758722 0.758500
191 0.519362 0.786278 0.781500
192 0.519378 0.765444 0.761000
193 0.509579 0.794167 0.804000
194 0.517312 0.791333 0.787500
195 0.516586 0.784722 0.782000
196 0.511391 0.798556 0.790000
197 0.504689 0.777556 0.771000
198 0.527462 0.777889 0.784500
199 0.523297 0.760111 0.753500
200 0.496981 0.801667 0.807000
201 0.509276 0.787667 0.781500
202 0.505287 0.799889 0.800500
203 0.498920 0.774222 0.774000
204 0.497416 0.790111 0.781000
205 0.497012 0.794833 0.787000
206 0.498201 0.799555 0.787500
207 0.500745 0.796111 0.791500
208 0.499336 0.782944 0.780500
209 0.513552 0.792389 0.790500
210 0.498714 0.764167 0.762500
211 0.495549 0.769833 0.770500
212 0.487579 0.767722 0.767000
213 0.508512 0.765222 0.767000
214 0.495327 0.786778 0.781000
215 0.511534 0.788167 0.780000
216 0.500020 0.788389 0.784000
217 0.493363 0.780833 0.775500
218 0.490829 0.800222 0.800000
219 0.492705 0.784889 0.785500
220 0.491915 0.774500 0.773000
221 0.498815 0.801278 0.797500
222 0.497422 0.796889 0.790500
223 0.506373 0.781444 0.785500
224 0.493450 0.768889 0.770000
225 0.560110 0.777944 0.775500
226 0.500607 0.795722 0.782000
227 0.498995 0.761167 0.761000
228 0.504413 0.783333 0.786000
229 0.489611 0.792056 0.791500
230 0.484766 0.783000 0.772500
231 0.502695 0.766000 0.767500
232 0.489896 0.756111 0.759000
233 0.502519 0.795722 0.794000
234 0.501688 0.791389 0.794500
235 0.497674 0.792333 0.790500
236 0.494501 0.787833 0.793000
237 0.499779 0.793333 0.789000
238 0.506076 0.794555 0.796500
239 0.491320 0.799944 0.798500
240 0.485897 0.773556 0.776000
241 0.486998 0.794111 0.786000
242 0.494799 0.789167 0.791500
243 0.486458 0.785778 0.789500
244 0.489002 0.799667 0.793000
245 0.495501 0.801333 0.799500
246 0.495509 0.800667 0.801000
247 0.495311 0.787722 0.784500
248 0.482845 0.791833 0.794500
249 0.481552 0.777445 0.784500
250 0.483400 0.792389 0.791000
251 0.492312 0.804667 0.802000
252 0.507712 0.798333 0.797000
253 0.478200 0.798111 0.798500
254 0.473598 0.806500 0.794500
255 0.491659 0.789667 0.794500
256 0.469951 0.796778 0.795500
257 0.485791 0.803667 0.804500
258 0.475085 0.799333 0.800000
259 0.476135 0.808889 0.807500
260 0.481589 0.797833 0.798000
261 0.484610 0.805444 0.806000
262 0.480651 0.808444 0.801000
263 0.481591 0.799000 0.796500
264 0.485109 0.789833 0.790500
265 0.478265 0.800445 0.796500
266 0.480567 0.804555 0.800500
267 0.477166 0.811667 0.806500
268 0.489737 0.801722 0.801000
269 0.474035 0.792445 0.795500
270 0.471765 0.806944 0.805500
271 0.478261 0.805500 0.796500
272 0.476548 0.802167 0.804000
273 0.471805 0.795333 0.789500
274 0.478277 0.801333 0.797500
275 0.472185 0.805278 0.803500
276 0.470697 0.809056 0.806500
277 0.477143 0.797833 0.798500
278 0.475097 0.800333 0.803000
279 0.469154 0.809222 0.802000
280 0.472737 0.800778 0.804500
281 0.476432 0.793722 0.797500
282 0.475002 0.779500 0.781500
283 0.476928 0.809111 0.811000
284 0.473879 0.817000 0.811500
285 0.468038 0.796222 0.799000
286 0.478314 0.812389 0.807000
287 0.473659 0.806056 0.803500
288 0.468258 0.816667 0.807000
289 0.469404 0.813889 0.807500
290 0.470145 0.816667 0.812500
291 0.470874 0.791167 0.794000
292 0.467118 0.807667 0.807500
293 0.465480 0.809778 0.811500
294 0.479660 0.805111 0.805000
295 0.468188 0.803778 0.804000
296 0.471858 0.800056 0.798500
297 0.462653 0.785667 0.780000
298 0.465672 0.815389 0.814000
299 0.472290 0.815722 0.804500
300 0.472869 0.814833 0.809500
301 0.464129 0.791833 0.791000
302 0.470428 0.801833 0.795500
303 0.464850 0.816333 0.809500
304 0.462494 0.814389 0.812000
305 0.464734 0.812889 0.808500
306 0.467256 0.813056 0.811000
307 0.461566 0.812111 0.805500
308 0.469624 0.813667 0.814000
309 0.469365 0.810056 0.807000
310 0.475240 0.799889 0.796000
311 0.461868 0.814500 0.812500
312 0.465699 0.805611 0.804000
313 0.458142 0.805944 0.803500
314 0.461948 0.820000 0.814000
315 0.460737 0.815055 0.809000
316 0.458340 0.812444 0.810000
317 0.462293 0.818056 0.812500
318 0.462836 0.816222 0.822000
319 0.463738 0.816833 0.820000
320 0.461984 0.820833 0.819500
321 0.466525 0.797000 0.790500
322 0.460344 0.804611 0.804500
323 0.462590 0.809000 0.810500
324 0.468005 0.815945 0.815500
325 0.452547 0.818111 0.816000
326 0.456279 0.817611 0.811000
327 0.452186 0.821555 0.812500
328 0.460021 0.817278 0.815000
329 0.456199 0.823167 0.814500
330 0.450077 0.817556 0.814000
331 0.455169 0.818778 0.811500
332 0.451219 0.810611 0.809500
333 0.457822 0.823611 0.817500
334 0.448935 0.819111 0.814000
335 0.454564 0.822389 0.818000
336 0.455143 0.817389 0.815000
337 0.448221 0.818166 0.815500
338 0.458431 0.825944 0.820500
339 0.456008 0.824722 0.819000
340 0.446501 0.823944 0.825500
341 0.453201 0.811222 0.806000
342 0.449775 0.827945 0.825500
343 0.449490 0.808055 0.805500
344 0.451660 0.825111 0.823000
345 0.450547 0.822167 0.820000
346 0.450271 0.827667 0.824000
347 0.449057 0.813611 0.814500
348 0.460828 0.823778 0.823500
349 0.455343 0.816167 0.816500
350 0.441552 0.828722 0.824000
