1 3.989565 0.606452 0.588235
2 2.303421 0.658065 0.382353
3 1.604283 0.709677 0.588235
4 1.092038 0.761290 0.470588
5 1.022720 0.796774 0.441176
6 0.727728 0.680645 0.411765
7 0.653622 0.861290 0.500000
8 0.557527 0.774194 0.588235
9 0.700954 0.741935 0.558824
10 0.812341 0.787097 0.588235
11 0.567188 0.854839 0.617647
12 0.494281 0.887097 0.588235
13 0.577141 0.838710 0.647059
14 0.365868 0.883871 0.470588
15 0.372827 0.890323 0.617647
16 0.430903 0.893548 0.558824
17 0.351172 0.909677 0.470588
18 0.314742 0.845161 0.411765
19 0.296538 0.835484 0.588235
20 0.412584 0.906452 0.529412
21 0.303878 0.919355 0.411765
22 0.237371 0.819355 0.647059
23 0.244744 0.958065 0.529412
24 0.321874 0.929032 0.676471
25 0.346527 0.941935 0.617647
26 0.231088 0.900000 0.529412
27 0.295316 0.883871 0.529412
28 0.264394 0.896774 0.558824
29 0.250382 0.970968 0.500000
30 0.173042 0.941935 0.647059
31 0.261760 0.945161 0.558824
32 0.337227 0.922581 0.676471
33 0.195944 0.958065 0.470588
34 0.301384 0.816129 0.558824
35 0.281752 0.870968 0.529412
36 0.273475 0.948387 0.441176
37 0.209190 0.964516 0.441176
38 0.190300 0.967742 0.558824
39 0.154553 0.983871 0.558824
40 0.168109 0.945161 0.558824
41 0.164059 0.896774 0.470588
42 0.148230 0.987097 0.529412
43 0.099460 0.987097 0.588235
44 0.127947 0.893548 0.470588
45 0.386497 0.896774 0.617647
46 0.286165 0.845161 0.441176
47 0.198508 0.954839 0.500000
48 0.171565 0.925806 0.470588
49 0.168238 0.977419 0.588235
50 0.121301 0.980645 0.411765
51 0.082421 0.993548 0.647059
52 0.082605 0.993548 0.558824
53 0.072600 0.993548 0.558824
54 0.073374 0.993548 0.529412
55 0.079902 0.987097 0.558824
56 0.080012 0.993548 0.647059
57 0.085110 0.990323 0.470588
58 0.073241 0.993548 0.558824
59 0.071898 0.993548 0.500000
60 0.072214 0.993548 0.647059
61 0.129570 0.993548 0.588235
62 0.082743 0.993548 0.617647
63 0.072906 0.993548 0.588235
64 0.065838 0.993548 0.588235
65 0.065733 0.993548 0.617647
66 0.072973 0.987097 0.441176
67 0.106670 0.987097 0.529412
68 0.104651 0.987097 0.470588
69 0.089396 0.987097 0.529412
70 0.068558 0.993548 0.470588
71 0.065877 0.993548 0.558824
72 0.060161 0.993548 0.529412
73 0.066255 0.990323 0.411765
74 0.114128 0.983871 0.617647
75 0.114496 0.954839 0.470588
76 0.121611 0.990323 0.617647
77 0.084184 0.993548 0.617647
78 0.064616 0.993548 0.588235
79 0.067758 0.993548 0.529412
80 0.131831 0.941935 0.529412
81 0.204828 0.735484 0.558824
82 0.318709 0.987097 0.558824
83 0.111226 0.990323 0.500000
84 0.075776 0.993548 0.470588
85 0.075201 0.993548 0.441176
86 0.072267 0.993548 0.470588
87 0.068699 0.993548 0.470588
88 0.065948 0.993548 0.529412
89 0.058508 0.993548 0.529412
90 0.097457 0.990323 0.558824
91 0.105208 0.983871 0.588235
92 0.068099 0.990323 0.382353
93 0.081699 0.993548 0.470588
94 0.100203 0.974194 0.500000
95 0.110750 0.980645 0.411765
96 0.075644 0.990323 0.558824
97 0.087976 0.938710 0.470588
98 0.164465 0.983871 0.617647
99 0.156205 0.964516 0.617647
100 0.090292 0.993548 0.647059
101 0.054140 0.993548 0.588235
102 0.055482 0.993548 0.617647
103 0.067285 0.993548 0.558824
104 0.053725 0.993548 0.529412
105 0.053205 0.993548 0.558824
106 0.052806 0.993548 0.558824
107 0.053606 0.993548 0.558824
108 0.048235 0.993548 0.558824
109 0.048952 0.993548 0.588235
110 0.049465 0.993548 0.529412
111 0.048740 0.993548 0.558824
112 0.053382 0.993548 0.500000
113 0.058964 0.993548 0.529412
114 0.053582 0.993548 0.529412
115 0.046075 0.993548 0.558824
116 0.057510 0.993548 0.529412
117 0.054041 0.993548 0.470588
118 0.053163 0.993548 0.588235
119 0.048753 0.993548 0.500000
120 0.054819 0.993548 0.529412
121 0.049292 0.993548 0.558824
122 0.050040 0.993548 0.558824
123 0.098430 0.964516 0.470588
124 0.068702 0.990323 0.441176
125 0.056446 0.993548 0.529412
126 0.056693 0.993548 0.529412
127 0.054163 0.993548 0.500000
128 0.051490 0.993548 0.529412
129 0.049653 0.993548 0.529412
130 0.058368 0.993548 0.558824
131 0.079297 0.970968 0.529412
132 0.108262 0.983871 0.676471
133 0.064806 0.993548 0.558824
134 0.055414 0.993548 0.558824
135 0.050270 0.993548 0.617647
136 0.049025 0.993548 0.588235
137 0.055290 0.993548 0.558824
138 0.051553 0.990323 0.500000
139 0.051810 0.993548 0.558824
140 0.054424 0.993548 0.588235
141 0.050392 0.993548 0.558824
142 0.046691 0.993548 0.558824
143 0.055402 0.993548 0.588235
144 0.050444 0.993548 0.588235
145 0.048793 0.993548 0.558824
146 0.042630 0.993548 0.617647
147 0.054753 0.993548 0.588235
148 0.046109 0.993548 0.558824
149 0.047335 0.993548 0.588235
150 0.045226 0.993548 0.588235
151 0.044504 0.993548 0.558824
152 0.045945 0.993548 0.558824
153 0.039960 0.990323 0.617647
154 0.041766 0.993548 0.588235
155 0.039636 0.993548 0.588235
156 0.043343 0.993548 0.617647
157 0.040135 0.993548 0.588235
158 0.040068 0.993548 0.617647
159 0.042104 0.993548 0.558824
160 0.044459 0.993548 0.617647
161 0.041146 0.993548 0.588235
162 0.043399 0.993548 0.588235
163 0.040132 0.993548 0.588235
164 0.044859 0.993548 0.647059
165 0.040069 0.993548 0.617647
166 0.042396 0.993548 0.558824
167 0.049513 0.993548 0.588235
168 0.039422 0.993548 0.588235
169 0.041750 0.993548 0.617647
170 0.040961 0.993548 0.588235
171 0.046317 0.993548 0.588235
172 0.036903 0.993548 0.558824
173 0.041467 0.993548 0.558824
174 0.041177 0.993548 0.617647
175 0.041700 0.993548 0.558824
176 0.044892 0.993548 0.500000
177 0.043888 0.993548 0.500000
178 0.041776 0.993548 0.558824
179 0.041035 0.993548 0.588235
180 0.059972 0.990323 0.470588
181 0.049746 0.993548 0.588235
182 0.103496 0.993548 0.647059
183 0.057622 0.993548 0.617647
184 0.048946 0.993548 0.558824
185 0.047568 0.993548 0.529412
186 0.043112 0.993548 0.558824
187 0.044203 0.993548 0.529412
188 0.041157 0.993548 0.558824
189 0.041054 0.993548 0.529412
190 0.039867 0.993548 0.529412
191 0.041215 0.993548 0.558824
192 0.043135 0.993548 0.588235
193 0.044369 0.993548 0.588235
194 0.039424 0.993548 0.529412
195 0.041616 0.993548 0.588235
196 0.036908 0.993548 0.558824
197 0.039075 0.993548 0.558824
198 0.040406 0.993548 0.588235
199 0.041193 0.993548 0.500000
200 0.039815 0.993548 0.558824
201 0.036834 0.993548 0.558824
202 0.038869 0.993548 0.500000
203 0.035053 0.993548 0.500000
204 0.037723 0.993548 0.529412
205 0.037439 0.993548 0.558824
206 0.035974 0.993548 0.529412
207 0.035837 0.993548 0.529412
208 0.038509 0.993548 0.529412
209 0.038239 0.993548 0.529412
210 0.039663 0.993548 0.529412
211 0.037880 0.993548 0.529412
212 0.043388 0.993548 0.529412
213 0.036231 0.993548 0.558824
214 0.039970 0.993548 0.529412
215 0.035483 0.993548 0.558824
216 0.036241 0.993548 0.588235
217 0.060478 0.993548 0.529412
218 0.043172 0.993548 0.500000
219 0.041419 0.993548 0.529412
220 0.037996 0.993548 0.558824
221 0.034623 0.993548 0.529412
222 0.039170 0.993548 0.529412
223 0.039463 0.993548 0.558824
224 0.035406 0.993548 0.529412
225 0.034606 0.993548 0.558824
226 0.037784 0.993548 0.558824
227 0.035734 0.993548 0.558824
228 0.038050 0.993548 0.529412
229 0.034531 0.993548 0.500000
230 0.036302 0.993548 0.500000
231 0.037750 0.993548 0.529412
232 0.036603 0.993548 0.558824
233 0.036284 0.993548 0.558824
234 0.034339 0.993548 0.500000
235 0.035274 0.993548 0.558824
236 0.036257 0.993548 0.529412
237 0.039846 0.993548 0.529412
238 0.036103 0.993548 0.558824
239 0.033575 0.993548 0.558824
240 0.036289 0.993548 0.588235
241 0.039202 0.993548 0.588235
242 0.033002 0.993548 0.588235
243 0.030249 0.993548 0.588235
244 0.038619 0.993548 0.558824
245 0.036477 0.993548 0.558824
246 0.039664 0.993548 0.529412
247 0.035569 0.993548 0.529412
248 0.038632 0.993548 0.529412
249 0.040800 0.993548 0.558824
250 0.036751 0.993548 0.529412
251 0.031736 0.993548 0.529412
252 0.032155 0.993548 0.529412
253 0.032685 0.993548 0.529412
254 0.037153 0.993548 0.500000
255 0.034302 0.993548 0.500000
256 0.034709 0.993548 0.500000
257 0.030606 0.993548 0.470588
258 0.035557 0.993548 0.500000
259 0.032268 0.993548 0.500000
260 0.034165 0.993548 0.558824
261 0.035127 0.993548 0.529412
262 0.033600 0.993548 0.529412
263 0.031419 0.993548 0.500000
264 0.033681 0.993548 0.470588
265 0.036071 0.993548 0.529412
266 0.034664 0.993548 0.500000
267 0.033395 0.993548 0.500000
268 0.032145 0.993548 0.500000
269 0.035139 0.993548 0.558824
270 0.031033 0.993548 0.500000
271 0.034768 0.993548 0.500000
272 0.034394 0.993548 0.470588
273 0.035533 0.993548 0.500000
274 0.035992 0.993548 0.500000
275 0.031592 0.993548 0.558824
276 0.037462 0.993548 0.558824
277 0.033600 0.993548 0.588235
278 0.032469 0.993548 0.529412
279 0.034018 0.993548 0.500000
280 0.031971 0.993548 0.500000
281 0.038118 0.993548 0.529412
282 0.036024 0.993548 0.529412
283 0.032563 0.993548 0.529412
284 0.035375 0.993548 0.529412
285 0.035092 0.993548 0.529412
286 0.031746 0.993548 0.470588
287 0.036849 0.993548 0.529412
288 0.031975 0.993548 0.529412
289 0.035179 0.993548 0.529412
290 0.033652 0.993548 0.500000
291 0.032061 0.993548 0.529412
292 0.033548 0.993548 0.500000
293 0.033193 0.993548 0.500000
294 0.034729 0.993548 0.529412
295 0.033493 0.993548 0.588235
296 0.031903 0.993548 0.529412
297 0.036862 0.993548 0.529412
298 0.034011 0.993548 0.529412
299 0.031580 0.993548 0.558824
300 0.036097 0.993548 0.470588
301 0.033428 0.993548 0.500000
302 0.033490 0.993548 0.529412
303 0.033678 0.993548 0.529412
304 0.029768 0.993548 0.588235
305 0.030794 0.993548 0.588235
306 0.031571 0.993548 0.558824
307 0.033042 0.993548 0.558824
308 0.030934 0.993548 0.558824
309 0.034344 0.993548 0.529412
310 0.032998 0.993548 0.500000
311 0.034405 0.993548 0.529412
312 0.030418 0.993548 0.529412
313 0.030005 0.993548 0.470588
314 0.030126 0.993548 0.558824
315 0.031050 0.993548 0.529412
316 0.032820 0.993548 0.470588
317 0.033805 0.993548 0.500000
318 0.031016 0.993548 0.500000
319 0.033173 0.993548 0.500000
320 0.030009 0.993548 0.529412
321 0.033128 0.993548 0.500000
322 0.028738 0.993548 0.529412
323 0.028891 0.993548 0.529412
324 0.031799 0.993548 0.500000
325 0.031592 0.993548 0.500000
326 0.032912 0.993548 0.529412
327 0.030536 0.993548 0.500000
328 0.032013 0.993548 0.500000
329 0.034437 0.993548 0.500000
330 0.031641 0.993548 0.500000
331 0.031657 0.993548 0.500000
332 0.030924 0.993548 0.500000
333 0.031461 0.993548 0.500000
334 0.029524 0.993548 0.500000
335 0.029438 0.993548 0.500000
336 0.030824 0.993548 0.500000
337 0.029290 0.993548 0.558824
338 0.033114 0.993548 0.529412
339 0.032490 0.993548 0.558824
340 0.033327 0.993548 0.500000
341 0.028903 0.993548 0.529412
342 0.034098 0.993548 0.500000
343 0.032105 0.993548 0.500000
344 0.032884 0.993548 0.529412
345 0.032643 0.993548 0.500000
346 0.029227 0.993548 0.500000
347 0.031052 0.993548 0.500000
348 0.034528 0.993548 0.500000
349 0.032397 0.993548 0.500000
350 0.031541 0.993548 0.470588
