1 1.713012 0.732222 0.680000
2 0.906747 0.752222 0.720000
3 0.571019 0.758889 0.730000
4 0.643826 0.740000 0.680000
5 0.507728 0.784444 0.690000
6 0.458351 0.784444 0.710000
7 0.868345 0.765556 0.680000
8 0.529460 0.776667 0.700000
9 0.494103 0.766667 0.700000
10 0.486909 0.757778 0.710000
11 0.441139 0.794444 0.710000
12 0.421983 0.803333 0.700000
13 0.411582 0.798889 0.730000
14 0.550610 0.777778 0.710000
15 0.490877 0.792222 0.710000
16 0.436448 0.800000 0.720000
17 0.397771 0.808889 0.690000
18 0.378512 0.823333 0.710000
19 0.380817 0.827778 0.720000
20 0.370359 0.838889 0.680000
21 0.365203 0.841111 0.720000
22 0.344301 0.813333 0.720000
23 0.365015 0.844444 0.740000
24 0.362507 0.828889 0.720000
25 0.369244 0.835556 0.720000
26 0.337452 0.862222 0.760000
27 0.332600 0.852222 0.720000
28 0.331595 0.858889 0.700000
29 0.611393 0.818889 0.740000
30 0.400730 0.823333 0.740000
31 0.345001 0.866667 0.710000
32 0.447838 0.820000 0.700000
33 0.375159 0.856667 0.680000
34 0.324385 0.868889 0.730000
35 0.326538 0.876667 0.730000
36 0.317705 0.873333 0.700000
37 0.323336 0.867778 0.740000
38 0.292478 0.876667 0.720000
39 0.330524 0.824444 0.740000
40 0.324492 0.872222 0.710000
41 0.297615 0.864444 0.750000
42 0.303611 0.861111 0.750000
43 0.295984 0.881111 0.730000
44 0.288766 0.885556 0.760000
45 0.271479 0.891111 0.730000
46 0.307780 0.866667 0.700000
47 0.307679 0.864444 0.690000
48 0.290956 0.878889 0.720000
49 0.266680 0.882222 0.720000
50 0.256360 0.892222 0.710000
51 0.248151 0.900000 0.720000
52 0.233940 0.901111 0.730000
53 0.241207 0.906667 0.700000
54 0.233842 0.901111 0.680000
55 0.246159 0.907778 0.740000
56 0.230130 0.905556 0.710000
57 0.264340 0.904444 0.750000
58 0.236497 0.916667 0.720000
59 0.227666 0.906667 0.730000
60 0.225607 0.894444 0.770000
61 0.218758 0.921111 0.750000
62 0.216505 0.908889 0.750000
63 0.235032 0.897778 0.740000
64 0.223254 0.912222 0.750000
65 0.241277 0.910000 0.730000
66 0.228958 0.913333 0.760000
67 0.206513 0.916667 0.730000
68 0.212802 0.912222 0.740000
69 0.213121 0.920000 0.770000
70 0.198520 0.917778 0.730000
71 0.222184 0.913333 0.770000
72 0.205132 0.912222 0.740000
73 0.215751 0.916667 0.710000
74 0.205738 0.913333 0.760000
75 0.196916 0.920000 0.770000
76 0.191965 0.916667 0.720000
77 0.203040 0.916667 0.750000
78 0.189409 0.925556 0.750000
79 0.203016 0.927778 0.720000
80 0.202283 0.914444 0.750000
81 0.201852 0.918889 0.700000
82 0.204017 0.915556 0.740000
83 0.204604 0.923333 0.760000
84 0.186612 0.921111 0.720000
85 0.189856 0.926667 0.790000
86 0.195867 0.903333 0.740000
87 0.217283 0.906667 0.690000
88 0.213308 0.885556 0.720000
89 0.245589 0.925556 0.720000
90 0.199313 0.920000 0.760000
91 0.193906 0.926667 0.720000
92 0.205306 0.926667 0.750000
93 0.203911 0.926667 0.740000
94 0.184692 0.913333 0.730000
95 0.199506 0.917778 0.730000
96 0.198223 0.915556 0.720000
97 0.187353 0.914444 0.750000
98 0.213525 0.907778 0.690000
99 0.211469 0.926667 0.730000
100 0.187329 0.932222 0.680000
101 0.159198 0.935556 0.700000
102 0.166669 0.935556 0.710000
103 0.164614 0.934444 0.710000
104 0.172075 0.930000 0.740000
105 0.162812 0.937778 0.720000
106 0.161672 0.932222 0.740000
107 0.156335 0.934444 0.790000
108 0.162881 0.920000 0.750000
109 0.171231 0.936667 0.740000
110 0.156427 0.936667 0.750000
111 0.159913 0.937778 0.720000
112 0.165589 0.933333 0.720000
113 0.182122 0.935556 0.780000
114 0.168113 0.941111 0.720000
115 0.155503 0.938889 0.760000
116 0.158505 0.925556 0.700000
117 0.161098 0.937778 0.750000
118 0.152078 0.937778 0.740000
119 0.150305 0.937778 0.730000
120 0.157948 0.938889 0.680000
121 0.163926 0.941111 0.730000
122 0.151764 0.938889 0.700000
123 0.162547 0.933333 0.750000
124 0.146329 0.940000 0.740000
125 0.152364 0.934444 0.730000
126 0.147697 0.936667 0.740000
127 0.145712 0.937778 0.710000
128 0.145047 0.938889 0.750000
129 0.175299 0.933333 0.760000
130 0.160416 0.940000 0.690000
131 0.157939 0.940000 0.750000
132 0.147342 0.942222 0.730000
133 0.154996 0.943333 0.730000
134 0.152772 0.936667 0.730000
135 0.142602 0.938889 0.680000
136 0.147535 0.940000 0.720000
137 0.146053 0.940000 0.730000
138 0.144760 0.941111 0.730000
139 0.140379 0.935556 0.680000
140 0.138987 0.940000 0.710000
141 0.156869 0.927778 0.760000
142 0.146428 0.941111 0.680000
143 0.150650 0.933333 0.740000
144 0.154333 0.938889 0.720000
145 0.145980 0.935556 0.690000
146 0.144076 0.940000 0.770000
147 0.142625 0.938889 0.720000
148 0.153947 0.940000 0.740000
149 0.155219 0.942222 0.720000
150 0.138633 0.941111 0.710000
151 0.129681 0.942222 0.720000
152 0.127471 0.942222 0.740000
153 0.140211 0.943333 0.760000
154 0.130498 0.940000 0.710000
155 0.125482 0.944444 0.720000
156 0.126571 0.945556 0.740000
157 0.128114 0.936667 0.730000
158 0.130008 0.943333 0.720000
159 0.121605 0.943333 0.710000
160 0.125572 0.945556 0.710000
161 0.128200 0.943333 0.720000
162 0.128542 0.945556 0.730000
163 0.134040 0.943333 0.710000
164 0.139481 0.944444 0.740000
165 0.125618 0.946667 0.740000
166 0.119798 0.945556 0.730000
167 0.130831 0.944444 0.720000
168 0.125345 0.942222 0.710000
169 0.125037 0.946667 0.730000
170 0.115151 0.946667 0.730000
171 0.128558 0.946667 0.760000
172 0.120403 0.946667 0.740000
173 0.125771 0.944444 0.750000
174 0.129586 0.940000 0.770000
175 0.135766 0.946667 0.710000
176 0.121262 0.944444 0.720000
177 0.125679 0.943333 0.760000
178 0.125124 0.944444 0.730000
179 0.132692 0.947778 0.740000
180 0.127833 0.945556 0.740000
181 0.116007 0.943333 0.760000
182 0.119779 0.945556 0.770000
183 0.127116 0.942222 0.780000
184 0.119982 0.944444 0.710000
185 0.120161 0.947778 0.730000
186 0.127204 0.946667 0.740000
187 0.125219 0.947778 0.740000
188 0.128030 0.942222 0.720000
189 0.124118 0.944444 0.760000
190 0.127280 0.946667 0.740000
191 0.118952 0.947778 0.750000
192 0.116488 0.943333 0.750000
193 0.126063 0.946667 0.790000
194 0.117008 0.945556 0.710000
195 0.118889 0.947778 0.740000
196 0.127845 0.947778 0.760000
197 0.128988 0.947778 0.770000
198 0.124392 0.943333 0.720000
199 0.122200 0.947778 0.750000
200 0.115981 0.948889 0.750000
201 0.121267 0.947778 0.730000
202 0.110057 0.951111 0.720000
203 0.121028 0.950000 0.730000
204 0.121364 0.950000 0.740000
205 0.112341 0.947778 0.740000
206 0.113766 0.950000 0.730000
207 0.118321 0.947778 0.740000
208 0.122560 0.946667 0.730000
209 0.113156 0.951111 0.740000
210 0.118559 0.948889 0.720000
211 0.107567 0.950000 0.760000
212 0.120182 0.950000 0.740000
213 0.114801 0.950000 0.730000
214 0.107974 0.948889 0.750000
215 0.111642 0.950000 0.720000
216 0.109284 0.948889 0.730000
217 0.110646 0.951111 0.740000
218 0.115607 0.948889 0.750000
219 0.111463 0.945556 0.730000
220 0.111008 0.951111 0.730000
221 0.106143 0.947778 0.740000
222 0.114130 0.947778 0.720000
223 0.113719 0.951111 0.740000
224 0.113907 0.950000 0.740000
225 0.124290 0.947778 0.750000
226 0.111169 0.946667 0.720000
227 0.112294 0.948889 0.730000
228 0.121069 0.951111 0.720000
229 0.109951 0.948889 0.730000
230 0.109962 0.950000 0.750000
231 0.113938 0.945556 0.720000
232 0.112930 0.948889 0.720000
233 0.111045 0.947778 0.710000
234 0.112050 0.948889 0.740000
235 0.114742 0.950000 0.730000
236 0.124357 0.947778 0.710000
237 0.116404 0.947778 0.720000
238 0.110097 0.948889 0.710000
239 0.114381 0.946667 0.750000
240 0.103753 0.951111 0.750000
241 0.115001 0.951111 0.740000
242 0.104274 0.950000 0.730000
243 0.107659 0.951111 0.700000
244 0.115335 0.947778 0.730000
245 0.111131 0.950000 0.700000
246 0.108687 0.951111 0.760000
247 0.111785 0.947778 0.740000
248 0.110951 0.950000 0.740000
249 0.112580 0.951111 0.740000
250 0.112682 0.948889 0.770000
251 0.110723 0.948889 0.770000
252 0.107280 0.951111 0.730000
253 0.108699 0.948889 0.740000
254 0.116423 0.950000 0.740000
255 0.108253 0.951111 0.760000
256 0.105726 0.950000 0.750000
257 0.108488 0.951111 0.740000
258 0.112209 0.951111 0.740000
259 0.107326 0.951111 0.740000
260 0.108213 0.951111 0.760000
261 0.111759 0.948889 0.750000
262 0.108434 0.950000 0.750000
263 0.109216 0.950000 0.740000
264 0.111946 0.950000 0.740000
265 0.104842 0.950000 0.750000
266 0.110433 0.950000 0.740000
267 0.108607 0.951111 0.750000
268 0.109285 0.948889 0.720000
269 0.112474 0.950000 0.740000
270 0.109252 0.951111 0.730000
271 0.109958 0.951111 0.740000
272 0.105427 0.951111 0.720000
273 0.106543 0.950000 0.750000
274 0.113862 0.951111 0.760000
275 0.107774 0.950000 0.730000
276 0.101251 0.948889 0.730000
277 0.101490 0.951111 0.740000
278 0.111108 0.950000 0.750000
279 0.105779 0.951111 0.730000
280 0.111396 0.951111 0.750000
281 0.099734 0.950000 0.750000
282 0.115909 0.951111 0.740000
283 0.109136 0.951111 0.740000
284 0.109474 0.951111 0.730000
285 0.106801 0.951111 0.750000
286 0.115244 0.948889 0.740000
287 0.108102 0.951111 0.740000
288 0.105674 0.951111 0.740000
289 0.106860 0.951111 0.750000
290 0.101372 0.951111 0.740000
291 0.112044 0.948889 0.710000
292 0.103617 0.950000 0.720000
293 0.100847 0.951111 0.740000
294 0.105859 0.951111 0.730000
295 0.109195 0.951111 0.740000
296 0.104583 0.950000 0.740000
297 0.101317 0.951111 0.740000
298 0.105762 0.951111 0.740000
299 0.099112 0.950000 0.760000
300 0.102501 0.952222 0.740000
301 0.103090 0.951111 0.730000
302 0.106538 0.951111 0.730000
303 0.111078 0.951111 0.730000
304 0.103965 0.951111 0.740000
305 0.104978 0.951111 0.700000
306 0.103113 0.951111 0.740000
307 0.104438 0.951111 0.720000
308 0.104528 0.951111 0.740000
309 0.106139 0.951111 0.740000
310 0.104540 0.952222 0.720000
311 0.101341 0.951111 0.730000
312 0.110402 0.952222 0.700000
313 0.107847 0.951111 0.730000
314 0.102832 0.952222 0.740000
315 0.098059 0.952222 0.740000
316 0.101215 0.952222 0.740000
317 0.100779 0.951111 0.730000
318 0.100519 0.951111 0.750000
319 0.103871 0.952222 0.730000
320 0.097471 0.952222 0.720000
321 0.104110 0.952222 0.720000
322 0.104888 0.951111 0.720000
323 0.106168 0.952222 0.730000
324 0.103521 0.951111 0.740000
325 0.103544 0.950000 0.720000
326 0.098995 0.951111 0.730000
327 0.110633 0.950000 0.740000
328 0.103460 0.952222 0.740000
329 0.103607 0.952222 0.720000
330 0.100252 0.951111 0.720000
331 0.105669 0.951111 0.730000
332 0.103104 0.951111 0.710000
333 0.099872 0.951111 0.710000
334 0.101947 0.951111 0.710000
335 0.101480 0.951111 0.720000
336 0.101903 0.951111 0.710000
337 0.113214 0.951111 0.760000
338 0.111203 0.951111 0.720000
339 0.102671 0.951111 0.710000
340 0.109954 0.951111 0.740000
341 0.103226 0.951111 0.740000
342 0.103389 0.952222 0.720000
343 0.101998 0.953333 0.730000
344 0.103607 0.952222 0.730000
345 0.111671 0.951111 0.710000
346 0.105313 0.952222 0.730000
347 0.101040 0.951111 0.730000
348 0.106397 0.952222 0.720000
349 0.101667 0.952222 0.740000
350 0.103928 0.952222 0.740000
