1 5.567021 0.696889 0.676000
2 1.546013 0.732889 0.704000
3 1.858074 0.767111 0.722000
4 1.337428 0.738444 0.738000
5 1.095138 0.702444 0.686000
6 1.316634 0.724444 0.718000
7 0.892833 0.779333 0.740000
8 0.827015 0.725333 0.674000
9 0.698355 0.770889 0.732000
10 0.701231 0.734667 0.682000
11 0.660089 0.750222 0.714000
12 0.885927 0.720667 0.668000
13 0.731952 0.775333 0.728000
14 0.597209 0.791333 0.790000
15 0.609960 0.769333 0.738000
16 0.600375 0.793778 0.750000
17 0.587777 0.753778 0.698000
18 0.567439 0.786667 0.748000
19 0.565380 0.748000 0.692000
20 0.574556 0.795778 0.796000
21 0.542400 0.799556 0.780000
22 0.603008 0.780222 0.746000
23 0.576923 0.780667 0.738000
24 0.551674 0.790000 0.780000
25 0.540441 0.787111 0.728000
26 0.544844 0.808000 0.774000
27 0.566928 0.803556 0.778000
28 0.542523 0.808000 0.770000
29 0.528435 0.787778 0.746000
30 0.529478 0.790444 0.728000
