1 5.378802 0.706667 0.684000
2 1.702290 0.684222 0.666000
3 1.276293 0.749556 0.712000
4 0.950278 0.764444 0.752000
5 0.829872 0.769556 0.746000
6 0.891016 0.580444 0.560000
7 1.024363 0.763111 0.746000
8 0.804100 0.754889 0.722000
9 0.682501 0.757778 0.716000
10 0.754234 0.740000 0.698000
11 0.634076 0.729333 0.680000
12 0.680642 0.752000 0.720000
13 0.657484 0.791333 0.738000
14 0.625472 0.778444 0.760000
15 0.613571 0.749333 0.720000
16 0.589199 0.778667 0.740000
17 0.564302 0.795556 0.756000
18 0.566509 0.763111 0.700000
19 0.544061 0.764889 0.732000
20 0.569559 0.801111 0.768000
21 0.550569 0.800000 0.776000
22 0.549631 0.786444 0.742000
23 0.536977 0.804000 0.750000
24 0.526564 0.798667 0.776000
25 0.522769 0.814222 0.802000
26 0.541131 0.794222 0.764000
27 0.527328 0.813556 0.770000
28 0.543733 0.742222 0.712000
29 0.593749 0.769333 0.728000
30 0.517697 0.808222 0.754000
31 0.512103 0.801333 0.754000
32 0.538570 0.808667 0.764000
33 0.548413 0.779778 0.736000
34 0.538644 0.814000 0.764000
35 0.514999 0.815556 0.772000
36 0.496161 0.818667 0.776000
37 0.503387 0.824444 0.790000
38 0.517516 0.808667 0.772000
39 0.493875 0.813333 0.776000
40 0.494407 0.819333 0.774000
41 0.500104 0.813778 0.764000
42 0.563383 0.820444 0.774000
43 0.513684 0.812667 0.768000
44 0.523997 0.821333 0.754000
45 0.503987 0.827111 0.788000
46 0.543116 0.816667 0.790000
47 0.515987 0.825778 0.770000
48 0.504251 0.826667 0.796000
49 0.524040 0.822444 0.756000
50 0.470249 0.820444 0.770000
