1 146.741264 0.509444 0.505000
2 58.020035 0.610556 0.625000
3 11.371927 0.561111 0.555000
4 12.127157 0.763889 0.745000
5 5.038592 0.663333 0.645000
6 11.691842 0.692778 0.685000
7 8.250570 0.563333 0.545000
8 13.419028 0.750000 0.770000
9 3.786158 0.719444 0.720000
10 2.119624 0.696667 0.690000
11 7.055639 0.713333 0.725000
12 2.159546 0.680556 0.670000
13 2.613754 0.646111 0.600000
14 2.192899 0.745000 0.745000
15 1.300281 0.717222 0.720000
16 3.605413 0.689444 0.695000
17 2.130005 0.705000 0.700000
18 1.493796 0.709444 0.705000
19 2.181600 0.571111 0.545000
20 1.935848 0.675556 0.645000
21 2.339706 0.600556 0.590000
22 1.315703 0.781667 0.800000
23 1.075868 0.711111 0.705000
24 1.447009 0.685000 0.690000
25 2.849766 0.776667 0.785000
26 1.609701 0.728333 0.725000
27 1.494208 0.772222 0.775000
28 0.764492 0.756667 0.735000
29 0.935487 0.742222 0.740000
30 0.939454 0.766667 0.760000
31 0.776505 0.730556 0.735000
32 0.900814 0.732222 0.725000
33 0.750824 0.614444 0.610000
34 0.973108 0.741111 0.730000
35 0.759703 0.775556 0.790000
36 1.050142 0.733333 0.730000
37 0.920387 0.687778 0.690000
38 1.252739 0.720000 0.725000
39 0.886549 0.709444 0.725000
40 0.748933 0.750556 0.755000
41 0.839532 0.679444 0.665000
42 0.926945 0.717778 0.710000
43 0.778648 0.632222 0.605000
44 0.821545 0.775556 0.780000
45 0.733767 0.777222 0.775000
46 0.930265 0.762778 0.755000
47 0.823909 0.523333 0.515000
48 0.921377 0.771667 0.785000
49 0.659650 0.755556 0.745000
50 0.658118 0.747222 0.750000
51 0.671317 0.763333 0.770000
52 0.673309 0.771111 0.770000
53 0.619865 0.748889 0.740000
54 0.678468 0.763889 0.770000
55 0.652381 0.765556 0.775000
56 0.582094 0.771111 0.775000
57 1.286171 0.750556 0.745000
58 0.652725 0.762778 0.765000
59 0.838392 0.763333 0.760000
60 0.659485 0.772222 0.765000
61 0.595239 0.752778 0.745000
62 0.628226 0.768333 0.760000
63 0.639689 0.748889 0.755000
64 0.637877 0.687222 0.635000
65 0.614041 0.752778 0.745000
66 0.682908 0.751667 0.760000
67 0.634767 0.766111 0.765000
68 0.593709 0.736667 0.725000
69 0.607814 0.768333 0.780000
70 0.611048 0.745556 0.755000
71 0.642058 0.779444 0.775000
72 0.639845 0.742222 0.690000
73 0.713720 0.755556 0.755000
74 0.612137 0.739444 0.735000
75 0.852200 0.770000 0.760000
76 0.715805 0.724444 0.725000
77 0.747035 0.772222 0.785000
78 0.771926 0.753333 0.755000
79 0.648913 0.771111 0.755000
80 0.736985 0.756667 0.750000
81 0.712841 0.763889 0.745000
82 0.597638 0.775000 0.780000
83 0.676313 0.750556 0.750000
84 0.604713 0.744444 0.750000
85 0.704126 0.735556 0.740000
86 0.630499 0.765556 0.770000
87 0.578156 0.770000 0.780000
88 0.758388 0.760000 0.755000
89 0.716109 0.768333 0.765000
90 0.603724 0.745000 0.740000
91 0.791703 0.755556 0.750000
92 0.743550 0.722778 0.725000
93 0.735435 0.782222 0.795000
94 0.659582 0.740556 0.740000
95 0.764507 0.780556 0.770000
96 0.696557 0.736667 0.740000
97 0.803504 0.749444 0.750000
98 0.615577 0.750556 0.750000
99 0.921102 0.766111 0.760000
100 0.660650 0.773889 0.775000
101 0.551948 0.755000 0.755000
102 0.572411 0.771667 0.755000
103 0.537202 0.773333 0.765000
104 0.532217 0.772222 0.775000
105 0.603814 0.780000 0.790000
106 0.605368 0.776111 0.770000
107 0.604555 0.775000 0.775000
108 0.549091 0.777222 0.790000
109 0.571185 0.779444 0.785000
110 0.565832 0.787222 0.775000
111 0.565590 0.766667 0.755000
112 0.562662 0.762222 0.750000
113 0.532060 0.777778 0.780000
114 0.618568 0.773889 0.765000
115 0.770607 0.762778 0.750000
116 0.551016 0.774444 0.780000
117 0.531396 0.755000 0.745000
118 0.588865 0.759444 0.750000
119 0.532864 0.778889 0.790000
120 0.534620 0.783333 0.795000
121 0.605129 0.777778 0.770000
122 0.536113 0.775000 0.775000
123 0.682353 0.765000 0.765000
124 0.584850 0.772778 0.780000
125 0.519877 0.781667 0.800000
126 0.511945 0.785000 0.785000
127 0.640296 0.756667 0.755000
128 0.528812 0.741667 0.750000
129 0.527072 0.786111 0.790000
130 0.655546 0.757222 0.730000
131 0.564941 0.780556 0.770000
132 0.574803 0.802778 0.790000
133 0.528154 0.772778 0.775000
134 0.541189 0.800556 0.760000
135 0.528562 0.791667 0.785000
136 0.538840 0.792778 0.750000
137 0.623891 0.751667 0.750000
138 0.700815 0.781667 0.775000
139 0.535903 0.760000 0.745000
140 0.542192 0.796111 0.800000
141 0.528048 0.762222 0.780000
142 0.518123 0.757778 0.775000
143 0.527779 0.803889 0.770000
144 0.519608 0.805000 0.780000
145 0.513850 0.750000 0.765000
146 0.512049 0.757222 0.775000
147 0.534055 0.740556 0.755000
148 0.534359 0.779444 0.765000
149 0.539168 0.751111 0.765000
150 0.490905 0.754444 0.770000
151 0.492017 0.781667 0.770000
152 0.536908 0.732778 0.700000
153 0.521981 0.740556 0.755000
154 0.496978 0.746667 0.760000
155 0.531086 0.746111 0.765000
156 0.506325 0.812778 0.795000
157 0.514418 0.787778 0.770000
158 0.478827 0.783333 0.780000
159 0.500143 0.798333 0.765000
160 0.580328 0.815000 0.800000
161 0.505750 0.796667 0.790000
162 0.514529 0.745556 0.750000
163 0.497278 0.806667 0.820000
164 0.502368 0.793333 0.780000
165 0.475450 0.784444 0.780000
166 0.500103 0.760000 0.770000
167 0.485748 0.759444 0.770000
168 0.487336 0.793889 0.750000
169 0.488251 0.751667 0.770000
170 0.507833 0.778333 0.770000
171 0.507252 0.738889 0.745000
172 0.490874 0.749444 0.760000
173 0.509182 0.741667 0.750000
174 0.534899 0.812778 0.770000
175 0.502621 0.791667 0.790000
176 0.480613 0.788333 0.740000
177 0.476101 0.745556 0.750000
178 0.510615 0.813889 0.765000
179 0.487340 0.753333 0.760000
180 0.485202 0.784444 0.765000
181 0.553401 0.736667 0.730000
182 0.531519 0.748889 0.755000
183 0.494485 0.807222 0.750000
184 0.523510 0.760000 0.765000
185 0.524005 0.750000 0.775000
186 0.507507 0.787778 0.765000
187 0.522216 0.770556 0.750000
188 0.546121 0.755556 0.770000
189 0.516079 0.797222 0.795000
190 0.545080 0.740556 0.750000
191 0.570062 0.762778 0.765000
192 0.572312 0.747222 0.760000
193 0.502541 0.778889 0.780000
194 0.525292 0.766111 0.770000
195 0.502811 0.800000 0.795000
196 0.517929 0.817778 0.780000
197 0.509552 0.761111 0.770000
198 0.524525 0.747778 0.765000
199 0.497950 0.742222 0.750000
200 0.483227 0.816667 0.805000
201 0.525755 0.768333 0.770000
202 0.491718 0.808333 0.800000
203 0.485279 0.751667 0.770000
204 0.479319 0.813333 0.805000
205 0.476748 0.793333 0.795000
206 0.476068 0.819444 0.785000
207 0.492540 0.811111 0.800000
208 0.470487 0.774444 0.770000
209 0.491008 0.790000 0.790000
210 0.487499 0.752778 0.775000
211 0.476949 0.746667 0.765000
212 0.467106 0.769444 0.765000
213 0.491117 0.743889 0.760000
214 0.484086 0.796667 0.785000
215 0.489160 0.815556 0.810000
216 0.479158 0.799444 0.790000
217 0.482922 0.774444 0.770000
218 0.481151 0.806667 0.800000
219 0.468680 0.786667 0.785000
220 0.487356 0.759444 0.770000
221 0.527965 0.816667 0.820000
222 0.490522 0.813889 0.815000
223 0.527248 0.764444 0.765000
224 0.468340 0.765556 0.770000
225 0.486923 0.756111 0.770000
226 0.484758 0.781111 0.775000
227 0.476035 0.767222 0.775000
228 0.474874 0.766667 0.770000
229 0.478278 0.790556 0.785000
230 0.466954 0.790000 0.760000
231 0.484446 0.742222 0.745000
232 0.484370 0.740556 0.765000
233 0.489191 0.825556 0.790000
234 0.487715 0.776111 0.780000
235 0.478911 0.790556 0.785000
236 0.476901 0.814444 0.800000
237 0.499100 0.793333 0.785000
238 0.501704 0.787778 0.790000
239 0.479435 0.825556 0.805000
240 0.470250 0.742222 0.765000
241 0.467620 0.792222 0.785000
242 0.478170 0.771111 0.765000
243 0.472651 0.740556 0.765000
244 0.489472 0.819444 0.810000
245 0.474927 0.793333 0.780000
246 0.479115 0.785556 0.785000
247 0.489096 0.811111 0.810000
248 0.458239 0.810556 0.810000
249 0.471507 0.754444 0.780000
250 0.469033 0.812778 0.805000
251 0.472347 0.795556 0.795000
252 0.471401 0.830000 0.805000
253 0.461731 0.829444 0.805000
254 0.460147 0.832778 0.785000
255 0.474206 0.773333 0.780000
256 0.449964 0.807222 0.790000
257 0.466106 0.828889 0.800000
258 0.457183 0.819444 0.795000
259 0.451556 0.812222 0.815000
260 0.476501 0.799444 0.795000
261 0.471892 0.821111 0.830000
262 0.461058 0.832778 0.805000
263 0.460936 0.822222 0.805000
264 0.449017 0.821667 0.815000
265 0.457879 0.833333 0.810000
266 0.471258 0.818333 0.805000
267 0.459923 0.837222 0.785000
268 0.488307 0.810556 0.805000
269 0.466403 0.786111 0.795000
270 0.452832 0.827222 0.815000
271 0.448310 0.812222 0.760000
272 0.442959 0.826111 0.820000
273 0.453472 0.803889 0.795000
274 0.465662 0.835556 0.825000
275 0.449612 0.822778 0.825000
276 0.439815 0.835556 0.800000
277 0.440983 0.832778 0.825000
278 0.455831 0.818333 0.820000
279 0.447303 0.832222 0.815000
280 0.448373 0.807778 0.800000
281 0.457873 0.793889 0.785000
282 0.443453 0.795000 0.790000
283 0.458781 0.828889 0.810000
284 0.444468 0.835556 0.810000
285 0.445049 0.830556 0.820000
286 0.462247 0.836667 0.825000
287 0.454788 0.816667 0.805000
288 0.460534 0.836667 0.795000
289 0.436076 0.811667 0.805000
290 0.441234 0.833333 0.820000
291 0.446214 0.820000 0.800000
292 0.442174 0.832778 0.830000
293 0.453288 0.834444 0.830000
294 0.450830 0.824444 0.815000
295 0.444185 0.810556 0.800000
296 0.448340 0.818333 0.815000
297 0.442818 0.792778 0.785000
298 0.446527 0.834444 0.830000
299 0.438646 0.835556 0.765000
300 0.446652 0.835000 0.810000
301 0.446685 0.813889 0.805000
302 0.441557 0.806667 0.805000
303 0.443952 0.833333 0.830000
304 0.437776 0.836111 0.795000
305 0.448672 0.832778 0.800000
306 0.441986 0.830556 0.835000
307 0.440007 0.834444 0.830000
308 0.448833 0.832222 0.825000
309 0.441731 0.830000 0.840000
310 0.456061 0.806111 0.795000
311 0.438449 0.837222 0.830000
312 0.449894 0.823333 0.815000
313 0.445149 0.801111 0.795000
314 0.436174 0.836111 0.825000
315 0.442035 0.834444 0.810000
316 0.439260 0.834444 0.845000
317 0.446577 0.832222 0.810000
318 0.443009 0.835556 0.825000
319 0.454934 0.835556 0.835000
320 0.434379 0.836667 0.830000
321 0.461202 0.793889 0.780000
322 0.428505 0.816111 0.805000
323 0.443203 0.815556 0.805000
324 0.449602 0.832778 0.835000
325 0.436567 0.826111 0.815000
326 0.435181 0.836667 0.820000
327 0.431950 0.841667 0.805000
328 0.440656 0.834444 0.795000
329 0.446174 0.838889 0.795000
330 0.426792 0.840556 0.830000
331 0.433811 0.836111 0.800000
332 0.446338 0.836667 0.840000
333 0.440998 0.838889 0.825000
334 0.420245 0.838889 0.840000
335 0.422794 0.831667 0.835000
336 0.431258 0.838889 0.805000
337 0.436651 0.801667 0.785000
338 0.446560 0.838889 0.810000
339 0.441753 0.833889 0.810000
340 0.425209 0.840556 0.815000
341 0.449326 0.837778 0.825000
342 0.424520 0.837778 0.825000
343 0.435506 0.810000 0.800000
344 0.452744 0.839444 0.825000
345 0.436791 0.840000 0.835000
346 0.445034 0.838889 0.820000
347 0.430008 0.819444 0.810000
348 0.445028 0.833333 0.810000
349 0.439668 0.833333 0.830000
350 0.427128 0.836111 0.800000
