1 0.665893 0.074689 0.074800
2 0.156877 0.070933 0.071200
3 0.133990 0.071622 0.072800
4 0.116894 0.073422 0.073400
5 0.123794 0.074822 0.074200
6 0.082710 0.073622 0.073000
7 0.108901 0.076422 0.077800
8 0.083200 0.074778 0.074200
9 0.073700 0.076622 0.077000
10 0.065163 0.074556 0.073400
11 0.060073 0.077222 0.077200
12 0.061127 0.077489 0.076000
13 0.063317 0.076778 0.075800
14 0.058520 0.076578 0.075000
15 0.061930 0.077133 0.076400
16 0.067598 0.075178 0.075000
17 0.065379 0.077533 0.075400
18 0.057112 0.079133 0.076400
19 0.055606 0.079156 0.077200
20 0.056076 0.079267 0.078600
21 0.054222 0.077667 0.074800
22 0.057587 0.078222 0.076400
23 0.054851 0.080289 0.078000
24 0.054855 0.079911 0.076800
25 0.057340 0.079600 0.077400
26 0.058024 0.079111 0.078200
27 0.054829 0.077911 0.077000
28 0.053977 0.080733 0.077000
29 0.052677 0.079644 0.077600
30 0.052697 0.081467 0.078200
31 0.565156 0.069689 0.071400
32 0.170677 0.071200 0.070400
33 0.122318 0.066356 0.066800
34 0.136052 0.072133 0.075800
35 0.115911 0.076978 0.077600
36 0.090583 0.071533 0.070800
37 0.090184 0.075800 0.073400
38 0.081456 0.077956 0.077400
39 0.071854 0.076911 0.074200
40 0.066874 0.072333 0.072600
41 0.067822 0.069800 0.069200
42 0.071299 0.076978 0.075800
43 0.061692 0.075400 0.076000
44 0.064831 0.075311 0.076000
45 0.068479 0.075667 0.077600
46 0.064420 0.077778 0.074400
47 0.058567 0.079511 0.077000
48 0.058915 0.075578 0.072600
49 0.057179 0.071267 0.071400
50 0.063510 0.076422 0.074000
51 0.056752 0.078956 0.078800
52 0.055298 0.078044 0.076000
53 0.052943 0.078444 0.076400
54 0.054131 0.078756 0.077800
55 0.055396 0.079711 0.078000
56 0.052684 0.079022 0.077600
57 0.055846 0.077756 0.074800
58 0.055866 0.079733 0.076800
59 0.054168 0.076400 0.073200
60 0.050304 0.080822 0.076800
61 0.595220 0.072400 0.072800
62 0.128980 0.074578 0.072800
63 0.126077 0.073622 0.072200
64 0.103972 0.076267 0.076600
65 0.113932 0.071756 0.069400
66 0.108025 0.074111 0.073400
67 0.073362 0.076956 0.078000
68 0.067819 0.075311 0.076600
69 0.065265 0.076200 0.076200
70 0.121683 0.077222 0.077200
71 0.075173 0.077311 0.077200
72 0.062294 0.077444 0.076600
73 0.063790 0.074956 0.074600
74 0.075900 0.076822 0.075800
75 0.060892 0.077889 0.077600
76 0.062197 0.073444 0.074000
77 0.058028 0.077889 0.077600
78 0.057885 0.078422 0.076800
79 0.056524 0.078489 0.076000
80 0.057954 0.078422 0.078200
81 0.057313 0.079044 0.076200
82 0.058103 0.078089 0.075400
83 0.056199 0.076533 0.075600
84 0.052750 0.078533 0.076400
85 0.052468 0.076156 0.074200
86 0.054427 0.080178 0.076200
87 0.054363 0.078600 0.074400
88 0.051754 0.079711 0.079600
89 0.051501 0.078178 0.076000
90 0.051568 0.078111 0.076800
91 0.632079 0.071600 0.069000
92 0.124147 0.068756 0.068400
93 0.127404 0.078000 0.075800
94 0.102878 0.072578 0.071400
95 0.078414 0.076133 0.074200
96 0.073841 0.077644 0.075200
97 0.076541 0.072244 0.070400
98 0.073848 0.071533 0.072400
99 0.068731 0.076378 0.074000
100 0.072771 0.076244 0.072600
101 0.062465 0.078156 0.073200
102 0.065884 0.074689 0.070600
103 0.061440 0.079356 0.075800
104 0.057207 0.078733 0.077200
105 0.054383 0.079889 0.076400
106 0.056676 0.075444 0.073400
107 0.061813 0.079622 0.075800
108 0.054930 0.079778 0.077400
109 0.058866 0.075844 0.073400
110 0.056674 0.079156 0.074400
111 0.057339 0.080444 0.074800
112 0.054652 0.079489 0.076600
113 0.052312 0.076156 0.073800
114 0.053298 0.079444 0.076200
115 0.053696 0.080600 0.076200
116 0.052750 0.079911 0.076600
117 0.053813 0.081400 0.076200
118 0.055351 0.080600 0.077600
119 0.056797 0.076178 0.075000
120 0.052901 0.081111 0.076800
121 0.615350 0.072444 0.074200
122 0.155218 0.069956 0.068200
123 0.157272 0.075356 0.074400
124 0.144290 0.075533 0.075000
125 0.101745 0.074311 0.073600
126 0.097750 0.076556 0.075600
127 0.082673 0.077044 0.076200
128 0.079559 0.076244 0.076800
129 0.063282 0.076978 0.077800
130 0.067550 0.074644 0.076200
131 0.061689 0.078333 0.079400
132 0.060949 0.075511 0.075200
133 0.059309 0.077667 0.077200
134 0.058890 0.078267 0.076000
135 0.057993 0.078689 0.078200
136 0.083599 0.075378 0.075200
137 0.062745 0.078689 0.077600
138 0.056697 0.077444 0.077200
139 0.056764 0.077556 0.077400
140 0.056443 0.078689 0.078600
141 0.057463 0.077756 0.076800
142 0.056411 0.079378 0.078200
143 0.052786 0.080511 0.079200
144 0.054708 0.079111 0.077400
145 0.054277 0.080533 0.078600
146 0.053515 0.079111 0.078200
147 0.066510 0.078467 0.077200
148 0.058420 0.079133 0.077800
149 0.056663 0.076333 0.075000
150 0.054200 0.075044 0.074400
151 0.555922 0.069778 0.067200
152 0.153840 0.075400 0.073800
153 0.109619 0.076822 0.074200
154 0.087847 0.074756 0.073400
155 0.092232 0.076600 0.071000
156 0.094052 0.075800 0.072200
157 0.104363 0.071356 0.069800
158 0.089677 0.077533 0.073400
159 0.069329 0.076244 0.073600
160 0.073044 0.077578 0.073200
161 0.063891 0.073622 0.068800
162 0.066447 0.072689 0.069200
163 0.061104 0.078489 0.074000
164 0.059497 0.078467 0.075600
165 0.059087 0.074689 0.071800
166 0.063009 0.078822 0.076400
167 0.059057 0.078556 0.073200
168 0.058225 0.074111 0.070000
169 0.058101 0.076867 0.075000
170 0.058279 0.079200 0.075000
171 0.055720 0.079956 0.076600
172 0.054012 0.078156 0.074200
173 0.053457 0.079178 0.074400
174 0.053643 0.079444 0.075000
175 0.052721 0.079600 0.078800
176 0.054465 0.080644 0.077200
177 0.052334 0.081089 0.076600
178 0.053122 0.076800 0.074000
179 0.054678 0.077022 0.074600
180 0.053733 0.080444 0.075400
181 0.052102 0.080644 0.076400
182 0.053194 0.080400 0.074200
183 0.053206 0.078356 0.074200
184 0.058020 0.081400 0.076600
185 0.052546 0.080356 0.078400
186 0.052591 0.080000 0.074400
187 0.058422 0.080311 0.077000
188 0.055445 0.079178 0.076400
189 0.054740 0.080444 0.077200
190 0.054670 0.080978 0.077800
191 0.053794 0.080400 0.076000
192 0.053143 0.081467 0.075800
193 0.050695 0.080111 0.076000
194 0.053292 0.081711 0.077200
195 0.050952 0.082222 0.079600
196 0.049317 0.081311 0.079800
197 0.050632 0.081578 0.076600
198 0.053687 0.081200 0.077400
199 0.053559 0.081200 0.075800
200 0.048757 0.081289 0.077600
201 0.727507 0.071178 0.067400
202 0.143902 0.072733 0.072000
203 0.103123 0.070822 0.068600
204 0.113237 0.071600 0.071000
205 0.111124 0.076689 0.072600
206 0.088782 0.073889 0.072800
207 0.086961 0.076733 0.072000
208 0.079722 0.072156 0.070800
209 0.094503 0.077822 0.074400
210 0.065805 0.079156 0.075600
211 0.062149 0.076333 0.074400
212 0.059644 0.076733 0.074200
213 0.057705 0.078422 0.073800
214 0.054783 0.079067 0.075000
215 0.056683 0.077556 0.073800
216 0.056226 0.079933 0.074800
217 0.057715 0.078978 0.074000
218 0.058705 0.076289 0.072200
219 0.055631 0.078311 0.074400
220 0.053908 0.081356 0.077000
221 0.052796 0.078156 0.073600
222 0.072653 0.079911 0.074400
223 0.071060 0.069933 0.068600
224 0.061840 0.078111 0.074800
225 0.057578 0.079044 0.077200
226 0.056461 0.077667 0.072400
227 0.055319 0.078156 0.074400
228 0.053540 0.080067 0.076600
229 0.051536 0.078000 0.074200
230 0.053718 0.079689 0.074600
231 0.643470 0.073533 0.074800
232 0.166603 0.065978 0.065400
233 0.146442 0.073822 0.073600
234 0.141379 0.073222 0.073400
235 0.087440 0.073867 0.073600
236 0.064524 0.073911 0.073800
237 0.064802 0.077622 0.078000
238 0.072558 0.077044 0.077600
239 0.075138 0.072200 0.071400
240 0.072787 0.076378 0.075000
241 0.079316 0.078467 0.079600
242 0.072736 0.077622 0.078400
243 0.060327 0.078711 0.078400
244 0.065142 0.075311 0.075000
245 0.062336 0.078378 0.078600
246 0.063118 0.078178 0.076400
247 0.066886 0.077267 0.076600
248 0.066591 0.078356 0.077000
249 0.066931 0.079778 0.079600
250 0.061213 0.079711 0.078200
251 0.057171 0.078489 0.077600
252 0.053824 0.079267 0.077200
253 0.052712 0.078844 0.079000
254 0.051887 0.079844 0.079800
255 0.052440 0.080222 0.078400
256 0.049699 0.080911 0.081200
257 0.051629 0.081356 0.080400
258 0.052624 0.081244 0.080600
259 0.051896 0.078956 0.078600
260 0.050382 0.080400 0.077800
261 0.661228 0.070044 0.068200
262 0.142359 0.073711 0.073600
263 0.104927 0.076733 0.072000
264 0.136166 0.069200 0.066600
265 0.120876 0.072556 0.071600
266 0.102809 0.076178 0.074200
267 0.079550 0.075333 0.074000
268 0.072180 0.073533 0.070200
269 0.078202 0.074689 0.072000
270 0.084517 0.075156 0.073600
271 0.065357 0.076244 0.073600
272 0.062547 0.076511 0.072800
273 0.062672 0.077533 0.074400
274 0.057269 0.078622 0.075800
275 0.060839 0.077400 0.075000
276 0.058692 0.078467 0.074000
277 0.057327 0.074733 0.071800
278 0.057885 0.077200 0.069800
279 0.055970 0.077178 0.073800
280 0.056094 0.079533 0.077800
281 0.052525 0.079222 0.077000
282 0.057226 0.078689 0.076400
283 0.055937 0.078356 0.075600
284 0.053707 0.077800 0.079400
285 0.055998 0.080467 0.077000
286 0.055672 0.080267 0.078400
287 0.057041 0.079400 0.079400
288 0.055562 0.078978 0.079600
289 0.052278 0.078556 0.074200
290 0.050676 0.079311 0.072800
291 0.051074 0.079444 0.071800
292 0.051928 0.081067 0.075200
293 0.052465 0.079422 0.076000
294 0.051607 0.080867 0.077400
295 0.050269 0.080622 0.079000
296 0.049742 0.081889 0.079200
297 0.675672 0.072644 0.072400
298 0.178938 0.053867 0.050800
299 0.104142 0.070600 0.068600
300 0.079308 0.070556 0.069600
301 0.098426 0.075911 0.074600
302 0.100074 0.073956 0.071800
303 0.070776 0.076533 0.073400
304 0.077584 0.074467 0.073800
305 0.076611 0.077578 0.076000
306 0.070715 0.072822 0.072800
307 0.081762 0.075089 0.075000
308 0.073979 0.074400 0.071200
309 0.059633 0.075689 0.073600
310 0.057954 0.078022 0.076400
311 0.054373 0.078800 0.076800
312 0.063164 0.077756 0.075600
313 0.059500 0.077422 0.074400
314 0.057461 0.077978 0.075200
315 0.053849 0.074044 0.071800
316 0.075537 0.076778 0.073600
317 0.060639 0.077400 0.073800
318 0.056615 0.079556 0.075600
319 0.054499 0.076156 0.073200
320 0.052480 0.078289 0.076200
321 0.055490 0.080178 0.076400
322 0.053431 0.078467 0.074400
323 0.053532 0.079622 0.073600
324 0.051772 0.080178 0.073600
325 0.054026 0.078356 0.073600
326 0.052358 0.077356 0.070400
