1 1.612548 0.756667 0.730000
2 0.702556 0.770000 0.700000
3 0.561405 0.752222 0.770000
4 0.517702 0.776667 0.750000
5 0.483015 0.785556 0.690000
6 0.507267 0.783333 0.770000
7 0.474729 0.770000 0.710000
8 0.440112 0.798889 0.730000
9 0.419554 0.812222 0.750000
10 0.416256 0.822222 0.720000
11 0.385161 0.842222 0.720000
12 0.413392 0.827778 0.730000
13 0.386863 0.814444 0.770000
14 0.390871 0.831111 0.720000
15 0.370930 0.853333 0.680000
16 0.360284 0.850000 0.650000
17 0.343176 0.850000 0.720000
18 0.351042 0.835556 0.670000
19 0.393653 0.836667 0.660000
20 0.380510 0.850000 0.740000
21 0.363673 0.832222 0.780000
22 0.326644 0.864444 0.730000
23 0.345351 0.870000 0.710000
24 0.307479 0.868889 0.720000
25 0.330434 0.877778 0.730000
26 0.327895 0.795556 0.660000
27 0.340328 0.876667 0.670000
28 0.311445 0.857778 0.750000
29 0.291237 0.860000 0.720000
30 0.306762 0.897778 0.740000
31 0.269575 0.892222 0.740000
32 0.281474 0.883333 0.660000
33 0.282862 0.880000 0.740000
34 0.270945 0.892222 0.700000
35 0.252033 0.888889 0.750000
36 0.265131 0.906667 0.710000
37 0.353873 0.836667 0.730000
38 0.335896 0.868889 0.700000
39 0.303576 0.853333 0.740000
40 0.276199 0.878889 0.690000
41 0.290369 0.882222 0.750000
42 0.270107 0.895556 0.690000
43 0.264099 0.891111 0.680000
44 0.253391 0.903333 0.710000
45 0.263759 0.916667 0.710000
46 0.254477 0.905556 0.660000
47 0.253995 0.901111 0.710000
48 0.256403 0.915556 0.750000
49 0.262046 0.897778 0.700000
50 0.225532 0.925556 0.720000
51 0.263054 0.928889 0.730000
52 0.215548 0.926667 0.680000
53 0.198756 0.923333 0.690000
54 0.204230 0.930000 0.730000
55 0.203815 0.926667 0.710000
56 0.203253 0.935556 0.720000
57 0.190656 0.890000 0.700000
58 0.214475 0.922222 0.700000
59 0.188839 0.932222 0.720000
60 0.196214 0.923333 0.730000
61 0.186441 0.930000 0.720000
62 0.191812 0.931111 0.710000
63 0.176442 0.924444 0.730000
64 0.183227 0.935556 0.720000
65 0.196807 0.935556 0.700000
66 0.197385 0.928889 0.690000
67 0.168291 0.932222 0.710000
68 0.178503 0.914444 0.720000
69 0.189735 0.917778 0.710000
70 0.172357 0.934444 0.720000
71 0.174216 0.931111 0.700000
72 0.180764 0.936667 0.680000
73 0.182996 0.936667 0.720000
74 0.169031 0.937778 0.730000
75 0.193747 0.924444 0.720000
76 0.182762 0.915556 0.720000
77 0.193631 0.937778 0.730000
78 0.168683 0.942222 0.730000
79 0.166824 0.943333 0.730000
80 0.157520 0.942222 0.740000
81 0.189329 0.937778 0.730000
82 0.179106 0.941111 0.690000
83 0.165556 0.935556 0.700000
84 0.166044 0.943333 0.710000
85 0.159107 0.941111 0.730000
86 0.148036 0.943333 0.730000
87 1.058689 0.907778 0.740000
88 0.230249 0.931111 0.720000
89 0.195939 0.933333 0.750000
90 0.196186 0.927778 0.700000
91 0.179958 0.933333 0.700000
92 0.192926 0.936667 0.720000
93 0.177269 0.933333 0.720000
94 0.159435 0.942222 0.700000
95 0.174759 0.941111 0.700000
96 0.171475 0.945556 0.700000
97 0.180007 0.935556 0.700000
98 0.178481 0.940000 0.730000
99 0.157622 0.941111 0.720000
100 0.163516 0.945556 0.720000
101 0.146189 0.941111 0.730000
102 0.144162 0.952222 0.710000
103 0.139567 0.944444 0.700000
104 0.142464 0.945556 0.720000
105 0.166257 0.943333 0.700000
106 0.155493 0.941111 0.730000
107 0.154488 0.940000 0.710000
108 0.148445 0.945556 0.710000
109 0.152764 0.942222 0.730000
110 0.143715 0.948889 0.730000
111 0.135140 0.951111 0.700000
112 0.142374 0.938889 0.710000
113 0.151040 0.943333 0.710000
114 0.142662 0.945556 0.730000
115 0.142552 0.947778 0.710000
116 0.153690 0.941111 0.730000
117 0.131949 0.943333 0.730000
118 0.133478 0.951111 0.720000
119 0.129462 0.943333 0.720000
120 0.123828 0.951111 0.730000
121 0.156189 0.941111 0.730000
122 0.139452 0.947778 0.730000
123 0.145964 0.945556 0.730000
124 0.142670 0.948889 0.720000
125 0.138277 0.946667 0.720000
126 0.128741 0.948889 0.700000
127 0.128873 0.947778 0.700000
128 0.146377 0.945556 0.690000
129 0.134998 0.944444 0.740000
130 0.143304 0.951111 0.740000
131 0.129578 0.946667 0.730000
132 0.134341 0.946667 0.700000
133 0.133779 0.944444 0.730000
134 0.131182 0.950000 0.730000
135 0.126887 0.945556 0.730000
136 0.139230 0.948889 0.720000
137 0.137941 0.945556 0.730000
138 0.131708 0.946667 0.710000
139 0.120998 0.948889 0.700000
140 0.133947 0.948889 0.710000
141 0.128601 0.948889 0.720000
142 0.174647 0.947778 0.700000
143 0.136238 0.945556 0.720000
144 0.131062 0.948889 0.720000
145 0.127701 0.945556 0.730000
146 0.130692 0.946667 0.710000
147 0.130267 0.947778 0.710000
148 0.121068 0.952222 0.720000
149 0.138854 0.950000 0.730000
150 0.131971 0.951111 0.730000
151 0.110704 0.954444 0.710000
152 0.111338 0.950000 0.700000
153 0.118711 0.946667 0.720000
154 0.118119 0.947778 0.720000
155 0.108731 0.951111 0.700000
156 0.119898 0.951111 0.710000
157 0.108200 0.952222 0.720000
158 0.105460 0.952222 0.710000
159 0.114103 0.953333 0.720000
160 0.124604 0.950000 0.710000
161 0.109712 0.953333 0.710000
162 0.501834 0.954444 0.710000
163 0.120024 0.951111 0.700000
164 0.113911 0.954444 0.720000
165 0.107296 0.952222 0.710000
166 0.126386 0.954444 0.700000
167 0.122213 0.952222 0.710000
168 0.108519 0.948889 0.720000
169 0.119318 0.952222 0.700000
170 0.113338 0.952222 0.700000
171 0.117228 0.953333 0.690000
172 0.112751 0.953333 0.710000
173 0.117781 0.953333 0.720000
174 0.111467 0.948889 0.690000
175 0.325538 0.950000 0.710000
176 0.116008 0.952222 0.720000
177 0.116238 0.953333 0.700000
178 0.111416 0.950000 0.700000
179 0.118408 0.954444 0.700000
180 0.121890 0.952222 0.710000
181 0.113532 0.954444 0.700000
182 0.107754 0.954444 0.700000
183 0.109615 0.954444 0.700000
184 0.123370 0.952222 0.700000
185 0.115047 0.953333 0.720000
186 0.145621 0.953333 0.720000
187 0.104814 0.951111 0.720000
188 0.137516 0.952222 0.700000
189 0.125893 0.950000 0.700000
190 0.108415 0.953333 0.690000
191 0.106745 0.954444 0.690000
192 0.109308 0.953333 0.700000
193 0.110578 0.954444 0.700000
194 0.102605 0.954444 0.680000
195 0.113495 0.951111 0.670000
196 0.104374 0.955556 0.700000
197 0.114742 0.954444 0.710000
198 0.109949 0.954444 0.690000
199 0.116281 0.952222 0.720000
200 0.117233 0.955556 0.720000
201 0.106385 0.953333 0.710000
202 0.098572 0.953333 0.710000
203 0.103159 0.953333 0.710000
204 0.099657 0.952222 0.710000
205 0.104137 0.955556 0.710000
206 0.102402 0.954444 0.710000
207 0.117055 0.954444 0.720000
208 0.104851 0.952222 0.700000
209 0.103917 0.955556 0.710000
210 0.105426 0.953333 0.710000
211 0.097414 0.954444 0.700000
212 0.106650 0.955556 0.710000
213 0.101498 0.955556 0.710000
214 0.101013 0.955556 0.710000
215 0.100300 0.954444 0.710000
216 0.100875 0.953333 0.710000
217 0.104818 0.954444 0.710000
218 0.113735 0.954444 0.710000
219 0.099597 0.954444 0.710000
220 0.103842 0.955556 0.710000
221 0.107694 0.954444 0.710000
222 0.109854 0.954444 0.710000
223 0.104744 0.954444 0.710000
224 0.099734 0.955556 0.710000
225 0.106124 0.954444 0.710000
226 0.100123 0.954444 0.720000
227 0.097375 0.955556 0.710000
228 0.099385 0.955556 0.710000
229 0.105206 0.954444 0.710000
230 0.105810 0.955556 0.710000
231 0.103567 0.955556 0.710000
232 0.095894 0.955556 0.710000
233 0.100479 0.956667 0.710000
234 0.107431 0.953333 0.700000
235 0.102991 0.955556 0.700000
236 0.102277 0.955556 0.700000
237 0.107359 0.954444 0.700000
238 0.112586 0.955556 0.700000
239 0.103592 0.954444 0.700000
240 0.097361 0.954444 0.700000
241 0.100744 0.954444 0.700000
242 0.102725 0.954444 0.700000
243 0.111268 0.955556 0.700000
244 0.094538 0.954444 0.700000
245 0.098306 0.954444 0.700000
246 0.100072 0.953333 0.710000
247 0.104649 0.954444 0.690000
248 0.205931 0.953333 0.690000
249 0.103931 0.953333 0.700000
250 0.106466 0.953333 0.700000
251 0.097670 0.953333 0.700000
252 0.099259 0.955556 0.700000
253 0.102609 0.955556 0.700000
254 0.105397 0.955556 0.700000
255 0.098394 0.955556 0.700000
256 0.101524 0.955556 0.700000
257 0.097568 0.955556 0.700000
258 0.105691 0.954444 0.700000
259 0.104213 0.954444 0.700000
260 0.099820 0.954444 0.700000
261 0.103755 0.954444 0.700000
262 0.103998 0.954444 0.700000
263 0.098317 0.954444 0.700000
264 0.106356 0.954444 0.700000
265 0.093323 0.954444 0.700000
266 0.098942 0.955556 0.700000
267 0.100367 0.954444 0.700000
268 0.103010 0.954444 0.700000
269 0.096895 0.955556 0.700000
270 0.104084 0.955556 0.700000
271 0.098747 0.955556 0.700000
272 0.096784 0.954444 0.700000
273 0.102121 0.955556 0.700000
274 0.102981 0.954444 0.700000
275 0.098526 0.955556 0.700000
276 0.099940 0.954444 0.700000
277 0.098742 0.954444 0.700000
278 0.103589 0.954444 0.700000
279 0.093354 0.954444 0.700000
280 0.100113 0.954444 0.700000
281 0.149839 0.955556 0.700000
282 0.102576 0.955556 0.700000
283 0.096828 0.955556 0.700000
284 0.105490 0.955556 0.700000
285 0.102563 0.954444 0.700000
286 0.103900 0.954444 0.700000
287 0.098027 0.955556 0.700000
288 0.097967 0.954444 0.700000
289 0.094962 0.954444 0.700000
290 0.098635 0.953333 0.700000
291 0.100490 0.954444 0.700000
292 0.100711 0.954444 0.700000
293 0.100467 0.954444 0.700000
294 0.101289 0.954444 0.700000
295 0.097236 0.954444 0.700000
296 0.099400 0.954444 0.700000
297 0.095806 0.955556 0.700000
298 0.101622 0.954444 0.700000
299 0.087351 0.955556 0.700000
300 0.091616 0.955556 0.700000
301 0.098670 0.954444 0.700000
302 0.103680 0.954444 0.700000
303 0.100371 0.954444 0.700000
304 0.093546 0.954444 0.700000
305 0.098894 0.954444 0.700000
306 0.099471 0.953333 0.700000
307 0.099168 0.955556 0.700000
308 0.099750 0.955556 0.700000
309 0.102335 0.955556 0.700000
310 0.099735 0.954444 0.700000
311 0.099019 0.954444 0.700000
312 0.095465 0.954444 0.700000
313 0.092465 0.954444 0.700000
314 0.095579 0.955556 0.700000
315 0.091495 0.955556 0.700000
316 0.094628 0.954444 0.700000
317 0.101302 0.954444 0.700000
318 0.098352 0.955556 0.700000
319 0.098013 0.954444 0.700000
320 0.093766 0.954444 0.700000
321 0.094396 0.955556 0.700000
322 0.091797 0.955556 0.700000
323 0.095742 0.954444 0.700000
324 0.093543 0.954444 0.700000
325 0.098896 0.955556 0.700000
326 0.095567 0.954444 0.700000
327 0.104966 0.954444 0.700000
328 0.098438 0.954444 0.700000
329 0.097535 0.954444 0.700000
330 0.095327 0.954444 0.700000
331 0.091495 0.954444 0.700000
332 0.090912 0.955556 0.700000
333 0.085951 0.954444 0.700000
334 0.093981 0.954444 0.700000
335 0.099536 0.954444 0.700000
336 0.098306 0.954444 0.700000
337 0.107109 0.954444 0.700000
338 0.099024 0.954444 0.700000
339 0.091124 0.955556 0.700000
340 0.096428 0.955556 0.700000
341 0.093570 0.955556 0.700000
342 0.096799 0.955556 0.700000
343 0.102681 0.955556 0.700000
344 0.097596 0.955556 0.700000
345 0.094786 0.954444 0.700000
346 0.100050 0.954444 0.700000
347 0.094098 0.955556 0.700000
348 0.098633 0.955556 0.700000
349 0.100732 0.954444 0.700000
350 0.099067 0.955556 0.700000
