1 3.858900 0.663430 0.600000
2 1.344777 0.631068 0.485714
3 1.336884 0.627832 0.428571
4 0.784464 0.757282 0.600000
5 0.738407 0.754045 0.571429
6 0.589275 0.779935 0.628571
7 0.673110 0.779935 0.628571
8 0.522679 0.747573 0.657143
9 0.511902 0.809061 0.542857
10 0.406970 0.834951 0.457143
11 0.407734 0.786408 0.542857
12 0.370882 0.805825 0.628571
13 0.396280 0.880259 0.600000
14 0.346937 0.831715 0.542857
15 0.324591 0.932039 0.542857
16 0.298277 0.838188 0.542857
17 0.357539 0.906149 0.571429
18 0.261563 0.889968 0.571429
19 0.270963 0.909385 0.571429
20 0.213147 0.941748 0.600000
21 0.274599 0.809061 0.571429
22 0.293882 0.961165 0.600000
23 0.125593 0.964401 0.514286
24 0.128433 0.925566 0.657143
25 0.218596 0.970874 0.600000
26 0.142432 0.980583 0.571429
27 0.212473 0.870550 0.600000
28 0.227173 0.867314 0.600000
29 0.240615 0.967638 0.571429
30 0.149159 0.948220 0.628571
31 0.278090 0.899676 0.628571
32 0.137099 0.990291 0.600000
33 0.056930 0.996764 0.628571
34 0.050764 0.996764 0.600000
35 0.048913 0.996764 0.628571
36 0.274461 0.935275 0.571429
37 0.109487 0.996764 0.628571
38 0.084109 0.983819 0.571429
39 0.079912 0.993528 0.600000
40 0.124462 0.983819 0.542857
41 0.093272 0.996764 0.600000
42 0.077855 0.935275 0.571429
43 0.215158 0.828479 0.542857
44 0.307062 0.909385 0.571429
45 0.137592 0.993528 0.628571
46 0.058440 0.990291 0.628571
47 0.044707 0.996764 0.657143
48 0.042200 0.996764 0.657143
49 0.047433 0.996764 0.628571
50 0.040321 0.996764 0.628571
51 0.044555 0.996764 0.628571
52 0.043392 0.996764 0.600000
53 0.035773 0.996764 0.600000
54 0.033980 0.996764 0.628571
55 0.035077 0.996764 0.628571
56 0.035502 0.996764 0.628571
57 0.031246 0.996764 0.628571
58 0.034186 0.996764 0.657143
59 0.031359 0.996764 0.600000
60 0.031718 0.996764 0.600000
61 0.035204 0.996764 0.628571
62 0.032232 0.996764 0.628571
63 0.031839 0.996764 0.600000
64 0.064061 0.983819 0.600000
65 0.085260 0.990291 0.628571
66 0.137766 0.987055 0.600000
67 0.044325 0.996764 0.628571
68 0.037575 0.996764 0.628571
69 0.033573 0.996764 0.600000
70 0.032897 0.996764 0.600000
71 0.035685 0.996764 0.600000
72 0.042558 0.996764 0.514286
73 0.080233 0.993528 0.600000
74 0.070442 0.993528 0.571429
75 0.039539 0.996764 0.571429
76 0.038272 0.996764 0.628571
77 0.033856 0.996764 0.600000
78 0.025162 0.996764 0.600000
79 0.030351 0.996764 0.600000
80 0.031878 0.996764 0.600000
81 0.029624 0.996764 0.600000
82 0.032301 0.987055 0.600000
83 0.140680 0.964401 0.628571
84 0.094387 0.987055 0.571429
85 0.055019 0.996764 0.600000
86 0.036923 0.996764 0.600000
87 0.032069 0.996764 0.600000
88 0.031677 0.996764 0.571429
89 0.031021 0.996764 0.600000
90 0.039073 0.996764 0.600000
91 0.035652 0.996764 0.600000
92 0.031228 0.996764 0.628571
93 0.037696 0.996764 0.571429
94 0.048583 0.961165 0.542857
95 0.303499 0.935275 0.571429
96 0.094450 0.993528 0.542857
97 0.054613 0.996764 0.571429
98 0.038683 0.996764 0.542857
99 0.033956 0.996764 0.542857
100 0.029322 0.996764 0.542857
101 0.025431 0.996764 0.542857
102 0.027447 0.996764 0.542857
103 0.030309 0.996764 0.571429
104 0.026883 0.996764 0.542857
105 0.024197 0.996764 0.542857
106 0.031703 0.996764 0.514286
107 0.029776 0.996764 0.542857
108 0.024921 0.996764 0.571429
109 0.029095 0.996764 0.571429
110 0.027193 0.996764 0.571429
111 0.028280 0.996764 0.571429
112 0.026268 0.996764 0.571429
113 0.026228 0.996764 0.571429
114 0.029397 0.996764 0.542857
115 0.027214 0.996764 0.542857
116 0.025086 0.996764 0.542857
117 0.021597 0.996764 0.542857
118 0.030210 0.996764 0.542857
119 0.035536 0.996764 0.542857
120 0.028704 0.996764 0.571429
121 0.028068 0.996764 0.571429
122 0.021426 0.996764 0.571429
123 0.024047 0.996764 0.542857
124 0.025176 0.996764 0.571429
125 0.022563 0.996764 0.571429
126 0.028069 0.996764 0.542857
127 0.025557 0.996764 0.571429
128 0.022794 0.996764 0.542857
129 0.023444 0.996764 0.571429
130 0.026639 0.996764 0.571429
131 0.023756 0.996764 0.542857
132 0.029126 0.996764 0.571429
133 0.030357 0.996764 0.542857
134 0.029475 0.996764 0.571429
135 0.027040 0.996764 0.571429
136 0.024103 0.996764 0.571429
137 0.027607 0.996764 0.542857
138 0.024717 0.996764 0.571429
139 0.024992 0.996764 0.571429
140 0.024892 0.996764 0.571429
141 0.025097 0.996764 0.571429
142 0.026876 0.996764 0.571429
143 0.025158 0.996764 0.571429
144 0.032251 0.996764 0.542857
145 0.031528 0.996764 0.600000
146 0.024677 0.996764 0.571429
147 0.030686 0.987055 0.600000
148 0.173366 0.954693 0.685714
149 0.099094 0.990291 0.600000
150 0.056452 0.996764 0.600000
151 0.033068 0.996764 0.600000
152 0.025520 0.996764 0.628571
153 0.027909 0.996764 0.600000
154 0.030570 0.996764 0.571429
155 0.028184 0.996764 0.571429
156 0.024371 0.996764 0.600000
157 0.029078 0.993528 0.542857
158 0.027968 0.996764 0.571429
159 0.024038 0.996764 0.571429
160 0.025834 0.996764 0.571429
161 0.025806 0.996764 0.600000
162 0.026369 0.996764 0.600000
163 0.021157 0.996764 0.600000
164 0.021586 0.996764 0.600000
165 0.023325 0.996764 0.571429
166 0.026472 0.996764 0.600000
167 0.024100 0.996764 0.542857
168 0.021208 0.996764 0.542857
169 0.021090 0.996764 0.628571
170 0.020813 0.996764 0.600000
171 0.022522 0.996764 0.542857
172 0.027008 0.996764 0.542857
173 0.027756 0.996764 0.542857
174 0.024941 0.996764 0.542857
175 0.028149 0.996764 0.514286
176 0.020737 0.996764 0.542857
177 0.022374 0.996764 0.542857
178 0.025867 0.996764 0.542857
179 0.022889 0.996764 0.600000
180 0.026872 0.996764 0.571429
181 0.025483 0.996764 0.600000
182 0.019512 0.996764 0.600000
183 0.023066 0.996764 0.542857
184 0.022473 0.996764 0.600000
185 0.021218 0.996764 0.571429
186 0.019548 0.996764 0.542857
187 0.021135 0.996764 0.571429
188 0.020683 0.996764 0.600000
189 0.022268 0.996764 0.571429
190 0.021520 0.996764 0.542857
191 0.023562 0.996764 0.571429
192 0.022601 0.996764 0.571429
193 0.025362 0.996764 0.600000
194 0.023835 0.996764 0.571429
195 0.024040 0.996764 0.571429
196 0.019429 0.996764 0.571429
197 0.021785 0.996764 0.600000
198 0.024201 0.996764 0.600000
199 0.023084 0.996764 0.600000
200 0.017773 0.996764 0.571429
201 0.020742 0.996764 0.628571
202 0.021787 0.996764 0.600000
203 0.022014 0.996764 0.600000
204 0.019726 0.996764 0.600000
205 0.019565 0.996764 0.571429
206 0.019525 0.996764 0.571429
207 0.021328 0.996764 0.571429
208 0.028167 0.996764 0.600000
209 0.020565 0.996764 0.600000
210 0.021842 0.996764 0.600000
211 0.019054 0.996764 0.600000
212 0.023534 0.996764 0.571429
213 0.025233 0.996764 0.600000
214 0.021345 0.996764 0.600000
215 0.020028 0.996764 0.600000
216 0.018528 0.996764 0.571429
217 0.022804 0.996764 0.600000
218 0.020203 0.996764 0.600000
219 0.020711 0.996764 0.600000
220 0.020284 0.996764 0.600000
221 0.018684 0.996764 0.600000
222 0.020059 0.996764 0.600000
223 0.022339 0.996764 0.600000
224 0.019577 0.996764 0.600000
225 0.017626 0.996764 0.600000
226 0.021019 0.996764 0.600000
227 0.019811 0.996764 0.600000
228 0.020098 0.996764 0.600000
229 0.020739 0.996764 0.600000
230 0.022095 0.996764 0.600000
231 0.023758 0.996764 0.600000
232 0.018816 0.996764 0.571429
233 0.019565 0.996764 0.571429
234 0.016157 0.996764 0.571429
235 0.016479 0.996764 0.571429
236 0.019674 0.996764 0.600000
237 0.018825 0.996764 0.600000
238 0.019717 0.996764 0.600000
239 0.021089 0.996764 0.600000
240 0.021451 0.996764 0.571429
241 0.019813 0.996764 0.600000
242 0.018532 0.996764 0.600000
243 0.018416 0.996764 0.600000
244 0.023909 0.996764 0.600000
245 0.019272 0.996764 0.600000
246 0.020270 0.996764 0.571429
247 0.017031 0.996764 0.571429
248 0.020165 0.996764 0.571429
249 0.019987 0.996764 0.571429
250 0.021165 0.996764 0.571429
251 0.019626 0.996764 0.571429
252 0.016751 0.996764 0.571429
253 0.017081 0.996764 0.571429
254 0.019141 0.996764 0.571429
255 0.015033 0.996764 0.571429
256 0.018455 0.996764 0.571429
257 0.017134 0.996764 0.571429
258 0.016426 0.996764 0.571429
259 0.017950 0.996764 0.600000
260 0.017892 0.996764 0.600000
261 0.019480 0.996764 0.600000
262 0.018430 0.996764 0.600000
263 0.018375 0.996764 0.571429
264 0.017224 0.996764 0.571429
265 0.017006 0.996764 0.571429
266 0.017845 0.996764 0.571429
267 0.017911 0.996764 0.571429
268 0.018532 0.996764 0.571429
269 0.018332 0.996764 0.571429
270 0.016463 0.996764 0.571429
271 0.016577 0.996764 0.571429
272 0.018143 0.996764 0.571429
273 0.019114 0.996764 0.600000
274 0.019506 0.996764 0.571429
275 0.017628 0.996764 0.571429
276 0.018480 0.996764 0.628571
277 0.018712 0.996764 0.600000
278 0.017186 0.996764 0.600000
279 0.021304 0.996764 0.600000
280 0.019070 0.996764 0.571429
281 0.020965 0.996764 0.571429
282 0.020187 0.996764 0.600000
283 0.018127 0.996764 0.571429
284 0.016365 0.996764 0.571429
285 0.018286 0.996764 0.600000
286 0.018752 0.996764 0.600000
287 0.019573 0.996764 0.571429
288 0.015758 0.996764 0.600000
289 0.017759 0.996764 0.571429
290 0.019306 0.996764 0.571429
291 0.016670 0.996764 0.571429
292 0.017165 0.996764 0.571429
293 0.019060 0.996764 0.571429
294 0.017879 0.996764 0.600000
295 0.017805 0.996764 0.600000
296 0.015096 0.996764 0.600000
297 0.018378 0.996764 0.600000
298 0.020427 0.996764 0.600000
299 0.015317 0.996764 0.571429
300 0.016730 0.996764 0.571429
301 0.016820 0.996764 0.571429
302 0.017341 0.996764 0.571429
303 0.020999 0.996764 0.571429
304 0.015748 0.996764 0.571429
305 0.018785 0.996764 0.571429
306 0.017474 0.996764 0.571429
307 0.016475 0.996764 0.571429
308 0.017730 0.996764 0.571429
309 0.019397 0.996764 0.571429
310 0.018876 0.996764 0.571429
311 0.018141 0.996764 0.571429
312 0.019410 0.996764 0.571429
313 0.018190 0.996764 0.571429
314 0.015136 0.996764 0.571429
315 0.015129 0.996764 0.571429
316 0.017733 0.996764 0.542857
317 0.019311 0.996764 0.571429
318 0.015861 0.996764 0.542857
319 0.017709 0.996764 0.571429
320 0.017604 0.996764 0.542857
321 0.015459 0.996764 0.571429
322 0.018667 0.996764 0.542857
323 0.017432 0.996764 0.571429
324 0.017523 0.996764 0.571429
325 0.018917 0.996764 0.571429
326 0.019558 0.996764 0.542857
327 0.016385 0.996764 0.571429
328 0.017537 0.996764 0.571429
329 0.017839 0.996764 0.600000
330 0.016382 0.996764 0.571429
331 0.016361 0.996764 0.571429
332 0.015958 0.996764 0.571429
333 0.015943 0.996764 0.571429
334 0.016413 0.996764 0.571429
335 0.017760 0.996764 0.542857
336 0.017807 0.996764 0.542857
337 0.017457 0.996764 0.542857
338 0.015651 0.996764 0.542857
339 0.019928 0.996764 0.542857
340 0.018305 0.996764 0.542857
341 0.016546 0.996764 0.542857
342 0.020272 0.996764 0.542857
343 0.017423 0.996764 0.542857
344 0.017735 0.996764 0.542857
345 0.019570 0.996764 0.542857
346 0.018954 0.996764 0.542857
347 0.019313 0.996764 0.542857
348 0.018846 0.996764 0.542857
349 0.015564 0.996764 0.542857
350 0.018746 0.996764 0.542857
