1 3.318007 0.477185 0.458667
2 1.840980 0.491630 0.458667
3 1.524622 0.487111 0.450667
4 1.386008 0.504000 0.484667
5 1.300261 0.501259 0.467333
6 1.273316 0.508074 0.488667
7 1.125065 0.524741 0.498667
8 1.175462 0.526667 0.496666
9 1.096584 0.531333 0.482000
10 1.084968 0.526889 0.486667
11 1.069269 0.528741 0.491333
12 1.095684 0.534593 0.496000
13 1.043742 0.543852 0.504667
14 0.991730 0.541185 0.499333
15 1.002709 0.540815 0.504000
16 1.021585 0.536222 0.505333
17 1.005313 0.515037 0.467333
18 0.969360 0.549333 0.506000
19 0.968640 0.542889 0.501333
20 0.969798 0.553556 0.507333
21 0.987999 0.547407 0.490667
22 0.998139 0.540222 0.493333
23 0.979956 0.539037 0.482667
24 0.978956 0.544074 0.486667
25 0.979114 0.540519 0.491333
26 0.949662 0.549555 0.485333
27 0.952709 0.546593 0.472000
28 0.946940 0.549407 0.480000
29 0.952582 0.558296 0.508000
30 0.957665 0.552444 0.499333
31 0.955867 0.552963 0.487333
32 0.953126 0.547704 0.493333
33 0.964370 0.554889 0.482667
34 0.966264 0.550148 0.488000
35 0.973246 0.555778 0.494000
36 0.950042 0.546667 0.475333
37 0.957202 0.562741 0.500667
38 0.936482 0.555185 0.505333
39 0.933387 0.563259 0.494000
40 0.944955 0.547704 0.485333
41 0.954098 0.554296 0.481333
42 0.955653 0.561185 0.489333
43 0.944377 0.554667 0.480667
44 0.952082 0.558519 0.476667
45 0.944434 0.554370 0.496000
46 0.954452 0.550963 0.482667
47 0.944120 0.562963 0.489333
48 0.945594 0.558593 0.495333
49 0.969735 0.563481 0.501333
50 0.913792 0.561111 0.487333
51 0.932293 0.571333 0.488667
52 0.909806 0.575111 0.486667
53 0.924217 0.567556 0.481333
54 0.912350 0.574667 0.483333
55 0.920843 0.574741 0.504000
56 0.905367 0.575111 0.488666
57 0.903812 0.570815 0.484000
58 0.905129 0.574963 0.496667
59 0.901568 0.578296 0.480667
60 0.895752 0.578370 0.488000
61 0.901946 0.578222 0.494000
62 0.899337 0.580741 0.490000
63 0.894653 0.581704 0.487333
64 0.892987 0.583111 0.495333
65 0.903396 0.580148 0.483333
66 0.896043 0.576000 0.479333
67 0.892270 0.584371 0.506666
68 0.898753 0.577556 0.490000
69 0.896295 0.578296 0.472667
70 0.894535 0.583185 0.497333
