1 123.143853 0.585556 0.590000
2 41.976829 0.589444 0.595000
3 27.376802 0.731667 0.745000
4 5.598445 0.716667 0.715000
5 7.155536 0.641111 0.625000
6 6.075298 0.682222 0.670000
7 10.856480 0.580556 0.575000
8 6.567317 0.691111 0.670000
9 8.539858 0.617222 0.610000
10 6.504357 0.680000 0.665000
11 3.435941 0.686667 0.675000
12 3.047022 0.712222 0.680000
13 2.962146 0.715556 0.710000
14 2.327367 0.680000 0.660000
15 1.780834 0.783333 0.770000
16 1.161309 0.716667 0.715000
17 2.627145 0.705000 0.715000
18 1.977248 0.730556 0.720000
19 2.605499 0.755556 0.770000
20 2.361153 0.695556 0.695000
21 1.999888 0.741667 0.695000
22 1.455266 0.728889 0.720000
23 1.112839 0.727778 0.730000
24 1.416023 0.688333 0.680000
25 1.369782 0.767778 0.765000
26 1.324338 0.670000 0.725000
27 1.476004 0.711667 0.715000
28 1.401445 0.743333 0.755000
29 0.987990 0.755556 0.725000
30 1.606327 0.763333 0.770000
31 0.839574 0.732778 0.735000
32 1.337206 0.721667 0.715000
33 1.436528 0.545556 0.550000
34 1.083605 0.753333 0.765000
35 0.828245 0.743889 0.760000
36 0.930059 0.728889 0.730000
37 0.889870 0.745000 0.765000
38 1.098230 0.735000 0.740000
39 0.931314 0.745556 0.775000
40 0.801666 0.582778 0.580000
41 0.723697 0.761111 0.740000
42 0.906595 0.751667 0.775000
43 0.813136 0.744444 0.745000
44 0.936438 0.716667 0.715000
45 0.793445 0.737778 0.740000
46 0.768401 0.747222 0.755000
47 0.757450 0.755556 0.760000
48 1.328028 0.765000 0.775000
49 0.894648 0.745556 0.755000
50 1.159761 0.742222 0.740000
51 0.789074 0.773889 0.785000
52 1.248366 0.710556 0.685000
53 0.606395 0.765556 0.785000
54 0.632960 0.709444 0.690000
55 0.681278 0.763333 0.735000
56 0.852256 0.775000 0.760000
57 0.876560 0.743889 0.755000
58 0.615566 0.769444 0.785000
59 0.694296 0.707778 0.680000
60 0.748780 0.692222 0.680000
61 0.891019 0.733333 0.725000
62 0.802225 0.773333 0.755000
63 0.699708 0.768333 0.780000
64 0.656031 0.771111 0.755000
65 0.652125 0.755000 0.775000
66 0.694054 0.753333 0.765000
67 0.729061 0.749444 0.765000
68 0.713669 0.782778 0.775000
69 0.588700 0.754444 0.720000
70 0.642591 0.714444 0.755000
71 0.767769 0.762222 0.785000
72 0.885578 0.774444 0.795000
73 0.756380 0.735000 0.740000
74 0.761310 0.769444 0.785000
75 0.977111 0.748889 0.770000
76 0.706155 0.743889 0.755000
77 0.689038 0.722222 0.725000
78 0.690479 0.782222 0.795000
79 0.588172 0.756667 0.775000
80 0.603867 0.766667 0.790000
81 0.600138 0.781111 0.780000
82 0.605965 0.797778 0.800000
83 0.796103 0.746111 0.760000
84 0.640316 0.743889 0.765000
85 1.101255 0.766667 0.760000
86 0.644879 0.746667 0.755000
87 0.799821 0.741111 0.735000
88 0.872578 0.782778 0.785000
89 0.567362 0.804444 0.830000
90 1.263988 0.807778 0.820000
91 0.692926 0.808889 0.815000
92 0.805286 0.733889 0.735000
93 0.584786 0.803889 0.795000
94 0.741608 0.747222 0.755000
95 0.605394 0.779444 0.775000
96 0.580686 0.802222 0.790000
97 0.547665 0.780556 0.785000
98 0.569658 0.803889 0.790000
99 0.813940 0.804444 0.785000
100 0.550727 0.798889 0.785000
101 0.525178 0.760556 0.760000
102 0.630637 0.754444 0.760000
103 0.606161 0.796667 0.785000
104 0.548625 0.775000 0.790000
105 0.538020 0.775556 0.755000
106 0.545688 0.748889 0.760000
107 0.592120 0.792222 0.785000
108 0.580144 0.742778 0.735000
109 0.525996 0.800556 0.790000
110 0.539360 0.811111 0.780000
111 0.547881 0.749444 0.755000
112 0.539994 0.744444 0.750000
113 0.502829 0.808333 0.790000
114 0.544015 0.746667 0.750000
115 0.552788 0.800556 0.780000
116 0.614073 0.808889 0.795000
117 0.521825 0.774444 0.780000
118 0.568517 0.801111 0.785000
119 0.593804 0.775556 0.770000
120 0.522302 0.806667 0.790000
121 0.547032 0.794444 0.785000
122 0.521899 0.802778 0.810000
123 0.533643 0.795556 0.790000
124 0.529914 0.792778 0.800000
125 0.547439 0.809444 0.790000
126 0.531241 0.795556 0.790000
127 0.563379 0.786667 0.790000
128 0.526338 0.746667 0.750000
129 0.634239 0.811111 0.800000
130 0.552266 0.754444 0.760000
131 0.550430 0.797778 0.790000
132 0.598440 0.773889 0.770000
133 0.524867 0.771111 0.765000
134 0.515817 0.783333 0.780000
135 0.605141 0.771111 0.770000
136 0.544936 0.776667 0.775000
137 0.559215 0.793889 0.760000
138 0.536447 0.785000 0.785000
139 0.571384 0.738333 0.730000
140 0.570728 0.788889 0.790000
141 0.528346 0.811111 0.775000
142 0.569553 0.738889 0.720000
143 0.667445 0.810556 0.785000
144 0.548700 0.762778 0.760000
145 0.551282 0.747778 0.750000
146 0.541748 0.797222 0.805000
147 0.529982 0.797778 0.800000
148 0.548138 0.802222 0.780000
149 0.532071 0.809444 0.810000
150 0.503859 0.803333 0.790000
151 0.517925 0.790000 0.795000
152 0.531938 0.763889 0.760000
153 0.521846 0.811667 0.795000
154 0.520242 0.810000 0.805000
155 0.586577 0.763333 0.760000
156 0.534911 0.811667 0.785000
157 0.499265 0.810556 0.795000
158 0.514579 0.798889 0.805000
159 0.501851 0.811111 0.790000
160 0.517496 0.772222 0.765000
161 0.515386 0.801667 0.800000
162 0.509184 0.768333 0.760000
163 0.533745 0.797778 0.785000
164 0.539766 0.798889 0.800000
165 0.528831 0.802778 0.795000
166 0.526465 0.793889 0.790000
167 0.509327 0.794444 0.800000
168 0.529161 0.797222 0.800000
169 0.510193 0.801667 0.785000
170 0.513477 0.797778 0.790000
171 0.500837 0.790556 0.795000
172 0.511149 0.802778 0.800000
173 0.537077 0.742778 0.750000
174 0.620114 0.802222 0.770000
175 0.567768 0.771111 0.770000
176 0.511408 0.793333 0.800000
177 0.508829 0.751111 0.755000
178 0.639057 0.791667 0.800000
179 0.490129 0.795000 0.800000
180 0.522913 0.788889 0.790000
181 0.510685 0.810556 0.775000
182 0.510058 0.772222 0.775000
183 0.523890 0.794444 0.785000
184 0.504815 0.782222 0.775000
185 0.500144 0.806667 0.775000
186 0.502706 0.807778 0.760000
187 0.559683 0.757778 0.760000
188 0.501563 0.755000 0.765000
189 0.503776 0.807778 0.800000
190 0.507023 0.772222 0.770000
191 0.489815 0.788333 0.790000
192 0.508765 0.747778 0.755000
193 0.522408 0.813889 0.780000
194 0.527583 0.815000 0.785000
195 0.507695 0.809444 0.805000
196 0.502870 0.804444 0.810000
197 0.503162 0.749444 0.750000
198 0.520486 0.791111 0.790000
199 0.515303 0.798333 0.800000
200 0.493467 0.811667 0.780000
201 0.509309 0.768889 0.765000
202 0.506632 0.803333 0.815000
203 0.485255 0.787222 0.790000
204 0.492638 0.795556 0.800000
205 0.504114 0.805000 0.810000
206 0.528175 0.808889 0.810000
207 0.584754 0.797778 0.805000
208 0.505529 0.797222 0.810000
209 0.543874 0.812778 0.810000
210 0.501436 0.755000 0.760000
211 0.502503 0.778333 0.775000
212 0.487989 0.757222 0.760000
213 0.505348 0.788333 0.790000
214 0.490599 0.789444 0.790000
215 0.514302 0.765000 0.760000
216 0.493464 0.794444 0.795000
217 0.485241 0.785556 0.785000
218 0.484781 0.816667 0.810000
219 0.484296 0.801111 0.800000
220 0.490876 0.793333 0.795000
221 0.489770 0.816111 0.815000
222 0.503196 0.773333 0.770000
223 0.499857 0.795000 0.800000
224 0.493927 0.777778 0.770000
225 0.515720 0.757222 0.760000
226 0.504491 0.768889 0.765000
227 0.507805 0.758333 0.765000
228 0.541210 0.792222 0.795000
229 0.494615 0.804444 0.815000
230 0.488785 0.788889 0.795000
231 0.513679 0.753889 0.760000
232 0.493524 0.752778 0.755000
233 0.498057 0.807222 0.815000
234 0.496463 0.815556 0.815000
235 0.505154 0.780000 0.770000
236 0.506893 0.763333 0.765000
237 0.507040 0.783333 0.780000
238 0.512849 0.748333 0.750000
239 0.494923 0.774444 0.765000
240 0.485808 0.755000 0.765000
241 0.484916 0.802222 0.785000
242 0.509402 0.790556 0.800000
243 0.496448 0.816111 0.795000
244 0.483798 0.812222 0.805000
245 0.511848 0.813889 0.810000
246 0.512233 0.817778 0.795000
247 0.501303 0.805556 0.820000
248 0.487665 0.798333 0.810000
249 0.472802 0.775556 0.765000
250 0.514558 0.808889 0.820000
251 0.499394 0.815556 0.805000
252 0.504030 0.795556 0.805000
253 0.484243 0.790556 0.800000
254 0.481509 0.804444 0.790000
255 0.516285 0.786111 0.790000
256 0.480728 0.803889 0.810000
257 0.500147 0.811667 0.790000
258 0.501563 0.800000 0.810000
259 0.485020 0.803889 0.785000
260 0.492528 0.781667 0.770000
261 0.506210 0.791667 0.800000
262 0.493116 0.555000 0.565000
263 0.499588 0.796111 0.795000
264 0.493283 0.783889 0.780000
265 0.488734 0.791667 0.790000
266 0.492289 0.814444 0.805000
267 0.496176 0.818889 0.800000
268 0.494488 0.816667 0.810000
269 0.487867 0.789444 0.790000
270 0.489133 0.816667 0.805000
271 0.489782 0.799444 0.780000
272 0.485854 0.812778 0.805000
273 0.476774 0.767222 0.765000
274 0.493308 0.764444 0.765000
275 0.490661 0.806111 0.815000
276 0.500259 0.776667 0.765000
277 0.483143 0.741667 0.715000
278 0.498494 0.807222 0.790000
279 0.483609 0.791111 0.795000
280 0.495468 0.802778 0.815000
281 0.485874 0.798889 0.800000
282 0.493578 0.773333 0.765000
283 0.483680 0.815556 0.825000
284 0.493756 0.817222 0.805000
285 0.482170 0.769444 0.760000
286 0.486025 0.772222 0.750000
287 0.494312 0.771111 0.765000
288 0.480371 0.774444 0.770000
289 0.489573 0.564444 0.575000
290 0.471562 0.797778 0.805000
291 0.496520 0.765556 0.760000
292 0.480228 0.801667 0.810000
293 0.477955 0.805000 0.785000
294 0.505016 0.784444 0.790000
295 0.492599 0.801667 0.800000
296 0.495214 0.781111 0.775000
297 0.486499 0.790556 0.790000
298 0.479903 0.787222 0.780000
299 0.500957 0.750556 0.745000
300 0.496722 0.811667 0.805000
301 0.479322 0.791111 0.795000
302 0.491071 0.773889 0.775000
303 0.471133 0.812778 0.805000
304 0.485327 0.820000 0.810000
305 0.481692 0.784444 0.785000
306 0.488677 0.807778 0.815000
307 0.484869 0.805000 0.800000
308 0.481317 0.791667 0.800000
309 0.495782 0.793889 0.770000
310 0.489145 0.790000 0.785000
311 0.482863 0.773333 0.770000
312 0.488876 0.791111 0.785000
313 0.483160 0.790000 0.795000
314 0.482473 0.798333 0.795000
315 0.489922 0.768333 0.760000
316 0.478237 0.808333 0.795000
317 0.489264 0.806667 0.810000
318 0.484842 0.798333 0.795000
319 0.489000 0.797222 0.805000
320 0.487911 0.763333 0.750000
321 0.493678 0.797778 0.790000
322 0.487882 0.795000 0.800000
323 0.482700 0.764444 0.765000
324 0.491818 0.773889 0.765000
325 0.472036 0.807222 0.820000
326 0.489349 0.764444 0.765000
327 0.469492 0.645556 0.650000
328 0.479817 0.803333 0.815000
329 0.488199 0.572778 0.565000
330 0.479927 0.802222 0.800000
331 0.484148 0.765556 0.765000
332 0.481358 0.801111 0.795000
333 0.503680 0.806667 0.790000
334 0.480715 0.803889 0.805000
335 0.486028 0.775000 0.765000
336 0.477009 0.768889 0.765000
337 0.472998 0.627778 0.630000
338 0.491642 0.797778 0.795000
339 0.481731 0.796111 0.790000
340 0.480090 0.799444 0.785000
341 0.488032 0.813333 0.810000
342 0.475190 0.815000 0.830000
343 0.473668 0.770000 0.770000
344 0.484382 0.807222 0.815000
345 0.476199 0.801667 0.810000
346 0.467683 0.805556 0.815000
347 0.475277 0.767778 0.770000
348 0.483310 0.808889 0.810000
349 0.480204 0.768333 0.770000
350 0.462502 0.798333 0.805000
