1 8.026996 0.672655 0.729730
2 5.247130 0.728543 0.792793
3 2.953195 0.690619 0.756757
4 3.041510 0.692615 0.783784
5 2.617902 0.751497 0.819820
6 1.646527 0.720559 0.765766
7 2.056467 0.751497 0.774775
8 1.163840 0.744511 0.810811
9 1.151224 0.761477 0.810811
10 1.448637 0.690619 0.747748
11 1.258450 0.723553 0.810811
12 0.957934 0.748503 0.792793
13 0.809493 0.695609 0.729730
14 0.767989 0.756487 0.774775
15 0.679171 0.757485 0.792793
16 0.672776 0.749501 0.783784
17 0.620391 0.724551 0.792793
18 0.662418 0.718563 0.792793
19 0.608288 0.764471 0.774775
20 0.659398 0.701597 0.693694
21 0.753224 0.743513 0.819820
22 0.699345 0.746507 0.792793
23 0.618610 0.754491 0.783784
24 0.618396 0.742515 0.792793
25 0.630704 0.669661 0.702703
26 0.643719 0.720559 0.801802
27 0.591443 0.742515 0.801802
28 0.583190 0.749501 0.801802
29 0.609964 0.737525 0.792793
30 0.570889 0.764471 0.828829
31 0.551218 0.750499 0.792793
32 0.544314 0.771457 0.810811
33 0.545811 0.753493 0.792793
34 0.539523 0.758483 0.828829
35 0.579524 0.694611 0.693694
36 0.537708 0.775449 0.810811
37 0.535297 0.762475 0.792793
38 0.528971 0.769461 0.801802
39 0.534280 0.743513 0.774775
40 0.513707 0.760479 0.774775
41 0.523092 0.769461 0.792793
42 0.531474 0.721557 0.711712
43 0.526489 0.776447 0.801802
44 0.533512 0.762475 0.810811
45 0.518648 0.731537 0.738739
46 0.541564 0.747505 0.783784
47 0.534833 0.774451 0.801802
48 0.526234 0.755489 0.747748
49 0.514506 0.783433 0.765766
50 0.505450 0.748503 0.765766
51 0.502590 0.775449 0.810811
52 0.481558 0.785429 0.792793
53 0.498140 0.790419 0.819820
54 0.483962 0.773453 0.792793
55 0.483712 0.779441 0.783784
56 0.483151 0.773453 0.747748
57 0.483430 0.764471 0.756757
58 0.491311 0.772455 0.774775
59 0.478840 0.796407 0.711712
60 0.487604 0.781437 0.765766
61 0.470230 0.827345 0.783784
62 0.456516 0.813373 0.765766
63 0.461720 0.788423 0.792793
64 0.497433 0.798403 0.801802
65 0.472178 0.798403 0.774775
66 0.483648 0.809381 0.783784
67 0.463473 0.815369 0.765766
68 0.466419 0.782435 0.783784
69 0.456272 0.798403 0.756757
70 0.471649 0.820359 0.747748
71 0.461319 0.785429 0.720721
72 0.445544 0.816367 0.702703
73 0.446544 0.774451 0.756757
74 0.457938 0.790419 0.801802
75 0.494233 0.777445 0.819820
76 0.450390 0.790419 0.810811
77 0.436455 0.809381 0.756757
78 0.443732 0.813373 0.774775
79 0.442227 0.778443 0.774775
80 0.446115 0.808383 0.756757
81 0.458300 0.812375 0.738739
82 0.471824 0.805389 0.783784
83 0.419264 0.774451 0.801802
84 0.458344 0.822355 0.729730
85 0.422025 0.807385 0.729730
86 0.417878 0.817365 0.765766
87 0.415673 0.802395 0.702703
88 0.405848 0.815369 0.693694
89 0.434699 0.802395 0.738739
90 0.430212 0.809381 0.756757
91 0.443294 0.821357 0.747748
92 0.402398 0.808383 0.783784
93 0.428333 0.817365 0.765766
94 0.403855 0.856287 0.729730
95 0.427443 0.825349 0.765766
96 0.407051 0.837325 0.675676
97 0.391698 0.870259 0.729730
98 0.381857 0.840319 0.729730
99 0.424491 0.845309 0.648649
100 0.375547 0.885230 0.684685
101 0.347366 0.831337 0.729730
102 0.338810 0.889222 0.729730
103 0.321569 0.908184 0.711712
104 0.333762 0.880240 0.666667
105 0.312468 0.899202 0.684685
106 0.340523 0.886228 0.693694
107 0.347083 0.904192 0.702703
108 0.308003 0.913174 0.648649
109 0.350415 0.852295 0.720721
110 0.320388 0.906188 0.666667
111 0.311109 0.910180 0.639640
112 0.285673 0.924152 0.684685
113 0.310641 0.909182 0.666667
114 0.318440 0.912176 0.702703
115 0.295848 0.929142 0.693694
116 0.293907 0.933134 0.684685
117 0.261502 0.918164 0.765766
118 0.304255 0.881238 0.756757
119 0.310098 0.917166 0.720721
120 0.300445 0.901198 0.693694
121 0.322325 0.886228 0.657658
122 0.325847 0.901198 0.702703
123 0.283212 0.925150 0.702703
124 0.257078 0.943114 0.675676
125 0.318813 0.867265 0.747748
126 0.285701 0.939122 0.711712
127 0.259358 0.889222 0.774775
128 0.316762 0.931138 0.702703
129 0.275023 0.933134 0.666667
130 0.270851 0.932136 0.711712
131 0.242336 0.931138 0.747748
132 0.250560 0.945110 0.711712
133 0.251217 0.944112 0.702703
134 0.267830 0.925150 0.720721
135 0.272698 0.936128 0.711712
136 0.261798 0.928144 0.729730
137 0.277744 0.906188 0.720721
138 0.248037 0.931138 0.711712
139 0.282704 0.919162 0.666667
140 0.255867 0.945110 0.693694
141 0.239598 0.957086 0.702703
142 0.227531 0.943114 0.693694
143 0.269847 0.863273 0.747748
144 0.297115 0.891218 0.765766
145 0.244907 0.921158 0.720721
146 0.274519 0.935130 0.702703
147 0.274721 0.908184 0.693694
148 0.337227 0.859281 0.747748
149 0.282785 0.909182 0.792793
150 0.246528 0.899202 0.783784
151 0.235955 0.938124 0.738739
152 0.217079 0.925150 0.720721
153 0.199348 0.944112 0.738739
154 0.186832 0.939122 0.756757
155 0.201188 0.958084 0.729730
156 0.201152 0.970060 0.711712
157 0.191109 0.964072 0.720721
158 0.203906 0.968064 0.720721
159 0.179226 0.972056 0.702703
160 0.180906 0.971058 0.711712
161 0.179997 0.976048 0.684685
162 0.182084 0.972056 0.693694
163 0.172788 0.974052 0.693694
164 0.197860 0.974052 0.693694
165 0.184438 0.963074 0.720721
166 0.187471 0.971058 0.720721
167 0.165280 0.968064 0.666667
168 0.165401 0.970060 0.675676
169 0.168700 0.974052 0.693694
170 0.150077 0.978044 0.729730
171 0.170179 0.972056 0.702703
172 0.172102 0.975050 0.675676
173 0.161023 0.974052 0.702703
174 0.151267 0.978044 0.675676
175 0.187707 0.971058 0.666667
176 0.171012 0.977046 0.756757
177 0.153175 0.977046 0.720721
178 0.154593 0.975050 0.675676
179 0.143960 0.978044 0.720721
180 0.168420 0.967066 0.747748
181 0.164185 0.975050 0.702703
182 0.168945 0.970060 0.702703
183 0.146882 0.978044 0.711712
184 0.189445 0.970060 0.702703
185 0.175031 0.982036 0.693694
186 0.161694 0.972056 0.666667
187 0.147787 0.984032 0.693694
188 0.159903 0.980040 0.702703
189 0.155993 0.986028 0.693694
190 0.158141 0.974052 0.720721
191 0.190738 0.971058 0.729730
192 0.160168 0.980040 0.702703
193 0.154559 0.987026 0.711712
194 0.169110 0.979042 0.693694
195 0.166304 0.976048 0.747748
196 0.140834 0.980040 0.693694
197 0.159860 0.979042 0.729730
198 0.159513 0.985030 0.711712
199 0.142158 0.975050 0.720721
200 0.124048 0.989022 0.702703
201 0.130399 0.988024 0.702703
202 0.142497 0.989022 0.675676
203 0.139159 0.990020 0.702703
204 0.142902 0.990020 0.684685
205 0.124430 0.989022 0.693694
206 0.137849 0.986028 0.684685
207 0.129953 0.989022 0.693694
208 0.123977 0.988024 0.666667
209 0.132723 0.985030 0.630631
210 0.123714 0.988024 0.684685
211 0.122956 0.987026 0.666667
212 0.123640 0.987026 0.693694
213 0.124562 0.988024 0.693694
214 0.120138 0.987026 0.684685
215 0.134593 0.990020 0.657658
216 0.130643 0.983034 0.666667
217 0.117894 0.989022 0.666667
218 0.142972 0.979042 0.702703
219 0.139072 0.986028 0.666667
220 0.128305 0.989022 0.684685
221 0.124667 0.988024 0.657658
222 0.126587 0.992016 0.648649
223 0.123250 0.986028 0.666667
224 0.127022 0.990020 0.702703
225 0.125661 0.990020 0.684685
226 0.125587 0.991018 0.693694
227 0.117141 0.991018 0.675676
228 0.119234 0.991018 0.666667
229 0.121919 0.994012 0.684685
230 0.109139 0.992016 0.675676
231 0.124101 0.987026 0.693694
232 0.124396 0.991018 0.684685
233 0.125825 0.991018 0.675676
234 0.126138 0.990020 0.657658
235 0.121209 0.992016 0.657658
236 0.119568 0.991018 0.675676
237 0.114727 0.989022 0.657658
238 0.114233 0.993014 0.693694
239 0.117958 0.992016 0.657658
240 0.118693 0.990020 0.684685
241 0.113798 0.991018 0.648649
242 0.119204 0.991018 0.657658
243 0.114222 0.992016 0.684685
244 0.124001 0.991018 0.657658
245 0.104531 0.991018 0.675676
246 0.110569 0.992016 0.711712
247 0.112638 0.992016 0.666667
248 0.121616 0.989022 0.675676
249 0.114956 0.992016 0.684685
250 0.122559 0.993014 0.693694
251 0.107508 0.993014 0.657658
252 0.097437 0.991018 0.675676
253 0.099077 0.992016 0.684685
254 0.120090 0.993014 0.648649
255 0.105397 0.992016 0.675676
256 0.111888 0.989022 0.675676
257 0.102226 0.991018 0.693694
258 0.096954 0.994012 0.639640
259 0.097368 0.994012 0.639640
260 0.105505 0.990020 0.675676
261 0.117832 0.992016 0.639640
262 0.111489 0.994012 0.666667
263 0.110388 0.992016 0.666667
264 0.106748 0.992016 0.648649
265 0.113243 0.993014 0.648649
266 0.100582 0.994012 0.648649
267 0.105636 0.991018 0.675676
268 0.100943 0.994012 0.612613
269 0.102803 0.994012 0.657658
270 0.102897 0.992016 0.639640
271 0.100300 0.994012 0.693694
272 0.094429 0.993014 0.684685
273 0.100932 0.992016 0.684685
274 0.097853 0.992016 0.684685
275 0.088988 0.992016 0.675676
276 0.101289 0.991018 0.675676
277 0.094048 0.994012 0.666667
278 0.100948 0.993014 0.657658
279 0.098308 0.993014 0.666667
280 0.103885 0.995010 0.675676
281 0.113665 0.994012 0.675676
282 0.108029 0.993014 0.693694
283 0.105885 0.994012 0.684685
284 0.101802 0.993014 0.684685
285 0.089441 0.992016 0.684685
286 0.091673 0.994012 0.648649
287 0.099742 0.994012 0.648649
288 0.110398 0.992016 0.657658
289 0.099873 0.994012 0.657658
290 0.093987 0.995010 0.657658
291 0.098679 0.993014 0.666667
292 0.102516 0.995010 0.675676
293 0.090834 0.993014 0.675676
294 0.095941 0.993014 0.675676
295 0.095006 0.994012 0.657658
296 0.096239 0.994012 0.657658
297 0.110880 0.993014 0.639640
298 0.094747 0.994012 0.675676
299 0.100362 0.993014 0.675676
300 0.093797 0.993014 0.693694
301 0.090695 0.994012 0.666667
302 0.099518 0.994012 0.648649
303 0.089332 0.994012 0.657658
304 0.092850 0.994012 0.666667
305 0.097748 0.994012 0.648649
306 0.093141 0.994012 0.666667
307 0.092950 0.994012 0.648649
308 0.093862 0.992016 0.675676
309 0.093816 0.994012 0.657658
310 0.087545 0.992016 0.666667
311 0.087774 0.995010 0.666667
312 0.090091 0.994012 0.657658
313 0.089126 0.993014 0.684685
314 0.082637 0.994012 0.684685
315 0.087636 0.995010 0.666667
316 0.098694 0.994012 0.657658
317 0.089098 0.994012 0.675676
318 0.088109 0.995010 0.666667
319 0.087055 0.994012 0.657658
320 0.090453 0.994012 0.648649
321 0.089613 0.994012 0.666667
322 0.092386 0.994012 0.657658
323 0.096669 0.995010 0.648649
324 0.085503 0.993014 0.666667
325 0.091059 0.994012 0.648649
326 0.084605 0.995010 0.639640
327 0.094354 0.995010 0.639640
328 0.080837 0.996008 0.630631
329 0.092163 0.994012 0.639640
330 0.091791 0.995010 0.630631
331 0.085139 0.995010 0.621622
332 0.086367 0.994012 0.666667
333 0.083241 0.996008 0.639640
334 0.087040 0.995010 0.657658
335 0.096238 0.994012 0.666667
336 0.085637 0.994012 0.666667
337 0.084602 0.996008 0.675676
338 0.095765 0.995010 0.648649
339 0.090639 0.995010 0.648649
340 0.085817 0.994012 0.666667
341 0.086802 0.996008 0.666667
342 0.086454 0.995010 0.657658
343 0.088540 0.995010 0.657658
344 0.082974 0.995010 0.657658
345 0.088959 0.995010 0.657658
346 0.081552 0.996008 0.648649
347 0.091755 0.994012 0.648649
348 0.085827 0.993014 0.657658
349 0.082750 0.996008 0.657658
350 0.091666 0.996008 0.657658
