1 245.496769 0.278062 0.292000
2 94.938544 0.334297 0.332000
3 65.179090 0.316515 0.292000
4 43.555065 0.458769 0.470000
5 32.670886 0.376084 0.350000
6 29.015993 0.377862 0.386000
7 38.815107 0.356968 0.372000
8 27.155455 0.359635 0.354000
9 20.948592 0.461658 0.444000
10 24.537158 0.384308 0.368000
11 19.168743 0.443654 0.418000
12 17.665509 0.444543 0.424000
13 14.940967 0.440987 0.438000
14 12.127563 0.378751 0.378000
15 16.468173 0.449655 0.452000
16 9.881774 0.396533 0.390000
17 8.862128 0.456990 0.424000
18 7.997287 0.493665 0.490000
19 7.707957 0.414759 0.372000
20 5.327033 0.497666 0.488000
21 5.280733 0.488331 0.470000
22 5.283929 0.393643 0.382000
23 4.890669 0.454101 0.446000
24 4.147022 0.413647 0.412000
25 4.062420 0.468326 0.468000
26 4.434166 0.464770 0.450000
27 4.809767 0.486775 0.470000
28 3.717020 0.370749 0.366000
29 4.058066 0.435875 0.430000
30 3.288329 0.372305 0.364000
31 2.052515 0.494554 0.478000
32 2.716247 0.490331 0.476000
33 2.251739 0.453212 0.436000
34 2.627170 0.397422 0.368000
35 2.342166 0.401423 0.390000
36 2.503213 0.455435 0.432000
37 2.557399 0.375861 0.370000
38 2.933806 0.370527 0.378000
39 2.470957 0.415648 0.424000
40 2.058239 0.507224 0.476000
41 1.883175 0.418537 0.428000
42 2.184307 0.457435 0.444000
43 2.467741 0.454545 0.458000
44 2.103467 0.436986 0.432000
45 2.067570 0.507224 0.488000
46 2.058532 0.437875 0.436000
47 1.927075 0.418537 0.414000
48 1.832550 0.446099 0.444000
49 1.974781 0.389420 0.368000
50 1.645220 0.499444 0.454000
51 1.714228 0.461658 0.426000
52 1.489804 0.479662 0.454000
53 1.524010 0.321849 0.328000
54 1.558626 0.511892 0.476000
55 1.549266 0.469882 0.430000
56 1.678048 0.471216 0.478000
57 1.636036 0.495888 0.490000
58 1.607373 0.509447 0.502000
59 1.597460 0.431207 0.408000
60 1.536364 0.488775 0.468000
61 1.582171 0.424539 0.400000
62 1.804524 0.420760 0.422000
63 1.657854 0.454990 0.430000
64 1.662645 0.432985 0.414000
65 1.521434 0.499444 0.484000
66 1.558222 0.509002 0.494000
67 1.525499 0.475217 0.458000
68 1.538410 0.395199 0.406000
69 1.645457 0.462547 0.442000
70 1.613784 0.470549 0.438000
