1 159.803492 0.521667 0.515000
2 68.891876 0.653889 0.710000
3 33.437824 0.664444 0.630000
4 12.091040 0.682778 0.665000
5 5.056838 0.725556 0.740000
6 12.287595 0.555000 0.570000
7 6.890704 0.760556 0.745000
8 5.902784 0.700556 0.715000
9 3.525665 0.542778 0.560000
10 2.742036 0.725556 0.750000
11 10.363764 0.753333 0.795000
12 3.959891 0.772222 0.795000
13 2.108278 0.732222 0.760000
14 1.823421 0.737778 0.765000
15 1.640968 0.754444 0.755000
16 1.751592 0.712778 0.740000
17 3.095794 0.735556 0.755000
18 7.215756 0.701667 0.755000
19 1.269744 0.738889 0.765000
20 1.477146 0.755556 0.785000
21 2.365082 0.591111 0.590000
22 1.228651 0.730556 0.745000
23 0.958430 0.715556 0.760000
24 1.967110 0.768889 0.790000
25 1.774494 0.761667 0.800000
26 0.998295 0.763333 0.795000
27 0.824984 0.766667 0.805000
28 0.902205 0.762222 0.780000
29 1.046171 0.765000 0.790000
30 0.738563 0.755000 0.750000
31 0.764238 0.716667 0.760000
32 2.054416 0.671111 0.690000
33 2.083335 0.582222 0.570000
34 1.436086 0.765556 0.805000
35 0.784948 0.761667 0.755000
36 0.938471 0.749444 0.800000
37 0.770684 0.735000 0.760000
38 0.953718 0.773333 0.775000
39 1.624512 0.713333 0.750000
40 1.158520 0.748889 0.790000
41 0.933182 0.579444 0.595000
42 0.825714 0.768333 0.770000
43 0.858049 0.700556 0.755000
44 0.929995 0.744444 0.770000
45 1.122426 0.766111 0.810000
46 0.823442 0.771667 0.795000
47 0.811861 0.781111 0.795000
48 0.848789 0.767778 0.795000
49 0.985903 0.657778 0.720000
50 0.954173 0.762222 0.790000
51 0.770403 0.760000 0.795000
52 0.600917 0.671111 0.660000
53 0.593194 0.772778 0.800000
54 0.611106 0.771111 0.795000
55 0.674620 0.757778 0.785000
56 0.657217 0.769444 0.800000
57 0.703594 0.718889 0.760000
58 0.808637 0.782778 0.800000
59 0.832255 0.758889 0.810000
60 0.601875 0.761667 0.790000
61 0.646887 0.723333 0.760000
62 0.752763 0.732222 0.755000
63 0.603043 0.714444 0.745000
64 0.623174 0.773889 0.800000
65 0.682302 0.772778 0.805000
66 0.578368 0.766667 0.820000
67 0.591009 0.786667 0.800000
68 0.632198 0.786111 0.815000
69 0.589655 0.751111 0.780000
70 0.667290 0.782222 0.815000
71 0.620023 0.784444 0.800000
72 0.645699 0.756667 0.775000
73 0.687662 0.740556 0.775000
74 0.673415 0.788333 0.810000
75 0.603193 0.750000 0.775000
76 0.753696 0.765556 0.820000
77 0.720487 0.771111 0.820000
78 0.604488 0.767778 0.820000
79 0.751338 0.747222 0.815000
80 0.642347 0.753333 0.790000
81 0.706888 0.716111 0.730000
82 0.637964 0.762222 0.805000
83 0.661967 0.758333 0.795000
84 0.681203 0.758889 0.805000
85 0.554259 0.783333 0.835000
86 0.626091 0.734444 0.770000
87 0.695243 0.795000 0.825000
88 0.628832 0.748333 0.785000
89 0.598629 0.748333 0.780000
90 0.814449 0.767222 0.815000
91 0.651331 0.787222 0.820000
92 0.626409 0.798889 0.810000
93 0.681497 0.772222 0.835000
94 0.586175 0.790000 0.820000
95 0.569843 0.771111 0.805000
96 0.628839 0.766667 0.810000
97 0.666194 0.769444 0.810000
98 0.633376 0.747778 0.790000
99 0.796895 0.783333 0.820000
100 0.552752 0.783889 0.805000
101 0.567369 0.783889 0.810000
102 0.605019 0.767778 0.805000
103 0.520903 0.779444 0.805000
104 0.542107 0.747778 0.790000
105 0.586033 0.773889 0.805000
106 0.545507 0.743333 0.770000
107 0.698263 0.749444 0.780000
108 0.585666 0.749444 0.790000
109 0.557460 0.756667 0.790000
110 0.523346 0.802222 0.830000
111 0.527716 0.748333 0.790000
112 0.552658 0.756111 0.805000
113 0.541899 0.776667 0.805000
114 0.577444 0.785556 0.815000
115 0.522620 0.745556 0.770000
116 0.529536 0.777222 0.800000
117 0.541292 0.771111 0.800000
118 0.578285 0.773333 0.805000
119 0.645017 0.801111 0.825000
120 0.562203 0.758889 0.805000
121 0.586601 0.796667 0.830000
122 0.562589 0.790000 0.815000
123 0.621631 0.763889 0.805000
124 0.582094 0.787778 0.840000
125 0.552017 0.796667 0.850000
126 0.547398 0.786667 0.800000
127 0.593892 0.759444 0.810000
128 0.577220 0.751111 0.785000
129 0.583373 0.751111 0.785000
130 0.582306 0.795556 0.840000
131 0.604489 0.747222 0.770000
132 0.587186 0.770000 0.805000
133 0.592130 0.795000 0.840000
134 0.598151 0.771667 0.810000
135 0.547658 0.777778 0.810000
136 0.562397 0.797222 0.815000
137 0.625885 0.796111 0.850000
138 0.544480 0.798889 0.845000
139 0.610692 0.784444 0.800000
140 0.553435 0.777778 0.805000
141 0.554220 0.793889 0.845000
142 0.565022 0.778889 0.805000
143 0.533785 0.775556 0.805000
144 0.535032 0.739444 0.760000
145 0.539153 0.795000 0.855000
146 0.592149 0.741667 0.765000
147 0.565860 0.740000 0.760000
148 0.578690 0.798889 0.840000
149 0.552767 0.785556 0.815000
150 0.526102 0.788333 0.815000
151 0.543755 0.778333 0.795000
152 0.541744 0.802222 0.830000
153 0.518298 0.779444 0.805000
154 0.523900 0.796667 0.820000
155 0.507547 0.737778 0.770000
156 0.547031 0.794444 0.830000
157 0.510475 0.754444 0.800000
158 0.520525 0.792778 0.840000
159 0.550549 0.804444 0.845000
160 0.584153 0.738889 0.755000
161 0.576766 0.791111 0.815000
162 0.507647 0.763333 0.805000
163 0.530246 0.792778 0.830000
164 0.518885 0.801111 0.835000
165 0.507951 0.777222 0.805000
166 0.557468 0.755000 0.795000
167 0.518109 0.782778 0.810000
168 0.581497 0.783333 0.800000
169 0.593713 0.761111 0.810000
170 0.543666 0.773889 0.800000
171 0.531853 0.738889 0.755000
172 0.527692 0.756111 0.795000
173 0.518587 0.735000 0.770000
174 0.537300 0.772222 0.815000
175 0.519385 0.765556 0.815000
176 0.513469 0.762222 0.810000
177 0.529624 0.740556 0.770000
178 0.539856 0.789444 0.830000
179 0.522949 0.779444 0.810000
180 0.527168 0.798333 0.815000
181 0.571730 0.797222 0.825000
182 0.526155 0.788889 0.815000
183 0.524633 0.794444 0.825000
184 0.528353 0.728889 0.760000
185 0.616412 0.791667 0.820000
186 0.545773 0.783333 0.795000
187 0.552185 0.760556 0.790000
188 0.531625 0.750000 0.785000
189 0.540017 0.792778 0.800000
190 0.529694 0.745556 0.780000
191 0.532647 0.806667 0.845000
192 0.510732 0.761667 0.805000
193 0.513356 0.768333 0.810000
194 0.518945 0.789444 0.825000
195 0.527991 0.776667 0.795000
196 0.518108 0.793889 0.810000
197 0.511238 0.787778 0.810000
198 0.549271 0.790556 0.820000
199 0.559789 0.777222 0.800000
200 0.509580 0.787778 0.810000
201 0.522293 0.783333 0.815000
202 0.529478 0.802222 0.840000
203 0.552216 0.758333 0.805000
204 0.511863 0.788889 0.825000
205 0.525476 0.782222 0.810000
206 0.516411 0.801111 0.840000
207 0.492471 0.792778 0.820000
208 0.512667 0.742778 0.780000
209 0.516968 0.788333 0.815000
210 0.524747 0.752222 0.800000
211 0.516437 0.738333 0.765000
212 0.503104 0.750556 0.795000
213 0.511372 0.755000 0.790000
214 0.512840 0.782222 0.810000
215 0.527915 0.785000 0.810000
216 0.506752 0.796111 0.845000
217 0.505368 0.758333 0.800000
218 0.500478 0.802222 0.820000
219 0.500818 0.753889 0.800000
220 0.514407 0.757778 0.805000
221 0.509960 0.805556 0.835000
222 0.513341 0.767222 0.805000
223 0.524604 0.785000 0.815000
224 0.519123 0.757778 0.805000
225 0.517743 0.757778 0.805000
226 0.521010 0.796667 0.815000
227 0.504531 0.749444 0.795000
228 0.503542 0.781111 0.805000
229 0.506983 0.772222 0.805000
230 0.500215 0.786111 0.815000
231 0.530746 0.766111 0.810000
232 0.503823 0.757778 0.810000
233 0.505683 0.783889 0.810000
234 0.530861 0.800556 0.830000
235 0.519081 0.798889 0.825000
236 0.506270 0.786111 0.815000
237 0.511910 0.805000 0.810000
238 0.542797 0.796111 0.825000
239 0.504824 0.801111 0.850000
240 0.532018 0.766111 0.810000
241 0.500110 0.782778 0.810000
242 0.502154 0.781111 0.810000
243 0.508698 0.760000 0.810000
244 0.504682 0.782222 0.815000
245 0.506366 0.800000 0.820000
246 0.520682 0.783889 0.815000
247 0.508166 0.775556 0.805000
248 0.516244 0.774444 0.805000
249 0.502048 0.782222 0.810000
250 0.492970 0.781111 0.815000
251 0.496375 0.800556 0.830000
252 0.504017 0.782222 0.805000
253 0.496413 0.770556 0.815000
254 0.491007 0.772778 0.815000
255 0.507118 0.782222 0.820000
256 0.496408 0.786667 0.820000
257 0.498887 0.782222 0.825000
258 0.488794 0.782778 0.815000
259 0.496209 0.790000 0.820000
260 0.501695 0.782222 0.815000
261 0.513259 0.804444 0.820000
262 0.506303 0.796667 0.820000
263 0.494464 0.765556 0.810000
264 0.492169 0.747222 0.785000
265 0.497089 0.803889 0.835000
266 0.486863 0.801667 0.815000
267 0.487748 0.783889 0.810000
268 0.512986 0.781667 0.835000
269 0.485093 0.751667 0.790000
270 0.468565 0.772778 0.815000
271 0.496722 0.790556 0.810000
272 0.482647 0.767778 0.805000
273 0.474398 0.788889 0.820000
274 0.471981 0.805000 0.810000
275 0.480628 0.800000 0.810000
276 0.484251 0.801111 0.820000
277 0.493840 0.770000 0.800000
278 0.475714 0.781111 0.810000
279 0.482291 0.813333 0.820000
280 0.476086 0.820000 0.840000
281 0.488892 0.752778 0.780000
282 0.481066 0.775000 0.800000
283 0.490441 0.807778 0.845000
284 0.478644 0.825556 0.835000
285 0.477785 0.774444 0.800000
286 0.494855 0.816667 0.825000
287 0.469602 0.775556 0.800000
288 0.472861 0.823889 0.835000
289 0.471655 0.796111 0.825000
290 0.466757 0.819444 0.845000
291 0.486045 0.753889 0.790000
292 0.465737 0.826111 0.835000
293 0.467415 0.776111 0.805000
294 0.468005 0.788333 0.810000
295 0.465965 0.820556 0.830000
296 0.475479 0.817778 0.825000
297 0.473092 0.811111 0.825000
298 0.467302 0.820000 0.845000
299 0.479602 0.808889 0.845000
300 0.463810 0.825556 0.845000
301 0.470640 0.803889 0.835000
302 0.465713 0.822222 0.830000
303 0.459196 0.828889 0.840000
304 0.462958 0.824444 0.845000
305 0.458954 0.816111 0.825000
306 0.468328 0.827778 0.840000
307 0.453116 0.830556 0.845000
308 0.474784 0.831111 0.840000
309 0.471932 0.830556 0.840000
310 0.468178 0.829444 0.845000
311 0.452702 0.813889 0.835000
312 0.466931 0.803889 0.845000
313 0.450662 0.830000 0.850000
314 0.444857 0.841667 0.865000
315 0.435121 0.844444 0.860000
316 0.449678 0.816111 0.840000
317 0.447593 0.842778 0.870000
318 0.450032 0.841111 0.860000
319 0.453000 0.844444 0.870000
320 0.449767 0.835556 0.860000
321 0.444395 0.823889 0.840000
322 0.440908 0.811111 0.835000
323 0.455596 0.834444 0.840000
324 0.448427 0.847222 0.875000
325 0.442037 0.844444 0.870000
326 0.433179 0.850556 0.860000
327 0.432533 0.852222 0.875000
328 0.430168 0.850556 0.875000
329 0.438015 0.856111 0.870000
330 0.434173 0.840556 0.855000
331 0.431804 0.846111 0.870000
332 0.422556 0.848333 0.885000
333 0.434478 0.852778 0.870000
334 0.434836 0.830000 0.845000
335 0.459235 0.847778 0.865000
336 0.439767 0.846111 0.865000
337 0.421696 0.848333 0.870000
338 0.442492 0.843333 0.855000
339 0.434501 0.854444 0.875000
340 0.420216 0.856667 0.875000
341 0.431129 0.856667 0.880000
342 0.420046 0.856111 0.875000
343 0.425569 0.843333 0.860000
344 0.418123 0.855556 0.880000
345 0.411096 0.860000 0.875000
346 0.407553 0.850000 0.880000
347 0.416320 0.859444 0.880000
348 0.430718 0.856111 0.875000
349 0.414152 0.855000 0.875000
350 0.394934 0.867778 0.870000
