1 3.249307 0.461481 0.480000
2 1.663982 0.498519 0.486667
3 1.211521 0.498519 0.433333
4 1.362575 0.514815 0.486667
5 1.250250 0.470370 0.453333
6 1.650620 0.493333 0.473333
7 1.341241 0.537037 0.460000
8 1.313229 0.509630 0.420000
9 1.075825 0.536296 0.493333
10 1.152130 0.510370 0.446667
11 1.119175 0.543704 0.500000
12 0.987817 0.545185 0.473333
13 0.981612 0.531111 0.486667
14 1.014421 0.557037 0.473333
15 1.030385 0.540000 0.486667
16 1.063681 0.524444 0.506667
17 1.142115 0.480741 0.406667
18 1.036721 0.554815 0.486667
19 1.015394 0.552593 0.486667
20 0.974353 0.550370 0.493333
21 0.996714 0.548889 0.486667
22 0.968322 0.548889 0.506667
23 0.992287 0.535556 0.513333
24 0.943548 0.548889 0.486667
25 0.989188 0.528889 0.440000
26 0.951564 0.547407 0.466667
27 0.947801 0.545926 0.433333
28 0.944722 0.544444 0.493333
29 0.941573 0.560000 0.513333
30 0.958417 0.554815 0.500000
31 0.975859 0.544444 0.466667
32 0.955463 0.554074 0.460000
33 0.954938 0.563704 0.506667
34 0.930347 0.561481 0.460000
35 0.972537 0.562222 0.506667
36 0.935439 0.537778 0.420000
37 0.931790 0.559259 0.486667
38 0.917545 0.570370 0.526667
39 0.925658 0.562222 0.493333
40 0.951664 0.556296 0.480000
41 0.958013 0.545926 0.440000
42 0.980744 0.562222 0.486667
43 1.002261 0.551852 0.446667
44 0.948220 0.560000 0.480000
45 1.004554 0.566667 0.526667
46 0.979106 0.517778 0.426667
47 0.957598 0.562963 0.493333
48 0.953988 0.562963 0.473333
49 1.055864 0.560741 0.526667
50 0.938750 0.548148 0.453333
51 0.911226 0.575556 0.466667
52 0.924080 0.568148 0.480000
53 0.916093 0.571852 0.466667
54 0.921830 0.574074 0.466667
55 0.930315 0.575556 0.473333
56 0.904029 0.572593 0.453333
57 0.894337 0.565185 0.486667
58 0.918832 0.568889 0.480000
59 0.906440 0.584444 0.513333
60 0.906128 0.552593 0.486667
61 0.904702 0.583704 0.466667
62 0.900595 0.594815 0.466667
63 0.900206 0.582963 0.486667
64 0.890391 0.581481 0.480000
65 0.911612 0.582963 0.480000
66 0.928457 0.571111 0.453333
67 0.893700 0.589630 0.500000
68 0.892439 0.582963 0.473333
69 0.893115 0.573333 0.433333
70 0.884508 0.573333 0.453333
