1 5.691272 0.746222 0.770000
2 2.049760 0.712889 0.708000
3 1.465311 0.725556 0.738000
4 1.248503 0.765333 0.766000
5 1.216731 0.758222 0.750000
6 0.836055 0.768889 0.760000
7 1.163242 0.767333 0.768000
8 0.868551 0.752222 0.742000
9 0.735319 0.738222 0.706000
10 0.664703 0.770000 0.774000
11 0.678122 0.722000 0.684000
12 0.657406 0.752667 0.752000
13 0.596182 0.782667 0.778000
14 0.644235 0.718000 0.728000
15 0.723208 0.782667 0.784000
16 0.629769 0.784222 0.760000
17 0.633190 0.786889 0.768000
18 0.578649 0.751556 0.714000
19 0.564634 0.716444 0.712000
20 0.640236 0.774444 0.754000
21 0.557817 0.791111 0.782000
22 0.550128 0.789556 0.776000
23 0.545600 0.782222 0.760000
24 0.541310 0.785778 0.756000
25 0.560530 0.793778 0.782000
26 0.531096 0.799111 0.770000
27 0.564967 0.779333 0.720000
28 0.559996 0.783333 0.764000
29 0.540673 0.771111 0.754000
30 0.511237 0.810000 0.760000
