1 1.653892 0.726667 0.710000
2 0.812322 0.712222 0.690000
3 0.584391 0.765556 0.700000
4 0.486224 0.766667 0.620000
5 0.465611 0.783333 0.700000
6 0.600276 0.780000 0.660000
7 0.481019 0.798889 0.700000
8 0.457527 0.798889 0.690000
9 0.438194 0.788889 0.710000
10 0.467362 0.800000 0.660000
11 0.442664 0.817778 0.710000
12 0.434549 0.797778 0.680000
13 0.432688 0.800000 0.690000
14 0.420321 0.828889 0.710000
15 0.430954 0.811111 0.730000
16 0.432414 0.818889 0.710000
17 0.404648 0.815556 0.730000
18 0.413449 0.817778 0.700000
19 0.387400 0.830000 0.730000
20 0.397831 0.807778 0.690000
21 0.444011 0.787778 0.720000
22 0.455426 0.831111 0.730000
23 0.407447 0.835556 0.700000
24 0.382878 0.835556 0.700000
25 0.400155 0.814444 0.710000
26 0.401734 0.831111 0.720000
27 0.368518 0.825556 0.720000
28 0.373846 0.836667 0.720000
29 0.378701 0.813333 0.680000
30 0.407895 0.845556 0.680000
31 0.386917 0.851111 0.700000
32 0.369444 0.835556 0.700000
33 0.377538 0.827778 0.690000
34 2.228233 0.771111 0.700000
35 0.642719 0.812222 0.680000
36 0.424465 0.822222 0.670000
37 0.413984 0.817778 0.680000
38 0.396151 0.827778 0.690000
39 0.416586 0.826667 0.700000
40 0.898191 0.813333 0.690000
41 0.472473 0.822222 0.710000
42 0.409928 0.827778 0.690000
43 0.390366 0.830000 0.720000
44 0.383286 0.841111 0.720000
45 0.374978 0.840000 0.710000
46 0.374014 0.838889 0.720000
47 0.377780 0.834444 0.710000
48 0.361647 0.833333 0.700000
49 0.373831 0.834444 0.720000
50 0.342960 0.848889 0.680000
51 0.334304 0.867778 0.700000
52 0.344641 0.864444 0.710000
53 0.340254 0.862222 0.710000
54 0.539271 0.858889 0.720000
55 0.346797 0.857778 0.730000
56 0.331968 0.873333 0.690000
57 0.333418 0.864444 0.690000
58 0.336281 0.877778 0.710000
59 0.321797 0.870000 0.680000
60 0.316534 0.868889 0.700000
61 0.322199 0.870000 0.670000
62 0.314109 0.861111 0.700000
63 0.336583 0.880000 0.680000
64 0.317471 0.883333 0.700000
65 0.303552 0.880000 0.700000
66 0.318330 0.883333 0.680000
67 0.321195 0.874444 0.700000
68 0.312770 0.857778 0.690000
69 0.313840 0.854444 0.720000
70 0.308456 0.875556 0.710000
71 0.305302 0.887778 0.680000
72 0.310197 0.885556 0.710000
73 0.310403 0.867778 0.650000
74 0.312294 0.886667 0.680000
75 0.301409 0.867778 0.690000
76 0.307176 0.873333 0.720000
77 0.294762 0.872222 0.710000
78 0.311963 0.877778 0.670000
79 0.298807 0.875556 0.720000
80 0.302120 0.887778 0.680000
81 0.302438 0.881111 0.700000
82 0.290713 0.891111 0.700000
83 0.307194 0.877778 0.670000
84 0.294851 0.885556 0.680000
85 0.282908 0.901111 0.670000
86 0.303479 0.875556 0.660000
87 0.290905 0.892222 0.670000
88 0.347865 0.893333 0.670000
89 0.308037 0.887778 0.720000
90 0.284086 0.886667 0.640000
91 0.276660 0.894444 0.690000
92 0.281109 0.882222 0.710000
93 0.308966 0.886667 0.680000
94 0.291383 0.904444 0.690000
95 0.290035 0.883333 0.710000
96 0.283216 0.898889 0.700000
97 0.293766 0.891111 0.670000
98 0.285834 0.903333 0.650000
99 0.288745 0.893333 0.690000
100 0.281830 0.896667 0.680000
101 0.258935 0.894444 0.660000
102 0.258310 0.906667 0.660000
103 0.261645 0.911111 0.680000
104 0.275206 0.896667 0.720000
105 0.263334 0.902222 0.690000
106 0.246767 0.897778 0.680000
107 0.252782 0.907778 0.650000
108 0.276074 0.898889 0.670000
109 0.254963 0.904444 0.670000
110 0.245896 0.915556 0.680000
111 0.244237 0.904444 0.700000
112 0.268306 0.910000 0.660000
113 0.251731 0.912222 0.680000
114 0.247476 0.905556 0.670000
115 0.262333 0.912222 0.660000
116 0.266132 0.901111 0.670000
117 0.256626 0.904444 0.690000
118 0.255258 0.901111 0.670000
119 0.249366 0.907778 0.670000
120 0.251677 0.905556 0.650000
121 0.258421 0.905556 0.650000
122 0.246017 0.893333 0.700000
123 0.244178 0.912222 0.660000
124 0.259802 0.906667 0.670000
125 0.239945 0.916667 0.650000
126 0.242633 0.914444 0.640000
127 0.233442 0.917778 0.640000
128 0.242300 0.913333 0.690000
129 0.251065 0.904444 0.680000
130 0.245794 0.912222 0.660000
131 0.243064 0.913333 0.680000
132 0.261737 0.915556 0.650000
133 0.227619 0.918889 0.680000
134 0.250222 0.912222 0.670000
135 0.237035 0.914444 0.690000
136 0.236801 0.913333 0.670000
137 0.231569 0.917778 0.660000
138 0.230555 0.917778 0.670000
139 0.225163 0.921111 0.650000
140 0.240076 0.915556 0.640000
141 0.243523 0.907778 0.660000
142 0.230197 0.924444 0.660000
143 0.236502 0.912222 0.680000
144 0.246076 0.917778 0.690000
145 0.229986 0.918889 0.670000
146 0.238428 0.908889 0.680000
147 0.239304 0.908889 0.680000
148 0.236348 0.923333 0.670000
149 0.248524 0.902222 0.660000
150 0.231216 0.914444 0.640000
151 0.218922 0.924444 0.660000
152 0.222065 0.920000 0.670000
153 0.219909 0.931111 0.670000
154 0.221792 0.924444 0.660000
155 0.215762 0.921111 0.690000
156 0.225888 0.926667 0.670000
157 0.205396 0.930000 0.640000
158 0.211477 0.928889 0.670000
159 0.226598 0.918889 0.660000
160 0.208924 0.926667 0.660000
161 0.222328 0.927778 0.640000
162 0.220824 0.923333 0.690000
163 0.213955 0.927778 0.700000
164 0.211353 0.935556 0.660000
165 0.211796 0.923333 0.680000
166 0.206659 0.932222 0.650000
167 0.210546 0.928889 0.640000
168 0.212946 0.922222 0.680000
169 0.209235 0.924444 0.650000
170 0.214049 0.932222 0.660000
171 0.222364 0.924444 0.660000
172 0.205463 0.931111 0.640000
173 0.198900 0.927778 0.640000
174 0.206399 0.933333 0.640000
175 0.209604 0.923333 0.650000
176 0.211331 0.933333 0.660000
177 0.206658 0.926667 0.640000
178 0.216945 0.926667 0.600000
179 0.213044 0.934444 0.620000
180 0.215938 0.934444 0.640000
181 0.213373 0.934444 0.610000
182 0.203840 0.937778 0.620000
183 0.199998 0.930000 0.650000
184 0.210158 0.930000 0.640000
185 0.197347 0.931111 0.650000
186 0.225142 0.930000 0.640000
187 0.202269 0.934444 0.660000
188 0.197517 0.932222 0.650000
189 0.199598 0.930000 0.650000
190 0.199161 0.940000 0.610000
191 0.203626 0.935556 0.650000
192 0.200805 0.933333 0.640000
193 0.196916 0.935556 0.640000
194 0.209029 0.937778 0.640000
195 0.199307 0.935556 0.650000
196 0.208129 0.934444 0.660000
197 0.211258 0.937778 0.650000
198 0.197324 0.938889 0.650000
199 0.199810 0.935556 0.640000
200 0.196468 0.934444 0.650000
201 0.183014 0.936667 0.640000
202 0.197606 0.940000 0.640000
203 0.192065 0.938889 0.660000
204 0.188027 0.933333 0.650000
205 0.195346 0.938889 0.650000
206 0.194087 0.941111 0.650000
207 0.194075 0.937778 0.630000
208 0.184663 0.938889 0.660000
209 0.199290 0.935556 0.660000
210 0.200531 0.934444 0.650000
211 0.184895 0.936667 0.640000
212 0.194514 0.937778 0.640000
213 0.191751 0.940000 0.650000
214 0.190106 0.936667 0.630000
215 0.182747 0.935556 0.650000
216 0.187559 0.941111 0.640000
217 0.180435 0.941111 0.640000
218 0.194521 0.930000 0.660000
219 0.192662 0.938889 0.640000
220 0.189976 0.941111 0.650000
221 0.185545 0.941111 0.650000
222 0.187041 0.938889 0.620000
223 0.191507 0.938889 0.630000
224 0.192694 0.937778 0.640000
225 0.197716 0.935556 0.630000
226 0.195785 0.938889 0.650000
227 0.179488 0.933333 0.640000
228 0.192949 0.938889 0.640000
229 0.181741 0.940000 0.630000
230 0.190092 0.941111 0.650000
231 0.186291 0.940000 0.640000
232 0.185308 0.941111 0.650000
233 0.184570 0.934444 0.630000
234 0.193011 0.940000 0.640000
235 0.178885 0.935556 0.610000
236 0.186997 0.940000 0.640000
237 0.180882 0.941111 0.620000
238 0.175182 0.938889 0.640000
239 0.192098 0.938889 0.640000
240 0.178858 0.935556 0.620000
241 0.190209 0.936667 0.630000
242 0.187935 0.937778 0.630000
243 0.181258 0.940000 0.630000
244 0.189272 0.937778 0.640000
245 0.183264 0.941111 0.640000
246 0.183724 0.941111 0.640000
247 0.176355 0.938889 0.650000
248 0.187405 0.941111 0.620000
249 0.181654 0.940000 0.650000
250 0.189469 0.940000 0.640000
251 0.180870 0.943333 0.630000
252 0.172488 0.943333 0.640000
253 0.185823 0.943333 0.640000
254 0.176525 0.941111 0.640000
255 0.173625 0.941111 0.620000
256 0.191894 0.934444 0.640000
257 0.174050 0.942222 0.640000
258 0.180537 0.940000 0.630000
259 0.184797 0.940000 0.650000
260 0.179655 0.942222 0.630000
261 0.188923 0.942222 0.620000
262 0.176526 0.942222 0.630000
263 0.177867 0.941111 0.640000
264 0.182999 0.941111 0.610000
265 0.174177 0.941111 0.630000
266 0.186001 0.941111 0.630000
267 0.172301 0.941111 0.630000
268 0.168923 0.943333 0.640000
269 0.177573 0.943333 0.640000
270 0.179530 0.942222 0.630000
271 0.186362 0.942222 0.640000
272 0.177628 0.942222 0.630000
273 0.180468 0.937778 0.620000
274 0.170142 0.941111 0.630000
275 0.175261 0.942222 0.620000
276 0.170209 0.938889 0.640000
277 0.178622 0.942222 0.630000
278 0.172766 0.937778 0.620000
279 0.173990 0.938889 0.630000
280 0.180085 0.942222 0.630000
281 0.179747 0.941111 0.630000
282 0.179852 0.940000 0.640000
283 0.177802 0.943333 0.630000
284 0.187978 0.938889 0.630000
285 0.195263 0.942222 0.620000
286 0.181272 0.943333 0.650000
287 0.189962 0.941111 0.640000
288 0.177870 0.942222 0.640000
289 0.172760 0.941111 0.640000
290 0.177010 0.942222 0.630000
291 0.194831 0.942222 0.630000
292 0.189275 0.941111 0.620000
293 0.180155 0.941111 0.650000
294 0.180799 0.943333 0.650000
295 0.181046 0.941111 0.630000
296 0.174653 0.941111 0.630000
297 0.181175 0.942222 0.630000
298 0.175597 0.941111 0.630000
299 0.181600 0.944444 0.660000
300 0.164177 0.942222 0.630000
301 0.174695 0.943333 0.650000
302 0.180027 0.942222 0.650000
303 0.178881 0.944444 0.640000
304 0.174081 0.944444 0.660000
305 0.179017 0.942222 0.640000
306 0.174858 0.943333 0.620000
307 0.180528 0.943333 0.650000
308 0.177885 0.944444 0.650000
309 0.182786 0.943333 0.630000
310 0.172950 0.943333 0.630000
311 0.169924 0.943333 0.640000
312 0.184961 0.943333 0.640000
313 0.177295 0.942222 0.620000
314 0.175876 0.944444 0.630000
315 0.181815 0.943333 0.620000
316 0.182818 0.943333 0.640000
317 0.160544 0.944444 0.630000
318 0.176020 0.943333 0.630000
319 0.166430 0.943333 0.640000
320 0.181623 0.943333 0.640000
321 0.170029 0.942222 0.620000
322 0.173255 0.942222 0.630000
323 0.179341 0.942222 0.630000
324 0.173928 0.944444 0.630000
325 0.165583 0.943333 0.630000
326 0.176446 0.943333 0.630000
327 0.174349 0.944444 0.620000
328 0.169434 0.944444 0.660000
329 0.172760 0.944444 0.640000
330 0.169031 0.944444 0.640000
331 0.169296 0.943333 0.640000
332 0.176880 0.942222 0.640000
333 0.164419 0.942222 0.640000
334 0.167253 0.944444 0.630000
335 0.163716 0.943333 0.620000
336 0.180303 0.942222 0.630000
337 0.178776 0.942222 0.640000
338 0.172861 0.943333 0.650000
339 0.173976 0.943333 0.640000
340 0.181475 0.943333 0.650000
341 0.171540 0.943333 0.640000
342 0.176846 0.942222 0.640000
343 0.170867 0.943333 0.630000
344 0.178306 0.943333 0.640000
345 0.170541 0.944444 0.630000
346 0.181520 0.943333 0.640000
347 0.170797 0.943333 0.640000
348 0.166967 0.944444 0.640000
349 0.186103 0.945556 0.640000
350 0.177159 0.943333 0.630000
