1 3.303875 0.469481 0.466000
2 1.839987 0.489556 0.455333
3 1.760940 0.490741 0.458667
4 1.522668 0.485556 0.454000
5 1.479917 0.500074 0.468667
6 1.436650 0.485333 0.452000
7 1.277840 0.516741 0.490667
8 1.345196 0.525037 0.498000
9 1.262740 0.524444 0.494000
10 1.154132 0.522444 0.476000
11 1.194071 0.531852 0.496667
12 1.179158 0.535778 0.494000
13 1.082364 0.535259 0.503333
14 1.050607 0.531333 0.496667
15 1.086523 0.538667 0.506000
16 1.096241 0.542741 0.493333
17 1.074597 0.506445 0.462667
18 1.043378 0.538074 0.495333
19 1.018619 0.541111 0.490667
20 1.019008 0.547778 0.500667
21 1.032011 0.548222 0.488667
22 1.008757 0.544667 0.491333
23 0.993578 0.540518 0.490000
24 0.997459 0.552963 0.498667
25 0.983600 0.546593 0.492000
26 0.957054 0.549926 0.494667
27 0.948271 0.555778 0.486667
28 0.943227 0.552667 0.493333
29 0.957302 0.557926 0.500667
30 0.956096 0.558815 0.500667
31 0.959015 0.561630 0.489333
32 0.939903 0.552741 0.498000
33 0.942244 0.561481 0.501333
34 0.952966 0.559481 0.496000
35 0.953582 0.566370 0.506000
36 0.933123 0.556741 0.484667
37 0.932059 0.567259 0.501333
38 0.914677 0.573037 0.504000
39 0.922934 0.568593 0.498000
40 0.931670 0.560370 0.480667
41 0.923270 0.561259 0.492000
42 0.925462 0.566889 0.487333
43 0.924278 0.565852 0.492667
44 0.921623 0.573482 0.489334
45 0.909796 0.571926 0.498667
46 0.916656 0.563629 0.492667
47 0.902595 0.573630 0.497333
48 0.906403 0.575555 0.494667
49 0.917595 0.581926 0.494667
50 0.888218 0.582296 0.488000
51 0.877196 0.584000 0.495333
52 0.871265 0.593111 0.508000
53 0.879877 0.591630 0.502000
54 0.871713 0.594000 0.502667
55 0.867128 0.599407 0.508000
56 0.861763 0.598444 0.506667
57 0.862869 0.595037 0.496667
58 0.868522 0.598889 0.502667
59 0.857840 0.605333 0.492667
60 0.851108 0.605852 0.500667
61 0.854408 0.601556 0.496667
62 0.858812 0.606074 0.502000
63 0.856480 0.606370 0.504667
64 0.843377 0.607259 0.498667
65 0.851474 0.606741 0.500000
66 0.849825 0.605037 0.498000
67 0.849263 0.609111 0.500000
68 0.844870 0.610148 0.497333
69 0.849595 0.609704 0.496000
70 0.838661 0.613259 0.500000
