1 7.275072 0.711778 0.674000
2 1.439016 0.727333 0.720000
3 1.031232 0.708222 0.686000
4 1.132366 0.716000 0.710000
5 1.111236 0.766889 0.726000
6 0.887819 0.738889 0.728000
7 0.869606 0.767333 0.720000
8 0.797216 0.721556 0.708000
9 0.945035 0.778222 0.744000
10 0.658051 0.791556 0.756000
11 0.621491 0.763333 0.744000
12 0.596436 0.767333 0.742000
13 0.577055 0.784222 0.738000
14 0.547828 0.790667 0.750000
15 0.566826 0.775556 0.738000
16 0.562259 0.799333 0.748000
17 0.577145 0.789778 0.740000
18 0.587052 0.762889 0.722000
19 0.556314 0.783111 0.744000
20 0.539084 0.813556 0.770000
21 0.527961 0.781556 0.736000
22 0.726530 0.799111 0.744000
23 0.710605 0.699333 0.686000
24 0.618405 0.781111 0.748000
25 0.575785 0.790444 0.772000
26 0.564606 0.776667 0.724000
27 0.553192 0.781556 0.744000
28 0.535398 0.800667 0.766000
29 0.515357 0.780000 0.742000
30 0.537184 0.796889 0.746000
