1 5.651557 0.696889 0.714000
2 1.706769 0.712000 0.704000
3 1.223185 0.663556 0.668000
4 1.360520 0.721333 0.758000
5 1.159110 0.769778 0.776000
6 0.905830 0.715333 0.708000
7 0.901840 0.758000 0.734000
8 0.814563 0.779556 0.774000
9 0.718541 0.769111 0.742000
10 0.668738 0.723333 0.726000
11 0.678215 0.698000 0.692000
12 0.712990 0.769778 0.758000
13 0.616922 0.754000 0.760000
14 0.648309 0.753111 0.760000
15 0.684792 0.756667 0.776000
16 0.644202 0.777778 0.744000
17 0.585667 0.795111 0.770000
18 0.589145 0.755778 0.726000
19 0.571786 0.712667 0.714000
20 0.635104 0.764222 0.740000
21 0.567522 0.789556 0.788000
22 0.552976 0.780444 0.760000
23 0.529434 0.784444 0.764000
24 0.541307 0.787556 0.778000
25 0.553960 0.797111 0.780000
26 0.526840 0.790222 0.776000
27 0.558460 0.777556 0.748000
28 0.558662 0.797333 0.768000
29 0.541681 0.764000 0.732000
30 0.503045 0.808222 0.768000
