1 373.971161 0.234941 0.232000
2 167.329760 0.340965 0.340000
3 65.729379 0.431874 0.410000
4 27.888222 0.367860 0.372000
5 26.228904 0.426095 0.434000
6 26.403508 0.422538 0.428000
7 27.182288 0.434986 0.438000
8 23.538665 0.392754 0.388000
9 25.439098 0.432541 0.416000
10 14.822110 0.458991 0.448000
11 15.566879 0.399644 0.364000
12 16.328904 0.414314 0.396000
13 12.177079 0.421427 0.414000
14 8.280565 0.440320 0.428000
15 11.066189 0.530785 0.514000
16 10.362674 0.464992 0.442000
17 5.748479 0.437875 0.422000
18 5.679525 0.391420 0.402000
19 6.029844 0.425872 0.414000
20 4.577905 0.419427 0.396000
21 5.637463 0.495221 0.476000
22 3.839435 0.400533 0.378000
23 3.449688 0.513447 0.492000
24 3.729952 0.447210 0.434000
25 3.193979 0.446988 0.442000
26 3.127688 0.465659 0.452000
27 3.611417 0.513670 0.484000
28 2.738923 0.310736 0.294000
29 2.654380 0.457213 0.430000
30 2.566931 0.507002 0.504000
31 2.102437 0.494110 0.490000
32 2.649002 0.494332 0.474000
33 2.315620 0.474994 0.464000
34 2.297971 0.403645 0.388000
35 1.996316 0.387197 0.374000
36 2.052814 0.471216 0.458000
37 2.353800 0.381418 0.372000
38 2.158112 0.502334 0.480000
39 2.058066 0.441431 0.428000
40 1.891692 0.390976 0.370000
41 1.874383 0.451878 0.424000
42 1.866130 0.500556 0.466000
43 1.830973 0.436319 0.414000
44 1.897036 0.442321 0.416000
45 1.956820 0.381640 0.390000
46 2.461771 0.429873 0.396000
47 1.890752 0.402534 0.392000
48 1.800783 0.394310 0.396000
49 2.066745 0.423205 0.398000
50 1.632691 0.427206 0.402000
51 1.538300 0.450989 0.446000
52 1.427423 0.466770 0.452000
53 1.479138 0.469215 0.452000
54 1.478308 0.524783 0.500000
55 1.487804 0.443876 0.408000
56 1.517742 0.491665 0.482000
57 1.537967 0.454545 0.462000
58 1.514113 0.503223 0.484000
59 1.587159 0.477439 0.450000
60 1.482152 0.499222 0.478000
61 1.451572 0.477884 0.440000
62 1.566577 0.424094 0.422000
63 1.504466 0.520782 0.506000
64 1.534821 0.472772 0.436000
65 1.449331 0.489664 0.478000
66 1.553856 0.477884 0.482000
67 1.540998 0.436986 0.428000
68 1.456689 0.472772 0.452000
69 1.466094 0.467659 0.452000
70 1.648791 0.410758 0.410000
