1 1.127223 0.905882 0.777778
2 0.256859 0.964706 0.777778
3 0.313569 0.911765 0.833333
4 0.268682 0.929412 0.722222
5 0.127506 0.952941 0.777778
6 0.104943 0.952941 0.833333
7 0.074289 0.923529 0.722222
8 0.135039 0.770588 0.722222
9 0.079500 0.982353 0.777778
10 0.132194 0.958824 0.777778
11 0.070811 0.958824 0.777778
12 0.037807 1.000000 0.777778
13 0.088466 0.900000 0.722222
14 0.109041 0.994118 0.777778
15 0.046298 0.970588 0.777778
16 0.053901 0.982353 0.777778
17 0.033328 1.000000 0.777778
18 0.022297 0.988235 0.722222
19 0.034934 1.000000 0.777778
20 0.056913 0.982353 0.833333
21 0.046387 0.982353 0.777778
22 0.070345 0.935294 0.777778
23 0.148937 0.982353 0.722222
24 0.151950 0.970588 0.777778
25 0.042274 1.000000 0.777778
26 0.020154 1.000000 0.833333
27 0.020712 1.000000 0.833333
28 0.026381 1.000000 0.833333
29 0.018823 1.000000 0.833333
30 0.026186 0.970588 0.777778
31 0.032770 0.994118 0.777778
32 0.019749 1.000000 0.777778
33 0.024112 1.000000 0.777778
34 0.025117 1.000000 0.777778
35 0.027745 1.000000 0.777778
36 0.019012 1.000000 0.777778
37 0.013688 1.000000 0.777778
38 0.013300 1.000000 0.777778
39 0.017193 1.000000 0.777778
40 0.024332 0.870588 0.777778
41 0.071967 0.958824 0.722222
42 0.046102 0.988235 0.833333
43 0.078291 0.970588 0.722222
44 0.121727 0.988235 0.777778
45 0.024254 1.000000 0.777778
46 0.021450 1.000000 0.777778
47 0.017392 1.000000 0.777778
48 0.017559 1.000000 0.777778
49 0.011861 1.000000 0.833333
50 0.015099 1.000000 0.833333
51 0.010061 1.000000 0.833333
52 0.012184 1.000000 0.833333
53 0.013817 1.000000 0.833333
54 0.010814 1.000000 0.833333
55 0.013870 1.000000 0.833333
56 0.012200 1.000000 0.833333
57 0.010694 1.000000 0.833333
58 0.013367 1.000000 0.833333
59 0.015978 1.000000 0.777778
60 0.010095 1.000000 0.833333
61 0.015400 1.000000 0.833333
62 0.009417 1.000000 0.833333
63 0.009586 1.000000 0.833333
64 0.015510 1.000000 0.833333
65 0.012881 1.000000 0.833333
66 0.012603 1.000000 0.833333
67 0.012724 1.000000 0.833333
68 0.010023 1.000000 0.833333
69 0.010873 1.000000 0.833333
70 0.011661 1.000000 0.833333
