1 7.558919 0.712288 0.669643
2 3.657001 0.616384 0.660714
3 2.771716 0.655345 0.714286
4 2.015484 0.754246 0.732143
5 2.052416 0.762238 0.750000
6 2.173358 0.732268 0.750000
7 1.272365 0.756244 0.758929
8 0.944687 0.740260 0.750000
9 1.032466 0.717283 0.714286
10 0.751641 0.758242 0.723214
11 0.659225 0.729271 0.714286
12 0.698404 0.763237 0.714286
13 0.630863 0.766234 0.758929
14 0.601272 0.767233 0.741071
15 0.607001 0.690310 0.696429
16 0.601510 0.747253 0.741071
17 0.586484 0.717283 0.696429
18 0.602171 0.761239 0.741071
19 0.631607 0.768232 0.750000
20 0.633776 0.774226 0.767857
21 0.553720 0.780220 0.750000
22 0.553865 0.734266 0.723214
23 0.613915 0.751249 0.705357
24 0.611223 0.754246 0.714286
25 0.587474 0.758242 0.741071
26 0.584310 0.759241 0.767857
27 0.571392 0.758242 0.750000
28 0.546768 0.742258 0.723214
29 0.529151 0.756244 0.750000
30 0.520023 0.780220 0.750000
31 0.517899 0.777223 0.750000
32 0.507813 0.785215 0.750000
33 0.511049 0.704296 0.678571
34 0.519324 0.784216 0.758929
35 0.504629 0.791209 0.732143
36 0.493165 0.773227 0.767857
37 0.472009 0.736264 0.696429
38 0.491359 0.792208 0.758929
39 0.489909 0.805195 0.750000
40 0.487963 0.758242 0.669643
41 0.456250 0.743257 0.669643
42 0.463926 0.750250 0.705357
43 0.515573 0.789211 0.687500
44 0.524094 0.787213 0.705357
45 0.475639 0.801199 0.785714
46 0.463942 0.808192 0.767857
47 0.456082 0.804196 0.732143
48 0.478512 0.801199 0.776786
49 0.468634 0.809191 0.714286
50 0.425145 0.815185 0.705357
51 0.391239 0.827173 0.723214
52 0.367914 0.758242 0.660714
53 0.409951 0.857143 0.750000
54 0.404642 0.835165 0.669643
55 0.363829 0.841159 0.705357
56 0.395358 0.853147 0.750000
57 0.341252 0.862138 0.696429
58 0.360325 0.820180 0.687500
59 0.314976 0.857143 0.723214
60 0.336559 0.870130 0.732143
61 0.368242 0.850150 0.660714
62 0.324642 0.839161 0.669643
63 0.313875 0.910090 0.705357
64 0.321765 0.852148 0.669643
65 0.311123 0.897103 0.696429
66 0.281105 0.923077 0.687500
67 0.247035 0.882118 0.741071
68 0.332080 0.881119 0.696429
69 0.326769 0.906094 0.660714
70 0.276012 0.900100 0.696429
71 0.260956 0.923077 0.714286
72 0.300550 0.835165 0.705357
73 0.280211 0.899101 0.642857
74 0.240910 0.923077 0.687500
75 0.277326 0.897103 0.678571
76 0.259512 0.918082 0.732143
77 0.263394 0.929071 0.705357
78 0.231194 0.865135 0.580357
79 0.247745 0.928072 0.642857
80 0.263000 0.803197 0.660714
81 0.429774 0.891109 0.687500
82 0.319684 0.926074 0.714286
83 0.276889 0.914086 0.660714
84 0.261819 0.924076 0.678571
85 0.235748 0.906094 0.625000
86 0.230655 0.945055 0.723214
87 0.202655 0.949051 0.714286
88 0.210913 0.942058 0.714286
89 0.206143 0.933067 0.750000
90 0.176516 0.932068 0.660714
91 0.306364 0.912088 0.669643
92 0.248242 0.917083 0.723214
93 0.235280 0.946054 0.660714
94 0.180896 0.962038 0.687500
95 0.183838 0.861139 0.607143
96 0.202536 0.937063 0.696429
97 0.219717 0.939061 0.696429
98 0.161472 0.970030 0.616071
99 0.215859 0.940060 0.669643
100 0.142510 0.983017 0.633929
101 0.099248 0.985015 0.651786
102 0.103750 0.987013 0.660714
103 0.114290 0.982018 0.642857
104 0.105342 0.981019 0.705357
105 0.108590 0.986014 0.633929
106 0.120901 0.983017 0.678571
107 0.112977 0.988012 0.705357
108 0.084882 0.992008 0.669643
109 0.081343 0.989011 0.660714
110 0.104286 0.988012 0.642857
111 0.100700 0.987013 0.678571
112 0.083632 0.993007 0.678571
113 0.088974 0.987013 0.705357
114 0.131981 0.953047 0.696429
115 0.118631 0.992008 0.669643
116 0.081955 0.983017 0.660714
117 0.092079 0.987013 0.669643
118 0.115174 0.983017 0.678571
119 0.102850 0.996004 0.705357
120 0.079485 0.994006 0.669643
121 0.072668 0.992008 0.705357
122 0.076732 0.995005 0.687500
123 0.064978 0.996004 0.678571
124 0.100700 0.982018 0.669643
125 0.100479 0.990010 0.633929
126 0.078513 0.986014 0.723214
127 0.100751 0.988012 0.669643
128 0.066769 0.996004 0.669643
129 0.137196 0.971029 0.660714
130 0.129690 0.976024 0.696429
131 0.089464 0.995005 0.696429
132 0.065253 0.995005 0.678571
133 0.068337 0.997003 0.669643
134 0.078000 0.993007 0.696429
135 0.077839 0.984016 0.660714
136 0.079778 0.989011 0.696429
137 0.096706 0.988012 0.678571
138 0.087735 0.986014 0.669643
139 0.092362 0.993007 0.678571
140 0.070410 0.997003 0.669643
141 0.102706 0.990010 0.732143
142 0.085376 0.996004 0.660714
143 0.071871 0.996004 0.696429
144 0.057133 0.997003 0.687500
145 0.064789 0.994006 0.660714
146 0.066703 0.998002 0.669643
147 0.060573 0.996004 0.660714
148 0.069665 0.992008 0.669643
149 0.075987 0.993007 0.660714
150 0.047556 0.998002 0.642857
151 0.050427 0.998002 0.678571
152 0.042698 0.998002 0.642857
153 0.043776 0.997003 0.678571
154 0.041112 0.997003 0.651786
155 0.047000 0.997003 0.625000
156 0.039599 0.998002 0.651786
157 0.038591 0.997003 0.660714
158 0.045195 0.998002 0.625000
159 0.049570 0.998002 0.651786
160 0.045742 0.998002 0.651786
161 0.041836 0.998002 0.625000
162 0.046564 0.997003 0.651786
163 0.047673 0.996004 0.678571
164 0.052230 0.997003 0.651786
165 0.049713 0.998002 0.651786
166 0.041737 0.998002 0.678571
167 0.040466 0.998002 0.642857
168 0.034635 0.998002 0.678571
169 0.045383 0.996004 0.651786
170 0.040603 0.998002 0.669643
171 0.038612 0.998002 0.660714
172 0.050682 0.998002 0.678571
173 0.057042 0.995005 0.660714
174 0.080400 0.996004 0.669643
175 0.045620 0.998002 0.651786
176 0.047019 0.997003 0.642857
177 0.040521 0.998002 0.651786
178 0.048628 0.998002 0.651786
179 0.042414 0.998002 0.669643
180 0.050399 0.996004 0.633929
181 0.042469 0.998002 0.651786
182 0.039773 0.998002 0.669643
183 0.037008 0.998002 0.660714
184 0.038893 0.998002 0.651786
185 0.039506 0.998002 0.678571
186 0.036701 0.998002 0.660714
187 0.038832 0.998002 0.669643
188 0.044163 0.996004 0.669643
189 0.046162 0.998002 0.669643
190 0.046233 0.997003 0.705357
191 0.049562 0.997003 0.651786
192 0.048027 0.997003 0.678571
193 0.046823 0.997003 0.696429
194 0.053669 0.995005 0.723214
195 0.059794 0.997003 0.678571
196 0.039912 0.993007 0.642857
197 0.044723 0.997003 0.669643
198 0.041470 0.998002 0.669643
199 0.036545 0.998002 0.651786
200 0.040938 0.998002 0.669643
201 0.032802 0.998002 0.633929
202 0.043249 0.998002 0.669643
203 0.043320 0.998002 0.642857
204 0.034018 0.998002 0.669643
205 0.032014 0.998002 0.696429
206 0.035906 0.998002 0.714286
207 0.031270 0.998002 0.678571
208 0.036494 0.998002 0.696429
209 0.037409 0.998002 0.696429
210 0.036565 0.998002 0.696429
211 0.029027 0.998002 0.669643
212 0.030251 0.998002 0.687500
213 0.040649 0.998002 0.678571
214 0.036292 0.998002 0.705357
215 0.036797 0.998002 0.678571
216 0.036187 0.997003 0.687500
217 0.033749 0.997003 0.678571
218 0.041873 0.998002 0.696429
219 0.039517 0.998002 0.687500
220 0.038044 0.998002 0.705357
221 0.033735 0.998002 0.696429
222 0.034825 0.998002 0.678571
223 0.032988 0.998002 0.714286
224 0.039498 0.997003 0.687500
225 0.041148 0.998002 0.687500
226 0.033285 0.998002 0.678571
227 0.033783 0.998002 0.669643
228 0.032585 0.998002 0.660714
229 0.026455 0.998002 0.678571
230 0.025298 0.998002 0.687500
231 0.039013 0.998002 0.678571
232 0.029316 0.998002 0.696429
233 0.027796 0.998002 0.687500
234 0.033119 0.998002 0.696429
235 0.027748 0.998002 0.687500
236 0.031763 0.998002 0.678571
237 0.027876 0.998002 0.696429
238 0.028384 0.998002 0.687500
239 0.039484 0.998002 0.714286
240 0.033878 0.998002 0.696429
241 0.026355 0.998002 0.705357
242 0.026185 0.998002 0.669643
243 0.023923 0.998002 0.696429
244 0.025311 0.998002 0.696429
245 0.025885 0.998002 0.696429
246 0.028790 0.998002 0.687500
247 0.026875 0.998002 0.696429
248 0.030208 0.998002 0.687500
249 0.023283 0.998002 0.678571
250 0.029990 0.998002 0.687500
251 0.023008 0.998002 0.705357
252 0.022936 0.998002 0.678571
253 0.027797 0.998002 0.678571
254 0.023027 0.998002 0.678571
255 0.025696 0.998002 0.696429
256 0.024421 0.998002 0.696429
257 0.024570 0.998002 0.687500
258 0.024889 0.998002 0.696429
259 0.025769 0.998002 0.678571
260 0.023973 0.998002 0.696429
261 0.028528 0.998002 0.678571
262 0.026307 0.998002 0.678571
263 0.021990 0.998002 0.687500
264 0.023883 0.998002 0.687500
265 0.026891 0.998002 0.678571
266 0.024373 0.998002 0.660714
267 0.026689 0.998002 0.678571
268 0.025653 0.998002 0.687500
269 0.027238 0.998002 0.678571
270 0.020264 0.998002 0.669643
271 0.022518 0.998002 0.669643
272 0.025656 0.998002 0.687500
273 0.023183 0.998002 0.678571
274 0.025422 0.998002 0.669643
275 0.025036 0.998002 0.696429
276 0.022935 0.998002 0.696429
277 0.023902 0.998002 0.678571
278 0.023077 0.998002 0.678571
279 0.035732 0.998002 0.687500
280 0.026756 0.998002 0.660714
281 0.031604 0.998002 0.669643
282 0.024482 0.998002 0.678571
283 0.028416 0.998002 0.678571
284 0.025832 0.998002 0.696429
285 0.065029 0.998002 0.678571
286 0.031392 0.998002 0.705357
287 0.028481 0.998002 0.678571
288 0.024876 0.998002 0.678571
289 0.024368 0.998002 0.678571
290 0.026575 0.998002 0.660714
291 0.024671 0.998002 0.696429
292 0.027335 0.998002 0.687500
293 0.030851 0.998002 0.678571
294 0.024273 0.998002 0.696429
295 0.022842 0.998002 0.669643
296 0.025772 0.998002 0.678571
297 0.023900 0.998002 0.687500
298 0.025537 0.998002 0.687500
299 0.022597 0.998002 0.678571
300 0.024141 0.998002 0.678571
301 0.022386 0.998002 0.696429
302 0.025005 0.998002 0.669643
303 0.023906 0.998002 0.678571
304 0.020272 0.998002 0.696429
305 0.023107 0.998002 0.687500
306 0.025504 0.998002 0.687500
307 0.022919 0.998002 0.696429
308 0.022795 0.998002 0.705357
309 0.022304 0.998002 0.696429
310 0.026633 0.998002 0.687500
311 0.025183 0.998002 0.687500
312 0.020592 0.998002 0.705357
313 0.021631 0.998002 0.705357
314 0.025054 0.998002 0.705357
315 0.025901 0.998002 0.696429
316 0.023772 0.998002 0.687500
317 0.029529 0.998002 0.696429
318 0.021693 0.998002 0.678571
319 0.025421 0.998002 0.678571
320 0.019206 0.998002 0.696429
321 0.022479 0.998002 0.678571
322 0.021262 0.998002 0.678571
323 0.025622 0.998002 0.687500
324 0.019226 0.998002 0.696429
325 0.024650 0.998002 0.687500
326 0.021708 0.998002 0.687500
327 0.020574 0.998002 0.705357
328 0.022567 0.998002 0.696429
329 0.021006 0.998002 0.705357
330 0.020495 0.998002 0.696429
331 0.021081 0.998002 0.705357
332 0.021046 0.998002 0.687500
333 0.022040 0.998002 0.705357
334 0.023389 0.998002 0.696429
335 0.023035 0.998002 0.678571
336 0.021649 0.998002 0.687500
337 0.021803 0.998002 0.696429
338 0.032633 0.998002 0.705357
339 0.024418 0.998002 0.696429
340 0.025721 0.998002 0.696429
341 0.036755 0.998002 0.651786
342 0.020911 0.998002 0.660714
343 0.022155 0.998002 0.696429
344 0.022397 0.998002 0.660714
345 0.022866 0.998002 0.669643
346 0.018438 0.998002 0.669643
347 0.021231 0.998002 0.696429
348 0.023936 0.998002 0.678571
349 0.021421 0.998002 0.669643
350 0.022034 0.998002 0.678571
