1 1.285462 0.905325 0.947368
2 0.225384 0.923077 0.947368
3 0.153941 0.970414 0.947368
4 0.157080 0.946746 0.947368
5 0.137792 0.952663 0.947368
6 0.137460 0.952663 0.894737
7 0.117214 0.982249 0.947368
8 0.060123 1.000000 0.947368
9 0.051269 1.000000 0.894737
10 0.076954 0.976331 0.947368
11 0.031976 0.994083 0.947368
12 0.031436 1.000000 0.947368
13 0.044795 1.000000 0.947368
14 0.062346 0.952663 0.894737
15 0.044402 0.994083 0.947368
16 0.024063 1.000000 0.947368
17 0.027783 1.000000 0.947368
18 0.040556 0.988166 0.947368
19 0.044046 0.958580 0.894737
20 0.046647 1.000000 0.947368
21 0.027003 0.988166 0.947368
22 0.151510 0.934911 0.947368
23 0.071424 1.000000 0.947368
24 0.026537 1.000000 0.947368
25 0.025035 1.000000 0.947368
26 0.017979 1.000000 0.947368
27 0.020387 0.976331 0.894737
28 0.020134 1.000000 0.947368
29 0.018313 1.000000 0.947368
30 0.015084 1.000000 0.947368
31 0.018844 1.000000 0.947368
32 0.015919 1.000000 0.947368
33 0.065015 0.952663 0.894737
34 0.115253 0.863905 0.736842
35 0.030815 1.000000 0.947368
36 0.034135 1.000000 0.894737
37 0.026149 1.000000 0.947368
38 0.061835 0.970414 0.947368
39 0.028703 1.000000 0.947368
40 0.017868 1.000000 0.947368
41 0.016698 1.000000 0.947368
42 0.020971 1.000000 0.947368
43 0.015101 1.000000 0.947368
44 0.018924 1.000000 0.894737
45 0.023748 1.000000 0.947368
46 0.015234 1.000000 0.894737
47 0.014666 1.000000 0.894737
48 0.016563 1.000000 0.947368
49 0.017371 1.000000 0.947368
50 0.011736 1.000000 0.947368
51 0.010686 1.000000 0.947368
52 0.014310 1.000000 0.947368
53 0.014908 1.000000 0.947368
54 0.011135 1.000000 0.947368
55 0.014610 1.000000 0.947368
56 0.013864 1.000000 0.947368
57 0.010947 1.000000 0.947368
58 0.013831 1.000000 0.947368
59 0.012460 1.000000 0.947368
60 0.014306 1.000000 0.947368
61 0.015925 1.000000 0.947368
62 0.011804 1.000000 0.894737
63 0.013202 1.000000 0.894737
64 0.011244 1.000000 0.947368
65 0.011462 1.000000 0.894737
66 0.012488 1.000000 0.947368
67 0.013069 1.000000 0.947368
68 0.017096 1.000000 0.894737
69 0.044496 0.976331 0.894737
70 0.027666 1.000000 0.947368
