1 0.660430 0.075356 0.074600
2 0.140176 0.071956 0.071800
3 0.097701 0.072911 0.067000
4 0.135698 0.062044 0.058800
5 0.130049 0.069022 0.069400
6 0.100371 0.075222 0.072200
7 0.078810 0.076244 0.074200
8 0.070192 0.075111 0.071000
9 0.069510 0.075311 0.071000
10 0.072879 0.073422 0.069200
11 0.064919 0.077044 0.075800
12 0.062644 0.078622 0.075800
13 0.059411 0.078022 0.075600
14 0.057682 0.079378 0.077800
15 0.061345 0.077667 0.074400
16 0.057486 0.075889 0.071200
17 0.057206 0.074156 0.070200
18 0.062753 0.078267 0.074400
19 0.057202 0.076111 0.072600
20 0.056273 0.078333 0.077200
21 0.053105 0.079978 0.077400
22 0.059050 0.076400 0.071600
23 0.057308 0.076378 0.073800
24 0.055598 0.078689 0.080400
25 0.053974 0.080844 0.078400
26 0.055898 0.080044 0.075400
27 0.055480 0.079978 0.078400
28 0.053702 0.080533 0.078600
29 0.051975 0.078022 0.075800
30 0.051514 0.079511 0.075800
31 0.050356 0.080222 0.074800
32 0.050161 0.080022 0.074800
33 0.053707 0.078000 0.074000
34 0.051014 0.080956 0.077400
35 0.049300 0.081089 0.078400
36 0.047803 0.082644 0.080600
37 0.047327 0.080978 0.075400
38 0.051940 0.080822 0.079000
39 0.051781 0.080467 0.073800
40 0.047263 0.082733 0.077600
41 0.049884 0.081067 0.077000
42 0.051479 0.080489 0.073400
43 0.046717 0.081867 0.078600
44 0.051836 0.080289 0.073800
45 0.048725 0.082244 0.079200
46 0.047433 0.082356 0.078800
47 0.048167 0.081778 0.075600
48 0.047302 0.081222 0.074400
49 0.048564 0.080911 0.079400
50 0.045563 0.083289 0.081200
51 0.641804 0.067178 0.069000
52 0.160691 0.062400 0.062200
53 0.164209 0.076000 0.076800
54 0.148275 0.074022 0.074600
55 0.135956 0.072222 0.073000
56 0.091126 0.076289 0.077400
57 0.068965 0.073756 0.075000
58 0.065201 0.078000 0.077600
59 0.060938 0.072333 0.071800
60 0.079581 0.077089 0.076600
61 0.062916 0.078044 0.078800
62 0.060600 0.078400 0.079400
63 0.060834 0.079133 0.081800
64 0.061544 0.077800 0.075800
65 0.059970 0.078133 0.077400
66 0.060645 0.077289 0.078600
67 0.067100 0.079533 0.079000
68 0.056516 0.076378 0.075200
69 0.057785 0.079756 0.078200
70 0.059170 0.080556 0.078800
71 0.057925 0.078644 0.078400
72 0.053446 0.080044 0.078000
73 0.052889 0.080422 0.079000
74 0.052626 0.080711 0.080000
75 0.051346 0.080378 0.078800
76 0.048409 0.081400 0.080800
77 0.051855 0.082156 0.080600
78 0.055696 0.079333 0.079400
79 0.051424 0.079400 0.079200
80 0.051238 0.080978 0.079200
81 0.655387 0.076333 0.076200
82 0.154804 0.073289 0.070600
83 0.089588 0.076156 0.075400
84 0.103237 0.071867 0.073600
85 0.112075 0.075333 0.072800
86 0.085135 0.074800 0.072000
87 0.071419 0.072422 0.070400
88 0.074224 0.074889 0.075600
89 0.072252 0.077244 0.075400
90 0.070371 0.077889 0.075600
91 0.093176 0.076244 0.074800
92 0.072019 0.076533 0.073800
93 0.059287 0.075933 0.073200
94 0.058145 0.077400 0.073800
95 0.054644 0.078044 0.075600
96 0.061440 0.077956 0.075600
97 0.058567 0.078156 0.075800
98 0.055122 0.078822 0.074400
99 0.052590 0.076022 0.074800
100 0.065696 0.076822 0.075600
101 0.057968 0.078289 0.074800
102 0.056574 0.079711 0.076800
103 0.055280 0.077267 0.074800
104 0.052210 0.077622 0.075800
105 0.055241 0.079844 0.076400
106 0.052591 0.078556 0.075000
107 0.054241 0.080111 0.076600
108 0.052000 0.080711 0.074000
109 0.053398 0.076267 0.071400
110 0.051571 0.079422 0.075000
111 0.639895 0.068156 0.070600
112 0.146053 0.064356 0.062200
113 0.152508 0.075089 0.077200
114 0.101362 0.073489 0.073400
115 0.094282 0.075511 0.075400
116 0.091961 0.075644 0.076000
117 0.082035 0.077200 0.076200
118 0.085216 0.073044 0.073600
119 0.062415 0.076578 0.078600
120 0.069861 0.069667 0.069200
121 0.071551 0.077689 0.079600
122 0.063056 0.076844 0.076800
123 0.060878 0.077333 0.076400
124 0.060395 0.078444 0.075600
125 0.056319 0.078978 0.076600
126 0.089073 0.076178 0.075400
127 0.070562 0.076978 0.077800
128 0.058308 0.077667 0.077400
129 0.056411 0.078244 0.077800
130 0.054707 0.078089 0.079000
131 0.056801 0.080089 0.078800
132 0.055047 0.080244 0.078000
133 0.051114 0.079911 0.078400
134 0.054187 0.078089 0.076400
135 0.054703 0.079244 0.078400
136 0.055988 0.078311 0.077400
137 0.055493 0.078289 0.075000
138 0.053713 0.081067 0.080000
139 0.052622 0.077533 0.076600
140 0.052022 0.081044 0.080400
141 0.747310 0.073400 0.070600
142 0.161973 0.073800 0.072200
143 0.140613 0.072444 0.069000
144 0.118722 0.071422 0.069000
145 0.092439 0.073578 0.071000
146 0.094297 0.075489 0.072800
147 0.094898 0.076200 0.072600
148 0.067863 0.078289 0.074400
149 0.071865 0.076978 0.075400
150 0.063226 0.076511 0.074200
151 0.062233 0.078422 0.076800
152 0.057695 0.075933 0.074800
153 0.056279 0.078978 0.073800
154 0.056347 0.077133 0.073600
155 0.057187 0.077956 0.074200
156 0.057508 0.080489 0.076200
157 0.057480 0.080333 0.076000
158 0.057411 0.079133 0.075200
159 0.056217 0.079022 0.074600
160 0.054940 0.079956 0.075600
161 0.054178 0.075511 0.071000
162 0.060159 0.080511 0.075800
163 0.067956 0.074422 0.072200
164 0.059280 0.079422 0.074600
165 0.057885 0.079933 0.077000
166 0.058863 0.076556 0.073400
167 0.054721 0.079311 0.075000
168 0.053248 0.080600 0.077800
169 0.051271 0.076333 0.073000
170 0.053250 0.077756 0.074200
171 0.537880 0.070667 0.068400
172 0.170229 0.068422 0.066600
173 0.127629 0.074956 0.071200
174 0.095028 0.076444 0.075200
175 0.082987 0.076956 0.074600
176 0.089102 0.058044 0.056000
177 0.102436 0.076311 0.074600
178 0.080410 0.075489 0.072200
179 0.068250 0.075778 0.071600
180 0.075423 0.074000 0.069800
181 0.063408 0.072933 0.068000
182 0.068064 0.075200 0.072000
183 0.065748 0.079133 0.073800
184 0.062547 0.077844 0.076000
185 0.061357 0.074933 0.072000
186 0.058920 0.077867 0.074000
187 0.056430 0.079556 0.075600
188 0.056651 0.076311 0.070000
189 0.054406 0.076489 0.073200
190 0.056956 0.080111 0.076800
191 0.055057 0.080000 0.077600
192 0.054963 0.078644 0.074200
193 0.053698 0.080400 0.075000
194 0.052656 0.079867 0.077600
195 0.052277 0.081422 0.080200
196 0.054113 0.079422 0.076400
197 0.052733 0.081356 0.077000
198 0.054373 0.074222 0.071200
199 0.059375 0.076933 0.072800
200 0.051770 0.080822 0.075400
201 0.051210 0.080133 0.075400
202 0.053857 0.080867 0.076400
203 0.054841 0.077978 0.073600
204 0.053864 0.081400 0.076400
205 0.051500 0.081556 0.077200
206 0.049616 0.081867 0.077600
207 0.050339 0.082444 0.079000
208 0.051752 0.080867 0.077200
209 0.049388 0.081333 0.077600
210 0.049441 0.081933 0.077400
211 0.050010 0.081378 0.076400
212 0.056338 0.082044 0.077400
213 0.051368 0.081267 0.076800
214 0.052400 0.082133 0.075400
215 0.050399 0.082711 0.078800
216 0.054312 0.081667 0.079000
217 0.051599 0.082578 0.077000
218 0.050425 0.082667 0.079600
219 0.052404 0.082244 0.075600
220 0.047025 0.082044 0.077000
221 0.603046 0.053511 0.051200
222 0.147956 0.068556 0.069200
223 0.117266 0.076444 0.072600
224 0.090565 0.076222 0.071800
225 0.089599 0.074289 0.074600
226 0.087417 0.077089 0.074600
227 0.071397 0.070133 0.068200
228 0.078646 0.071156 0.072000
229 0.074697 0.078733 0.074400
230 0.063994 0.076867 0.074400
231 0.064670 0.079044 0.074200
232 0.065515 0.077356 0.072200
233 0.062221 0.078467 0.076200
234 0.059733 0.077822 0.075600
235 0.055546 0.079089 0.076400
236 0.059403 0.071911 0.070600
237 0.065040 0.079489 0.075800
238 0.055371 0.080333 0.078000
239 0.058821 0.077756 0.075000
240 0.058720 0.078533 0.075400
241 0.057017 0.080022 0.075400
242 0.058134 0.080622 0.076400
243 0.052576 0.078867 0.075200
244 0.052069 0.079956 0.078600
245 0.053854 0.081200 0.077600
246 0.052741 0.080222 0.076800
247 0.052392 0.081711 0.077400
248 0.052146 0.079556 0.076600
249 0.053978 0.077644 0.075600
250 0.053254 0.081089 0.079200
251 0.624063 0.074511 0.074800
252 0.134173 0.075822 0.075600
253 0.103732 0.071489 0.071800
254 0.102937 0.073400 0.074800
255 0.120738 0.068622 0.067600
256 0.126385 0.074711 0.074400
257 0.081925 0.069978 0.068200
258 0.075259 0.076867 0.076800
259 0.071220 0.070644 0.071000
260 0.138047 0.074778 0.075000
261 0.076699 0.076200 0.075000
262 0.067606 0.077667 0.076000
263 0.066044 0.074022 0.072800
264 0.068694 0.077133 0.076200
265 0.059011 0.077911 0.077000
266 0.058736 0.075422 0.076200
267 0.055668 0.077311 0.078200
268 0.057545 0.078733 0.077000
269 0.056094 0.076178 0.074000
270 0.059938 0.079111 0.078000
271 0.056849 0.078822 0.079200
272 0.056496 0.074889 0.073200
273 0.056848 0.079089 0.079600
274 0.054969 0.079800 0.077600
275 0.052954 0.079578 0.078600
276 0.053259 0.080089 0.078400
277 0.053224 0.079178 0.076200
278 0.056689 0.079600 0.080400
279 0.052154 0.079267 0.076400
280 0.052465 0.077956 0.077400
281 0.569127 0.074622 0.077000
282 0.204976 0.071289 0.070800
283 0.146531 0.072556 0.073800
284 0.124850 0.076533 0.076600
285 0.121673 0.075822 0.075000
286 0.083605 0.076889 0.076000
287 0.116324 0.076733 0.076800
288 0.086855 0.075222 0.074200
289 0.073532 0.073822 0.070600
290 0.066470 0.077000 0.077400
291 0.067812 0.072200 0.068400
292 0.065741 0.075267 0.075200
293 0.059618 0.078267 0.077800
294 0.064423 0.071800 0.072800
295 0.072321 0.078267 0.078400
296 0.062977 0.078422 0.076000
297 0.063319 0.078689 0.076800
298 0.057865 0.075156 0.071400
299 0.056463 0.071644 0.071200
300 0.064024 0.077444 0.075400
301 0.055782 0.079111 0.078200
302 0.055013 0.078956 0.077600
303 0.054560 0.078222 0.076000
304 0.054131 0.078578 0.075600
305 0.056053 0.079378 0.078200
306 0.053110 0.079911 0.077000
307 0.056497 0.077933 0.072000
308 0.056000 0.078333 0.076400
309 0.054067 0.077111 0.075400
310 0.051124 0.081000 0.076000
311 0.658002 0.071844 0.071000
312 0.135122 0.072689 0.071200
313 0.114622 0.056622 0.058400
314 0.124353 0.075356 0.075400
315 0.112947 0.074756 0.074200
316 0.089412 0.074711 0.075000
317 0.135163 0.076800 0.078200
318 0.097740 0.073311 0.072200
319 0.082488 0.076556 0.076000
320 0.070743 0.076133 0.076000
321 0.065827 0.078622 0.079200
322 0.063259 0.078178 0.079200
323 0.062439 0.077911 0.076600
324 0.057002 0.078911 0.076400
325 0.058491 0.078089 0.077000
326 0.058195 0.078689 0.077200
327 0.056485 0.078400 0.076200
328 0.056651 0.079711 0.076800
329 0.054451 0.078978 0.077200
330 0.056911 0.079978 0.078800
331 0.055718 0.078400 0.076600
332 0.057150 0.077867 0.076400
333 0.052647 0.079867 0.077000
334 0.056017 0.076133 0.073400
335 0.057359 0.080200 0.076800
336 0.057040 0.078467 0.076000
337 0.054336 0.079200 0.080000
338 0.052232 0.080244 0.078600
339 0.054571 0.079222 0.077400
340 0.052715 0.080378 0.079000
