1 6.505647 0.724667 0.738000
2 2.273069 0.577333 0.592000
3 1.862863 0.751556 0.758000
4 1.026749 0.772667 0.772000
5 1.033154 0.764222 0.776000
6 1.009835 0.735333 0.728000
7 1.201145 0.712444 0.720000
8 1.137686 0.765778 0.774000
9 0.728071 0.777333 0.778000
10 0.854210 0.698444 0.696000
11 0.852371 0.772222 0.784000
12 0.679465 0.771111 0.780000
13 0.601401 0.788222 0.780000
14 0.587408 0.781556 0.786000
15 0.592439 0.785111 0.782000
16 0.654686 0.779333 0.784000
17 0.821797 0.788667 0.766000
18 0.581161 0.790444 0.802000
19 0.584852 0.748444 0.748000
20 0.565581 0.798889 0.794000
21 0.552275 0.805333 0.808000
22 0.543574 0.807556 0.798000
23 0.530619 0.809778 0.782000
24 0.553788 0.799333 0.772000
25 0.552562 0.802222 0.790000
26 0.544085 0.802000 0.784000
27 0.564843 0.802444 0.794000
28 0.560607 0.810444 0.798000
29 0.543756 0.752444 0.740000
30 0.538215 0.810000 0.792000
