1 0.552947 0.070422 0.069800
2 0.223874 0.072711 0.072200
3 0.150378 0.075844 0.076000
4 0.104881 0.074622 0.073200
5 0.119013 0.074111 0.072800
6 0.088959 0.076333 0.077000
7 0.104333 0.075756 0.075200
8 0.102315 0.071956 0.071400
9 0.083110 0.078378 0.079200
10 0.071550 0.075733 0.074800
11 0.062348 0.078822 0.079600
12 0.063896 0.079111 0.078200
13 0.061931 0.079867 0.078200
14 0.056922 0.078444 0.076000
15 0.071408 0.075422 0.071400
16 0.064319 0.077778 0.076600
17 0.062361 0.079622 0.077200
18 0.055892 0.080844 0.078600
19 0.063333 0.071333 0.073000
20 0.075061 0.079089 0.077600
21 0.057086 0.078244 0.075200
22 0.059839 0.080267 0.077800
23 0.054420 0.079222 0.076200
24 0.057387 0.076822 0.074000
25 0.058566 0.079956 0.077000
26 0.054694 0.080756 0.077400
27 0.053137 0.080533 0.079400
28 0.053723 0.081489 0.076800
29 0.054816 0.080044 0.077600
30 0.055434 0.080000 0.077000
31 0.556106 0.074267 0.075200
32 0.154679 0.073800 0.073400
33 0.128518 0.069867 0.069800
34 0.131746 0.075444 0.076000
35 0.134372 0.074200 0.073400
36 0.102560 0.077800 0.077200
37 0.081771 0.078289 0.076400
38 0.082206 0.074067 0.074200
39 0.104090 0.076911 0.074000
40 0.067550 0.071978 0.072000
41 0.065475 0.074311 0.075400
42 0.069597 0.078244 0.076000
43 0.058804 0.076644 0.077000
44 0.065750 0.076844 0.076400
45 0.062629 0.073511 0.074600
46 0.061014 0.077933 0.075200
47 0.073410 0.079422 0.079600
48 0.065089 0.078178 0.076200
49 0.056130 0.076244 0.075800
50 0.068288 0.075222 0.076600
51 0.072058 0.079556 0.078000
52 0.056857 0.080333 0.077800
53 0.055300 0.077644 0.076600
54 0.057418 0.079311 0.077000
55 0.056163 0.080689 0.078800
56 0.053158 0.080444 0.077000
57 0.057194 0.078489 0.074600
58 0.056475 0.080000 0.075800
59 0.055478 0.076467 0.074800
60 0.053280 0.081133 0.076600
61 0.587718 0.075733 0.075400
62 0.126996 0.074200 0.074200
63 0.126043 0.076933 0.078200
64 0.113340 0.074000 0.075000
65 0.106545 0.069600 0.069000
66 0.094249 0.078289 0.078400
67 0.080845 0.075933 0.078200
68 0.071822 0.074956 0.075400
69 0.066077 0.077667 0.075200
70 0.145608 0.069267 0.065000
71 0.081029 0.078578 0.079000
72 0.064591 0.077422 0.077400
73 0.078866 0.079422 0.081000
74 0.068569 0.076356 0.075600
75 0.062318 0.075200 0.075400
76 0.064703 0.076111 0.075800
77 0.060609 0.077800 0.078000
78 0.060172 0.079333 0.078400
79 0.056563 0.080711 0.079800
80 0.060727 0.080511 0.080400
81 0.059022 0.078844 0.079600
82 0.059122 0.078689 0.078200
83 0.057706 0.080533 0.080200
84 0.052244 0.081178 0.079400
85 0.054161 0.078444 0.074600
86 0.055276 0.081267 0.078600
87 0.055736 0.079889 0.076800
88 0.053052 0.080800 0.080800
89 0.050992 0.079178 0.077000
90 0.052229 0.079289 0.076800
91 0.670046 0.075622 0.074000
92 0.251293 0.072911 0.071800
93 0.137923 0.076467 0.072600
94 0.110586 0.076200 0.073800
95 0.105702 0.077444 0.073600
96 0.106383 0.075178 0.072800
97 0.110909 0.073644 0.070800
98 0.076453 0.077200 0.075200
99 0.082528 0.077156 0.074600
100 0.073542 0.077022 0.073400
101 0.081011 0.071267 0.069800
102 0.072024 0.070244 0.070400
103 0.073071 0.078778 0.075200
104 0.064622 0.079044 0.077200
105 0.058047 0.077200 0.074400
106 0.066399 0.069467 0.068800
107 0.075843 0.078667 0.077600
108 0.058368 0.079044 0.074800
109 0.059793 0.075000 0.072600
110 0.062457 0.079156 0.075800
111 0.057067 0.080356 0.075200
112 0.056395 0.081244 0.078600
113 0.053977 0.078311 0.074600
114 0.053110 0.080956 0.075800
115 0.055439 0.080178 0.075200
116 0.054568 0.079067 0.076000
117 0.054353 0.081400 0.078400
118 0.054105 0.080222 0.078400
119 0.057133 0.076667 0.076400
120 0.053218 0.080978 0.077000
121 0.490545 0.076267 0.073600
122 0.171722 0.073178 0.069600
123 0.128156 0.073756 0.069000
124 0.131316 0.075578 0.072600
125 0.085552 0.075622 0.070600
126 0.085675 0.070800 0.066800
127 0.113746 0.074333 0.072600
128 0.084498 0.077400 0.071000
129 0.067651 0.077511 0.073600
130 0.070150 0.072911 0.070400
131 0.080066 0.071178 0.067600
132 0.083067 0.078578 0.074200
133 0.069909 0.076933 0.074200
134 0.085354 0.076556 0.073000
135 0.070773 0.077378 0.072000
136 0.068006 0.075667 0.073800
137 0.061292 0.078667 0.076000
138 0.057110 0.076444 0.070000
139 0.055493 0.079422 0.074800
140 0.057147 0.076111 0.070600
141 0.058177 0.080111 0.078600
142 0.055780 0.078644 0.073800
143 0.056612 0.079222 0.073600
144 0.055176 0.080200 0.076200
145 0.056909 0.078000 0.076400
146 0.055405 0.081267 0.078200
147 0.054533 0.080467 0.076200
148 0.054938 0.079467 0.074600
149 0.053803 0.077867 0.074400
150 0.056449 0.080400 0.074800
151 0.054737 0.080178 0.076000
152 0.054242 0.080822 0.075600
153 0.056469 0.079000 0.073200
154 0.053702 0.081111 0.076000
155 0.052588 0.080711 0.078400
156 0.052636 0.080356 0.076000
157 0.053364 0.081111 0.080200
158 0.053121 0.080733 0.076400
159 0.050296 0.080644 0.078400
160 0.051619 0.082511 0.078000
161 0.051829 0.081200 0.075200
162 0.051938 0.080600 0.078000
163 0.052354 0.078089 0.075600
164 0.054504 0.082044 0.076000
165 0.051409 0.080911 0.076000
166 0.052534 0.082978 0.077600
167 0.048930 0.083222 0.078200
168 0.051630 0.081089 0.076600
169 0.053992 0.081822 0.076000
170 0.048120 0.083756 0.078800
171 0.543681 0.075822 0.074800
172 0.158522 0.074244 0.071400
173 0.155523 0.070556 0.068600
174 0.118410 0.075178 0.072800
175 0.143347 0.073556 0.068600
176 0.126215 0.073444 0.072400
177 0.132512 0.074356 0.069600
178 0.113907 0.074378 0.069800
179 0.073073 0.078978 0.075800
180 0.071971 0.078133 0.076000
181 0.078342 0.078489 0.076600
182 0.076059 0.077667 0.075000
183 0.067323 0.079489 0.076600
184 0.057376 0.078978 0.075600
185 0.058436 0.080133 0.077600
186 0.059660 0.080089 0.076000
187 0.059759 0.079578 0.074800
188 0.057265 0.079267 0.077400
189 0.058577 0.077244 0.074400
190 0.059326 0.080933 0.077600
191 0.056471 0.076200 0.074200
192 0.061575 0.081311 0.077200
193 0.053969 0.074489 0.071400
194 0.054047 0.078778 0.074400
195 0.054673 0.080622 0.077600
196 0.057641 0.075378 0.073800
197 0.055163 0.080667 0.076800
198 0.054648 0.080911 0.079000
199 0.052431 0.080422 0.077000
200 0.056726 0.079467 0.076200
201 0.650565 0.072467 0.073800
202 0.227307 0.057733 0.059200
203 0.186286 0.075156 0.075800
204 0.102675 0.077267 0.077200
205 0.103315 0.076422 0.077600
206 0.100984 0.073533 0.072800
207 0.120114 0.071244 0.072000
208 0.113769 0.076578 0.077400
209 0.072807 0.077733 0.077800
210 0.085421 0.069844 0.069600
211 0.085237 0.077222 0.078400
212 0.067946 0.077111 0.078000
213 0.060140 0.078822 0.078000
214 0.058741 0.078156 0.078600
215 0.059244 0.078511 0.078200
216 0.065469 0.077933 0.078400
217 0.082180 0.078867 0.076600
218 0.058116 0.079044 0.080200
219 0.058485 0.074844 0.074800
220 0.056558 0.079889 0.079400
221 0.055227 0.080533 0.080800
222 0.054357 0.080756 0.079800
223 0.053062 0.080978 0.078200
224 0.055379 0.079933 0.077200
225 0.055256 0.080222 0.079000
226 0.054409 0.080200 0.078400
227 0.056484 0.080244 0.079400
228 0.056061 0.081044 0.079800
229 0.054376 0.075244 0.074000
230 0.053822 0.081000 0.079200
231 0.643625 0.075333 0.076200
232 0.168005 0.072222 0.072000
233 0.135515 0.076622 0.076600
234 0.096504 0.073533 0.072200
235 0.143363 0.076244 0.074600
236 0.130996 0.073667 0.071000
237 0.099267 0.074733 0.072200
238 0.075328 0.076422 0.076000
239 0.080334 0.077911 0.076200
240 0.072406 0.078267 0.075600
241 0.070394 0.077000 0.075600
242 0.082490 0.076800 0.073800
243 0.064273 0.077067 0.074000
244 0.059892 0.077778 0.074800
245 0.065871 0.078022 0.076000
246 0.086906 0.077378 0.075600
247 0.072302 0.076556 0.075200
248 0.061586 0.077889 0.074400
249 0.057142 0.079156 0.074600
250 0.060841 0.079644 0.077000
251 0.058888 0.080044 0.077800
252 0.057858 0.080067 0.077000
253 0.054889 0.075222 0.072400
254 0.054413 0.078578 0.077000
255 0.055427 0.079956 0.075200
256 0.055897 0.077289 0.074000
257 0.054377 0.080444 0.078000
258 0.053044 0.080333 0.075400
259 0.055435 0.078578 0.075000
260 0.051382 0.080156 0.073600
261 0.538840 0.073556 0.073000
262 0.167107 0.074978 0.074600
263 0.129197 0.072756 0.073400
264 0.108948 0.075422 0.075800
265 0.104797 0.075756 0.076400
266 0.077695 0.077244 0.076800
267 0.080938 0.076511 0.078800
268 0.076096 0.078489 0.078800
269 0.074616 0.077156 0.076800
270 0.072186 0.076644 0.076400
271 0.069071 0.077644 0.079200
272 0.066424 0.077578 0.078400
273 0.065173 0.078444 0.077800
274 0.062671 0.078822 0.078800
275 0.061925 0.074733 0.075400
276 0.074829 0.071778 0.071000
277 0.103271 0.077200 0.076400
278 0.067099 0.077200 0.077400
279 0.070119 0.075111 0.074400
280 0.067994 0.078644 0.077000
281 0.060193 0.078533 0.079400
282 0.055842 0.079933 0.077800
283 0.057307 0.078844 0.076800
284 0.062129 0.076578 0.075200
285 0.055575 0.079556 0.077000
286 0.053151 0.080644 0.080000
287 0.055077 0.081622 0.079600
288 0.053309 0.080333 0.079400
289 0.054985 0.078933 0.076800
290 0.054504 0.080422 0.079000
291 0.556702 0.069689 0.067600
292 0.154601 0.073289 0.070400
293 0.185807 0.076711 0.072200
294 0.133743 0.073844 0.073800
295 0.109514 0.070244 0.068600
296 0.131663 0.072444 0.071800
297 0.089283 0.077933 0.074000
298 0.082701 0.072533 0.067400
299 0.069835 0.077089 0.073200
300 0.070123 0.073467 0.068200
301 0.066009 0.075022 0.071400
302 0.088593 0.072067 0.066800
303 0.073195 0.077533 0.072800
304 0.059721 0.079133 0.079000
305 0.060996 0.076933 0.073800
306 0.060038 0.079378 0.075000
307 0.058778 0.075378 0.069800
308 0.056744 0.078667 0.074800
309 0.056538 0.074800 0.069200
310 0.057456 0.079578 0.079600
311 0.054240 0.079956 0.078000
312 0.060301 0.078022 0.074600
313 0.057692 0.078067 0.073800
314 0.055167 0.079000 0.078000
315 0.054044 0.078711 0.072800
316 0.054484 0.080800 0.077400
317 0.056693 0.080356 0.077800
318 0.054252 0.080800 0.077000
319 0.052844 0.078778 0.074600
320 0.052948 0.079044 0.072800
321 0.052472 0.079844 0.073600
322 0.051567 0.081467 0.075000
323 0.055108 0.078422 0.074000
324 0.051994 0.081800 0.078400
325 0.049991 0.081156 0.079400
