1 3.414379 0.615636 0.543529
2 1.484837 0.644051 0.575630
3 1.325369 0.663104 0.560756
4 1.046544 0.709996 0.595966
5 0.914033 0.722860 0.584370
6 0.792538 0.743199 0.587311
7 0.656990 0.780012 0.607899
8 0.562548 0.793599 0.592941
9 0.502502 0.811365 0.561260
10 0.410817 0.804329 0.566723
11 0.438008 0.835608 0.549412
12 0.422366 0.858864 0.601177
13 0.369274 0.852699 0.625126
14 0.320998 0.871140 0.589916
15 0.299540 0.893764 0.558067
16 0.284754 0.902789 0.587479
17 0.285137 0.913096 0.599076
18 0.269911 0.916344 0.587311
19 0.247284 0.917983 0.595630
20 0.197274 0.934120 0.607479
21 0.222842 0.902470 0.572689
22 0.221788 0.948636 0.613361
23 0.161139 0.946072 0.584706
24 0.184645 0.937971 0.624706
25 0.225717 0.950282 0.598908
26 0.159606 0.964813 0.584706
27 0.170956 0.939575 0.581093
28 0.204601 0.935707 0.613614
29 0.162422 0.967066 0.607647
30 0.136920 0.956702 0.589916
31 0.151942 0.936291 0.616303
32 0.165565 0.959321 0.590084
33 0.107495 0.964164 0.607479
34 0.126297 0.963813 0.584286
35 0.157363 0.946374 0.622101
36 0.172035 0.952835 0.581429
37 0.111419 0.971254 0.624790
38 0.138552 0.964171 0.607227
39 0.146072 0.947331 0.595546
40 0.170320 0.952467 0.584622
41 0.144012 0.968031 0.622353
42 0.140198 0.964781 0.569496
43 0.118435 0.963149 0.592941
44 0.131499 0.975118 0.575546
45 0.088014 0.982248 0.598487
46 0.086570 0.980633 0.598571
47 0.096607 0.979643 0.622017
48 0.077914 0.977370 0.592773
49 0.072981 0.987079 0.624790
50 0.062913 0.991927 0.595882
51 0.047215 0.993863 0.607647
52 0.042527 0.993863 0.595966
53 0.043404 0.994185 0.592941
54 0.043023 0.994185 0.595714
55 0.044865 0.993861 0.590084
56 0.039693 0.994185 0.592857
57 0.038428 0.994185 0.592773
58 0.040032 0.993861 0.595630
59 0.045966 0.993861 0.595630
60 0.041436 0.993538 0.587059
61 0.046094 0.989007 0.590168
62 0.041519 0.994185 0.598739
63 0.039343 0.994185 0.595882
64 0.043753 0.988036 0.587059
65 0.062518 0.987389 0.572773
66 0.058302 0.990949 0.601765
67 0.049865 0.987713 0.621681
68 0.049639 0.991596 0.604370
69 0.046952 0.990949 0.595798
70 0.053185 0.982895 0.578151
71 0.050334 0.989992 0.592689
72 0.062670 0.986442 0.584370
73 0.076077 0.976765 0.592773
74 0.079147 0.989987 0.587059
75 0.060284 0.991922 0.598571
76 0.046716 0.992895 0.609916
77 0.044313 0.989013 0.607311
78 0.051439 0.989659 0.618992
79 0.062308 0.987077 0.604538
80 0.052927 0.991926 0.610252
81 0.047211 0.992571 0.627731
82 0.056226 0.991601 0.607311
83 0.077243 0.975141 0.601512
84 0.080416 0.989666 0.593193
85 0.047721 0.993539 0.610252
86 0.043480 0.987088 0.598739
87 0.050551 0.992894 0.607395
88 0.052381 0.994185 0.607731
89 0.042632 0.993538 0.622185
90 0.057410 0.988038 0.610420
91 0.075001 0.983860 0.604454
92 0.089875 0.979341 0.601933
93 0.092780 0.979344 0.595967
94 0.080123 0.985787 0.598992
95 0.103310 0.981566 0.575630
96 0.081573 0.988700 0.590084
97 0.058314 0.991599 0.595882
98 0.053137 0.980917 0.601765
99 0.097278 0.952225 0.596050
100 0.059609 0.994185 0.598824
101 0.035357 0.994185 0.601933
102 0.036836 0.994185 0.604706
103 0.037103 0.994185 0.610672
104 0.033584 0.994185 0.604706
105 0.033629 0.994185 0.610420
106 0.038045 0.994185 0.610504
107 0.035526 0.994185 0.604538
108 0.032748 0.994185 0.613361
109 0.035521 0.994185 0.607479
110 0.032184 0.994185 0.604622
111 0.034156 0.994185 0.601597
112 0.033312 0.994185 0.604706
113 0.033819 0.994185 0.598824
114 0.036012 0.994185 0.601849
115 0.032538 0.994185 0.607647
116 0.032473 0.994185 0.598739
117 0.034734 0.989992 0.590000
118 0.036749 0.993540 0.601681
119 0.034288 0.994185 0.604538
120 0.035356 0.994185 0.595966
121 0.033966 0.988683 0.598655
122 0.040404 0.993538 0.598739
123 0.039307 0.988683 0.596134
124 0.041494 0.993861 0.598823
125 0.033619 0.994185 0.610336
126 0.034720 0.994185 0.590000
127 0.033009 0.994185 0.613361
128 0.033790 0.994185 0.604538
129 0.035676 0.993217 0.598908
130 0.041584 0.992572 0.589916
131 0.034156 0.994185 0.595798
132 0.034490 0.994185 0.595798
133 0.038557 0.993214 0.595798
134 0.037175 0.991281 0.604706
135 0.037535 0.993862 0.598656
136 0.035451 0.993540 0.589916
137 0.044788 0.988701 0.604706
138 0.039008 0.994185 0.604790
139 0.036831 0.993540 0.598740
140 0.039194 0.990959 0.590084
141 0.041623 0.993863 0.607563
142 0.043327 0.993862 0.590084
143 0.040607 0.993539 0.610756
144 0.037815 0.994185 0.607647
145 0.042412 0.992892 0.601765
146 0.044193 0.987070 0.593109
147 0.048050 0.989332 0.604622
148 0.066408 0.989333 0.598739
149 0.045180 0.993215 0.598992
150 0.036879 0.994185 0.601933
151 0.031379 0.994185 0.613529
152 0.030401 0.994185 0.601681
153 0.029569 0.994185 0.610420
154 0.030283 0.994185 0.601933
155 0.029944 0.994185 0.601933
156 0.029673 0.994185 0.607479
157 0.028149 0.993862 0.604874
158 0.028372 0.994185 0.613361
159 0.028333 0.994185 0.604706
160 0.030588 0.994185 0.598740
161 0.032015 0.994185 0.607563
162 0.029732 0.994185 0.607647
163 0.027902 0.994185 0.604622
164 0.027180 0.994185 0.598823
165 0.030110 0.994185 0.595967
166 0.030164 0.994185 0.590000
167 0.031039 0.994185 0.595967
168 0.028313 0.994185 0.604622
169 0.027853 0.994185 0.604370
170 0.028256 0.994185 0.607479
171 0.028348 0.994185 0.598656
172 0.028927 0.994185 0.590000
173 0.029090 0.994185 0.601765
174 0.030289 0.994185 0.607563
175 0.029957 0.994185 0.595966
176 0.027994 0.994185 0.604622
177 0.025680 0.994185 0.601765
178 0.028083 0.994185 0.604706
179 0.028534 0.994509 0.598656
180 0.031061 0.994185 0.616303
181 0.028608 0.994509 0.613109
182 0.027877 0.994185 0.607563
183 0.025310 0.994185 0.613445
184 0.029165 0.994185 0.616219
185 0.026673 0.994185 0.607395
186 0.026951 0.994509 0.604454
187 0.028274 0.994509 0.598656
188 0.027774 0.994509 0.598655
189 0.026520 0.994509 0.601765
190 0.027836 0.994509 0.598908
191 0.027629 0.994509 0.598824
192 0.028404 0.994509 0.604538
193 0.026869 0.994509 0.604538
194 0.032577 0.991280 0.581513
195 0.038187 0.994509 0.601765
196 0.030279 0.994509 0.604706
197 0.029603 0.994509 0.604538
198 0.028845 0.994186 0.607563
199 0.033214 0.991283 0.596050
200 0.026358 0.994509 0.595967
201 0.025212 0.994509 0.598908
202 0.027227 0.994509 0.593109
203 0.025255 0.994509 0.593025
204 0.025004 0.994509 0.601765
205 0.023655 0.994509 0.598908
206 0.025413 0.994509 0.590168
207 0.025071 0.994509 0.581345
208 0.025262 0.994509 0.587143
209 0.026405 0.994509 0.584370
210 0.024371 0.994509 0.593025
211 0.024471 0.994509 0.601765
212 0.027347 0.994509 0.587227
213 0.024462 0.994509 0.595882
214 0.026482 0.994509 0.598824
215 0.026187 0.994509 0.601681
216 0.023720 0.994509 0.590252
217 0.023685 0.994509 0.587227
218 0.025364 0.994509 0.595882
219 0.025098 0.994509 0.590252
220 0.024716 0.994509 0.584370
221 0.023189 0.994509 0.590168
222 0.026222 0.994509 0.593193
223 0.025612 0.994509 0.593193
224 0.024269 0.994509 0.593025
225 0.024059 0.994509 0.587311
226 0.024661 0.994509 0.581513
227 0.024179 0.994509 0.587311
228 0.025561 0.994509 0.581429
229 0.024722 0.994509 0.590168
230 0.023936 0.994509 0.590252
231 0.026013 0.994509 0.593025
232 0.025562 0.994509 0.581345
233 0.025585 0.994509 0.581261
234 0.022465 0.994509 0.575462
235 0.023149 0.994509 0.598824
236 0.023699 0.994509 0.595799
237 0.025763 0.994509 0.587143
238 0.023643 0.994509 0.592857
239 0.023877 0.994509 0.601765
240 0.025534 0.994509 0.587143
241 0.023868 0.994509 0.587143
242 0.023957 0.994509 0.581176
243 0.021371 0.994185 0.578403
244 0.026303 0.994509 0.598908
245 0.022765 0.994509 0.584286
246 0.025466 0.994509 0.587227
247 0.022497 0.994509 0.587227
248 0.026107 0.994509 0.581345
249 0.023789 0.994509 0.598908
250 0.024137 0.994509 0.595966
251 0.023201 0.994509 0.590168
252 0.020275 0.994509 0.595966
253 0.021091 0.994509 0.590168
254 0.024023 0.994509 0.593025
255 0.021164 0.994509 0.590168
256 0.022278 0.994509 0.595967
257 0.020468 0.994509 0.593025
258 0.021250 0.994509 0.590000
259 0.022860 0.994509 0.601765
260 0.022327 0.994509 0.595882
261 0.024641 0.994509 0.604622
262 0.022640 0.994509 0.598740
263 0.021570 0.994509 0.595883
264 0.021957 0.994509 0.593025
265 0.024688 0.994509 0.590168
266 0.022803 0.994509 0.598740
267 0.023371 0.994509 0.590084
268 0.023459 0.994509 0.593025
269 0.022780 0.994509 0.575378
270 0.020632 0.994509 0.593025
271 0.021907 0.994509 0.590000
272 0.022828 0.994509 0.587059
273 0.023859 0.994509 0.589832
274 0.023484 0.994509 0.595966
275 0.021510 0.994509 0.587143
276 0.022673 0.994509 0.595798
277 0.021710 0.994509 0.592941
278 0.022054 0.994509 0.590000
279 0.023715 0.994509 0.592773
280 0.021314 0.994509 0.587059
281 0.024956 0.994509 0.587059
282 0.024249 0.994509 0.589832
283 0.021417 0.994509 0.584034
284 0.022713 0.994509 0.590000
285 0.022197 0.994509 0.589832
286 0.021100 0.994509 0.595714
287 0.024214 0.994509 0.587143
288 0.021604 0.994509 0.589832
289 0.023066 0.994509 0.584118
290 0.022221 0.994509 0.592941
291 0.022106 0.994509 0.590000
292 0.022667 0.994509 0.581176
293 0.021538 0.994509 0.589916
294 0.022245 0.994509 0.595798
295 0.022600 0.994509 0.592941
296 0.021399 0.994509 0.584118
297 0.023761 0.994509 0.590000
298 0.023634 0.994509 0.593025
299 0.021152 0.994509 0.584370
300 0.022156 0.994509 0.584370
301 0.021739 0.994509 0.584202
302 0.021398 0.994509 0.587227
303 0.023655 0.994509 0.587227
304 0.019045 0.994509 0.581345
305 0.020625 0.994509 0.587143
306 0.020897 0.994509 0.590084
307 0.021839 0.994509 0.590084
308 0.021134 0.994509 0.595882
309 0.022279 0.994509 0.593025
310 0.023595 0.994509 0.598824
311 0.021648 0.994509 0.587143
312 0.021332 0.994509 0.581261
313 0.020940 0.994509 0.590084
314 0.019701 0.994509 0.587059
315 0.021244 0.994509 0.587059
316 0.021453 0.994509 0.592941
317 0.022991 0.994509 0.592773
318 0.020970 0.994509 0.587227
319 0.022961 0.994509 0.592941
320 0.020094 0.994509 0.584286
321 0.021256 0.994509 0.584118
322 0.020626 0.994509 0.581261
323 0.021184 0.994509 0.584118
324 0.022312 0.994509 0.587059
325 0.022425 0.994509 0.589916
326 0.022623 0.994509 0.592941
327 0.020414 0.994509 0.592941
328 0.021503 0.994509 0.589916
329 0.021732 0.994509 0.592857
330 0.021320 0.994509 0.587143
331 0.020426 0.994509 0.593025
332 0.020587 0.994509 0.581261
333 0.020400 0.994509 0.581261
334 0.020930 0.994509 0.587143
335 0.021109 0.994509 0.584286
336 0.021666 0.994509 0.584286
337 0.020507 0.994509 0.590168
338 0.020834 0.994509 0.590084
339 0.021963 0.994509 0.584286
340 0.022452 0.994509 0.575462
341 0.019435 0.994509 0.584118
342 0.022285 0.994509 0.584202
343 0.021686 0.994509 0.581345
344 0.020343 0.994509 0.584202
345 0.021655 0.994509 0.584286
346 0.020755 0.994509 0.590084
347 0.022528 0.994509 0.581345
348 0.021957 0.994509 0.584202
349 0.020589 0.994509 0.581261
350 0.023611 0.994509 0.575462
