1 3.669375 0.634304 0.600000
2 1.224147 0.682848 0.628571
3 1.315604 0.705502 0.542857
4 1.134091 0.656958 0.428571
5 0.917376 0.744337 0.457143
6 1.014686 0.708738 0.400000
7 0.732611 0.822006 0.600000
8 0.494984 0.737864 0.514286
9 0.456953 0.718447 0.542857
10 0.523365 0.825243 0.428571
11 0.372128 0.919094 0.485714
12 0.303794 0.889968 0.457143
13 0.307506 0.899676 0.428571
14 0.262347 0.951456 0.457143
15 0.283924 0.789644 0.457143
16 0.387035 0.873786 0.457143
17 0.203698 0.951456 0.485714
18 0.210333 0.935275 0.485714
19 0.250654 0.919094 0.428571
20 0.162639 0.967638 0.542857
21 0.225108 0.902913 0.457143
22 0.163086 0.977346 0.514286
23 0.089787 0.961165 0.485714
24 0.126853 0.925566 0.457143
25 0.213707 0.902913 0.371429
26 0.138973 0.964401 0.457143
27 0.131316 0.980583 0.485714
28 0.113334 0.802589 0.371429
29 0.171339 0.993528 0.542857
30 0.091317 0.964401 0.514286
31 0.307770 0.957929 0.428571
32 0.179888 0.944984 0.485714
33 0.133777 0.980583 0.457143
34 0.102078 0.987055 0.514286
35 0.092638 0.980583 0.542857
36 0.108904 0.980583 0.457143
37 0.098511 0.967638 0.485714
38 0.071312 0.993528 0.485714
39 0.068515 0.987055 0.457143
40 0.196901 0.974110 0.514286
41 0.101950 0.919094 0.571429
42 0.083397 0.987055 0.485714
43 0.143994 0.970874 0.571429
44 0.115758 0.993528 0.514286
45 0.066795 0.993528 0.485714
46 0.061379 0.993528 0.485714
47 0.049286 0.993528 0.485714
48 0.047096 0.993528 0.457143
49 0.044993 0.993528 0.457143
50 0.043876 0.993528 0.485714
51 0.037229 0.993528 0.485714
52 0.034110 0.993528 0.485714
53 0.040422 0.993528 0.485714
54 0.043656 0.993528 0.457143
55 0.041837 0.993528 0.485714
56 0.038643 0.993528 0.514286
57 0.031567 0.993528 0.514286
58 0.043221 0.993528 0.514286
59 0.041065 0.990291 0.514286
60 0.038490 0.993528 0.457143
61 0.036306 0.993528 0.485714
62 0.036474 0.993528 0.457143
63 0.037096 0.993528 0.514286
64 0.034103 0.993528 0.542857
65 0.037520 0.993528 0.457143
66 0.060637 0.990291 0.514286
67 0.048425 0.993528 0.457143
68 0.079570 0.993528 0.457143
69 0.081052 0.983819 0.485714
70 0.146426 0.935275 0.485714
71 0.069352 0.990291 0.514286
72 0.050007 0.993528 0.485714
73 0.046456 0.993528 0.485714
74 0.044801 0.993528 0.485714
75 0.042534 0.993528 0.485714
76 0.050013 0.993528 0.542857
77 0.050837 0.990291 0.485714
78 0.068419 0.993528 0.628571
79 0.063639 0.993528 0.485714
80 0.073375 0.983819 0.457143
81 0.054028 0.993528 0.514286
82 0.057694 0.993528 0.428571
83 0.055851 0.993528 0.485714
84 0.072762 0.951456 0.514286
85 0.089964 0.967638 0.485714
86 0.071317 0.990291 0.514286
87 0.044827 0.993528 0.485714
88 0.038807 0.993528 0.457143
89 0.039085 0.993528 0.457143
90 0.038443 0.993528 0.514286
91 0.040589 0.993528 0.485714
92 0.045391 0.993528 0.485714
93 0.039773 0.993528 0.485714
94 0.036088 0.993528 0.542857
95 0.034891 0.993528 0.514286
96 0.039351 0.993528 0.514286
97 0.035368 0.993528 0.542857
98 0.037765 0.993528 0.514286
99 0.080117 0.870550 0.400000
100 0.090895 0.993528 0.457143
101 0.046211 0.993528 0.457143
102 0.036544 0.993528 0.485714
103 0.038703 0.993528 0.457143
104 0.037387 0.993528 0.457143
105 0.033013 0.993528 0.457143
106 0.040343 0.993528 0.457143
107 0.036594 0.993528 0.457143
108 0.033123 0.993528 0.457143
109 0.035801 0.993528 0.457143
110 0.033044 0.993528 0.457143
111 0.032491 0.993528 0.457143
112 0.037001 0.993528 0.457143
113 0.032674 0.993528 0.485714
114 0.033321 0.993528 0.457143
115 0.031815 0.993528 0.457143
116 0.035634 0.993528 0.485714
117 0.028256 0.993528 0.485714
118 0.031535 0.993528 0.514286
119 0.032359 0.993528 0.485714
120 0.042805 0.993528 0.485714
121 0.040224 0.990291 0.485714
122 0.063385 0.951456 0.571429
123 0.126522 0.980583 0.514286
124 0.072905 0.993528 0.485714
125 0.044757 0.993528 0.485714
126 0.036000 0.993528 0.485714
127 0.035010 0.993528 0.485714
128 0.034850 0.993528 0.485714
129 0.036160 0.993528 0.485714
130 0.056839 0.993528 0.514286
131 0.047107 0.983819 0.542857
132 0.041567 0.993528 0.542857
133 0.040746 0.993528 0.542857
134 0.037674 0.993528 0.542857
135 0.034523 0.993528 0.485714
136 0.036438 0.993528 0.514286
137 0.030707 0.993528 0.542857
138 0.031579 0.993528 0.485714
139 0.032846 0.993528 0.514286
140 0.029433 0.993528 0.514286
141 0.032642 0.993528 0.514286
142 0.035253 0.993528 0.514286
143 0.030575 0.993528 0.542857
144 0.030839 0.993528 0.514286
145 0.036300 0.990291 0.542857
146 0.034505 0.993528 0.514286
147 0.029215 0.993528 0.514286
148 0.042810 0.974110 0.571429
149 0.142850 0.983819 0.514286
150 0.057301 0.993528 0.542857
151 0.036294 0.993528 0.485714
152 0.033639 0.993528 0.542857
153 0.032308 0.993528 0.542857
154 0.030207 0.993528 0.542857
155 0.032556 0.993528 0.514286
156 0.032904 0.993528 0.514286
157 0.030690 0.993528 0.542857
158 0.028216 0.993528 0.542857
159 0.029711 0.993528 0.542857
160 0.032494 0.993528 0.542857
161 0.033428 0.993528 0.514286
162 0.030894 0.993528 0.514286
163 0.027030 0.993528 0.542857
164 0.032422 0.993528 0.514286
165 0.031319 0.993528 0.514286
166 0.031408 0.993528 0.514286
167 0.029892 0.993528 0.514286
168 0.026400 0.993528 0.542857
169 0.029371 0.993528 0.514286
170 0.030177 0.993528 0.514286
171 0.029981 0.993528 0.514286
172 0.029412 0.993528 0.542857
173 0.030004 0.993528 0.514286
174 0.030109 0.993528 0.514286
175 0.028949 0.993528 0.514286
176 0.026411 0.993528 0.542857
177 0.026614 0.993528 0.542857
178 0.030353 0.993528 0.542857
179 0.035765 0.993528 0.542857
180 0.027800 0.993528 0.514286
181 0.028424 0.993528 0.514286
182 0.027035 0.993528 0.514286
183 0.028338 0.993528 0.514286
184 0.029168 0.993528 0.542857
185 0.027589 0.993528 0.514286
186 0.025669 0.993528 0.542857
187 0.031121 0.993528 0.542857
188 0.029006 0.993528 0.542857
189 0.029758 0.993528 0.542857
190 0.027453 0.993528 0.542857
191 0.028586 0.993528 0.542857
192 0.029702 0.993528 0.542857
193 0.027008 0.993528 0.514286
194 0.034879 0.993528 0.457143
195 0.041849 0.993528 0.542857
196 0.034902 0.993528 0.514286
197 0.030162 0.993528 0.514286
198 0.027511 0.993528 0.514286
199 0.029846 0.993528 0.514286
200 0.026662 0.993528 0.514286
201 0.028505 0.993528 0.514286
202 0.028956 0.993528 0.514286
203 0.024293 0.993528 0.514286
204 0.026310 0.993528 0.485714
205 0.023006 0.993528 0.514286
206 0.025146 0.993528 0.514286
207 0.023601 0.993528 0.514286
208 0.026309 0.993528 0.514286
209 0.026929 0.993528 0.485714
210 0.027408 0.993528 0.514286
211 0.025259 0.993528 0.514286
212 0.028963 0.993528 0.514286
213 0.026853 0.993528 0.514286
214 0.027774 0.993528 0.514286
215 0.027852 0.993528 0.514286
216 0.025372 0.993528 0.514286
217 0.026251 0.993528 0.514286
218 0.025071 0.993528 0.514286
219 0.025168 0.993528 0.514286
220 0.026329 0.993528 0.514286
221 0.026536 0.993528 0.485714
222 0.028607 0.993528 0.514286
223 0.025316 0.993528 0.514286
224 0.025936 0.993528 0.514286
225 0.026035 0.993528 0.514286
226 0.023896 0.993528 0.514286
227 0.026803 0.993528 0.514286
228 0.025567 0.993528 0.514286
229 0.029514 0.993528 0.514286
230 0.027010 0.993528 0.514286
231 0.027380 0.993528 0.514286
232 0.024055 0.993528 0.514286
233 0.024883 0.993528 0.514286
234 0.022989 0.993528 0.514286
235 0.024840 0.993528 0.514286
236 0.023074 0.993528 0.514286
237 0.028279 0.993528 0.514286
238 0.023005 0.993528 0.514286
239 0.024584 0.993528 0.514286
240 0.026410 0.993528 0.514286
241 0.025029 0.993528 0.514286
242 0.026081 0.993528 0.542857
243 0.022111 0.993528 0.514286
244 0.027348 0.993528 0.514286
245 0.023758 0.993528 0.514286
246 0.026607 0.993528 0.514286
247 0.022775 0.993528 0.514286
248 0.028106 0.993528 0.514286
249 0.023756 0.993528 0.514286
250 0.026709 0.993528 0.514286
251 0.025389 0.993528 0.514286
252 0.021016 0.993528 0.514286
253 0.024171 0.993528 0.485714
254 0.025405 0.993528 0.514286
255 0.020646 0.993528 0.514286
256 0.024045 0.993528 0.485714
257 0.023986 0.993528 0.485714
258 0.021567 0.993528 0.514286
259 0.024477 0.993528 0.514286
260 0.022595 0.993528 0.514286
261 0.026879 0.993528 0.514286
262 0.024497 0.993528 0.514286
263 0.022665 0.993528 0.514286
264 0.024932 0.993528 0.485714
265 0.023448 0.993528 0.514286
266 0.023887 0.993528 0.514286
267 0.024446 0.993528 0.514286
268 0.024627 0.993528 0.514286
269 0.024861 0.993528 0.514286
270 0.023880 0.993528 0.514286
271 0.022401 0.993528 0.514286
272 0.021923 0.993528 0.514286
273 0.023846 0.993528 0.485714
274 0.028013 0.993528 0.485714
275 0.023474 0.993528 0.485714
276 0.024170 0.993528 0.485714
277 0.022164 0.993528 0.485714
278 0.022110 0.993528 0.514286
279 0.022905 0.993528 0.514286
280 0.022943 0.993528 0.514286
281 0.024401 0.993528 0.514286
282 0.026370 0.993528 0.514286
283 0.024197 0.993528 0.514286
284 0.026155 0.993528 0.514286
285 0.025197 0.993528 0.514286
286 0.022189 0.993528 0.514286
287 0.026401 0.993528 0.542857
288 0.024425 0.993528 0.542857
289 0.025348 0.993528 0.514286
290 0.022589 0.993528 0.514286
291 0.023262 0.993528 0.542857
292 0.023000 0.993528 0.514286
293 0.024645 0.993528 0.514286
294 0.023091 0.993528 0.514286
295 0.024469 0.993528 0.514286
296 0.024853 0.993528 0.514286
297 0.023017 0.993528 0.514286
298 0.025830 0.993528 0.514286
299 0.021946 0.993528 0.514286
300 0.022984 0.993528 0.514286
301 0.024792 0.993528 0.514286
302 0.021700 0.993528 0.514286
303 0.024464 0.993528 0.514286
304 0.020443 0.993528 0.485714
305 0.022835 0.993528 0.514286
306 0.023950 0.993528 0.514286
307 0.023691 0.993528 0.485714
308 0.022209 0.993528 0.485714
309 0.022453 0.993528 0.514286
310 0.024631 0.993528 0.542857
311 0.023252 0.993528 0.485714
312 0.021579 0.993528 0.485714
313 0.023382 0.993528 0.485714
314 0.021884 0.993528 0.514286
315 0.021195 0.993528 0.514286
316 0.021876 0.993528 0.514286
317 0.023466 0.993528 0.514286
318 0.023608 0.993528 0.514286
319 0.022975 0.993528 0.514286
320 0.020886 0.993528 0.514286
321 0.021314 0.993528 0.514286
322 0.021672 0.993528 0.485714
323 0.022972 0.993528 0.514286
324 0.022413 0.993528 0.514286
325 0.022379 0.993528 0.514286
326 0.024974 0.993528 0.514286
327 0.023017 0.993528 0.514286
328 0.022824 0.993528 0.542857
329 0.021851 0.993528 0.485714
330 0.022416 0.993528 0.514286
331 0.022831 0.993528 0.542857
332 0.023049 0.993528 0.514286
333 0.021245 0.993528 0.514286
334 0.021851 0.993528 0.514286
335 0.022520 0.993528 0.514286
336 0.021374 0.993528 0.514286
337 0.022495 0.993528 0.514286
338 0.022686 0.993528 0.514286
339 0.023670 0.993528 0.514286
340 0.025188 0.993528 0.514286
341 0.021325 0.993528 0.514286
342 0.023453 0.993528 0.514286
343 0.026196 0.993528 0.514286
344 0.022914 0.993528 0.485714
345 0.021748 0.993528 0.514286
346 0.023265 0.993528 0.514286
347 0.023350 0.993528 0.514286
348 0.024771 0.993528 0.514286
349 0.020070 0.993528 0.514286
350 0.024748 0.993528 0.514286
