1 146.367468 0.597056 0.584500
2 62.865391 0.643111 0.641000
3 19.513562 0.661167 0.662500
4 10.410837 0.638111 0.638500
5 8.684761 0.629445 0.635000
6 10.366523 0.683944 0.675500
7 8.121844 0.684167 0.683500
8 9.359017 0.693667 0.698500
9 6.064856 0.678222 0.680500
10 3.740717 0.665222 0.666500
11 5.235557 0.672278 0.668500
12 3.754868 0.718055 0.713000
13 2.800048 0.718333 0.725000
14 4.232071 0.709667 0.705000
15 1.712717 0.706000 0.702000
16 2.908030 0.699611 0.700000
17 3.229961 0.741222 0.746000
18 1.687714 0.701944 0.697000
19 2.354872 0.739444 0.744500
20 2.479865 0.736500 0.734500
21 1.860284 0.646500 0.644000
22 1.388697 0.733278 0.742500
23 1.748202 0.721000 0.718500
24 1.509161 0.759055 0.749000
25 1.928760 0.682500 0.695000
26 1.887211 0.748444 0.743500
27 1.057945 0.752111 0.753000
28 0.997232 0.720111 0.711000
29 0.923565 0.681611 0.674500
30 1.383745 0.747611 0.747500
31 1.050781 0.745278 0.747500
32 1.165736 0.737278 0.738500
33 1.258556 0.718167 0.711000
34 1.065320 0.739389 0.746000
35 0.997998 0.745500 0.742500
36 0.796200 0.761944 0.772000
37 0.885156 0.753222 0.755500
38 1.853772 0.737000 0.731500
39 1.322491 0.761667 0.754000
40 1.072485 0.765000 0.761500
41 0.986407 0.698167 0.684000
42 0.977824 0.746389 0.744000
43 0.902132 0.738278 0.737500
44 1.001768 0.751555 0.752500
45 0.799289 0.756333 0.768500
46 0.826990 0.753833 0.750000
47 0.832174 0.741000 0.740000
48 0.987837 0.733556 0.731000
49 0.896492 0.715834 0.712500
50 0.971758 0.760500 0.765500
51 0.763261 0.758944 0.762000
52 0.945873 0.727944 0.724500
53 0.658205 0.741222 0.738500
54 0.657088 0.760444 0.766000
55 0.636157 0.751944 0.746500
56 0.742078 0.762278 0.763500
57 0.809368 0.749500 0.744500
58 0.701694 0.744778 0.740000
59 0.762681 0.769944 0.762000
60 0.695085 0.753667 0.745000
61 0.721185 0.741945 0.742000
62 0.760252 0.768667 0.768000
63 0.653872 0.761667 0.763000
64 0.687478 0.749667 0.738500
65 0.653838 0.767000 0.762500
66 0.657042 0.760666 0.762000
67 0.634079 0.764722 0.762500
68 0.673781 0.757055 0.750500
69 0.661610 0.730111 0.735500
70 0.675812 0.725389 0.730500
71 0.725940 0.764778 0.761000
72 0.668743 0.749278 0.749500
73 0.740269 0.760722 0.761500
74 0.750539 0.772500 0.767000
75 0.851893 0.763000 0.760000
76 0.709325 0.759222 0.754000
77 0.664381 0.754555 0.758000
78 0.650234 0.758111 0.752000
79 0.657106 0.764889 0.758000
80 0.738041 0.743778 0.740500
81 0.678002 0.758444 0.750000
82 0.616062 0.767333 0.767500
83 0.753483 0.758278 0.762500
84 0.677855 0.755055 0.751000
85 0.683852 0.751500 0.738000
86 0.623493 0.757278 0.761500
87 0.641023 0.768000 0.763000
88 0.685787 0.763000 0.755500
89 0.650800 0.763667 0.770500
90 0.693750 0.763556 0.757000
91 0.672318 0.765500 0.764000
92 0.651785 0.748833 0.755000
93 0.668252 0.760167 0.747500
94 0.661754 0.763222 0.762000
95 0.639179 0.760889 0.751000
96 0.656157 0.766611 0.773000
97 0.676396 0.757778 0.760500
98 0.640556 0.762111 0.766000
99 0.675540 0.768500 0.770500
100 0.596774 0.784111 0.781500
101 0.576654 0.772611 0.768000
102 0.595185 0.776333 0.777000
103 0.556292 0.776389 0.774500
104 0.550342 0.770611 0.767000
105 0.568057 0.774833 0.770500
106 0.586580 0.761278 0.754500
107 0.595550 0.764333 0.763000
108 0.565774 0.771000 0.767500
109 0.564444 0.770667 0.775500
110 0.560215 0.778722 0.771500
111 0.561464 0.759167 0.760000
112 0.574864 0.774167 0.770500
113 0.543193 0.781889 0.776000
114 0.576993 0.762000 0.758500
115 0.569724 0.769555 0.772000
116 0.572840 0.765778 0.765000
117 0.546990 0.774111 0.771500
118 0.573081 0.769278 0.777000
119 0.555402 0.782055 0.785000
120 0.543344 0.775944 0.776000
121 0.576002 0.783944 0.781500
122 0.551312 0.765778 0.763500
123 0.595372 0.775444 0.776500
124 0.579703 0.771389 0.768000
125 0.568066 0.777944 0.784000
126 0.540017 0.777500 0.776000
127 0.565935 0.769722 0.765500
128 0.552813 0.763556 0.765500
129 0.578341 0.765000 0.755000
130 0.584845 0.788944 0.787000
131 0.585282 0.769555 0.770000
132 0.579961 0.760889 0.757500
133 0.566166 0.774278 0.774000
134 0.558240 0.781611 0.772500
135 0.543934 0.777000 0.776000
136 0.567648 0.777778 0.778500
137 0.596834 0.772778 0.780500
138 0.640441 0.765778 0.756000
139 0.571991 0.766278 0.771500
140 0.562480 0.761944 0.763500
141 0.562229 0.791222 0.783500
142 0.551065 0.776222 0.774000
143 0.538474 0.785611 0.780500
144 0.536904 0.772944 0.767000
145 0.555979 0.765389 0.764500
146 0.557591 0.769889 0.769500
147 0.569291 0.765778 0.765000
148 0.562297 0.773889 0.776000
149 0.545006 0.781056 0.778500
150 0.515359 0.782056 0.783000
151 0.520652 0.781111 0.779000
152 0.531091 0.788722 0.780500
153 0.533172 0.762056 0.762500
154 0.532057 0.778667 0.781000
155 0.536099 0.760834 0.767500
156 0.540019 0.792833 0.782000
157 0.513211 0.786333 0.786500
158 0.516091 0.789167 0.783000
159 0.525702 0.788611 0.784500
160 0.536123 0.763778 0.761500
161 0.525637 0.782611 0.786000
162 0.524782 0.775500 0.784500
163 0.545199 0.750222 0.745500
164 0.535836 0.778667 0.772500
165 0.511297 0.775722 0.766500
166 0.526474 0.775778 0.781000
167 0.516248 0.782500 0.774500
168 0.518893 0.786611 0.775000
169 0.514147 0.775333 0.770000
170 0.515572 0.785667 0.777500
171 0.510441 0.771722 0.765000
172 0.510086 0.777278 0.774500
173 0.531802 0.760722 0.764000
174 0.556359 0.793056 0.770000
175 0.518316 0.783778 0.777500
176 0.512410 0.787278 0.783500
177 0.537565 0.754833 0.752000
178 0.555715 0.787444 0.782500
179 0.514960 0.763111 0.760000
180 0.515175 0.789333 0.788500
181 0.546837 0.770833 0.771000
182 0.532861 0.768444 0.771500
183 0.529289 0.791167 0.784500
184 0.527110 0.752667 0.747500
185 0.522854 0.779444 0.771500
186 0.513245 0.771778 0.779500
187 0.527284 0.759389 0.755000
188 0.512527 0.762833 0.765500
189 0.510566 0.780833 0.769000
190 0.513284 0.762222 0.758000
191 0.516562 0.788778 0.781000
192 0.507729 0.766833 0.763500
193 0.509685 0.790111 0.787500
194 0.514920 0.793000 0.783500
195 0.518314 0.776000 0.768000
196 0.509395 0.794444 0.775000
197 0.518901 0.770889 0.767000
198 0.527966 0.772222 0.778000
199 0.524095 0.744333 0.738000
200 0.497194 0.796889 0.787500
201 0.510698 0.788056 0.783500
202 0.506100 0.795667 0.793000
203 0.493923 0.770389 0.769500
204 1.115531 0.786778 0.777500
205 0.498483 0.794444 0.790000
206 0.502789 0.791833 0.779500
207 0.560362 0.790444 0.792000
208 0.494712 0.780111 0.781000
209 0.513355 0.783167 0.778000
210 0.500736 0.765111 0.760000
211 0.497535 0.767889 0.771500
212 0.487227 0.764833 0.768500
213 0.511721 0.769056 0.769500
214 0.493263 0.785778 0.780500
215 0.510862 0.784945 0.782000
216 0.502054 0.789222 0.788000
217 0.496566 0.781833 0.779000
218 0.489640 0.801444 0.802500
219 0.507687 0.783778 0.784000
220 0.491407 0.781389 0.776000
221 0.498552 0.796611 0.800000
222 0.500538 0.798111 0.788000
223 0.505025 0.778556 0.782000
224 0.495535 0.770833 0.771500
225 0.512844 0.764778 0.760000
226 0.505407 0.795222 0.787000
227 0.498157 0.760555 0.758500
228 0.504916 0.781944 0.782500
229 0.493401 0.781889 0.778000
230 0.489125 0.780556 0.771000
231 0.508751 0.762889 0.763000
232 0.506379 0.760444 0.765000
233 0.499526 0.785278 0.778000
234 0.503189 0.796778 0.792500
235 0.500013 0.779056 0.778500
236 0.494550 0.787222 0.787000
237 0.498849 0.786500 0.787500
238 0.504070 0.786611 0.789000
239 0.488890 0.801833 0.799000
240 0.487245 0.769167 0.768000
241 0.492328 0.793833 0.794500
242 0.496976 0.786667 0.786000
243 0.488599 0.779722 0.778000
244 0.491810 0.798389 0.793000
245 0.498169 0.798333 0.801000
246 0.494280 0.793667 0.786000
247 0.495323 0.779556 0.776500
248 0.489209 0.790111 0.791000
249 0.490331 0.782167 0.774000
250 0.488704 0.785500 0.784000
251 0.492296 0.800333 0.800000
252 0.499032 0.788334 0.790500
253 0.482181 0.793056 0.791000
254 0.480220 0.800889 0.796500
255 0.503862 0.796000 0.790500
256 0.483489 0.788944 0.783000
257 0.491007 0.795055 0.792000
258 0.478119 0.795167 0.796500
259 0.482615 0.801222 0.802000
260 0.485888 0.789722 0.789500
261 0.491109 0.798889 0.798000
262 0.484428 0.809389 0.805000
263 0.483932 0.788222 0.790000
264 0.483993 0.780667 0.773500
265 0.480431 0.801611 0.808000
266 0.487039 0.800556 0.800500
267 0.480518 0.803389 0.802000
268 0.490311 0.797000 0.800500
269 0.477598 0.784389 0.785500
270 0.474870 0.801389 0.806500
271 0.481196 0.808222 0.809000
272 0.480666 0.797444 0.793500
273 0.474501 0.794000 0.792500
274 0.487712 0.793667 0.794000
275 0.482400 0.791778 0.791500
276 0.478719 0.797278 0.795500
277 0.482069 0.783556 0.782000
278 0.475749 0.798111 0.792500
279 0.474121 0.801444 0.798000
280 0.479675 0.797556 0.801000
281 0.481090 0.792389 0.791500
282 0.490733 0.776667 0.773500
283 0.484372 0.801333 0.799000
284 0.475690 0.811389 0.807500
285 0.468657 0.789833 0.795000
286 0.484897 0.793222 0.797500
287 0.480108 0.798056 0.798500
288 0.472462 0.803500 0.791000
289 0.473276 0.807889 0.801000
290 0.472889 0.804555 0.800000
291 0.475775 0.788333 0.783500
292 0.472780 0.802667 0.799000
293 0.469068 0.809333 0.809000
294 0.476527 0.797000 0.797500
295 0.470628 0.796389 0.794500
296 0.473232 0.792389 0.798500
297 0.462114 0.782278 0.779000
298 0.468742 0.806444 0.807000
299 0.472752 0.813111 0.807000
300 0.473080 0.807222 0.808000
301 0.466925 0.785278 0.783000
302 0.472323 0.798889 0.798000
303 0.467068 0.808556 0.809500
304 0.464024 0.811778 0.807500
305 0.464388 0.809944 0.814000
306 0.468487 0.808278 0.805500
307 0.462106 0.809611 0.803500
308 0.470153 0.807722 0.805000
309 0.472229 0.807444 0.806500
310 0.473558 0.795722 0.792500
311 0.462317 0.807611 0.800000
312 0.464499 0.803889 0.799500
313 0.457448 0.802056 0.797000
314 0.461845 0.814111 0.810500
315 0.458263 0.815278 0.812500
316 0.454867 0.810000 0.807000
317 0.458845 0.813667 0.813000
318 0.463761 0.815055 0.808500
319 0.462742 0.808167 0.803000
320 0.458074 0.817389 0.813000
321 0.465224 0.793111 0.787500
322 0.456090 0.801056 0.793000
323 0.461963 0.811222 0.804000
324 0.468469 0.810945 0.811500
325 0.453345 0.813278 0.813500
326 0.452753 0.817778 0.813000
327 0.451168 0.815444 0.812500
328 0.459359 0.816500 0.811000
329 0.456151 0.820667 0.810000
330 0.449172 0.815056 0.812500
331 0.453203 0.815444 0.813500
332 0.449716 0.799611 0.789500
333 0.459121 0.822111 0.818000
334 0.447228 0.813444 0.812500
335 0.450862 0.820278 0.814500
336 0.452321 0.812500 0.804500
337 0.446294 0.819222 0.815000
338 0.453513 0.823833 0.822000
339 0.454773 0.821611 0.820000
340 0.444002 0.818833 0.812500
341 0.453004 0.827555 0.825500
342 0.448455 0.819167 0.811000
343 0.449567 0.806555 0.797500
344 0.448392 0.825833 0.822000
345 0.447971 0.819500 0.818000
346 0.456713 0.823944 0.818000
347 0.449672 0.814667 0.813500
348 0.459719 0.817555 0.816500
349 0.454001 0.814944 0.815000
350 0.442101 0.827056 0.825000
