1 1.671680 0.705222 0.690000
2 0.712840 0.750889 0.710000
3 0.589514 0.758000 0.735000
4 0.555868 0.771778 0.716000
5 0.506947 0.766667 0.714000
6 0.496724 0.777000 0.718000
7 0.522889 0.777333 0.701000
8 0.464648 0.797445 0.709000
9 0.439108 0.804000 0.732000
10 0.442963 0.799222 0.718000
11 0.419410 0.811555 0.721000
12 0.409360 0.805334 0.715000
13 0.406175 0.814556 0.730000
14 0.392739 0.830111 0.725000
15 0.388954 0.822555 0.710000
16 0.369172 0.835889 0.706000
17 0.358498 0.835444 0.721000
18 0.362064 0.839778 0.720000
19 0.356612 0.834000 0.722000
20 0.491860 0.832222 0.702000
21 0.376713 0.840000 0.735000
22 0.351949 0.855000 0.713000
23 0.401806 0.842666 0.728000
24 0.371391 0.838889 0.712000
25 0.367299 0.837889 0.712000
26 0.348744 0.841000 0.695000
27 0.330314 0.860778 0.716000
28 0.324911 0.854556 0.726000
29 0.551208 0.840334 0.713000
30 0.472420 0.842000 0.716000
31 0.355252 0.850889 0.723000
32 0.590809 0.845333 0.712000
33 0.376419 0.852444 0.712000
34 0.417225 0.843333 0.710000
35 0.446787 0.842444 0.720000
36 0.360313 0.851111 0.710000
37 0.360574 0.844778 0.724000
38 0.337355 0.852889 0.716000
39 0.331856 0.846667 0.727000
40 0.330522 0.858333 0.727000
41 0.325525 0.866333 0.722000
42 0.307495 0.875000 0.719000
43 0.311422 0.873222 0.726000
44 0.310162 0.870667 0.733000
45 0.294473 0.879444 0.713000
46 0.290644 0.877333 0.709000
47 0.341744 0.866556 0.723000
48 0.304907 0.879556 0.718000
49 0.293074 0.864000 0.707000
50 0.274441 0.892000 0.722000
51 0.263217 0.891889 0.729000
52 0.248580 0.901333 0.727000
53 0.261599 0.901333 0.721000
54 0.301053 0.890222 0.716000
55 0.300538 0.893778 0.723000
56 0.263338 0.903333 0.723000
57 0.248257 0.900778 0.731000
58 0.238924 0.907445 0.719000
59 0.235416 0.909889 0.714000
60 0.237100 0.906000 0.727000
61 0.240696 0.910889 0.724000
62 0.234162 0.908556 0.722000
63 0.229683 0.912667 0.716000
64 0.225655 0.912667 0.727000
65 0.223294 0.914222 0.715000
66 0.231044 0.912000 0.713000
67 0.238778 0.915333 0.718000
68 0.218309 0.895667 0.711000
69 0.226444 0.914111 0.723000
70 0.221324 0.917111 0.707000
71 0.228603 0.912556 0.725000
72 0.223483 0.913000 0.725000
73 0.224800 0.913000 0.729000
74 0.215673 0.921111 0.722000
75 0.218902 0.917222 0.729000
76 0.210878 0.913333 0.743000
77 0.210921 0.918778 0.724000
78 0.206118 0.924555 0.731000
79 0.205869 0.917111 0.735000
80 0.231705 0.919111 0.724000
81 0.223960 0.917111 0.714000
82 0.200769 0.919000 0.725000
83 0.208794 0.922889 0.724000
84 0.205342 0.922667 0.732000
85 0.212170 0.922333 0.719000
86 0.202689 0.924111 0.716000
87 0.292480 0.920778 0.713000
88 0.212177 0.922445 0.723000
89 0.207646 0.921445 0.713000
90 0.199994 0.924445 0.716000
91 0.201136 0.927000 0.718000
92 0.207047 0.922667 0.725000
93 0.216135 0.920778 0.727000
94 0.204698 0.924222 0.719000
95 0.224292 0.917111 0.717000
96 0.213880 0.925667 0.735000
97 0.203133 0.925111 0.722000
98 0.200977 0.926000 0.733000
99 0.194651 0.925889 0.723000
100 0.184806 0.934445 0.713000
101 0.172021 0.932444 0.722000
102 0.171290 0.936000 0.715000
103 0.168863 0.933444 0.715000
104 0.171503 0.936556 0.723000
105 0.174641 0.934000 0.715000
106 0.210858 0.932333 0.725000
107 0.166832 0.933778 0.713000
108 0.168162 0.936111 0.729000
109 0.168344 0.936000 0.722000
110 0.165402 0.935000 0.719000
111 0.160795 0.936000 0.730000
112 0.170143 0.935444 0.729000
113 0.161774 0.938444 0.728000
114 0.157703 0.934889 0.721000
115 0.165443 0.938556 0.724000
116 0.170989 0.934555 0.721000
117 0.164101 0.936667 0.726000
118 0.157717 0.938333 0.717000
119 0.155189 0.937889 0.732000
120 0.154614 0.938333 0.721000
121 0.164386 0.937445 0.719000
122 0.171614 0.937111 0.721000
123 0.192999 0.937778 0.717000
124 0.177014 0.937667 0.705000
125 0.165206 0.939555 0.711000
126 0.157850 0.940333 0.708000
127 0.151737 0.938889 0.715000
128 0.160575 0.939333 0.710000
129 0.158469 0.939111 0.731000
130 0.158675 0.938555 0.725000
131 0.155298 0.938000 0.722000
132 0.161976 0.938333 0.718000
133 0.158817 0.938889 0.724000
134 0.153321 0.940111 0.715000
135 0.155268 0.942000 0.710000
136 0.152038 0.939889 0.714000
137 0.151949 0.940000 0.713000
138 0.153452 0.940111 0.716000
139 0.152099 0.940444 0.705000
140 0.158717 0.938111 0.719000
141 0.154326 0.939111 0.718000
142 0.156961 0.941333 0.711000
143 0.149090 0.940222 0.713000
144 0.156534 0.939778 0.714000
145 0.155771 0.940889 0.722000
146 0.153257 0.940445 0.718000
147 0.150645 0.942778 0.717000
148 0.149952 0.941222 0.720000
149 0.148696 0.940222 0.728000
150 0.139868 0.942555 0.719000
151 0.136662 0.944000 0.725000
152 0.139923 0.943778 0.724000
153 0.140188 0.943444 0.719000
154 0.135152 0.943556 0.713000
155 0.134417 0.942778 0.714000
156 0.137343 0.944000 0.723000
157 0.131809 0.943333 0.714000
158 0.128599 0.945889 0.712000
159 0.134034 0.945333 0.713000
160 0.131681 0.944778 0.715000
161 0.135295 0.944222 0.715000
162 0.184712 0.945000 0.719000
163 0.134030 0.945000 0.721000
164 0.132207 0.945222 0.720000
165 0.131022 0.944555 0.720000
166 0.135460 0.945222 0.720000
167 0.135628 0.944555 0.724000
168 0.134655 0.944000 0.713000
169 0.132756 0.946333 0.721000
170 0.128823 0.944667 0.714000
171 0.132625 0.945889 0.714000
172 0.131423 0.945555 0.712000
173 0.132294 0.945889 0.720000
174 0.127419 0.946445 0.716000
175 0.154392 0.945000 0.714000
176 0.134458 0.946444 0.719000
177 0.138331 0.944444 0.722000
178 0.132195 0.946222 0.714000
179 0.131369 0.947111 0.712000
180 0.133033 0.946556 0.715000
181 0.128063 0.946444 0.704000
182 0.127449 0.946555 0.709000
183 0.161998 0.945444 0.726000
184 0.131126 0.946000 0.712000
185 0.135516 0.944778 0.715000
186 0.133191 0.945333 0.711000
187 0.132170 0.946111 0.723000
188 0.131601 0.945667 0.713000
189 0.128729 0.944889 0.715000
190 0.125945 0.945667 0.709000
191 0.124882 0.947000 0.718000
192 0.125549 0.946222 0.720000
193 0.128729 0.946778 0.716000
194 0.130282 0.946555 0.711000
195 0.129356 0.946222 0.719000
196 0.142132 0.946333 0.708000
197 0.130430 0.946889 0.716000
198 0.124906 0.945333 0.717000
199 0.128383 0.945667 0.708000
200 0.124201 0.947333 0.718000
201 0.121695 0.947555 0.715000
202 0.120502 0.947222 0.710000
203 0.121870 0.947222 0.718000
204 0.119709 0.947111 0.718000
205 0.118496 0.947444 0.712000
206 0.119508 0.947889 0.716000
207 0.124763 0.947555 0.711000
208 0.121020 0.947444 0.711000
209 0.119819 0.947333 0.718000
210 0.118660 0.948111 0.711000
211 0.126167 0.948333 0.713000
212 0.119111 0.948444 0.707000
213 0.121665 0.948333 0.721000
214 0.118116 0.948778 0.720000
215 0.119963 0.948667 0.716000
216 0.118841 0.947889 0.715000
217 0.119050 0.947555 0.718000
218 0.123130 0.947444 0.719000
219 0.122355 0.947444 0.719000
220 0.118438 0.947778 0.721000
221 0.117330 0.947778 0.723000
222 0.117463 0.948445 0.715000
223 0.116796 0.948000 0.711000
224 0.117427 0.948778 0.721000
225 0.118720 0.948445 0.715000
226 0.118340 0.948444 0.715000
227 0.113525 0.947556 0.718000
228 0.118395 0.948889 0.715000
229 0.118103 0.948222 0.714000
230 0.121881 0.948556 0.718000
231 0.115796 0.948445 0.714000
232 0.117087 0.948889 0.715000
233 0.113980 0.948667 0.715000
234 0.116023 0.948889 0.712000
235 0.114126 0.948556 0.712000
236 0.121302 0.948222 0.715000
237 0.119141 0.948667 0.716000
238 0.114804 0.948667 0.716000
239 0.119663 0.948444 0.718000
240 0.116034 0.948111 0.720000
241 0.118726 0.948778 0.718000
242 0.116072 0.948333 0.709000
243 0.122016 0.948667 0.709000
244 0.115603 0.948222 0.717000
245 0.118546 0.948111 0.712000
246 0.114770 0.948445 0.715000
247 0.120998 0.949444 0.714000
248 0.127176 0.948333 0.716000
249 0.115108 0.948667 0.716000
250 0.124031 0.949667 0.715000
251 0.112824 0.949445 0.717000
252 0.118047 0.949111 0.718000
253 0.112510 0.949333 0.718000
254 0.113006 0.949222 0.708000
255 0.113342 0.949667 0.717000
256 0.114500 0.949111 0.714000
257 0.108423 0.949000 0.713000
258 0.115074 0.949111 0.715000
259 0.112553 0.949222 0.714000
260 0.112839 0.949445 0.716000
261 0.115898 0.949111 0.720000
262 0.119319 0.949555 0.715000
263 0.120808 0.948778 0.708000
264 0.114914 0.949000 0.717000
265 0.112541 0.949222 0.717000
266 0.112678 0.950222 0.717000
267 0.119952 0.949667 0.717000
268 0.114750 0.949556 0.718000
269 0.111495 0.949333 0.717000
270 0.119912 0.949445 0.715000
271 0.115125 0.949222 0.718000
272 0.109187 0.948889 0.717000
273 0.109520 0.950000 0.714000
274 0.115042 0.948778 0.712000
275 0.113724 0.949889 0.714000
276 0.112184 0.949778 0.717000
277 0.113191 0.949778 0.716000
278 0.118779 0.949889 0.714000
279 0.111381 0.950222 0.715000
280 0.109899 0.949333 0.711000
281 0.116653 0.949667 0.716000
282 0.116894 0.949556 0.716000
283 0.112340 0.950111 0.721000
284 0.115078 0.949556 0.715000
285 0.114623 0.949333 0.717000
286 0.116962 0.949444 0.711000
287 0.113821 0.949333 0.718000
288 0.112219 0.949222 0.720000
289 0.109186 0.949222 0.716000
290 0.112727 0.949111 0.714000
291 0.112020 0.949555 0.712000
292 0.112405 0.949889 0.711000
293 0.107893 0.949667 0.712000
294 0.110103 0.949555 0.714000
295 0.110047 0.949222 0.711000
296 0.108294 0.949333 0.709000
297 0.107154 0.949778 0.716000
298 0.112700 0.949555 0.711000
299 0.107295 0.949667 0.712000
300 0.108859 0.950111 0.715000
301 0.108851 0.949889 0.709000
302 0.112763 0.950000 0.715000
303 0.112164 0.949667 0.715000
304 0.105824 0.950333 0.718000
305 0.109581 0.949667 0.715000
306 0.109122 0.949444 0.714000
307 0.106651 0.950000 0.713000
308 0.109668 0.949222 0.715000
309 0.111317 0.950333 0.711000
310 0.111018 0.949778 0.711000
311 0.110454 0.949778 0.711000
312 0.107699 0.949000 0.716000
313 0.109640 0.950111 0.713000
314 0.107430 0.950111 0.713000
315 0.107802 0.950111 0.712000
316 0.109994 0.949889 0.711000
317 0.109090 0.950000 0.716000
318 0.110092 0.950333 0.711000
319 0.109957 0.950111 0.714000
320 0.107667 0.949778 0.710000
321 0.108416 0.950667 0.710000
322 0.107861 0.950222 0.711000
323 0.109584 0.950111 0.714000
324 0.110844 0.949889 0.714000
325 0.109012 0.950111 0.709000
326 0.108396 0.950111 0.717000
327 0.109113 0.949778 0.713000
328 0.108804 0.949778 0.712000
329 0.109821 0.949444 0.715000
330 0.111435 0.949889 0.717000
331 0.107956 0.950222 0.716000
332 0.108464 0.950000 0.715000
333 0.106897 0.949778 0.712000
334 0.107754 0.950778 0.715000
335 0.105249 0.950111 0.713000
336 0.109655 0.950444 0.713000
337 0.111537 0.949556 0.718000
338 0.113105 0.950000 0.714000
339 0.109336 0.949889 0.711000
340 0.111664 0.950222 0.713000
341 0.106439 0.950000 0.714000
342 0.109362 0.950111 0.720000
343 0.109116 0.950556 0.711000
344 0.110640 0.950333 0.720000
345 0.109244 0.949556 0.714000
346 0.113831 0.949889 0.712000
347 0.109695 0.950222 0.714000
348 0.110547 0.950111 0.716000
349 0.111460 0.950222 0.711000
350 0.109655 0.950111 0.714000
