1 258.086817 0.403868 0.374000
2 76.665215 0.386086 0.380000
3 41.392646 0.343854 0.364000
4 42.837433 0.378306 0.376000
5 41.639964 0.402312 0.394000
6 39.316913 0.464548 0.452000
7 27.412368 0.414537 0.394000
8 21.212574 0.411425 0.390000
9 19.055601 0.483441 0.464000
10 21.158783 0.435875 0.438000
11 16.481136 0.392309 0.372000
12 17.001563 0.452990 0.448000
13 13.807340 0.496777 0.472000
14 11.063645 0.391198 0.360000
15 12.980449 0.419871 0.384000
16 16.638376 0.480774 0.462000
17 6.994734 0.423872 0.384000
18 9.960116 0.426539 0.406000
19 6.510937 0.448766 0.426000
20 4.992914 0.441654 0.422000
21 4.497289 0.471883 0.462000
22 4.371974 0.450545 0.424000
23 5.497023 0.411202 0.392000
24 4.377278 0.473439 0.452000
25 3.928351 0.457213 0.434000
26 4.510552 0.371860 0.332000
27 4.211715 0.445655 0.440000
28 3.220203 0.490331 0.466000
29 3.386071 0.440542 0.408000
30 2.872681 0.486997 0.466000
31 3.491882 0.460325 0.440000
32 2.745839 0.458769 0.410000
33 2.922675 0.383196 0.372000
34 2.977565 0.456546 0.450000
35 2.804981 0.415870 0.388000
36 2.050984 0.460991 0.420000
37 2.229985 0.399422 0.384000
38 2.773618 0.453656 0.418000
39 1.929971 0.405646 0.400000
40 2.462537 0.444321 0.414000
41 2.161169 0.468771 0.438000
42 2.423118 0.497444 0.440000
43 2.173888 0.461658 0.440000
44 2.177177 0.373639 0.370000
45 2.615055 0.379862 0.364000
46 2.084201 0.439876 0.406000
47 2.074889 0.449655 0.438000
48 2.208439 0.376973 0.356000
49 2.063877 0.454990 0.422000
50 1.707599 0.494332 0.442000
51 1.625707 0.450322 0.414000
52 1.597436 0.462325 0.422000
53 1.683995 0.451878 0.432000
54 1.652930 0.476106 0.442000
55 1.537808 0.468326 0.416000
56 1.610030 0.462325 0.426000
57 1.536032 0.502112 0.444000
58 1.523242 0.462547 0.448000
59 1.630991 0.505001 0.484000
60 1.562844 0.437875 0.432000
61 1.674189 0.492554 0.462000
62 1.571317 0.431207 0.420000
63 1.678764 0.498778 0.466000
64 1.687934 0.504557 0.472000
65 1.528428 0.441209 0.422000
66 1.520904 0.420316 0.414000
67 1.556280 0.486775 0.452000
68 1.567141 0.482774 0.442000
69 1.578304 0.478995 0.436000
70 1.629733 0.478995 0.440000
