1 3.439135 0.543931 0.527981
2 1.876454 0.577453 0.613139
3 1.506242 0.710733 0.722628
4 1.131013 0.716410 0.717762
5 1.619871 0.705866 0.688564
6 1.249607 0.728575 0.727494
7 1.134291 0.729657 0.729927
8 1.057080 0.683158 0.700730
9 1.221537 0.689376 0.727494
10 0.901431 0.765342 0.759124
11 0.779892 0.755339 0.756691
12 0.712019 0.762368 0.739659
13 0.659808 0.757772 0.759124
14 0.681894 0.748040 0.739659
15 0.715924 0.778048 0.761557
16 0.648809 0.688294 0.705596
17 0.738067 0.620438 0.656934
18 0.666440 0.632874 0.637470
19 0.636212 0.766964 0.756691
20 0.583960 0.776426 0.773723
21 0.563416 0.789943 0.778589
22 0.534132 0.758313 0.744526
23 0.546405 0.806434 0.783455
24 0.509457 0.808056 0.788321
25 0.482097 0.764261 0.715328
26 0.528929 0.779670 0.785888
27 0.518389 0.807516 0.773723
28 0.519844 0.797242 0.751825
29 0.493782 0.815896 0.802920
30 0.476849 0.804542 0.800487
31 0.455605 0.809138 0.761557
32 0.459399 0.806434 0.817518
33 0.465095 0.823736 0.768856
34 0.461161 0.777237 0.737226
35 0.438097 0.825358 0.771290
36 0.450794 0.755339 0.720195
37 0.447309 0.823736 0.795620
38 0.451317 0.822384 0.783455
39 0.481649 0.823195 0.771290
40 0.447033 0.840227 0.817518
41 0.433667 0.683158 0.676399
42 0.451316 0.828062 0.788321
43 0.401423 0.853474 0.807786
44 0.410158 0.811841 0.776156
45 0.445525 0.826710 0.812652
46 0.415203 0.828873 0.788321
47 0.413939 0.854826 0.807786
48 0.420305 0.796161 0.793187
49 0.405894 0.846445 0.798054
50 0.380566 0.856988 0.783455
51 0.352349 0.867802 0.822384
52 0.361204 0.865099 0.824818
53 0.366996 0.871046 0.805353
54 0.353878 0.864288 0.817518
55 0.355726 0.877805 0.817518
56 0.352542 0.879157 0.841849
57 0.337035 0.870506 0.817518
58 0.343902 0.870776 0.815085
59 0.355930 0.878886 0.810219
60 0.345975 0.801298 0.783455
61 0.335671 0.884023 0.802920
62 0.330060 0.894025 0.819951
63 0.316513 0.884293 0.815085
64 0.336568 0.878345 0.827251
65 0.331681 0.847526 0.817518
66 0.322758 0.866180 0.810219
67 0.321549 0.888078 0.834550
68 0.326342 0.867532 0.822384
69 0.333776 0.888619 0.834550
70 0.327265 0.899703 0.805353
71 0.317858 0.898081 0.822384
72 0.307787 0.889159 0.817518
73 0.311187 0.892674 0.839416
74 0.318897 0.894025 0.836983
75 0.307850 0.900514 0.824818
76 0.301777 0.887537 0.819951
77 0.318737 0.886996 0.807786
78 0.282223 0.894566 0.834550
79 0.317085 0.885374 0.817518
80 0.319391 0.910787 0.849148
81 0.306038 0.871857 0.805353
82 0.298874 0.888348 0.836983
83 0.299010 0.905380 0.846715
84 0.306340 0.875912 0.815085
85 0.315453 0.905650 0.829684
86 0.296353 0.905921 0.839416
87 0.302992 0.905380 0.836983
88 0.290420 0.902947 0.839416
89 0.308610 0.900514 0.793187
90 0.299574 0.909435 0.836983
91 0.273001 0.910516 0.832117
92 0.279747 0.916464 0.829684
93 0.275640 0.894296 0.812652
94 0.292545 0.882941 0.815085
95 0.306141 0.916734 0.836983
96 0.283689 0.912138 0.839416
97 0.286003 0.914572 0.832117
98 0.272810 0.903217 0.841849
99 0.270618 0.922682 0.854015
100 0.257439 0.936199 0.827251
101 0.217352 0.940254 0.824818
102 0.216002 0.948635 0.824818
103 0.211632 0.937551 0.810219
104 0.199301 0.946742 0.849148
105 0.214644 0.945391 0.844282
106 0.208550 0.945120 0.844282
107 0.206710 0.947824 0.832117
108 0.192752 0.936199 0.798054
109 0.201657 0.945661 0.836983
110 0.213260 0.949446 0.844282
111 0.186548 0.949446 0.839416
112 0.179387 0.952149 0.824818
113 0.180963 0.947283 0.839416
114 0.197690 0.954312 0.841849
115 0.209799 0.948635 0.819951
116 0.188695 0.955393 0.844282
117 0.194524 0.954582 0.802920
118 0.205125 0.948635 0.832117
119 0.174659 0.949175 0.827251
120 0.188021 0.945391 0.832117
121 0.167491 0.957556 0.819951
122 0.192697 0.957556 0.832117
123 0.164347 0.957015 0.824818
124 0.179699 0.958097 0.834550
125 0.177063 0.948094 0.805353
126 0.189630 0.951068 0.839416
127 0.193492 0.949716 0.829684
128 0.180271 0.962422 0.836983
129 0.172379 0.958367 0.819951
130 0.167919 0.963233 0.819951
131 0.162783 0.953231 0.807786
132 0.164153 0.951338 0.832117
133 0.178778 0.963233 0.817518
134 0.184764 0.962152 0.819951
135 0.182293 0.947013 0.834550
136 0.158288 0.966207 0.836983
137 0.172505 0.955934 0.815085
138 0.148800 0.967559 0.810219
139 0.155647 0.962422 0.832117
140 0.175519 0.957826 0.822384
141 0.156446 0.967288 0.832117
142 0.144593 0.970262 0.815085
143 0.163316 0.963504 0.819951
144 0.153513 0.937821 0.802920
145 0.161255 0.968640 0.807786
146 0.148402 0.959448 0.844282
147 0.140132 0.966748 0.827251
148 0.157993 0.949716 0.822384
149 0.161941 0.963504 0.819951
150 0.131174 0.977021 0.815085
151 0.123621 0.975669 0.812652
152 0.109257 0.983239 0.822384
153 0.096913 0.981346 0.805353
154 0.100910 0.983239 0.802920
155 0.106477 0.987294 0.827251
156 0.095774 0.981076 0.822384
157 0.102797 0.984320 0.815085
158 0.101023 0.985672 0.817518
159 0.110362 0.981346 0.815085
160 0.095454 0.986753 0.815085
161 0.111975 0.985131 0.793187
162 0.089816 0.986753 0.819951
163 0.087305 0.989457 0.817518
164 0.088358 0.989457 0.827251
165 0.092367 0.988646 0.817518
166 0.084199 0.989457 0.817518
167 0.092432 0.986483 0.810219
168 0.101075 0.985942 0.807786
169 0.096396 0.987294 0.822384
170 0.089092 0.988916 0.819951
171 0.085787 0.987294 0.822384
172 0.091298 0.981346 0.810219
173 0.113836 0.984320 0.802920
174 0.099863 0.989457 0.802920
175 0.095440 0.984320 0.824818
176 0.094019 0.988646 0.822384
177 0.095095 0.988105 0.805353
178 0.086133 0.989727 0.805353
179 0.085998 0.988916 0.817518
180 0.081913 0.985942 0.807786
181 0.082450 0.990538 0.802920
182 0.086607 0.988375 0.810219
183 0.090404 0.989457 0.817518
184 0.078778 0.992160 0.819951
185 0.073318 0.989457 0.812652
186 0.089725 0.985401 0.815085
187 0.095994 0.984590 0.822384
188 0.097444 0.985942 0.800487
189 0.109770 0.984320 0.812652
190 0.099523 0.989457 0.798054
191 0.086907 0.991349 0.807786
192 0.074827 0.992971 0.807786
193 0.082209 0.985942 0.812652
194 0.082522 0.992430 0.824818
195 0.082116 0.991619 0.822384
196 0.095622 0.982968 0.819951
197 0.101951 0.988375 0.824818
198 0.083814 0.992701 0.819951
199 0.083188 0.989186 0.824818
200 0.069691 0.994052 0.812652
201 0.068382 0.995134 0.812652
202 0.065223 0.994863 0.812652
203 0.066951 0.996215 0.805353
204 0.067250 0.994593 0.805353
205 0.065607 0.994323 0.810219
206 0.066605 0.995404 0.827251
207 0.059064 0.995404 0.817518
208 0.066175 0.994593 0.819951
209 0.068420 0.993782 0.824818
210 0.059757 0.995675 0.810219
211 0.053510 0.995675 0.812652
212 0.058343 0.995134 0.812652
213 0.058610 0.994323 0.817518
214 0.064058 0.994323 0.817518
215 0.065943 0.994863 0.810219
216 0.058609 0.995675 0.807786
217 0.059115 0.995675 0.810219
218 0.067313 0.995404 0.812652
219 0.070370 0.995404 0.785888
220 0.057268 0.994863 0.805353
221 0.064695 0.994323 0.810219
222 0.060717 0.995945 0.802920
223 0.067339 0.995945 0.802920
224 0.057819 0.995134 0.805353
225 0.060216 0.995404 0.810219
226 0.073508 0.995404 0.812652
227 0.057406 0.994593 0.817518
228 0.059489 0.995134 0.819951
229 0.058015 0.995404 0.815085
230 0.057810 0.994593 0.807786
231 0.055397 0.996215 0.800487
232 0.057591 0.995404 0.805353
233 0.065581 0.994863 0.802920
234 0.059389 0.996215 0.802920
235 0.068186 0.994052 0.810219
236 0.056460 0.995945 0.805353
237 0.062450 0.994052 0.800487
238 0.064034 0.996486 0.812652
239 0.058399 0.996486 0.810219
240 0.062422 0.994593 0.798054
241 0.058760 0.995945 0.810219
242 0.061579 0.996756 0.805353
243 0.058083 0.996486 0.812652
244 0.053467 0.996486 0.819951
245 0.052957 0.996486 0.812652
246 0.059245 0.994593 0.805353
247 0.055340 0.996215 0.817518
248 0.056508 0.996215 0.800487
249 0.054479 0.996756 0.800487
250 0.052776 0.996756 0.805353
251 0.047324 0.996486 0.812652
252 0.052354 0.996486 0.812652
253 0.044383 0.997026 0.810219
254 0.052426 0.997026 0.807786
255 0.045958 0.997297 0.807786
256 0.047934 0.997297 0.807786
257 0.048702 0.996756 0.815085
258 0.048410 0.996756 0.807786
259 0.050651 0.996756 0.810219
260 0.049438 0.996756 0.802920
261 0.053503 0.997026 0.810219
262 0.051784 0.997026 0.807786
263 0.048773 0.996486 0.810219
264 0.051308 0.997026 0.802920
265 0.051958 0.997026 0.810219
266 0.046582 0.996756 0.812652
267 0.045864 0.997026 0.802920
268 0.052751 0.997026 0.807786
269 0.046523 0.996756 0.807786
270 0.055287 0.997026 0.812652
271 0.046705 0.996486 0.815085
272 0.055487 0.996486 0.819951
273 0.053410 0.996486 0.817518
274 0.051063 0.996486 0.805353
275 0.045138 0.996756 0.807786
276 0.042962 0.997297 0.812652
277 0.046163 0.996486 0.807786
278 0.047251 0.996215 0.810219
279 0.054239 0.997297 0.810219
280 0.045856 0.996756 0.810219
281 0.053655 0.996486 0.812652
282 0.053440 0.997026 0.802920
283 0.042642 0.997026 0.805353
284 0.052138 0.997026 0.798054
285 0.048211 0.997026 0.802920
286 0.046824 0.996756 0.805353
287 0.047923 0.997026 0.802920
288 0.054552 0.996756 0.802920
289 0.051136 0.997567 0.805353
290 0.046378 0.997567 0.810219
291 0.046654 0.997026 0.817518
292 0.053860 0.997297 0.805353
293 0.047719 0.997026 0.810219
294 0.046354 0.997026 0.805353
295 0.051080 0.996756 0.798054
296 0.042098 0.997026 0.805353
297 0.042962 0.997026 0.812652
298 0.045907 0.997567 0.815085
299 0.045802 0.997297 0.807786
300 0.047338 0.997567 0.805353
301 0.044118 0.997567 0.805353
302 0.044273 0.997297 0.807786
303 0.047345 0.997297 0.788321
304 0.043175 0.997567 0.802920
305 0.050349 0.997297 0.805353
306 0.044283 0.997567 0.815085
307 0.041801 0.997567 0.810219
308 0.041114 0.997297 0.815085
309 0.044302 0.997567 0.807786
310 0.045411 0.997297 0.824818
311 0.046237 0.997837 0.815085
312 0.048352 0.997297 0.810219
313 0.042071 0.997297 0.810219
314 0.041030 0.997026 0.800487
315 0.044326 0.997837 0.802920
316 0.043139 0.997567 0.798054
317 0.043288 0.997026 0.805353
318 0.041245 0.997567 0.815085
319 0.043896 0.997026 0.812652
320 0.047028 0.997026 0.805353
321 0.041740 0.997297 0.815085
322 0.042510 0.997297 0.805353
323 0.043197 0.997026 0.807786
324 0.046946 0.997297 0.815085
325 0.042819 0.997297 0.807786
326 0.040019 0.997567 0.815085
327 0.047215 0.997567 0.800487
328 0.043532 0.997297 0.810219
329 0.038613 0.997297 0.817518
330 0.044891 0.997567 0.810219
331 0.041993 0.997297 0.815085
332 0.044819 0.997567 0.810219
333 0.040576 0.997567 0.812652
334 0.042050 0.997567 0.807786
335 0.038551 0.997837 0.807786
336 0.043261 0.997297 0.807786
337 0.043670 0.997567 0.815085
338 0.045093 0.997567 0.802920
339 0.039997 0.997567 0.807786
340 0.042362 0.997837 0.800487
341 0.039600 0.997297 0.802920
342 0.043168 0.997026 0.805353
343 0.042548 0.997297 0.810219
344 0.041164 0.997567 0.807786
345 0.040074 0.997567 0.800487
346 0.039599 0.997837 0.805353
347 0.041327 0.997567 0.802920
348 0.048981 0.997297 0.807786
349 0.044218 0.997026 0.807786
350 0.044918 0.997026 0.805353
