1 249.106332 0.315796 0.311669
2 85.264070 0.367007 0.377480
3 53.485003 0.351271 0.350262
4 41.320773 0.408371 0.407476
5 37.801009 0.412749 0.409897
6 36.451513 0.405169 0.409289
7 31.496189 0.418395 0.420089
8 28.242400 0.399434 0.390091
9 23.922880 0.408103 0.409892
10 18.983253 0.424351 0.420695
11 16.145667 0.437465 0.428101
12 17.418147 0.415617 0.411476
13 15.572042 0.427641 0.429491
14 13.500643 0.420152 0.414881
15 13.907141 0.453336 0.456086
16 12.210451 0.443600 0.443093
17 8.997825 0.429819 0.425891
18 8.670424 0.455891 0.454503
19 7.900864 0.432776 0.433488
20 6.901238 0.459246 0.461915
21 6.507509 0.444200 0.439295
22 5.949458 0.436177 0.431281
23 4.999630 0.450778 0.452905
24 4.676014 0.444423 0.443888
25 4.532189 0.442511 0.445292
26 4.426293 0.420841 0.410472
27 4.349371 0.419907 0.418873
28 4.132915 0.435419 0.437101
29 3.585490 0.417127 0.412899
30 3.079058 0.463826 0.468696
31 2.908212 0.438912 0.435470
32 3.102198 0.446933 0.446501
33 3.019885 0.394190 0.398674
34 2.948997 0.416527 0.417689
35 2.700623 0.432866 0.434280
36 2.501541 0.431996 0.429702
37 2.548091 0.415505 0.419685
38 2.616652 0.430930 0.434095
39 2.482903 0.430041 0.436292
40 2.463298 0.455025 0.450888
41 2.331185 0.437999 0.438291
42 2.566810 0.450022 0.450905
43 2.431562 0.463803 0.464906
44 2.283595 0.424707 0.429690
45 2.411702 0.417441 0.419670
46 2.230821 0.446157 0.446280
47 2.262195 0.418352 0.419674
48 2.134405 0.422194 0.424900
49 2.092085 0.424352 0.422291
50 1.723381 0.454891 0.449497
51 1.676124 0.462759 0.453300
52 1.636949 0.482185 0.479304
53 1.613532 0.463981 0.465307
54 1.635508 0.453981 0.445885
55 1.651291 0.433841 0.432504
56 1.709844 0.467050 0.472288
57 1.600572 0.473961 0.471307
58 1.597680 0.473473 0.469092
59 1.684193 0.455337 0.457690
60 1.631953 0.470094 0.472498
61 1.637623 0.461359 0.459500
62 1.692704 0.448822 0.450907
63 1.673192 0.488920 0.485307
64 1.730096 0.452690 0.447104
65 1.629153 0.454623 0.445701
66 1.592648 0.463338 0.463295
67 1.542135 0.480541 0.480501
68 1.597245 0.433933 0.434473
69 1.645472 0.465937 0.468700
70 1.691501 0.462938 0.460291
