1 1.259761 0.869822 0.894737
2 0.289357 0.964497 0.947368
3 0.159398 0.976331 0.947368
4 0.160444 0.905325 0.947368
5 0.150981 0.905325 0.947368
6 0.188794 0.958580 0.947368
7 0.081714 0.994083 0.947368
8 0.063162 0.964497 0.947368
9 0.046396 0.994083 0.947368
10 0.076722 0.994083 0.947368
11 0.063581 0.976331 0.947368
12 0.082984 0.863905 0.736842
13 0.060095 0.964497 0.947368
14 0.047260 0.917160 0.947368
15 0.027163 1.000000 0.947368
16 0.020390 1.000000 0.947368
17 0.025613 0.952663 0.947368
18 0.081085 0.887574 0.842105
19 0.046404 1.000000 0.947368
20 0.034526 0.958580 0.894737
21 0.052052 1.000000 0.894737
22 0.031688 0.988166 0.947368
23 0.016790 1.000000 0.947368
24 0.017962 1.000000 0.947368
25 0.018625 0.994083 0.894737
26 0.019625 1.000000 0.947368
27 0.021293 1.000000 0.947368
28 0.019572 1.000000 0.947368
29 0.020766 1.000000 0.842105
30 0.020277 1.000000 0.947368
31 0.027017 0.934911 0.894737
32 0.150265 0.828402 0.842105
33 0.291440 0.893491 0.842105
34 0.073528 0.988166 0.947368
35 0.051415 1.000000 0.947368
36 0.031025 0.928994 0.894737
37 0.045640 1.000000 0.947368
38 0.023400 1.000000 0.947368
39 0.016135 0.994083 0.894737
40 0.019593 1.000000 0.947368
41 0.016534 1.000000 0.947368
42 0.016393 0.994083 0.947368
43 0.015920 1.000000 0.947368
44 0.025869 1.000000 0.894737
45 0.129722 0.899408 0.894737
46 0.082884 0.988166 0.947368
47 0.025494 1.000000 0.947368
48 0.026904 1.000000 0.947368
49 0.016091 1.000000 0.947368
50 0.011832 1.000000 0.947368
51 0.010538 1.000000 0.947368
52 0.013360 1.000000 0.947368
53 0.014678 1.000000 0.947368
54 0.011401 1.000000 0.947368
55 0.014254 1.000000 0.947368
56 0.013476 1.000000 0.947368
57 0.011484 1.000000 0.947368
58 0.013799 1.000000 0.947368
59 0.012891 1.000000 0.947368
60 0.012712 1.000000 0.947368
61 0.013870 1.000000 0.947368
62 0.011605 1.000000 0.947368
63 0.012615 1.000000 0.947368
64 0.011256 1.000000 0.947368
65 0.011578 1.000000 0.947368
66 0.011803 1.000000 0.947368
67 0.011995 1.000000 0.947368
68 0.011692 1.000000 0.947368
69 0.013189 1.000000 0.947368
70 0.017178 1.000000 0.947368
