1 3.380319 0.663423 0.632603
2 1.445419 0.625845 0.576642
3 1.344561 0.723979 0.690998
4 1.367491 0.560422 0.542579
5 1.356441 0.674236 0.637470
6 1.213695 0.741552 0.698297
7 0.995890 0.707218 0.688564
8 0.955635 0.683158 0.639903
9 0.801841 0.678832 0.656934
10 0.762278 0.612868 0.603406
11 0.774847 0.599892 0.579075
12 0.723514 0.708300 0.676399
13 0.690243 0.736956 0.678832
14 0.614770 0.727494 0.676399
15 0.688139 0.576913 0.562044
16 0.584978 0.651527 0.627737
17 0.952726 0.650716 0.603406
18 0.607704 0.706407 0.673966
19 0.633288 0.745607 0.717762
20 0.566316 0.727494 0.695864
21 0.553088 0.695323 0.673966
22 0.600191 0.731549 0.698297
23 0.577453 0.749662 0.703163
24 0.623695 0.740200 0.705596
25 0.539641 0.755069 0.720195
26 0.574240 0.756691 0.698297
27 0.577751 0.702893 0.666667
28 0.555112 0.747229 0.690998
29 0.554942 0.726683 0.681265
30 0.545222 0.774804 0.710462
31 0.533691 0.745607 0.710462
32 0.558412 0.769127 0.693431
33 0.545575 0.763179 0.710462
34 0.533069 0.769397 0.705596
35 0.553764 0.755880 0.703163
36 0.584746 0.685050 0.661800
37 0.517957 0.763720 0.708029
38 0.527763 0.749121 0.715328
39 0.504444 0.777237 0.712895
40 0.524248 0.783455 0.725061
41 0.539501 0.724250 0.727494
42 0.521794 0.752636 0.708029
43 0.513152 0.774804 0.698297
44 0.501918 0.780211 0.710462
45 0.507595 0.753988 0.693431
46 0.507626 0.781563 0.708029
47 0.525814 0.738848 0.700730
48 0.508416 0.738037 0.698297
49 0.503283 0.779670 0.717762
50 0.487494 0.793998 0.710462
51 0.478018 0.785077 0.732360
52 0.470736 0.787780 0.737226
53 0.486742 0.801838 0.739659
54 0.468367 0.779670 0.729927
55 0.473628 0.796161 0.727494
56 0.463672 0.802920 0.742092
57 0.479267 0.774534 0.727494
58 0.476857 0.781292 0.710462
59 0.448353 0.803460 0.746959
60 0.457517 0.738308 0.678832
61 0.447951 0.810760 0.756691
62 0.445646 0.796972 0.751825
63 0.574211 0.739389 0.678832
64 0.535933 0.801568 0.749392
65 0.472628 0.801568 0.710462
66 0.476531 0.789132 0.737226
67 0.453629 0.804271 0.742092
68 0.452204 0.800487 0.754258
69 0.462352 0.802649 0.744526
70 0.444632 0.818059 0.759124
71 0.464397 0.804271 0.734793
72 0.443803 0.788592 0.717762
73 0.449650 0.821844 0.773723
74 0.439658 0.740200 0.661800
75 0.459049 0.806975 0.766423
76 0.442491 0.821844 0.751825
77 0.440488 0.814004 0.766423
78 0.461793 0.819411 0.781022
79 0.453631 0.811300 0.778589
80 0.450620 0.815085 0.749392
81 0.434245 0.809678 0.776156
82 0.436345 0.825629 0.761557
83 0.442273 0.817248 0.756691
84 0.446600 0.828602 0.776156
85 0.456481 0.786158 0.727494
86 0.449755 0.811571 0.751825
87 0.437830 0.833198 0.781022
88 0.448331 0.828602 0.763990
89 0.441250 0.810760 0.783455
90 0.418061 0.831576 0.776156
91 0.436217 0.833739 0.785888
92 0.423109 0.789132 0.754258
93 0.444011 0.821303 0.776156
94 0.433186 0.827791 0.766423
95 0.424873 0.830765 0.749392
96 0.416054 0.831846 0.773723
97 0.428057 0.829954 0.773723
98 0.408447 0.762909 0.705596
99 0.415907 0.826980 0.778589
100 0.414486 0.848337 0.807786
101 0.403697 0.845093 0.790754
102 0.405650 0.842660 0.776156
103 0.386529 0.848067 0.795620
104 0.379559 0.853204 0.793187
105 0.378319 0.844282 0.790754
106 0.388913 0.846715 0.773723
107 0.376306 0.852393 0.795620
108 0.389850 0.856448 0.785888
109 0.388557 0.847526 0.795620
110 0.376179 0.856448 0.788321
111 0.377693 0.856177 0.800487
112 0.379061 0.851041 0.805353
113 0.380017 0.859421 0.793187
114 0.381808 0.857259 0.812652
115 0.368224 0.858340 0.805353
116 0.385090 0.858881 0.798054
117 0.372830 0.862125 0.783455
118 0.373545 0.863477 0.783455
119 0.377295 0.852393 0.793187
120 0.371400 0.849689 0.783455
121 0.370593 0.860232 0.781022
122 0.365309 0.865910 0.802920
123 0.375234 0.853474 0.798054
124 0.358636 0.868072 0.810219
125 0.364053 0.867532 0.805353
126 0.355238 0.875101 0.802920
127 0.364758 0.866721 0.800487
128 0.353892 0.854826 0.783455
129 0.355352 0.866180 0.810219
130 0.353889 0.873479 0.785888
131 0.368002 0.873479 0.800487
132 0.353905 0.875101 0.812652
133 0.357023 0.864558 0.788321
134 0.359559 0.861584 0.793187
135 0.351800 0.881049 0.805353
136 0.358824 0.876723 0.802920
137 0.354130 0.875101 0.790754
138 0.337422 0.882941 0.785888
139 0.346811 0.872128 0.800487
140 0.338303 0.872128 0.802920
141 0.345978 0.864558 0.778589
142 0.342204 0.869695 0.781022
143 0.327901 0.884834 0.800487
144 0.333181 0.878616 0.793187
145 0.335643 0.879427 0.788321
146 0.339406 0.884834 0.807786
147 0.315219 0.889430 0.812652
148 0.339650 0.878616 0.798054
149 0.322775 0.883752 0.810219
150 0.307410 0.895107 0.805353
151 0.310331 0.891322 0.795620
152 0.303452 0.892403 0.817518
153 0.310623 0.895647 0.798054
154 0.303605 0.898621 0.810219
155 0.314836 0.897540 0.810219
156 0.294152 0.900784 0.798054
157 0.299914 0.892403 0.793187
158 0.283656 0.899162 0.798054
159 0.292625 0.901865 0.802920
160 0.298811 0.905921 0.817518
161 0.293900 0.901054 0.815085
162 0.292112 0.904298 0.810219
163 0.282121 0.905380 0.807786
164 0.280986 0.905109 0.805353
165 0.273906 0.910246 0.812652
166 0.285850 0.901325 0.807786
167 0.275025 0.911868 0.798054
168 0.266620 0.909435 0.815085
169 0.284338 0.908894 0.812652
170 0.267929 0.910516 0.800487
171 0.274556 0.911598 0.798054
172 0.277215 0.911057 0.798054
173 0.273682 0.915112 0.812652
174 0.283343 0.914842 0.817518
175 0.259235 0.915923 0.815085
176 0.266780 0.919167 0.812652
177 0.267495 0.912138 0.800487
178 0.264786 0.916194 0.798054
179 0.262044 0.920789 0.815085
180 0.275380 0.907543 0.812652
181 0.273064 0.914301 0.805353
182 0.256437 0.911598 0.805353
183 0.262201 0.924034 0.812652
184 0.271141 0.914031 0.805353
185 0.244101 0.917005 0.800487
186 0.264331 0.924034 0.819951
187 0.259276 0.917005 0.795620
188 0.264439 0.923493 0.793187
189 0.262965 0.912949 0.827251
190 0.260004 0.927278 0.790754
191 0.229968 0.922411 0.795620
192 0.252175 0.928089 0.805353
193 0.239639 0.930522 0.798054
194 0.242603 0.928359 0.815085
195 0.241611 0.928629 0.802920
196 0.237721 0.930251 0.795620
197 0.259493 0.927278 0.795620
198 0.224311 0.932414 0.798054
199 0.228746 0.930792 0.812652
200 0.227342 0.938632 0.807786
201 0.204610 0.940524 0.800487
202 0.228125 0.945120 0.807786
203 0.206270 0.944309 0.815085
204 0.208026 0.944309 0.802920
205 0.200557 0.947013 0.812652
206 0.205503 0.945661 0.795620
207 0.201472 0.945120 0.800487
208 0.205754 0.949716 0.800487
209 0.198604 0.949446 0.788321
210 0.200632 0.950527 0.788321
211 0.199258 0.946472 0.807786
212 0.189903 0.953771 0.805353
213 0.192664 0.954582 0.790754
214 0.189136 0.953771 0.807786
215 0.189784 0.951068 0.800487
216 0.192865 0.954312 0.815085
217 0.188458 0.957556 0.802920
218 0.181494 0.951879 0.817518
219 0.202631 0.954582 0.805353
220 0.193869 0.953231 0.810219
221 0.189289 0.954312 0.815085
222 0.174348 0.957556 0.810219
223 0.189107 0.954042 0.805353
224 0.185622 0.954582 0.807786
225 0.196743 0.960800 0.785888
226 0.186841 0.957826 0.810219
227 0.186043 0.955393 0.812652
228 0.184351 0.957826 0.810219
229 0.171177 0.959448 0.798054
230 0.180668 0.958908 0.810219
231 0.173185 0.959719 0.798054
232 0.178866 0.963504 0.805353
233 0.174164 0.959178 0.795620
234 0.174487 0.965126 0.812652
235 0.161468 0.964585 0.800487
236 0.164170 0.965126 0.805353
237 0.172636 0.961341 0.802920
238 0.167661 0.966477 0.793187
239 0.159418 0.963233 0.810219
240 0.164631 0.962693 0.819951
241 0.164628 0.958367 0.812652
242 0.173782 0.966748 0.802920
243 0.163453 0.962963 0.802920
244 0.167589 0.966477 0.805353
245 0.158133 0.967829 0.817518
246 0.167297 0.965937 0.805353
247 0.156502 0.965937 0.798054
248 0.163295 0.962963 0.785888
249 0.156388 0.968640 0.810219
250 0.157579 0.972425 0.802920
251 0.140308 0.975128 0.802920
252 0.142472 0.971344 0.793187
253 0.145782 0.972155 0.800487
254 0.140250 0.977021 0.790754
255 0.147363 0.974588 0.805353
256 0.134216 0.974047 0.807786
257 0.147188 0.975669 0.793187
258 0.143197 0.975128 0.798054
259 0.142165 0.975128 0.807786
260 0.139793 0.976480 0.802920
261 0.152102 0.977291 0.810219
262 0.138977 0.976480 0.795620
263 0.140663 0.975669 0.805353
264 0.132263 0.977832 0.810219
265 0.138025 0.972155 0.810219
266 0.128092 0.976480 0.790754
267 0.127184 0.978373 0.798054
268 0.131175 0.976210 0.805353
269 0.128878 0.977562 0.790754
270 0.131565 0.975128 0.805353
271 0.128224 0.977562 0.802920
272 0.130828 0.974047 0.793187
273 0.126601 0.977832 0.805353
274 0.137020 0.979995 0.810219
275 0.123688 0.978913 0.798054
276 0.131063 0.977562 0.815085
277 0.122991 0.979724 0.793187
278 0.124571 0.978643 0.795620
279 0.120537 0.978913 0.802920
280 0.123231 0.974858 0.785888
281 0.131233 0.977291 0.802920
282 0.124471 0.979454 0.812652
283 0.123428 0.977291 0.798054
284 0.129788 0.981076 0.812652
285 0.127791 0.979454 0.802920
286 0.126291 0.979995 0.793187
287 0.120691 0.977021 0.793187
288 0.129614 0.981346 0.815085
289 0.116763 0.979454 0.793187
290 0.134180 0.982157 0.790754
291 0.120811 0.981346 0.800487
292 0.122515 0.980806 0.805353
293 0.123100 0.981346 0.795620
294 0.120378 0.979184 0.800487
295 0.121295 0.982698 0.798054
296 0.118892 0.982157 0.802920
297 0.121937 0.982698 0.800487
298 0.115995 0.981346 0.793187
299 0.126606 0.982428 0.798054
300 0.116336 0.985672 0.800487
301 0.109910 0.984050 0.798054
302 0.110919 0.984861 0.795620
303 0.117241 0.985942 0.807786
304 0.106933 0.984590 0.793187
305 0.114580 0.986753 0.793187
306 0.107420 0.986483 0.795620
307 0.109808 0.985672 0.795620
308 0.105193 0.986753 0.795620
309 0.112354 0.985942 0.788321
310 0.111393 0.986753 0.798054
311 0.111181 0.985672 0.802920
312 0.104941 0.986753 0.798054
313 0.111705 0.986483 0.795620
314 0.110925 0.986212 0.802920
315 0.115622 0.986483 0.800487
316 0.106475 0.987024 0.798054
317 0.107590 0.987835 0.800487
318 0.099634 0.987294 0.800487
319 0.100916 0.986212 0.807786
320 0.100353 0.986753 0.807786
321 0.108829 0.986483 0.795620
322 0.110208 0.985672 0.798054
323 0.109712 0.985401 0.795620
324 0.106692 0.987024 0.793187
325 0.099680 0.987024 0.793187
326 0.106251 0.987564 0.795620
327 0.110471 0.985672 0.802920
328 0.104092 0.986483 0.790754
329 0.098259 0.986753 0.798054
330 0.102305 0.985942 0.785888
331 0.104151 0.987564 0.798054
332 0.098526 0.988646 0.798054
333 0.101711 0.987024 0.807786
334 0.095462 0.987024 0.790754
335 0.101784 0.987024 0.802920
336 0.099615 0.986753 0.793187
337 0.094364 0.986212 0.790754
338 0.103177 0.986753 0.798054
339 0.099808 0.988105 0.798054
340 0.107817 0.988105 0.793187
341 0.098203 0.988375 0.793187
342 0.103144 0.988375 0.788321
343 0.109885 0.987024 0.800487
344 0.111155 0.987294 0.793187
345 0.100971 0.988105 0.802920
346 0.099859 0.988646 0.798054
347 0.101759 0.988375 0.795620
348 0.102333 0.989186 0.798054
349 0.102052 0.987835 0.800487
350 0.098790 0.988916 0.793187
