1 2.923904 0.472593 0.466667
2 1.799566 0.485185 0.493333
3 2.094966 0.420000 0.440000
4 1.306760 0.501481 0.553333
5 1.231787 0.466667 0.473333
6 1.221354 0.514815 0.553333
7 1.066258 0.525185 0.540000
8 1.015237 0.533333 0.533333
9 1.015557 0.540000 0.486667
10 1.017608 0.513333 0.513333
11 1.021007 0.501481 0.466667
12 1.285408 0.492593 0.540000
13 1.285070 0.543704 0.573333
14 1.033330 0.540000 0.560000
15 1.044174 0.530370 0.586667
16 1.085692 0.525926 0.560000
17 0.984176 0.535556 0.506667
18 0.951704 0.535556 0.553333
19 0.955031 0.542222 0.526667
20 0.963987 0.548889 0.560000
21 0.962811 0.545926 0.500000
22 0.948607 0.548889 0.506667
23 0.938453 0.526667 0.513333
24 0.941684 0.545926 0.560000
25 0.950000 0.533333 0.526667
26 0.951251 0.548148 0.500000
27 0.957155 0.534074 0.533333
28 0.938067 0.548148 0.473333
29 0.936459 0.551111 0.526667
30 0.954354 0.550370 0.540000
31 0.943012 0.547407 0.513333
32 0.933014 0.556296 0.553333
33 0.978836 0.557037 0.513333
34 0.954839 0.545926 0.500000
35 0.942219 0.556296 0.493333
36 0.910454 0.557778 0.513333
37 0.933044 0.567407 0.560000
38 0.946245 0.562963 0.513333
39 0.926212 0.555556 0.546667
40 1.040549 0.549630 0.533333
41 0.973984 0.537778 0.513333
42 0.973665 0.560000 0.526667
43 0.948142 0.536296 0.553333
44 0.929780 0.555556 0.480000
45 0.933486 0.523704 0.473333
46 1.027879 0.554815 0.520000
47 1.013239 0.552593 0.493333
48 0.950002 0.556296 0.533333
49 0.941033 0.564444 0.520000
50 0.920826 0.558519 0.500000
51 0.910575 0.577037 0.513333
52 0.913642 0.576296 0.506667
53 0.940932 0.552593 0.473333
54 0.911873 0.571852 0.500000
55 0.981078 0.574074 0.540000
56 0.912559 0.576296 0.533333
57 0.921547 0.562963 0.493333
58 0.914704 0.571852 0.493333
59 0.905630 0.570370 0.520000
60 0.882152 0.576296 0.486667
61 0.900982 0.571852 0.513333
62 0.907226 0.579259 0.500000
63 0.887261 0.578519 0.493333
64 0.890855 0.576296 0.533333
65 0.898131 0.573333 0.493333
66 0.899539 0.574074 0.500000
67 0.900819 0.580000 0.533333
68 0.904225 0.551852 0.473333
69 0.902817 0.566667 0.526667
70 0.903757 0.582222 0.506667
