1 3.253103 0.498382 0.400000
2 1.353799 0.614887 0.657143
3 1.332707 0.653722 0.628571
4 1.135330 0.754045 0.542857
5 1.077231 0.708738 0.371429
6 0.687377 0.686084 0.428571
7 0.644722 0.812298 0.485714
8 0.434585 0.847896 0.457143
9 0.397399 0.857605 0.400000
10 0.337606 0.896440 0.400000
11 0.428265 0.889968 0.371429
12 0.340908 0.899676 0.514286
13 0.343156 0.860841 0.514286
14 0.283497 0.896440 0.457143
15 0.253938 0.948220 0.428571
16 0.288571 0.889968 0.457143
17 0.285126 0.886731 0.428571
18 0.248463 0.957929 0.428571
19 0.162267 0.932039 0.542857
20 0.183214 0.938511 0.514286
21 0.318146 0.938511 0.457143
22 0.223093 0.951456 0.542857
23 0.111635 0.970874 0.485714
24 0.139773 0.951456 0.514286
25 0.265982 0.938511 0.571429
26 0.126712 0.974110 0.428571
27 0.104025 0.944984 0.514286
28 0.398211 0.867314 0.457143
29 0.280533 0.961165 0.514286
30 0.132228 0.987055 0.457143
31 0.140077 0.889968 0.514286
32 0.171874 0.954693 0.571429
33 0.119002 0.941748 0.514286
34 0.129394 0.970874 0.485714
35 0.185882 0.893204 0.600000
36 0.219907 0.980583 0.485714
37 0.105809 0.967638 0.600000
38 0.093505 0.990291 0.571429
39 0.080838 0.951456 0.542857
40 0.542429 0.796117 0.428571
41 0.329461 0.941748 0.457143
42 0.159337 0.941748 0.542857
43 0.093072 0.980583 0.485714
44 0.111186 0.987055 0.457143
45 0.083152 0.990291 0.542857
46 0.096173 0.987055 0.514286
47 0.073540 0.993528 0.571429
48 0.048261 0.993528 0.514286
49 0.065249 0.980583 0.628571
50 0.075923 0.993528 0.514286
51 0.048421 0.993528 0.542857
52 0.038872 0.993528 0.542857
53 0.047983 0.993528 0.571429
54 0.045950 0.993528 0.571429
55 0.058263 0.990291 0.542857
56 0.041899 0.993528 0.514286
57 0.036510 0.993528 0.514286
58 0.048481 0.990291 0.600000
59 0.100253 0.990291 0.571429
60 0.075916 0.987055 0.514286
61 0.115661 0.941748 0.514286
62 0.063376 0.993528 0.542857
63 0.044142 0.993528 0.542857
64 0.045174 0.990291 0.542857
65 0.079563 0.993528 0.514286
66 0.071734 0.980583 0.542857
67 0.060759 0.993528 0.571429
68 0.049214 0.993528 0.571429
69 0.041642 0.993528 0.571429
70 0.037432 0.993528 0.542857
71 0.037103 0.993528 0.571429
72 0.039973 0.993528 0.542857
73 0.041526 0.993528 0.542857
74 0.040309 0.993528 0.514286
75 0.038025 0.993528 0.542857
76 0.040943 0.993528 0.628571
77 0.032279 0.993528 0.571429
78 0.031743 0.993528 0.628571
79 0.034631 0.993528 0.571429
80 0.051179 0.993528 0.571429
81 0.058643 0.990291 0.600000
82 0.096133 0.993528 0.571429
83 0.067035 0.990291 0.542857
84 0.068322 0.993528 0.428571
85 0.048331 0.990291 0.514286
86 0.040999 0.993528 0.514286
87 0.043662 0.993528 0.542857
88 0.041339 0.993528 0.514286
89 0.040457 0.993528 0.514286
90 0.086626 0.948220 0.542857
91 0.238091 0.987055 0.628571
92 0.086787 0.977346 0.428571
93 0.078825 0.990291 0.514286
94 0.064593 0.993528 0.514286
95 0.071285 0.993528 0.514286
96 0.062764 0.993528 0.485714
97 0.045904 0.993528 0.485714
98 0.039833 0.993528 0.514286
99 0.040860 0.993528 0.514286
100 0.037817 0.993528 0.514286
101 0.032254 0.993528 0.514286
102 0.033183 0.993528 0.514286
103 0.037006 0.993528 0.514286
104 0.036397 0.993528 0.542857
105 0.032862 0.993528 0.542857
106 0.039746 0.993528 0.542857
107 0.035910 0.993528 0.542857
108 0.032516 0.993528 0.542857
109 0.034718 0.993528 0.542857
110 0.033695 0.993528 0.542857
111 0.031419 0.993528 0.514286
112 0.034902 0.993528 0.485714
113 0.033649 0.993528 0.542857
114 0.033148 0.993528 0.514286
115 0.031123 0.993528 0.514286
116 0.036753 0.993528 0.542857
117 0.027669 0.993528 0.542857
118 0.032351 0.993528 0.514286
119 0.032602 0.993528 0.542857
120 0.042886 0.993528 0.457143
121 0.032077 0.993528 0.514286
122 0.032923 0.993528 0.514286
123 0.068765 0.938511 0.542857
124 0.100620 0.990291 0.485714
125 0.040998 0.993528 0.542857
126 0.034513 0.993528 0.571429
127 0.038350 0.993528 0.542857
128 0.037208 0.993528 0.542857
129 0.039092 0.993528 0.542857
130 0.040555 0.993528 0.542857
131 0.032659 0.993528 0.542857
132 0.042775 0.993528 0.514286
133 0.035778 0.993528 0.571429
134 0.034713 0.993528 0.571429
135 0.035331 0.993528 0.571429
136 0.033750 0.993528 0.571429
137 0.031659 0.993528 0.571429
138 0.028951 0.993528 0.542857
139 0.032774 0.993528 0.571429
140 0.029749 0.993528 0.542857
141 0.030613 0.993528 0.542857
142 0.037691 0.993528 0.514286
143 0.029054 0.993528 0.514286
144 0.030616 0.993528 0.542857
145 0.055070 0.983819 0.514286
146 0.106808 0.938511 0.485714
147 0.057887 0.993528 0.542857
148 0.041735 0.993528 0.485714
149 0.039118 0.993528 0.485714
150 0.034316 0.993528 0.514286
151 0.032039 0.993528 0.542857
152 0.029528 0.993528 0.542857
153 0.029368 0.993528 0.600000
154 0.028781 0.993528 0.514286
155 0.029371 0.993528 0.514286
156 0.032082 0.993528 0.542857
157 0.029541 0.993528 0.542857
158 0.029006 0.993528 0.571429
159 0.028754 0.993528 0.542857
160 0.031299 0.993528 0.571429
161 0.035147 0.993528 0.514286
162 0.030051 0.993528 0.514286
163 0.025602 0.993528 0.542857
164 0.031870 0.993528 0.485714
165 0.034599 0.993528 0.514286
166 0.029715 0.993528 0.514286
167 0.029028 0.993528 0.514286
168 0.025685 0.993528 0.542857
169 0.027974 0.993528 0.542857
170 0.029665 0.993528 0.514286
171 0.026935 0.993528 0.514286
172 0.028703 0.993528 0.514286
173 0.029648 0.993528 0.514286
174 0.030211 0.993528 0.514286
175 0.027730 0.993528 0.514286
176 0.025336 0.993528 0.542857
177 0.027004 0.993528 0.514286
178 0.028941 0.993528 0.514286
179 0.032520 0.993528 0.514286
180 0.027650 0.993528 0.542857
181 0.027523 0.993528 0.514286
182 0.027466 0.993528 0.514286
183 0.027489 0.993528 0.514286
184 0.028040 0.993528 0.514286
185 0.029824 0.993528 0.514286
186 0.026440 0.993528 0.514286
187 0.031759 0.993528 0.514286
188 0.028633 0.993528 0.514286
189 0.026362 0.993528 0.514286
190 0.026562 0.993528 0.514286
191 0.028053 0.993528 0.514286
192 0.028209 0.993528 0.514286
193 0.026127 0.993528 0.514286
194 0.031265 0.993528 0.514286
195 0.034589 0.993528 0.514286
196 0.026186 0.993528 0.514286
197 0.028248 0.993528 0.514286
198 0.025678 0.993528 0.514286
199 0.030193 0.993528 0.485714
200 0.026202 0.993528 0.514286
201 0.025537 0.993528 0.514286
202 0.028832 0.993528 0.485714
203 0.023655 0.993528 0.514286
204 0.023879 0.993528 0.514286
205 0.021297 0.993528 0.514286
206 0.024099 0.993528 0.514286
207 0.022187 0.993528 0.514286
208 0.025396 0.993528 0.514286
209 0.024940 0.993528 0.485714
210 0.025371 0.993528 0.514286
211 0.024627 0.993528 0.514286
212 0.026880 0.993528 0.485714
213 0.025027 0.993528 0.514286
214 0.027621 0.993528 0.514286
215 0.026182 0.993528 0.514286
216 0.024083 0.993528 0.514286
217 0.024090 0.993528 0.514286
218 0.024617 0.993528 0.514286
219 0.023774 0.993528 0.485714
220 0.025740 0.993528 0.485714
221 0.024785 0.993528 0.514286
222 0.028512 0.993528 0.485714
223 0.024007 0.993528 0.485714
224 0.025057 0.993528 0.485714
225 0.024925 0.993528 0.514286
226 0.022372 0.993528 0.485714
227 0.026722 0.993528 0.485714
228 0.025564 0.993528 0.514286
229 0.024576 0.993528 0.514286
230 0.024770 0.993528 0.514286
231 0.026814 0.993528 0.514286
232 0.023352 0.993528 0.514286
233 0.043384 0.993528 0.542857
234 0.025100 0.993528 0.514286
235 0.024049 0.993528 0.485714
236 0.022530 0.993528 0.514286
237 0.027955 0.993528 0.485714
238 0.022748 0.993528 0.485714
239 0.023821 0.993528 0.485714
240 0.025602 0.993528 0.485714
241 0.024712 0.993528 0.485714
242 0.025780 0.993528 0.485714
243 0.021117 0.993528 0.485714
244 0.027924 0.993528 0.485714
245 0.023372 0.993528 0.485714
246 0.026507 0.993528 0.485714
247 0.022233 0.993528 0.514286
248 0.027127 0.993528 0.514286
249 0.022348 0.993528 0.514286
250 0.025352 0.993528 0.514286
251 0.024560 0.993528 0.514286
252 0.018318 0.993528 0.514286
253 0.022431 0.993528 0.514286
254 0.025207 0.993528 0.514286
255 0.019183 0.993528 0.514286
256 0.023357 0.993528 0.514286
257 0.022599 0.993528 0.514286
258 0.021152 0.993528 0.514286
259 0.023345 0.993528 0.485714
260 0.020956 0.993528 0.485714
261 0.026583 0.993528 0.514286
262 0.024090 0.993528 0.514286
263 0.022441 0.993528 0.514286
264 0.024249 0.993528 0.514286
265 0.022874 0.993528 0.514286
266 0.022734 0.993528 0.514286
267 0.023191 0.993528 0.514286
268 0.024632 0.993528 0.514286
269 0.024887 0.993528 0.514286
270 0.022006 0.993528 0.514286
271 0.021836 0.993528 0.514286
272 0.020461 0.993528 0.514286
273 0.024199 0.993528 0.514286
274 0.026767 0.993528 0.514286
275 0.022881 0.993528 0.514286
276 0.023582 0.993528 0.514286
277 0.021363 0.993528 0.514286
278 0.021639 0.993528 0.514286
279 0.021858 0.993528 0.514286
280 0.022053 0.993528 0.514286
281 0.023120 0.993528 0.514286
282 0.025502 0.993528 0.514286
283 0.022828 0.993528 0.514286
284 0.025243 0.993528 0.514286
285 0.023531 0.993528 0.514286
286 0.021419 0.993528 0.514286
287 0.025569 0.993528 0.514286
288 0.022348 0.993528 0.514286
289 0.024306 0.993528 0.514286
290 0.021914 0.993528 0.514286
291 0.022955 0.993528 0.542857
292 0.022132 0.993528 0.542857
293 0.024222 0.993528 0.514286
294 0.022382 0.993528 0.514286
295 0.020682 0.993528 0.514286
296 0.023006 0.993528 0.514286
297 0.021232 0.993528 0.514286
298 0.024634 0.993528 0.514286
299 0.021245 0.993528 0.514286
300 0.022698 0.993528 0.514286
301 0.023416 0.993528 0.514286
302 0.021114 0.993528 0.514286
303 0.023634 0.993528 0.514286
304 0.019313 0.993528 0.514286
305 0.021402 0.993528 0.514286
306 0.022722 0.993528 0.514286
307 0.022743 0.993528 0.514286
308 0.021716 0.993528 0.514286
309 0.021726 0.993528 0.514286
310 0.023862 0.993528 0.514286
311 0.023057 0.993528 0.514286
312 0.020762 0.993528 0.514286
313 0.022811 0.993528 0.514286
314 0.021935 0.993528 0.514286
315 0.020069 0.993528 0.514286
316 0.021460 0.993528 0.514286
317 0.023175 0.993528 0.542857
318 0.023169 0.993528 0.514286
319 0.023003 0.993528 0.514286
320 0.020570 0.993528 0.514286
321 0.020162 0.993528 0.514286
322 0.020656 0.993528 0.514286
323 0.022650 0.993528 0.514286
324 0.022233 0.993528 0.514286
325 0.021336 0.993528 0.514286
326 0.024936 0.993528 0.514286
327 0.022057 0.993528 0.514286
328 0.022541 0.993528 0.542857
329 0.022238 0.993528 0.514286
330 0.021907 0.993528 0.514286
331 0.023150 0.993528 0.514286
332 0.022152 0.993528 0.514286
333 0.020068 0.993528 0.514286
334 0.021840 0.993528 0.514286
335 0.022203 0.993528 0.514286
336 0.020853 0.993528 0.514286
337 0.022417 0.993528 0.514286
338 0.021534 0.993528 0.514286
339 0.023357 0.993528 0.514286
340 0.023708 0.993528 0.514286
341 0.019857 0.993528 0.514286
342 0.022877 0.993528 0.514286
343 0.025141 0.993528 0.514286
344 0.021442 0.993528 0.542857
345 0.021045 0.993528 0.514286
346 0.022444 0.993528 0.514286
347 0.022564 0.993528 0.514286
348 0.024656 0.993528 0.514286
349 0.019530 0.993528 0.514286
350 0.024884 0.993528 0.514286
