1 0.953198 0.763314 0.789474
2 0.186720 0.934911 0.789474
3 0.132068 0.970414 0.789474
4 0.106883 0.958580 0.736842
5 0.086036 0.982249 0.736842
6 0.034063 0.994083 0.736842
7 0.037445 0.976331 0.631579
8 0.161967 0.982249 0.631579
9 0.051910 1.000000 0.631579
10 0.026644 0.976331 0.736842
11 0.025315 1.000000 0.736842
12 0.024324 0.988166 0.631579
13 0.016717 1.000000 0.684211
14 0.023093 0.994083 0.684211
15 0.034684 0.970414 0.631579
16 0.091730 0.964497 0.684211
17 0.063301 1.000000 0.631579
18 0.027884 1.000000 0.789474
19 0.038411 0.988166 0.684211
20 0.031807 0.869822 0.736842
21 0.048517 0.994083 0.736842
22 0.039739 0.940828 0.684211
23 0.028023 1.000000 0.736842
24 0.013597 1.000000 0.736842
25 0.008924 1.000000 0.736842
26 0.013426 1.000000 0.736842
27 0.014498 1.000000 0.736842
28 0.016703 1.000000 0.736842
29 0.014329 1.000000 0.736842
30 0.019419 1.000000 0.736842
31 0.075852 0.911243 0.684211
32 0.094573 0.970414 0.736842
33 0.101695 0.970414 0.684211
34 0.032120 1.000000 0.684211
35 0.016376 1.000000 0.736842
36 0.012871 1.000000 0.789474
37 0.019928 1.000000 0.736842
38 0.013624 1.000000 0.684211
39 0.017346 1.000000 0.789474
40 0.025133 1.000000 0.789474
41 0.011132 1.000000 0.789474
42 0.014960 1.000000 0.789474
43 0.017038 1.000000 0.736842
44 0.024316 1.000000 0.789474
45 0.046010 0.964497 0.789474
46 0.102557 0.917160 0.842105
47 0.082064 0.970414 0.789474
48 0.029780 1.000000 0.789474
49 0.018455 1.000000 0.684211
50 0.010680 1.000000 0.736842
51 0.016108 1.000000 0.789474
52 0.012484 1.000000 0.789474
53 0.010953 1.000000 0.789474
54 0.010806 1.000000 0.789474
55 0.011505 1.000000 0.789474
56 0.006920 1.000000 0.789474
57 0.012633 1.000000 0.789474
58 0.010717 1.000000 0.789474
59 0.008108 1.000000 0.789474
60 0.009093 1.000000 0.736842
61 0.011227 1.000000 0.789474
62 0.009803 1.000000 0.789474
63 0.009003 1.000000 0.789474
64 0.007786 1.000000 0.789474
65 0.008581 1.000000 0.789474
66 0.006856 1.000000 0.789474
67 0.010989 1.000000 0.789474
68 0.008948 1.000000 0.789474
69 0.008256 1.000000 0.789474
70 0.010737 1.000000 0.736842
