1 362.646969 0.265170 0.246000
2 160.008304 0.404979 0.384000
3 40.749549 0.398533 0.370000
4 39.493517 0.435652 0.428000
5 24.936809 0.497444 0.464000
6 22.710304 0.444988 0.422000
7 23.236455 0.403201 0.394000
8 21.150440 0.434096 0.434000
9 16.422022 0.324517 0.324000
10 16.805464 0.400089 0.382000
11 9.187919 0.435430 0.412000
12 11.165465 0.445655 0.444000
13 9.056814 0.507224 0.468000
14 7.853912 0.377639 0.354000
15 6.955040 0.494554 0.466000
16 7.344983 0.510558 0.492000
17 5.396198 0.488553 0.476000
18 6.122565 0.472327 0.448000
19 4.450502 0.374305 0.390000
20 4.882057 0.441876 0.394000
21 4.066355 0.499667 0.478000
22 3.309109 0.509002 0.466000
23 3.266227 0.405868 0.400000
24 3.150783 0.397866 0.382000
25 2.649266 0.416537 0.418000
26 3.545159 0.391420 0.380000
27 3.193311 0.440542 0.422000
28 2.626919 0.507891 0.484000
29 2.761248 0.485886 0.450000
30 2.813247 0.420316 0.398000
31 3.333898 0.482996 0.482000
32 2.207784 0.492332 0.468000
33 2.364947 0.379862 0.380000
34 2.665602 0.528562 0.492000
35 2.291544 0.482774 0.472000
36 1.879032 0.484330 0.470000
37 2.186088 0.444099 0.422000
38 2.657789 0.405868 0.366000
39 2.359155 0.430318 0.416000
40 2.338318 0.496110 0.468000
41 1.932230 0.423205 0.420000
42 2.273441 0.508780 0.498000
43 1.938328 0.440542 0.412000
44 1.951860 0.508335 0.506000
45 2.017941 0.461436 0.448000
46 1.964754 0.489220 0.488000
47 1.767678 0.425206 0.432000
48 1.974113 0.504779 0.480000
49 2.011518 0.464325 0.450000
50 1.582459 0.488553 0.464000
51 1.491417 0.488998 0.444000
52 1.534265 0.427873 0.404000
53 1.539341 0.504334 0.466000
54 1.607757 0.463214 0.450000
55 1.633208 0.369193 0.364000
56 1.672448 0.511447 0.484000
57 1.573755 0.487442 0.458000
58 1.559072 0.519004 0.510000
59 1.640183 0.505668 0.456000
60 1.602886 0.418093 0.414000
61 1.767886 0.468771 0.456000
62 1.822533 0.417204 0.432000
63 1.687561 0.489220 0.476000
64 1.728989 0.521227 0.492000
65 1.561350 0.471660 0.468000
66 1.502855 0.508335 0.466000
67 1.485779 0.517448 0.488000
68 1.476747 0.506335 0.464000
69 1.626577 0.452100 0.432000
70 1.657202 0.502112 0.454000
