1 3.712778 0.574885 0.567397
2 1.762791 0.636956 0.623114
3 1.538074 0.662720 0.657421
4 1.226686 0.669803 0.671046
5 1.252029 0.652041 0.637470
6 1.278266 0.673939 0.664477
7 1.109925 0.713706 0.704380
8 1.073343 0.692890 0.683942
9 1.027929 0.713004 0.705353
10 0.942960 0.718762 0.710949
11 0.871618 0.701270 0.694647
12 0.812649 0.710219 0.695864
13 0.721970 0.731225 0.721411
14 0.733325 0.726764 0.723114
15 0.677654 0.713679 0.701703
16 0.632457 0.733793 0.722384
17 0.672552 0.715220 0.709246
18 0.651695 0.717735 0.703893
19 0.607475 0.753690 0.736253
20 0.594282 0.760611 0.741849
21 0.577344 0.764477 0.743066
22 0.555904 0.755691 0.738200
23 0.545536 0.774858 0.761314
24 0.537199 0.761584 0.744282
25 0.532274 0.756556 0.725061
26 0.543819 0.769857 0.750608
27 0.517208 0.768208 0.736983
28 0.514793 0.762747 0.731874
29 0.512263 0.778102 0.754501
30 0.496255 0.795053 0.761071
31 0.493724 0.791755 0.759367
32 0.502616 0.796404 0.771046
33 0.486098 0.801216 0.763017
34 0.481981 0.793457 0.760827
35 0.468555 0.800027 0.763017
36 0.480191 0.784671 0.751581
37 0.469010 0.801622 0.767883
38 0.465485 0.800487 0.765450
39 0.501379 0.795296 0.760827
40 0.469518 0.813193 0.775426
41 0.471834 0.790268 0.754988
42 0.452755 0.811625 0.776156
43 0.446627 0.815356 0.775426
44 0.461771 0.805488 0.764964
45 0.450290 0.815734 0.781995
46 0.438984 0.816356 0.782968
47 0.444516 0.815383 0.774939
48 0.438259 0.807732 0.779319
49 0.433775 0.821492 0.768856
50 0.415691 0.847662 0.787834
51 0.388870 0.854799 0.799270
52 0.385553 0.847635 0.795377
53 0.395868 0.856150 0.793917
54 0.383159 0.854717 0.785158
55 0.377758 0.860611 0.793917
56 0.373269 0.861476 0.791728
57 0.378351 0.859151 0.797567
58 0.376725 0.859692 0.796594
59 0.373163 0.858854 0.797567
60 0.374617 0.852501 0.795134
61 0.359582 0.869722 0.796350
62 0.356940 0.871425 0.798054
63 0.356810 0.866964 0.793674
64 0.357785 0.872317 0.802676
65 0.348535 0.866396 0.799513
66 0.356543 0.870776 0.795377
67 0.352219 0.869559 0.802920
68 0.352710 0.859530 0.789294
69 0.351647 0.875345 0.803406
70 0.345700 0.873425 0.797080
71 0.344229 0.878724 0.803649
72 0.339030 0.865558 0.790754
73 0.345539 0.880508 0.802433
74 0.344454 0.874480 0.800730
75 0.340531 0.878048 0.804380
76 0.338374 0.881157 0.800000
77 0.336707 0.884807 0.803893
78 0.334207 0.880725 0.801947
79 0.335129 0.877778 0.800487
80 0.331887 0.886564 0.809246
81 0.323192 0.879184 0.797324
82 0.321271 0.876345 0.802190
83 0.322602 0.887943 0.791484
84 0.318713 0.877318 0.797080
85 0.331468 0.888510 0.800243
86 0.310314 0.885591 0.799027
87 0.315606 0.885510 0.799027
88 0.323507 0.889538 0.803406
89 0.326533 0.891241 0.797567
90 0.303339 0.894431 0.805110
91 0.312105 0.900838 0.803163
92 0.299765 0.899351 0.800730
93 0.306737 0.896053 0.801460
94 0.301169 0.878589 0.795864
95 0.324200 0.891755 0.804623
96 0.305251 0.894836 0.809732
97 0.301283 0.898946 0.808029
98 0.299304 0.890592 0.805596
99 0.303897 0.898216 0.803163
100 0.271162 0.922303 0.816302
101 0.242889 0.922439 0.810462
102 0.240433 0.929603 0.812409
103 0.230980 0.928467 0.809976
104 0.232834 0.931792 0.812652
105 0.229469 0.931576 0.809489
106 0.233900 0.934117 0.817762
107 0.225637 0.935091 0.810949
108 0.223479 0.933658 0.814355
109 0.230307 0.935361 0.815085
110 0.222710 0.938335 0.817275
111 0.218827 0.933009 0.815328
112 0.220123 0.936226 0.811679
113 0.215222 0.939794 0.815328
114 0.220621 0.937145 0.812895
115 0.216686 0.937794 0.815329
116 0.211362 0.937389 0.815815
117 0.213946 0.939092 0.809489
118 0.221643 0.937659 0.813625
119 0.210728 0.939254 0.808029
120 0.211748 0.935577 0.808273
121 0.205576 0.943120 0.805840
122 0.203322 0.947148 0.815572
123 0.201953 0.938632 0.813382
124 0.199661 0.946904 0.814355
125 0.202275 0.947715 0.809489
126 0.198415 0.942930 0.813869
127 0.202485 0.944012 0.808273
128 0.195818 0.946661 0.813139
129 0.188029 0.951257 0.811679
130 0.193461 0.949932 0.808759
131 0.191531 0.949175 0.807786
132 0.196841 0.943579 0.814599
133 0.193165 0.949500 0.807299
134 0.189712 0.951068 0.810219
135 0.190713 0.952122 0.813382
136 0.182585 0.953852 0.816059
137 0.189196 0.949716 0.808759
138 0.186375 0.953771 0.803893
139 0.181739 0.951203 0.807543
140 0.189914 0.949473 0.814112
141 0.183905 0.953879 0.812165
142 0.172903 0.956096 0.815085
143 0.171584 0.957259 0.807786
144 0.169507 0.955339 0.808759
145 0.172576 0.955096 0.810462
146 0.176531 0.956853 0.818248
147 0.174794 0.955501 0.817275
148 0.178635 0.953041 0.811192
149 0.172654 0.958637 0.809489
150 0.149220 0.970857 0.814842
151 0.132800 0.972128 0.813382
152 0.131700 0.973020 0.816302
153 0.125486 0.974858 0.810463
154 0.128174 0.975966 0.812895
155 0.126190 0.975696 0.815085
156 0.124872 0.975561 0.812652
157 0.126019 0.975291 0.811192
158 0.120681 0.976534 0.812652
159 0.122000 0.976183 0.809002
160 0.120640 0.978183 0.808272
161 0.129303 0.974615 0.804136
162 0.120720 0.977075 0.809489
163 0.120240 0.977886 0.808759
164 0.118933 0.977670 0.810462
165 0.113935 0.978940 0.808273
166 0.116270 0.979156 0.808029
167 0.114773 0.979238 0.808272
168 0.114323 0.979021 0.812652
169 0.119943 0.979075 0.813382
170 0.110055 0.979860 0.810219
171 0.112710 0.979292 0.814355
172 0.111211 0.978156 0.810462
173 0.115554 0.979319 0.809002
174 0.114080 0.978427 0.808029
175 0.108375 0.979292 0.811922
176 0.111845 0.980373 0.807056
177 0.112094 0.980265 0.811435
178 0.113425 0.981130 0.809246
179 0.112365 0.980373 0.814355
180 0.112860 0.980671 0.806083
181 0.106854 0.980616 0.808272
182 0.109410 0.981481 0.812409
183 0.106632 0.982941 0.810462
184 0.103500 0.980995 0.811436
185 0.108534 0.981563 0.811922
186 0.108818 0.981454 0.810462
187 0.109599 0.980724 0.814112
188 0.105497 0.981644 0.809489
189 0.109130 0.982374 0.809246
190 0.109942 0.980481 0.808759
191 0.104802 0.983779 0.809976
192 0.103614 0.983698 0.809489
193 0.102638 0.984807 0.810219
194 0.096661 0.985131 0.819708
195 0.099553 0.984023 0.813625
196 0.099103 0.982860 0.810949
197 0.109065 0.983049 0.815085
198 0.101335 0.983807 0.806813
199 0.097360 0.982833 0.810706
200 0.090057 0.988186 0.810219
201 0.081935 0.989051 0.809733
202 0.083875 0.989375 0.814599
203 0.081945 0.989267 0.812895
204 0.082216 0.989186 0.810706
205 0.075514 0.989132 0.809489
206 0.080874 0.989673 0.810219
207 0.074866 0.990403 0.807299
208 0.082520 0.990051 0.815085
209 0.081032 0.990538 0.815815
210 0.078656 0.990376 0.812895
211 0.074649 0.990917 0.813382
212 0.078681 0.990457 0.812652
213 0.076736 0.990186 0.809732
214 0.076110 0.990889 0.816302
215 0.077306 0.990376 0.816545
216 0.074758 0.991079 0.808272
217 0.071766 0.991160 0.814599
218 0.077335 0.990944 0.813382
219 0.080649 0.991349 0.808029
220 0.076465 0.991079 0.813382
221 0.075144 0.991106 0.809976
222 0.076645 0.991701 0.809489
223 0.076858 0.991106 0.812895
224 0.074415 0.990916 0.812166
225 0.078600 0.991295 0.814599
226 0.076649 0.991917 0.810706
227 0.074244 0.991890 0.813625
228 0.076154 0.991376 0.813382
229 0.072404 0.991619 0.810949
230 0.072356 0.991971 0.810462
231 0.075719 0.991349 0.810219
232 0.073356 0.991268 0.813625
233 0.071429 0.991863 0.808029
234 0.068464 0.992511 0.808516
235 0.071129 0.992133 0.811679
236 0.069793 0.991241 0.810706
237 0.073641 0.991998 0.810219
238 0.072407 0.992160 0.812652
239 0.072836 0.991187 0.813139
240 0.075964 0.992052 0.814112
241 0.070826 0.991835 0.806326
242 0.075054 0.991863 0.809246
243 0.068752 0.992755 0.812409
244 0.071777 0.992674 0.809976
245 0.069513 0.992592 0.811192
246 0.071141 0.992133 0.811435
247 0.065665 0.992944 0.811192
248 0.075051 0.992890 0.805596
249 0.069026 0.992701 0.811922
250 0.068358 0.993539 0.812409
251 0.063652 0.993917 0.811679
252 0.061665 0.993998 0.812652
253 0.059017 0.994134 0.813139
254 0.061590 0.993999 0.810463
255 0.058739 0.994431 0.811922
256 0.061655 0.994485 0.809489
257 0.059672 0.994566 0.809489
258 0.061518 0.994485 0.809246
259 0.060870 0.994377 0.810219
260 0.062385 0.994431 0.807299
261 0.063764 0.994539 0.811436
262 0.062904 0.994512 0.809002
263 0.057729 0.994269 0.811192
264 0.059108 0.994593 0.810706
265 0.060258 0.994539 0.809489
266 0.058856 0.994728 0.812652
267 0.057816 0.994647 0.811192
268 0.058492 0.994810 0.809246
269 0.057313 0.994864 0.811192
270 0.059766 0.994674 0.811435
271 0.057817 0.995134 0.811679
272 0.061305 0.995242 0.812166
273 0.060693 0.995188 0.814599
274 0.061798 0.994891 0.810949
275 0.055835 0.994945 0.812652
276 0.055301 0.995431 0.811436
277 0.056482 0.995134 0.812895
278 0.057622 0.994863 0.812652
279 0.060548 0.994891 0.813869
280 0.055449 0.995080 0.811192
281 0.061047 0.995080 0.812895
282 0.060661 0.995188 0.808516
283 0.056155 0.995161 0.812652
284 0.058656 0.995242 0.812652
285 0.059997 0.995188 0.811436
286 0.054563 0.995350 0.811922
287 0.056991 0.995026 0.806813
288 0.059090 0.995161 0.811192
289 0.057651 0.995539 0.809732
290 0.054584 0.995485 0.813139
291 0.058260 0.995215 0.812652
292 0.056892 0.995485 0.815815
293 0.056470 0.995323 0.813382
294 0.054948 0.995431 0.812165
295 0.055451 0.995377 0.810949
296 0.056657 0.995377 0.811192
297 0.059685 0.995215 0.814599
298 0.057015 0.995567 0.809489
299 0.058179 0.995675 0.808759
300 0.057139 0.996053 0.810949
301 0.053503 0.996107 0.810706
302 0.052328 0.996053 0.810706
303 0.052931 0.995837 0.807299
304 0.050709 0.996026 0.810706
305 0.054168 0.995837 0.810462
306 0.053663 0.996215 0.810219
307 0.053082 0.996378 0.811922
308 0.051240 0.995837 0.808759
309 0.054465 0.995918 0.809732
310 0.055435 0.996188 0.814112
311 0.055374 0.996404 0.814112
312 0.050145 0.996026 0.810706
313 0.050703 0.996107 0.811192
314 0.050557 0.996161 0.808516
315 0.052319 0.996215 0.809976
316 0.051284 0.996296 0.811192
317 0.052387 0.996215 0.809976
318 0.050436 0.996323 0.814355
319 0.051506 0.996350 0.812409
320 0.049778 0.996161 0.809489
321 0.051182 0.996107 0.810463
322 0.051752 0.995891 0.810219
323 0.051075 0.996242 0.812165
324 0.051661 0.996350 0.810706
325 0.050843 0.996350 0.812652
326 0.051422 0.996296 0.811436
327 0.051587 0.996486 0.812409
328 0.052157 0.996323 0.809976
329 0.049270 0.996188 0.812895
330 0.052517 0.996269 0.812409
331 0.051135 0.996459 0.813139
332 0.052013 0.996756 0.811922
333 0.049439 0.996405 0.809246
334 0.050616 0.996432 0.809976
335 0.049669 0.996567 0.811435
336 0.049200 0.996324 0.807299
337 0.048656 0.996432 0.808273
338 0.051610 0.996486 0.808759
339 0.050725 0.996540 0.813625
340 0.049307 0.996621 0.809976
341 0.049319 0.996323 0.809489
342 0.050907 0.996540 0.811922
343 0.049476 0.996458 0.814112
344 0.048664 0.996594 0.814112
345 0.050115 0.996675 0.814599
346 0.048907 0.996675 0.811922
347 0.049993 0.996486 0.813625
348 0.052956 0.996269 0.813382
349 0.052318 0.996567 0.811192
350 0.049656 0.996648 0.811436
