1 1.661456 0.706556 0.690000
2 0.715403 0.763111 0.733000
3 0.621007 0.737445 0.714000
4 0.555230 0.771444 0.716000
5 0.519317 0.769333 0.708000
6 0.489819 0.783000 0.721000
7 0.525548 0.781333 0.704000
8 0.476065 0.798778 0.720000
9 0.440606 0.807889 0.718000
10 0.421288 0.811667 0.721000
11 0.415528 0.813667 0.730000
12 0.413519 0.815778 0.724000
13 0.405919 0.815111 0.725000
14 0.398580 0.829000 0.727000
15 0.385481 0.835889 0.719000
16 0.385115 0.830778 0.710000
17 0.363789 0.846000 0.735000
18 0.357803 0.844667 0.736000
19 0.362301 0.843445 0.730000
20 0.447470 0.836111 0.696000
21 0.392945 0.831778 0.721000
22 0.362990 0.842778 0.727000
23 0.403940 0.833111 0.707000
24 0.351611 0.846556 0.720000
25 0.392638 0.837444 0.732000
26 0.342088 0.854333 0.715000
27 0.332888 0.856667 0.719000
28 0.325614 0.861333 0.723000
29 0.602256 0.846889 0.727000
30 0.476880 0.841778 0.731000
31 0.369745 0.859889 0.736000
32 0.442527 0.844111 0.718000
33 0.344145 0.861778 0.708000
34 0.400053 0.858000 0.725000
35 0.443785 0.845667 0.730000
36 0.342834 0.859889 0.729000
37 0.334916 0.863333 0.709000
38 0.321663 0.867778 0.727000
39 0.323278 0.856444 0.734000
40 0.333259 0.866000 0.707000
41 0.322942 0.869556 0.720000
42 0.300180 0.872889 0.723000
43 0.297550 0.875667 0.730000
44 0.302501 0.880222 0.723000
45 0.295602 0.880000 0.714000
46 0.288490 0.886333 0.706000
47 0.371440 0.874555 0.706000
48 0.299635 0.882222 0.716000
49 0.295013 0.871889 0.712000
50 0.274053 0.895889 0.711000
51 0.255297 0.896222 0.711000
52 0.247724 0.899778 0.717000
53 0.255576 0.907222 0.711000
54 0.248077 0.899000 0.713000
55 0.253525 0.906000 0.723000
56 0.236963 0.908444 0.715000
57 0.238712 0.909111 0.713000
58 0.227857 0.911444 0.712000
59 0.232605 0.910333 0.716000
60 0.235133 0.908778 0.719000
61 0.236168 0.914000 0.721000
62 0.229311 0.908778 0.724000
63 0.235002 0.910222 0.709000
64 0.225984 0.913111 0.716000
65 0.222527 0.917444 0.718000
66 0.223269 0.911778 0.724000
67 0.223167 0.915889 0.705000
68 0.216234 0.904667 0.696000
69 0.222462 0.916111 0.706000
70 0.314578 0.897778 0.708000
71 0.256110 0.906000 0.719000
72 0.236153 0.912222 0.713000
73 0.235793 0.910111 0.706000
74 0.253931 0.916222 0.710000
75 0.232276 0.915444 0.720000
76 0.219433 0.912222 0.711000
77 0.217621 0.917111 0.717000
78 0.211497 0.922889 0.718000
79 0.216534 0.919111 0.706000
80 0.211867 0.921889 0.721000
81 0.226164 0.920000 0.705000
82 0.205746 0.924556 0.726000
83 0.206771 0.920000 0.710000
84 0.205237 0.923444 0.711000
85 0.201825 0.925556 0.710000
86 0.201825 0.924667 0.712000
87 0.330504 0.918333 0.700000
88 0.226717 0.911556 0.715000
89 0.221288 0.923222 0.718000
90 0.212556 0.923556 0.724000
91 0.211933 0.922222 0.712000
92 0.207798 0.926111 0.717000
93 0.338257 0.919556 0.720000
94 0.221768 0.924444 0.708000
95 0.212809 0.922333 0.714000
96 0.203255 0.927889 0.710000
97 0.199956 0.925889 0.715000
98 0.203380 0.928111 0.709000
99 0.201479 0.925222 0.708000
100 0.188427 0.932333 0.702000
101 0.172645 0.934222 0.710000
102 0.173609 0.935000 0.714000
103 0.172965 0.936000 0.716000
104 0.172814 0.933222 0.721000
105 0.172357 0.933000 0.709000
106 0.186076 0.933889 0.717000
107 0.166163 0.935222 0.719000
108 0.165682 0.934778 0.714000
109 0.168356 0.936222 0.721000
110 0.160251 0.938111 0.715000
111 0.160772 0.935556 0.711000
112 0.165793 0.936444 0.712000
113 0.164558 0.937222 0.721000
114 0.157998 0.938000 0.710000
115 0.163992 0.935000 0.714000
116 0.173432 0.933889 0.709000
117 0.161349 0.937111 0.720000
118 0.154481 0.938556 0.723000
119 0.156621 0.938444 0.719000
120 0.157124 0.938333 0.707000
121 0.161218 0.938444 0.716000
122 0.174302 0.936778 0.712000
123 0.162734 0.939222 0.718000
124 0.153449 0.938889 0.709000
125 0.157335 0.939333 0.722000
126 0.155717 0.938111 0.708000
127 0.152445 0.939000 0.710000
128 0.152296 0.938000 0.722000
129 0.162563 0.938778 0.717000
130 0.159282 0.939333 0.703000
131 0.156516 0.939222 0.711000
132 0.157188 0.939333 0.705000
133 0.153454 0.938333 0.708000
134 0.154296 0.937445 0.715000
135 0.159843 0.940111 0.717000
136 0.155621 0.939222 0.707000
137 0.154741 0.938556 0.719000
138 0.151951 0.941667 0.704000
139 0.149850 0.940222 0.702000
140 0.154225 0.939778 0.708000
141 0.149952 0.938444 0.719000
142 0.148777 0.941000 0.711000
143 0.148233 0.938667 0.718000
144 0.159359 0.939889 0.716000
145 0.168449 0.938333 0.705000
146 0.155222 0.941111 0.715000
147 0.149398 0.940556 0.709000
148 0.149958 0.941778 0.713000
149 0.148238 0.942445 0.722000
150 0.148656 0.942778 0.707000
151 0.138319 0.942222 0.716000
152 0.344695 0.943111 0.710000
153 0.140904 0.943111 0.713000
154 0.135409 0.943667 0.711000
155 0.132354 0.944778 0.707000
156 0.135516 0.943778 0.714000
157 0.134566 0.942889 0.702000
158 0.132600 0.944444 0.710000
159 0.133648 0.945000 0.704000
160 0.133446 0.944556 0.710000
161 0.135731 0.943889 0.710000
162 0.137661 0.943556 0.718000
163 0.135300 0.943889 0.709000
164 0.133885 0.944889 0.710000
165 0.130643 0.944000 0.712000
166 0.134959 0.944333 0.721000
167 0.135179 0.944222 0.710000
168 0.135703 0.943778 0.704000
169 0.131476 0.945333 0.708000
170 0.130455 0.944778 0.714000
171 0.135194 0.946333 0.709000
172 0.131309 0.946000 0.706000
173 0.133413 0.945111 0.705000
174 0.126926 0.944555 0.715000
175 0.134280 0.945555 0.710000
176 0.132103 0.944000 0.715000
177 0.133569 0.944778 0.711000
178 0.129608 0.946000 0.719000
179 0.132763 0.946667 0.717000
180 0.132364 0.944889 0.714000
181 0.129258 0.944889 0.714000
182 0.209142 0.945333 0.723000
183 0.233378 0.944778 0.721000
184 0.133553 0.945444 0.701000
185 0.130541 0.945556 0.711000
186 0.139041 0.946000 0.709000
187 0.132942 0.945889 0.706000
188 0.130690 0.945444 0.712000
189 0.128795 0.945444 0.714000
190 0.125712 0.945778 0.700000
191 0.127200 0.945889 0.710000
192 0.126902 0.945333 0.711000
193 0.127594 0.946556 0.719000
194 0.125575 0.945333 0.708000
195 0.127831 0.945333 0.708000
196 0.132326 0.946222 0.718000
197 0.128574 0.945667 0.711000
198 0.128822 0.945667 0.708000
199 0.128395 0.946000 0.711000
200 0.123317 0.946333 0.705000
201 0.121991 0.947333 0.710000
202 0.120769 0.948222 0.710000
203 0.122174 0.948667 0.714000
204 0.120362 0.948667 0.712000
205 0.119723 0.948000 0.715000
206 0.119382 0.948111 0.713000
207 0.125446 0.947778 0.714000
208 0.122050 0.947889 0.705000
209 0.120312 0.949222 0.709000
210 0.120909 0.948000 0.714000
211 0.176174 0.947555 0.712000
212 0.120324 0.947333 0.712000
213 0.121076 0.948111 0.716000
214 0.119883 0.948000 0.711000
215 0.119455 0.948556 0.710000
216 0.118351 0.948444 0.708000
217 0.120693 0.948000 0.713000
218 0.124151 0.948667 0.713000
219 0.121625 0.946111 0.706000
220 0.117978 0.949222 0.704000
221 0.117722 0.948556 0.707000
222 0.119923 0.947778 0.704000
223 0.118165 0.948000 0.699000
224 0.118091 0.948556 0.703000
225 0.166021 0.947667 0.705000
226 0.121129 0.948444 0.713000
227 0.114797 0.947556 0.699000
228 0.120029 0.948555 0.702000
229 0.117078 0.948445 0.710000
230 0.121162 0.948222 0.705000
231 0.116884 0.948222 0.700000
232 0.117796 0.948111 0.705000
233 0.115233 0.947667 0.706000
234 0.115974 0.948556 0.699000
235 0.116097 0.948889 0.710000
236 0.120623 0.947778 0.708000
237 0.120329 0.949111 0.706000
238 0.114807 0.948111 0.699000
239 0.121553 0.948333 0.716000
240 0.119332 0.949000 0.708000
241 0.139472 0.948889 0.711000
242 0.116297 0.949222 0.717000
243 0.121983 0.949222 0.707000
244 0.114988 0.948444 0.707000
245 0.118891 0.948667 0.703000
246 0.115164 0.948556 0.714000
247 0.119290 0.948556 0.710000
248 0.117161 0.948444 0.712000
249 0.113910 0.948556 0.712000
250 0.120661 0.948778 0.720000
251 0.117341 0.949111 0.712000
252 0.117942 0.949333 0.711000
253 0.120517 0.949000 0.708000
254 0.113603 0.948445 0.706000
255 0.114287 0.949111 0.704000
256 0.115995 0.949000 0.714000
257 0.109046 0.949111 0.703000
258 0.115765 0.949778 0.705000
259 0.114580 0.948778 0.716000
260 0.112537 0.949000 0.714000
261 0.115962 0.949334 0.713000
262 0.114636 0.949889 0.710000
263 0.120104 0.949778 0.707000
264 0.114652 0.950111 0.710000
265 0.110668 0.949111 0.715000
266 0.114866 0.950111 0.708000
267 0.116019 0.950000 0.704000
268 0.114774 0.949778 0.709000
269 0.111123 0.949556 0.709000
270 0.119184 0.949778 0.709000
271 0.114693 0.950111 0.706000
272 0.110975 0.950111 0.711000
273 0.111581 0.949111 0.712000
274 0.114410 0.950445 0.709000
275 0.137170 0.949889 0.709000
276 0.112456 0.949333 0.707000
277 0.113999 0.949889 0.707000
278 0.117201 0.949445 0.710000
279 0.113202 0.949667 0.705000
280 0.111068 0.950000 0.711000
281 0.117229 0.949556 0.711000
282 0.134879 0.949667 0.706000
283 0.113117 0.949444 0.707000
284 0.117375 0.949000 0.710000
285 0.116494 0.950000 0.705000
286 0.125443 0.950111 0.708000
287 0.114019 0.949333 0.709000
288 0.114130 0.950000 0.704000
289 0.108900 0.949778 0.704000
290 0.114559 0.949000 0.704000
291 0.112207 0.949667 0.702000
292 0.112133 0.949667 0.705000
293 0.107194 0.949778 0.710000
294 0.111545 0.950333 0.708000
295 0.110960 0.949445 0.710000
296 0.110578 0.949111 0.714000
297 0.108420 0.950000 0.707000
298 0.114497 0.949889 0.708000
299 0.109131 0.950000 0.713000
300 0.110735 0.949889 0.707000
301 0.109214 0.949889 0.712000
302 0.111940 0.949778 0.708000
303 0.111898 0.949889 0.710000
304 0.110256 0.950222 0.708000
305 0.109898 0.950111 0.706000
306 0.108916 0.949778 0.708000
307 0.108006 0.949889 0.710000
308 0.111527 0.949445 0.708000
309 0.111794 0.950000 0.707000
310 0.111047 0.950111 0.709000
311 0.108843 0.949445 0.712000
312 0.106424 0.949889 0.707000
313 0.109620 0.950556 0.707000
314 0.107486 0.950222 0.711000
315 0.106490 0.950556 0.710000
316 0.109130 0.950222 0.708000
317 0.109378 0.950000 0.709000
318 0.110096 0.949444 0.711000
319 0.108505 0.949444 0.706000
320 0.107023 0.950333 0.708000
321 0.108851 0.950222 0.700000
322 0.109721 0.950445 0.704000
323 0.109888 0.950444 0.708000
324 0.108950 0.950778 0.706000
325 0.108802 0.950333 0.707000
326 0.107687 0.950000 0.708000
327 0.108827 0.950222 0.709000
328 0.109577 0.950111 0.707000
329 0.109108 0.950333 0.707000
330 0.109454 0.950000 0.704000
331 0.107666 0.949667 0.704000
332 0.107461 0.950333 0.702000
333 0.107496 0.950667 0.706000
334 0.106686 0.950111 0.706000
335 0.104292 0.950333 0.711000
336 0.109312 0.950000 0.709000
337 0.110790 0.950000 0.708000
338 0.113011 0.950222 0.702000
339 0.109322 0.950222 0.704000
340 0.113057 0.950667 0.703000
341 0.108000 0.950222 0.707000
342 0.111128 0.951000 0.707000
343 0.110123 0.950556 0.706000
344 0.110154 0.950667 0.710000
345 0.109896 0.950111 0.698000
346 0.114809 0.950444 0.714000
347 0.109086 0.950444 0.711000
348 0.111407 0.950222 0.707000
349 0.111508 0.950889 0.712000
350 0.109852 0.950889 0.709000
