1 6.418036 0.671778 0.690000
2 1.606910 0.624000 0.622000
3 1.642090 0.760000 0.768000
4 1.482754 0.740222 0.746000
5 1.359561 0.722222 0.730000
6 0.911261 0.762889 0.774000
7 0.689650 0.737556 0.750000
8 0.652011 0.780000 0.776000
9 0.609382 0.723333 0.718000
10 0.795810 0.770889 0.766000
11 0.629164 0.780444 0.788000
12 0.605997 0.784000 0.794000
13 0.608339 0.791333 0.818000
14 0.615443 0.778000 0.758000
15 0.599701 0.781333 0.774000
16 0.606450 0.772889 0.786000
17 0.670999 0.795333 0.790000
18 0.565161 0.763778 0.752000
19 0.577853 0.797556 0.782000
20 0.591698 0.805556 0.788000
21 0.579254 0.786444 0.784000
22 0.534457 0.800444 0.780000
23 0.528888 0.804222 0.790000
24 0.526261 0.807111 0.800000
25 0.513462 0.803778 0.788000
26 0.484090 0.814000 0.808000
27 0.518548 0.821556 0.806000
28 0.556961 0.793333 0.794000
29 0.514244 0.794000 0.792000
30 0.512381 0.809778 0.792000
