1 243.765206 0.208046 0.208000
2 78.731830 0.314514 0.318000
3 40.560170 0.338964 0.316000
4 40.874757 0.428317 0.428000
5 30.837269 0.471883 0.474000
6 37.821542 0.418760 0.410000
7 40.338377 0.385419 0.402000
8 33.146505 0.414092 0.428000
9 19.739762 0.428317 0.458000
10 19.951410 0.398088 0.388000
11 17.773238 0.484108 0.458000
12 19.418405 0.361191 0.372000
13 14.681816 0.413647 0.436000
14 9.616949 0.412092 0.442000
15 16.406444 0.395643 0.406000
16 12.202689 0.421649 0.454000
17 9.411898 0.420760 0.414000
18 9.901524 0.491220 0.482000
19 13.911121 0.447210 0.462000
20 11.648407 0.421427 0.400000
21 8.395383 0.405646 0.418000
22 9.373656 0.395199 0.420000
23 5.286666 0.420093 0.440000
24 6.267881 0.476106 0.484000
25 4.647647 0.459435 0.428000
26 4.776231 0.500333 0.494000
27 4.550415 0.414981 0.416000
28 4.306925 0.503890 0.482000
29 3.859026 0.371194 0.380000
30 3.565796 0.472327 0.444000
31 3.003224 0.480774 0.472000
32 3.594148 0.459658 0.470000
33 3.530994 0.397866 0.412000
34 3.124392 0.414981 0.418000
35 2.830570 0.418315 0.452000
36 2.626376 0.357413 0.368000
37 3.090137 0.390309 0.386000
38 2.604133 0.472772 0.468000
39 2.546626 0.505001 0.484000
40 2.602026 0.458546 0.460000
41 2.628317 0.454990 0.454000
42 2.481598 0.388975 0.394000
43 2.114817 0.440987 0.430000
44 2.141746 0.420093 0.408000
45 2.350397 0.410758 0.428000
46 2.340090 0.482552 0.500000
47 2.353180 0.478329 0.498000
48 1.957819 0.466326 0.474000
49 2.229704 0.504557 0.482000
50 1.696046 0.452323 0.458000
51 1.542889 0.495888 0.478000
52 1.522767 0.482552 0.482000
53 1.672634 0.436319 0.448000
54 1.811136 0.459213 0.446000
55 1.695353 0.429873 0.454000
56 1.612608 0.518337 0.500000
57 1.587010 0.433874 0.460000
58 1.571807 0.435430 0.426000
59 1.706798 0.461436 0.468000
60 1.660533 0.473439 0.464000
61 1.625977 0.445655 0.426000
62 1.731306 0.443876 0.446000
63 1.585822 0.512114 0.512000
64 1.664236 0.429651 0.414000
65 1.680505 0.443432 0.428000
66 1.578555 0.474105 0.478000
67 1.564541 0.492998 0.500000
68 1.614134 0.434541 0.424000
69 1.536313 0.430318 0.426000
70 1.815170 0.480107 0.492000
