1 3.717177 0.623304 0.607299
2 1.532048 0.637443 0.628467
3 1.537050 0.682806 0.677859
4 1.232807 0.667342 0.657421
5 1.211812 0.639362 0.633577
6 1.182186 0.689132 0.676156
7 1.084187 0.717437 0.708516
8 1.038259 0.707299 0.697080
9 0.927790 0.703082 0.694890
10 0.871768 0.706569 0.701703
11 0.859802 0.672209 0.661314
12 0.759179 0.694539 0.682238
13 0.708002 0.711490 0.693431
14 0.668298 0.704947 0.682968
15 0.660156 0.694999 0.688564
16 0.617762 0.730900 0.720438
17 0.677901 0.708273 0.690024
18 0.622994 0.722547 0.713139
19 0.597567 0.743066 0.735036
20 0.578347 0.737253 0.724574
21 0.576293 0.749581 0.743309
22 0.555680 0.751014 0.734550
23 0.556830 0.754096 0.735523
24 0.568078 0.756339 0.740389
25 0.531785 0.758611 0.735523
26 0.560715 0.762828 0.747932
27 0.531558 0.762584 0.745012
28 0.545557 0.755393 0.735036
29 0.531185 0.767532 0.740389
30 0.508771 0.775777 0.749635
31 0.515381 0.758124 0.740633
32 0.531926 0.779913 0.753528
33 0.509095 0.790889 0.763017
34 0.501813 0.789376 0.762774
35 0.502165 0.761584 0.744525
36 0.533661 0.766180 0.749635
37 0.503887 0.777508 0.751095
38 0.507559 0.794890 0.772020
39 0.509331 0.800649 0.772749
40 0.496578 0.802433 0.769586
41 0.493176 0.789457 0.766423
42 0.478540 0.779805 0.755231
43 0.474290 0.800838 0.769586
44 0.501185 0.782022 0.761070
45 0.495435 0.792836 0.764477
46 0.478518 0.793999 0.763504
47 0.471457 0.794458 0.769100
48 0.461878 0.792322 0.758394
49 0.462309 0.800081 0.754745
50 0.448373 0.829386 0.779076
51 0.425192 0.828305 0.786618
52 0.422982 0.817383 0.779805
53 0.430763 0.837388 0.786861
54 0.418287 0.827116 0.780049
55 0.414863 0.834388 0.777372
56 0.407064 0.838497 0.786131
57 0.409141 0.838010 0.788565
58 0.407300 0.836091 0.788564
59 0.403414 0.825196 0.771290
60 0.405364 0.832847 0.779076
61 0.401673 0.842660 0.786375
62 0.398169 0.845472 0.793431
63 0.406903 0.840498 0.778832
64 0.403718 0.844850 0.787591
65 0.392555 0.837226 0.775669
66 0.399839 0.846256 0.790998
67 0.385863 0.849689 0.788078
68 0.388901 0.837064 0.777129
69 0.392234 0.855339 0.793431
70 0.387671 0.853339 0.799027
71 0.382507 0.856529 0.791727
72 0.376384 0.853339 0.784671
73 0.381626 0.855583 0.794161
74 0.381222 0.848797 0.780292
75 0.379527 0.858016 0.793187
76 0.372365 0.860476 0.795620
77 0.379290 0.854123 0.792457
78 0.372361 0.856610 0.798540
79 0.370661 0.859692 0.798053
80 0.363928 0.865072 0.792458
81 0.362029 0.864882 0.800487
82 0.361212 0.848824 0.783698
83 0.360145 0.860503 0.782239
84 0.361979 0.865099 0.789294
85 0.364793 0.863909 0.791241
86 0.355816 0.866802 0.802190
87 0.361085 0.869803 0.803650
88 0.359738 0.865126 0.789781
89 0.362180 0.872182 0.798784
90 0.342582 0.870803 0.800730
91 0.349420 0.875318 0.794647
92 0.340277 0.871533 0.797567
93 0.345879 0.870668 0.799757
94 0.340198 0.854285 0.785888
95 0.355320 0.874696 0.800000
96 0.344522 0.875507 0.803650
97 0.341607 0.881076 0.801216
98 0.336061 0.857610 0.789051
99 0.340373 0.877399 0.796107
100 0.314758 0.900189 0.810706
101 0.286836 0.900865 0.803650
102 0.285978 0.903893 0.799513
103 0.281568 0.903569 0.804136
104 0.277190 0.909192 0.808516
105 0.277083 0.908300 0.805839
106 0.279855 0.908164 0.803406
107 0.272859 0.909786 0.800973
108 0.269442 0.911841 0.804866
109 0.277666 0.910543 0.809489
110 0.273082 0.910868 0.808029
111 0.265464 0.911976 0.809489
112 0.260595 0.911246 0.806569
113 0.265256 0.911625 0.803406
114 0.267574 0.913706 0.805840
115 0.262559 0.917194 0.802190
116 0.260176 0.916734 0.800000
117 0.260838 0.914085 0.803163
118 0.266862 0.914599 0.806326
119 0.257643 0.917978 0.804623
120 0.252005 0.917437 0.802433
121 0.249556 0.920681 0.799757
122 0.246802 0.919492 0.804136
123 0.248658 0.915274 0.800243
124 0.242273 0.927764 0.804866
125 0.249723 0.924277 0.806813
126 0.244844 0.925899 0.800973
127 0.242504 0.925899 0.803163
128 0.236220 0.927034 0.803163
129 0.234319 0.925520 0.802433
130 0.238723 0.927278 0.798540
131 0.238261 0.928224 0.811192
132 0.241130 0.929359 0.808759
133 0.237244 0.928170 0.804623
134 0.233206 0.929251 0.799513
135 0.230433 0.929522 0.802190
136 0.233354 0.931819 0.803649
137 0.232365 0.930576 0.804623
138 0.228504 0.933360 0.798783
139 0.226422 0.932793 0.802920
140 0.230510 0.933631 0.809732
141 0.228542 0.929575 0.800730
142 0.219601 0.934496 0.806326
143 0.220441 0.931657 0.803650
144 0.212418 0.939632 0.804866
145 0.214079 0.934361 0.804623
146 0.217609 0.936523 0.803893
147 0.211768 0.937118 0.807543
148 0.219575 0.935820 0.804380
149 0.214365 0.939686 0.802433
150 0.191816 0.951528 0.800487
151 0.176725 0.953285 0.806569
152 0.173691 0.956340 0.809976
153 0.170355 0.955420 0.803406
154 0.169188 0.956475 0.808759
155 0.173475 0.956826 0.803163
156 0.168361 0.956393 0.805839
157 0.168828 0.956664 0.804380
158 0.162944 0.958800 0.806569
159 0.163008 0.958827 0.805110
160 0.164046 0.959638 0.803650
161 0.170525 0.957989 0.805840
162 0.166027 0.959124 0.801947
163 0.159410 0.960179 0.808759
164 0.156223 0.961071 0.803650
165 0.156161 0.961854 0.806813
166 0.156418 0.960503 0.806326
167 0.158065 0.960530 0.802676
168 0.155967 0.961638 0.804136
169 0.160227 0.959746 0.806083
170 0.149410 0.962828 0.804136
171 0.151112 0.964288 0.806326
172 0.151617 0.963152 0.803163
173 0.154303 0.963179 0.806813
174 0.153121 0.963152 0.802433
175 0.144785 0.964153 0.805110
176 0.150716 0.965099 0.801947
177 0.148408 0.964017 0.805839
178 0.151178 0.965558 0.804623
179 0.146343 0.965126 0.804866
180 0.151069 0.965477 0.808516
181 0.142844 0.963936 0.803163
182 0.149844 0.965153 0.805596
183 0.146435 0.966964 0.803893
184 0.147531 0.966018 0.805839
185 0.142653 0.965531 0.805596
186 0.143712 0.969235 0.808516
187 0.140824 0.967532 0.805110
188 0.144266 0.968289 0.804866
189 0.140667 0.969100 0.810706
190 0.138155 0.968856 0.801946
191 0.136804 0.969424 0.804136
192 0.136603 0.968829 0.805110
193 0.133451 0.971479 0.800973
194 0.131629 0.970722 0.803893
195 0.135200 0.971695 0.803893
196 0.132578 0.970019 0.801460
197 0.140754 0.971884 0.799270
198 0.131766 0.973588 0.802433
199 0.130925 0.970911 0.803406
200 0.119193 0.977318 0.808273
201 0.110976 0.978832 0.802433
202 0.116610 0.979346 0.804380
203 0.113999 0.979562 0.805110
204 0.113207 0.980076 0.805840
205 0.103314 0.980184 0.807543
206 0.108305 0.980157 0.805353
207 0.104891 0.980617 0.804380
208 0.109674 0.980427 0.800487
209 0.107729 0.980995 0.795864
210 0.106590 0.980833 0.800730
211 0.105292 0.980616 0.804136
212 0.103861 0.981752 0.803650
213 0.102482 0.982914 0.802920
214 0.102882 0.982509 0.802433
215 0.104222 0.981968 0.804380
216 0.102740 0.982725 0.806569
217 0.100797 0.983374 0.800487
218 0.104142 0.982806 0.803893
219 0.109990 0.982752 0.803893
220 0.101034 0.982725 0.807056
221 0.102103 0.983482 0.803650
222 0.099488 0.983833 0.802433
223 0.103742 0.983320 0.805110
224 0.099022 0.982428 0.803163
225 0.106192 0.983455 0.802676
226 0.101082 0.984266 0.807542
227 0.102910 0.983779 0.805839
228 0.102842 0.984023 0.804136
229 0.099100 0.984185 0.801703
230 0.095508 0.984590 0.803893
231 0.098060 0.984401 0.803893
232 0.096518 0.985131 0.807786
233 0.097240 0.984158 0.805353
234 0.090869 0.985591 0.804866
235 0.093255 0.985402 0.809246
236 0.090805 0.985510 0.807543
237 0.098937 0.985266 0.801216
238 0.095893 0.985807 0.800973
239 0.094113 0.985672 0.805109
240 0.095805 0.985510 0.808272
241 0.093586 0.985104 0.805353
242 0.097205 0.986456 0.801217
243 0.092938 0.986078 0.801217
244 0.092984 0.986780 0.804380
245 0.089181 0.986699 0.807299
246 0.093323 0.986564 0.805110
247 0.089754 0.985915 0.800243
248 0.094979 0.985969 0.803163
249 0.091771 0.987456 0.805596
250 0.087215 0.989213 0.805110
251 0.081325 0.989835 0.806569
252 0.079449 0.989105 0.804380
253 0.078845 0.989322 0.803650
254 0.080863 0.989835 0.803893
255 0.079611 0.989916 0.805110
256 0.080313 0.989294 0.804136
257 0.080409 0.989997 0.802920
258 0.079370 0.989997 0.803893
259 0.081350 0.990105 0.804136
260 0.079625 0.990322 0.802190
261 0.080303 0.990295 0.802433
262 0.081832 0.990268 0.799270
263 0.078771 0.990376 0.803893
264 0.077625 0.990322 0.804136
265 0.076944 0.989943 0.809003
266 0.075035 0.990484 0.802676
267 0.074701 0.991079 0.801946
268 0.076105 0.990781 0.804136
269 0.074536 0.991187 0.801460
270 0.076253 0.990430 0.801946
271 0.076207 0.990700 0.801460
272 0.078767 0.990322 0.801217
273 0.078349 0.991403 0.805596
274 0.078257 0.991403 0.804136
275 0.071378 0.991538 0.805840
276 0.073362 0.991268 0.805353
277 0.072065 0.991214 0.801703
278 0.073818 0.991106 0.803163
279 0.076891 0.991538 0.799513
280 0.073480 0.990808 0.799513
281 0.079588 0.990808 0.804136
282 0.075241 0.991268 0.809489
283 0.073869 0.991160 0.805839
284 0.076769 0.991268 0.803163
285 0.074188 0.991403 0.803406
286 0.072501 0.991484 0.804136
287 0.073663 0.991376 0.803650
288 0.077566 0.991971 0.800730
289 0.073702 0.991457 0.798784
290 0.073776 0.992187 0.801460
291 0.075375 0.991890 0.803893
292 0.072250 0.991809 0.802433
293 0.073606 0.991998 0.799270
294 0.072172 0.991728 0.804380
295 0.071284 0.991863 0.802677
296 0.071415 0.992079 0.800243
297 0.075531 0.992025 0.802920
298 0.071039 0.992403 0.798783
299 0.075229 0.991917 0.803163
300 0.073361 0.992755 0.802920
301 0.069432 0.992890 0.801947
302 0.067217 0.993295 0.802920
303 0.068882 0.993241 0.803893
304 0.066333 0.993052 0.802433
305 0.067608 0.993647 0.804380
306 0.068341 0.993782 0.801460
307 0.066269 0.993647 0.805109
308 0.064274 0.993647 0.804866
309 0.070500 0.993431 0.801217
310 0.070041 0.993728 0.803163
311 0.068004 0.993647 0.806326
312 0.064643 0.993755 0.803407
313 0.068304 0.993647 0.802190
314 0.063398 0.993728 0.804380
315 0.067920 0.993728 0.804136
316 0.065183 0.993728 0.803163
317 0.066133 0.993890 0.801947
318 0.064302 0.993944 0.804136
319 0.067197 0.993647 0.806326
320 0.062793 0.993647 0.806083
321 0.065887 0.993863 0.803649
322 0.066964 0.993998 0.801703
323 0.065780 0.993620 0.802920
324 0.064067 0.993971 0.801947
325 0.062460 0.993836 0.803406
326 0.063845 0.994134 0.804623
327 0.065447 0.993971 0.803163
328 0.066593 0.994080 0.801217
329 0.063243 0.993836 0.803163
330 0.066586 0.994026 0.800487
331 0.062552 0.994296 0.802433
332 0.064654 0.994188 0.805110
333 0.061948 0.994052 0.806326
334 0.063807 0.994107 0.800243
335 0.062882 0.994134 0.802677
336 0.063406 0.994079 0.803893
337 0.061788 0.993674 0.798784
338 0.064169 0.993944 0.803163
339 0.063505 0.993999 0.804136
340 0.063029 0.994215 0.801703
341 0.063096 0.994350 0.802190
342 0.065034 0.994485 0.802676
343 0.064008 0.994539 0.804380
344 0.063688 0.994377 0.805596
345 0.064590 0.994134 0.806813
346 0.062440 0.994323 0.805353
347 0.063329 0.994404 0.804136
348 0.064619 0.994458 0.804623
349 0.063898 0.994296 0.805110
350 0.064104 0.994539 0.799757
