1 139.947002 0.683889 0.650000
2 58.042209 0.693333 0.685000
3 20.601079 0.660000 0.650000
4 6.868010 0.695556 0.700000
5 8.426937 0.570556 0.570000
6 3.685740 0.763889 0.770000
7 8.709433 0.687222 0.675000
8 4.143420 0.668889 0.660000
9 4.592643 0.746667 0.750000
10 6.296617 0.762778 0.770000
11 4.525865 0.725000 0.715000
12 1.571217 0.730000 0.735000
13 2.042480 0.545556 0.545000
14 2.949776 0.762778 0.720000
15 1.605540 0.582778 0.590000
16 1.385510 0.746667 0.750000
17 3.187197 0.788333 0.775000
18 0.925535 0.732778 0.735000
19 1.099267 0.777222 0.760000
20 1.675511 0.739444 0.715000
21 1.034509 0.778333 0.750000
22 0.812028 0.633889 0.625000
23 0.851618 0.746667 0.750000
24 0.843756 0.719444 0.710000
25 0.896320 0.751667 0.765000
26 1.164539 0.768889 0.770000
27 1.024117 0.752778 0.770000
28 1.211015 0.774444 0.775000
29 0.929578 0.767778 0.765000
30 1.238846 0.546111 0.555000
31 0.914231 0.731111 0.725000
32 1.423544 0.775000 0.745000
33 1.050982 0.735556 0.685000
34 0.981298 0.778889 0.765000
35 0.906586 0.766111 0.760000
36 0.922900 0.748333 0.765000
37 0.793300 0.773889 0.770000
38 0.690918 0.741667 0.745000
39 0.880272 0.740000 0.760000
40 0.761602 0.730000 0.725000
41 0.708016 0.776667 0.765000
42 0.682365 0.743889 0.755000
43 0.710009 0.726111 0.685000
44 0.767894 0.523889 0.525000
45 0.771473 0.713333 0.710000
46 0.886059 0.770556 0.750000
47 0.759497 0.740556 0.755000
48 1.306677 0.771111 0.765000
49 0.800477 0.756111 0.775000
50 2.047865 0.737222 0.740000
51 0.644373 0.771667 0.770000
52 2.076155 0.782222 0.760000
53 0.589612 0.768333 0.770000
54 0.933446 0.730000 0.735000
55 0.694727 0.783889 0.760000
56 0.802494 0.776667 0.740000
57 1.853896 0.738889 0.745000
58 0.726454 0.774444 0.770000
59 0.779633 0.757222 0.710000
60 0.777318 0.762778 0.770000
61 0.873934 0.780556 0.770000
62 1.293440 0.782778 0.760000
63 0.733845 0.745556 0.765000
64 0.796545 0.772222 0.780000
65 0.701511 0.736111 0.745000
66 0.652660 0.772222 0.770000
67 0.602817 0.761667 0.765000
68 0.622075 0.780000 0.775000
69 0.552448 0.776111 0.775000
70 0.624942 0.747778 0.770000
71 0.635613 0.786111 0.775000
72 0.792743 0.796667 0.775000
73 0.874808 0.742778 0.750000
74 0.723528 0.788333 0.775000
75 2.150449 0.793333 0.780000
76 0.704794 0.741111 0.755000
77 0.784305 0.736111 0.725000
78 0.601640 0.786667 0.785000
79 0.575632 0.733889 0.730000
80 0.579016 0.789444 0.795000
81 0.570675 0.798333 0.765000
82 0.532976 0.787222 0.790000
83 0.780674 0.748333 0.745000
84 0.643879 0.738889 0.740000
85 0.695068 0.757222 0.750000
86 0.583815 0.771111 0.765000
87 0.678871 0.787778 0.780000
88 0.575785 0.801111 0.790000
89 0.528719 0.772778 0.765000
90 0.802667 0.798333 0.780000
91 0.592885 0.763333 0.755000
92 0.531788 0.782222 0.770000
93 0.581815 0.766111 0.735000
94 0.648733 0.742778 0.740000
95 0.560354 0.797778 0.785000
96 0.534182 0.741667 0.755000
97 0.550897 0.794444 0.795000
98 0.547479 0.785000 0.770000
99 0.722664 0.816111 0.805000
100 0.589633 0.793889 0.785000
101 0.523153 0.758333 0.755000
102 0.608813 0.717222 0.720000
103 0.567068 0.764444 0.760000
104 0.544636 0.786667 0.800000
105 0.541527 0.765556 0.760000
106 0.556166 0.747222 0.745000
107 0.576234 0.785556 0.780000
108 0.559365 0.737778 0.730000
109 0.515430 0.751667 0.750000
110 0.526377 0.743889 0.725000
111 0.590900 0.757778 0.755000
112 0.525929 0.743333 0.745000
113 0.498189 0.792222 0.800000
114 0.522953 0.759444 0.760000
115 0.541726 0.785000 0.770000
116 0.539911 0.806111 0.770000
117 0.507829 0.778333 0.765000
118 0.558191 0.760000 0.755000
119 0.515743 0.797222 0.770000
120 0.514347 0.795000 0.785000
121 0.536376 0.763333 0.760000
122 0.522156 0.806111 0.810000
123 0.528349 0.797222 0.785000
124 0.533219 0.776667 0.765000
125 0.553168 0.796111 0.790000
126 0.523383 0.781111 0.770000
127 0.561244 0.793889 0.785000
128 0.512175 0.758889 0.750000
129 0.556184 0.777778 0.760000
130 0.544128 0.753333 0.750000
131 0.543719 0.780556 0.765000
132 0.565101 0.770556 0.760000
133 0.515454 0.779444 0.780000
134 0.520901 0.748889 0.765000
135 0.559295 0.770000 0.760000
136 0.605970 0.778333 0.765000
137 0.597804 0.732778 0.695000
138 0.542098 0.807778 0.780000
139 0.555600 0.727222 0.730000
140 0.589131 0.775556 0.765000
141 0.524504 0.810556 0.795000
142 0.533581 0.723333 0.665000
143 0.519384 0.792222 0.780000
144 0.532250 0.760000 0.755000
145 0.511416 0.741111 0.750000
146 0.530445 0.795000 0.800000
147 0.519586 0.788333 0.800000
148 0.525629 0.777222 0.780000
149 0.523075 0.802222 0.790000
150 0.492667 0.800556 0.780000
151 0.513221 0.765000 0.755000
152 0.511994 0.802222 0.765000
153 0.515050 0.785000 0.780000
154 0.509654 0.790556 0.790000
155 0.570680 0.767778 0.755000
156 0.537975 0.802778 0.765000
157 0.496480 0.807222 0.780000
158 0.508110 0.791667 0.785000
159 0.499059 0.806667 0.790000
160 0.512029 0.748333 0.765000
161 0.504801 0.794444 0.785000
162 0.505703 0.756111 0.770000
163 0.525354 0.803333 0.760000
164 0.522300 0.795556 0.785000
165 0.525287 0.807778 0.760000
166 0.528371 0.779444 0.785000
167 0.505085 0.792778 0.770000
168 0.515624 0.802778 0.775000
169 0.502510 0.803889 0.770000
170 0.513234 0.790556 0.775000
171 0.496662 0.781111 0.775000
172 0.505249 0.808333 0.795000
173 0.528407 0.755000 0.760000
174 0.590312 0.808889 0.770000
175 0.554889 0.797778 0.785000
176 0.499059 0.794444 0.785000
177 0.502532 0.742778 0.755000
178 0.589853 0.788333 0.770000
179 0.489810 0.773889 0.760000
180 0.523592 0.786667 0.790000
181 0.507638 0.802778 0.765000
182 0.511159 0.755000 0.765000
183 0.523995 0.786667 0.785000
184 0.498812 0.798889 0.810000
185 0.491928 0.757222 0.730000
186 0.496013 0.808333 0.770000
187 0.543172 0.783333 0.780000
188 0.498505 0.776111 0.770000
189 0.498613 0.806111 0.800000
190 0.505584 0.746111 0.750000
191 0.486203 0.786667 0.775000
192 0.507528 0.760000 0.750000
193 0.511380 0.800556 0.790000
194 0.522994 0.807778 0.775000
195 0.510421 0.793889 0.785000
196 0.499720 0.809444 0.795000
197 0.495202 0.760556 0.765000
198 0.511737 0.758889 0.750000
199 0.526631 0.806111 0.780000
200 0.488666 0.809444 0.790000
201 0.506007 0.761667 0.755000
202 0.502586 0.803333 0.775000
203 0.484014 0.788333 0.785000
204 0.485463 0.791667 0.780000
205 0.494217 0.806111 0.770000
206 0.518894 0.806667 0.770000
207 0.535442 0.810556 0.775000
208 0.496765 0.806667 0.770000
209 0.558278 0.807778 0.770000
210 0.487982 0.752222 0.765000
211 0.503803 0.785556 0.785000
212 0.482840 0.762222 0.765000
213 0.506309 0.785000 0.785000
214 0.490683 0.797778 0.775000
215 0.511476 0.750556 0.760000
216 0.494095 0.787222 0.785000
217 0.479534 0.783333 0.780000
218 0.485029 0.803889 0.785000
219 0.484955 0.786667 0.790000
220 0.484975 0.787778 0.785000
221 0.486526 0.807778 0.790000
222 0.497319 0.779444 0.785000
223 0.491555 0.783333 0.790000
224 0.502581 0.761111 0.755000
225 0.508463 0.785556 0.785000
226 0.494229 0.786667 0.775000
227 0.505258 0.765000 0.760000
228 0.592462 0.780000 0.780000
229 0.496199 0.802778 0.780000
230 0.487154 0.802778 0.785000
231 0.508078 0.765000 0.760000
232 0.496023 0.752778 0.765000
233 0.500884 0.801111 0.785000
234 0.493278 0.792222 0.775000
235 0.500327 0.770556 0.775000
236 0.496021 0.763889 0.760000
237 0.511220 0.784444 0.780000
238 0.508025 0.790000 0.790000
239 0.495336 0.802778 0.775000
240 0.483278 0.753333 0.755000
241 0.492438 0.807778 0.790000
242 0.511870 0.790000 0.780000
243 0.495457 0.807778 0.775000
244 0.485436 0.777778 0.765000
245 0.486902 0.765556 0.760000
246 0.572837 0.804444 0.795000
247 0.502827 0.806111 0.785000
248 0.486024 0.777222 0.780000
249 0.474399 0.796667 0.780000
250 0.524174 0.786111 0.785000
251 0.494255 0.801667 0.770000
252 0.512864 0.778889 0.765000
253 0.480782 0.788889 0.780000
254 0.476292 0.796111 0.780000
255 0.517885 0.790556 0.780000
256 0.488211 0.805000 0.780000
257 0.498718 0.809444 0.785000
258 0.492145 0.789444 0.785000
259 0.482366 0.808333 0.770000
260 0.488724 0.792222 0.780000
261 0.502943 0.796667 0.780000
262 0.493499 0.805000 0.775000
263 0.519489 0.799444 0.780000
264 0.493434 0.789444 0.785000
265 0.486304 0.783889 0.785000
266 0.502971 0.793889 0.775000
267 0.491304 0.808333 0.775000
268 0.493735 0.798333 0.780000
269 0.485312 0.798889 0.775000
270 0.487814 0.806667 0.775000
271 0.488218 0.797222 0.775000
272 0.487556 0.811111 0.795000
273 0.476861 0.796667 0.780000
274 0.486639 0.783333 0.780000
275 0.489906 0.806111 0.795000
276 0.502702 0.808333 0.785000
277 0.482704 0.803333 0.790000
278 0.485094 0.787222 0.780000
279 0.487503 0.800000 0.765000
280 0.500805 0.778889 0.780000
281 0.489047 0.795556 0.780000
282 0.489659 0.775556 0.775000
283 0.487384 0.806111 0.795000
284 0.510273 0.808889 0.780000
285 0.493492 0.776667 0.770000
286 0.490765 0.807222 0.785000
287 0.496524 0.810000 0.780000
288 0.483669 0.804444 0.770000
289 0.499741 0.808889 0.770000
290 0.485301 0.811111 0.780000
291 0.493653 0.787222 0.780000
292 0.481832 0.791667 0.785000
293 0.479393 0.806667 0.775000
294 0.546023 0.796111 0.780000
295 0.489961 0.791111 0.785000
296 0.495302 0.777222 0.775000
297 0.485946 0.792222 0.785000
298 0.485735 0.801111 0.780000
299 0.500787 0.796667 0.785000
300 0.499327 0.807222 0.780000
301 0.487625 0.787222 0.785000
302 0.494924 0.786667 0.780000
303 0.472683 0.808889 0.775000
304 0.483591 0.793333 0.785000
305 0.484367 0.804444 0.785000
306 0.490542 0.806667 0.775000
307 0.501470 0.792778 0.790000
308 0.483792 0.792222 0.780000
309 0.490694 0.793333 0.790000
310 0.487766 0.800000 0.775000
311 0.487092 0.807778 0.780000
312 0.488124 0.804444 0.785000
313 0.482460 0.800000 0.775000
314 0.484376 0.804444 0.775000
315 0.492986 0.776111 0.780000
316 0.487366 0.805556 0.775000
317 0.492250 0.803889 0.765000
318 0.482216 0.797778 0.785000
319 0.491387 0.791667 0.785000
320 0.490324 0.791667 0.785000
321 0.502659 0.792222 0.775000
322 0.491646 0.791667 0.780000
323 0.480773 0.791111 0.785000
324 0.507564 0.795000 0.780000
325 0.472424 0.797778 0.775000
326 0.488450 0.807778 0.785000
327 0.468367 0.802222 0.775000
328 0.483409 0.796667 0.780000
329 0.487473 0.804444 0.785000
330 0.480248 0.794444 0.785000
331 0.489998 0.799444 0.765000
332 0.483511 0.791667 0.780000
333 0.498312 0.804444 0.785000
334 0.480770 0.801111 0.765000
335 0.482753 0.798333 0.775000
336 0.477633 0.793889 0.780000
337 0.472401 0.807222 0.785000
338 0.493569 0.804444 0.780000
339 0.485432 0.806667 0.785000
340 0.483116 0.801111 0.790000
341 0.486774 0.669444 0.660000
342 0.478015 0.805000 0.785000
343 0.477809 0.768333 0.765000
344 0.490620 0.799444 0.770000
345 0.482696 0.789444 0.780000
346 0.474635 0.811667 0.770000
347 0.482321 0.776667 0.770000
348 0.501641 0.793333 0.775000
349 0.533474 0.790000 0.790000
350 0.474593 0.788889 0.780000
