1 1.141886 0.851061 0.808187
2 0.309176 0.925541 0.871637
3 0.213023 0.956290 0.866374
4 0.174154 0.950940 0.839766
5 0.138644 0.956244 0.882164
6 0.144467 0.948552 0.877193
7 0.097943 0.970487 0.855263
8 0.101165 0.945137 0.834503
9 0.088287 0.956833 0.850877
10 0.088595 0.978747 0.856140
11 0.056685 0.979314 0.850877
12 0.054002 0.978110 0.829532
13 0.052093 0.972249 0.839766
14 0.089366 0.955033 0.845322
15 0.045141 0.964546 0.855556
16 0.042839 0.987000 0.845614
17 0.038757 0.984024 0.861403
18 0.040094 0.985806 0.850877
19 0.035678 0.989353 0.845614
20 0.036748 0.982854 0.855848
21 0.058632 0.985809 0.856140
22 0.068214 0.957442 0.845614
23 0.056384 0.969241 0.808480
24 0.059647 0.988183 0.840351
25 0.040618 0.985207 0.819006
26 0.034579 0.996450 0.851169
27 0.041911 0.980473 0.850877
28 0.038751 0.998817 0.845614
29 0.029694 0.994083 0.829532
30 0.027408 0.985228 0.861403
31 0.035590 0.986404 0.855848
32 0.042156 0.954013 0.834210
33 0.064480 0.980473 0.856140
34 0.045305 0.957410 0.855556
35 0.047294 0.982249 0.850292
36 0.026198 0.988757 0.850585
37 0.021847 1.000000 0.871930
38 0.020226 0.999408 0.839766
39 0.022821 0.995266 0.834503
40 0.024560 0.985284 0.850585
41 0.044607 0.967550 0.834503
42 0.044364 0.989976 0.850877
43 0.025130 0.997059 0.834210
44 0.029860 0.997048 0.834795
45 0.037908 0.954438 0.834795
46 0.044687 0.989349 0.850585
47 0.043077 0.978698 0.818713
48 0.033975 0.998225 0.840058
49 0.020013 0.992308 0.840351
50 0.016241 1.000000 0.850877
51 0.013044 1.000000 0.850877
52 0.012950 1.000000 0.845614
53 0.015948 1.000000 0.850877
54 0.012987 1.000000 0.850877
55 0.013621 1.000000 0.840058
56 0.013436 1.000000 0.845614
57 0.012138 1.000000 0.845614
58 0.013831 1.000000 0.845614
59 0.012629 1.000000 0.834503
60 0.011392 1.000000 0.845614
61 0.013930 1.000000 0.845614
62 0.012084 1.000000 0.850877
63 0.012931 1.000000 0.845614
64 0.013013 1.000000 0.845614
65 0.012256 1.000000 0.845614
66 0.011444 1.000000 0.845614
67 0.011425 1.000000 0.840058
68 0.012411 1.000000 0.856140
69 0.011712 1.000000 0.840351
70 0.014032 1.000000 0.845614
