1 355.851984 0.341631 0.334000
2 133.784729 0.440320 0.448000
3 53.755772 0.449211 0.440000
4 37.192294 0.338742 0.344000
5 25.476161 0.419204 0.442000
6 26.963078 0.400978 0.394000
7 19.825498 0.441209 0.436000
8 22.786284 0.409202 0.428000
9 10.427274 0.384752 0.382000
10 12.260551 0.325850 0.326000
11 9.865023 0.468771 0.460000
12 10.287828 0.461214 0.504000
13 7.034551 0.504334 0.498000
14 6.952057 0.419204 0.432000
15 6.605623 0.426095 0.422000
16 5.639342 0.454545 0.446000
17 4.531875 0.475439 0.490000
18 4.890057 0.477439 0.502000
19 5.433490 0.440987 0.440000
20 3.364300 0.499889 0.482000
21 3.338130 0.457657 0.472000
22 3.560313 0.390309 0.396000
23 3.494436 0.512336 0.522000
24 3.161559 0.492776 0.478000
25 2.919395 0.351634 0.356000
26 3.080888 0.529896 0.498000
27 2.536442 0.524561 0.512000
28 2.775188 0.504557 0.502000
29 2.600547 0.511892 0.524000
30 2.200863 0.483663 0.474000
31 2.234177 0.467659 0.436000
32 2.189355 0.496333 0.456000
33 2.262084 0.429651 0.408000
34 2.395173 0.424761 0.424000
35 2.017142 0.431874 0.440000
36 1.824974 0.432096 0.448000
37 2.090257 0.405646 0.422000
38 2.279727 0.470104 0.466000
39 2.197333 0.425428 0.434000
40 1.950165 0.443210 0.428000
41 2.099458 0.388086 0.380000
42 2.270234 0.397644 0.398000
43 2.170093 0.485219 0.502000
44 1.886098 0.474994 0.478000
45 2.058897 0.412536 0.402000
46 2.163434 0.490109 0.474000
47 2.014817 0.502334 0.478000
48 2.025185 0.374305 0.372000
49 2.170384 0.446321 0.458000
50 1.637427 0.505223 0.490000
51 1.464613 0.497666 0.482000
52 1.470275 0.475439 0.462000
53 1.520322 0.481440 0.468000
54 1.449053 0.533230 0.502000
55 1.599723 0.447877 0.444000
56 1.588185 0.527673 0.496000
57 1.471949 0.446544 0.466000
58 1.483671 0.478995 0.450000
59 1.638134 0.493221 0.478000
60 1.575904 0.458102 0.444000
61 1.489300 0.510336 0.488000
62 1.589566 0.457213 0.438000
63 1.644155 0.459880 0.462000
64 1.803765 0.426762 0.428000
65 1.746139 0.453656 0.446000
66 1.563537 0.504112 0.478000
67 1.443416 0.511892 0.476000
68 1.532884 0.513225 0.480000
69 1.551097 0.472105 0.478000
70 1.730143 0.495888 0.502000
