1 5.436809 0.758222 0.748000
2 1.585220 0.742444 0.714000
3 1.555234 0.705556 0.686000
4 1.184102 0.751778 0.728000
5 1.433467 0.735556 0.686000
6 1.262147 0.734444 0.724000
7 1.325122 0.743556 0.696000
8 1.139070 0.743778 0.698000
9 0.730732 0.789778 0.758000
10 0.719705 0.781333 0.760000
11 0.783419 0.784889 0.766000
12 0.760587 0.776667 0.750000
13 0.673231 0.794889 0.766000
14 0.573762 0.789778 0.756000
15 0.584364 0.801333 0.776000
16 0.596601 0.800889 0.760000
17 0.597593 0.795778 0.748000
18 0.572648 0.792667 0.774000
19 0.585772 0.772444 0.744000
20 0.593264 0.809333 0.776000
21 0.564711 0.762000 0.742000
22 0.615749 0.813111 0.772000
23 0.539693 0.744889 0.714000
24 0.540474 0.787778 0.744000
25 0.546728 0.806222 0.776000
26 0.576406 0.753778 0.738000
27 0.551628 0.806667 0.768000
28 0.546483 0.809111 0.790000
29 0.524309 0.804222 0.770000
30 0.567261 0.794667 0.762000
