1 3.883214 0.629032 0.676471
2 1.646873 0.625806 0.529412
3 1.440588 0.764516 0.529412
4 0.961704 0.670968 0.588235
5 1.112008 0.770968 0.617647
6 0.882294 0.683871 0.588235
7 1.006968 0.809677 0.617647
8 0.638768 0.777419 0.558824
9 0.708978 0.841935 0.617647
10 0.708177 0.780645 0.558824
11 0.905146 0.780645 0.500000
12 0.550780 0.838710 0.588235
13 0.520335 0.816129 0.558824
14 0.457935 0.825806 0.470588
15 0.765665 0.693548 0.558824
16 0.532822 0.867742 0.529412
17 0.416365 0.880645 0.588235
18 0.514695 0.796774 0.411765
19 0.340414 0.954839 0.588235
20 0.378809 0.861290 0.588235
21 0.296661 0.887097 0.441176
22 0.304383 0.890323 0.529412
23 0.305333 0.861290 0.558824
24 0.268612 0.935484 0.500000
25 0.342329 0.854839 0.529412
26 0.430301 0.880645 0.500000
27 0.301293 0.841935 0.558824
28 0.256162 0.935484 0.500000
29 0.305031 0.941935 0.411765
30 0.245237 0.941935 0.558824
31 0.232986 0.964516 0.588235
32 0.356250 0.906452 0.647059
33 0.267019 0.922581 0.529412
34 0.310720 0.900000 0.500000
35 0.361841 0.932258 0.558824
36 0.206849 0.954839 0.529412
37 0.251693 0.890323 0.500000
38 0.204402 0.951613 0.500000
39 0.244358 0.961290 0.529412
40 0.183298 0.951613 0.500000
41 0.178265 0.941935 0.529412
42 0.141204 0.980645 0.529412
43 0.099167 0.964516 0.500000
44 0.111427 0.948387 0.558824
45 0.188162 0.906452 0.500000
46 0.225958 0.906452 0.558824
47 0.374394 0.867742 0.558824
48 0.202955 0.819355 0.558824
49 0.109958 0.980645 0.617647
50 0.104136 0.970968 0.500000
51 0.083102 0.987097 0.500000
52 0.069419 0.993548 0.558824
53 0.074016 0.990323 0.470588
54 0.083770 0.977419 0.558824
55 0.074459 0.993548 0.529412
56 0.066863 0.987097 0.558824
57 0.067294 0.993548 0.441176
58 0.066158 0.993548 0.529412
59 0.064032 0.993548 0.529412
60 0.061633 0.987097 0.529412
61 0.059994 0.993548 0.529412
62 0.086175 0.993548 0.529412
63 0.081956 0.990323 0.529412
64 0.065078 0.993548 0.529412
65 0.081853 0.980645 0.558824
66 0.066940 0.967742 0.558824
67 0.072718 0.990323 0.470588
68 0.083276 0.877419 0.558824
69 0.149538 0.983871 0.558824
70 0.182778 0.932258 0.588235
71 0.123303 0.990323 0.529412
72 0.078544 0.993548 0.500000
73 0.060396 0.993548 0.558824
74 0.062769 0.993548 0.470588
75 0.064838 0.993548 0.588235
76 0.066348 0.993548 0.529412
77 0.062525 0.993548 0.529412
78 0.076811 0.964516 0.470588
79 0.101056 0.954839 0.558824
80 0.104424 0.987097 0.470588
81 0.150679 0.961290 0.500000
82 0.180512 0.964516 0.588235
83 0.114678 0.990323 0.529412
84 0.080552 0.990323 0.558824
85 0.069610 0.990323 0.529412
86 0.065972 0.993548 0.558824
87 0.084429 0.983871 0.558824
88 0.088085 0.993548 0.529412
89 0.080816 0.990323 0.529412
90 0.090095 0.941935 0.441176
91 0.164911 0.967742 0.470588
92 0.092666 0.993548 0.529412
93 0.073644 0.993548 0.500000
94 0.072062 0.977419 0.558824
95 0.171474 0.896774 0.529412
96 0.109529 0.987097 0.529412
97 0.088254 0.896774 0.529412
98 0.102565 0.990323 0.500000
99 0.071854 0.983871 0.441176
100 0.063053 0.993548 0.500000
101 0.052694 0.993548 0.529412
102 0.051862 0.993548 0.529412
103 0.055743 0.993548 0.529412
104 0.049956 0.993548 0.529412
105 0.049108 0.993548 0.529412
106 0.051661 0.993548 0.500000
107 0.054072 0.993548 0.500000
108 0.049562 0.993548 0.529412
109 0.049029 0.993548 0.500000
110 0.044031 0.993548 0.500000
111 0.050309 0.993548 0.529412
112 0.049940 0.993548 0.441176
113 0.046840 0.993548 0.529412
114 0.051938 0.993548 0.500000
115 0.047361 0.993548 0.500000
116 0.043187 0.993548 0.500000
117 0.046596 0.993548 0.500000
118 0.056293 0.993548 0.470588
119 0.048464 0.993548 0.500000
120 0.055215 0.993548 0.500000
121 0.049415 0.993548 0.529412
122 0.048301 0.993548 0.441176
123 0.047520 0.993548 0.470588
124 0.053887 0.993548 0.470588
125 0.051381 0.993548 0.529412
126 0.050557 0.993548 0.500000
127 0.049145 0.990323 0.558824
128 0.053750 0.993548 0.529412
129 0.046390 0.993548 0.500000
130 0.043776 0.993548 0.529412
131 0.053205 0.980645 0.558824
132 0.073822 0.980645 0.500000
133 0.098603 0.990323 0.500000
134 0.145161 0.961290 0.470588
135 0.066203 0.993548 0.529412
136 0.050367 0.993548 0.529412
137 0.049816 0.993548 0.529412
138 0.046095 0.993548 0.529412
139 0.059594 0.983871 0.558824
140 0.059557 0.993548 0.500000
141 0.053983 0.993548 0.529412
142 0.052862 0.993548 0.529412
143 0.045931 0.993548 0.529412
144 0.057706 0.977419 0.500000
145 0.073483 0.993548 0.470588
146 0.057323 0.990323 0.500000
147 0.065511 0.980645 0.529412
148 0.117259 0.941935 0.529412
149 0.134522 0.938710 0.470588
150 0.070490 0.993548 0.500000
151 0.047073 0.993548 0.529412
152 0.043251 0.993548 0.529412
153 0.043746 0.993548 0.529412
154 0.042996 0.993548 0.529412
155 0.044699 0.993548 0.529412
156 0.047675 0.993548 0.500000
157 0.043478 0.993548 0.500000
158 0.041573 0.993548 0.529412
159 0.038868 0.993548 0.529412
160 0.046111 0.993548 0.529412
161 0.047131 0.993548 0.500000
162 0.043485 0.993548 0.529412
163 0.041090 0.993548 0.500000
164 0.039535 0.993548 0.529412
165 0.037561 0.993548 0.500000
166 0.043300 0.993548 0.529412
167 0.042798 0.993548 0.529412
168 0.043392 0.993548 0.500000
169 0.043394 0.993548 0.500000
170 0.041884 0.993548 0.529412
171 0.042082 0.993548 0.529412
172 0.038687 0.993548 0.529412
173 0.041022 0.993548 0.500000
174 0.040615 0.993548 0.529412
175 0.042709 0.993548 0.500000
176 0.042161 0.993548 0.529412
177 0.037468 0.993548 0.529412
178 0.041133 0.993548 0.529412
179 0.041519 0.993548 0.470588
180 0.048979 0.993548 0.500000
181 0.040935 0.993548 0.470588
182 0.043873 0.993548 0.470588
183 0.039091 0.993548 0.529412
184 0.045235 0.993548 0.529412
185 0.041381 0.993548 0.500000
186 0.041198 0.993548 0.529412
187 0.043831 0.993548 0.500000
188 0.038729 0.993548 0.529412
189 0.038274 0.993548 0.529412
190 0.039397 0.993548 0.500000
191 0.045232 0.993548 0.529412
192 0.045990 0.993548 0.529412
193 0.039764 0.993548 0.529412
194 0.047856 0.993548 0.441176
195 0.054099 0.993548 0.500000
196 0.041207 0.993548 0.470588
197 0.045185 0.987097 0.529412
198 0.043915 0.983871 0.558824
199 0.053677 0.993548 0.470588
200 0.038825 0.993548 0.500000
201 0.038014 0.993548 0.529412
202 0.039822 0.993548 0.500000
203 0.034047 0.993548 0.529412
204 0.041483 0.993548 0.529412
205 0.037038 0.993548 0.529412
206 0.037702 0.993548 0.529412
207 0.038147 0.993548 0.500000
208 0.033485 0.993548 0.529412
209 0.039565 0.993548 0.500000
210 0.035349 0.993548 0.529412
211 0.038370 0.993548 0.529412
212 0.041626 0.993548 0.470588
213 0.038762 0.993548 0.529412
214 0.044276 0.993548 0.500000
215 0.039443 0.993548 0.529412
216 0.033363 0.993548 0.500000
217 0.034687 0.993548 0.529412
218 0.038890 0.993548 0.529412
219 0.041283 0.993548 0.500000
220 0.036454 0.993548 0.529412
221 0.035604 0.993548 0.500000
222 0.038393 0.993548 0.500000
223 0.037739 0.993548 0.529412
224 0.035210 0.993548 0.500000
225 0.034775 0.993548 0.500000
226 0.040474 0.993548 0.470588
227 0.038231 0.993548 0.500000
228 0.041991 0.993548 0.500000
229 0.037363 0.993548 0.529412
230 0.039102 0.993548 0.470588
231 0.039235 0.993548 0.470588
232 0.038814 0.993548 0.529412
233 0.032693 0.993548 0.529412
234 0.032428 0.993548 0.500000
235 0.037550 0.993548 0.529412
236 0.037217 0.993548 0.529412
237 0.036535 0.993548 0.500000
238 0.036806 0.993548 0.500000
239 0.034544 0.993548 0.500000
240 0.039339 0.993548 0.500000
241 0.036332 0.993548 0.500000
242 0.037725 0.993548 0.529412
243 0.034931 0.993548 0.529412
244 0.043292 0.993548 0.500000
245 0.036308 0.993548 0.470588
246 0.039006 0.993548 0.470588
247 0.034263 0.993548 0.500000
248 0.038092 0.993548 0.500000
249 0.036254 0.993548 0.441176
250 0.038342 0.993548 0.470588
251 0.034623 0.993548 0.470588
252 0.034653 0.993548 0.470588
253 0.032610 0.993548 0.470588
254 0.035049 0.993548 0.500000
255 0.032187 0.993548 0.441176
256 0.032411 0.993548 0.441176
257 0.032511 0.993548 0.441176
258 0.035486 0.993548 0.470588
259 0.036231 0.993548 0.470588
260 0.037483 0.993548 0.500000
261 0.036771 0.993548 0.500000
262 0.036929 0.993548 0.470588
263 0.031558 0.993548 0.441176
264 0.032317 0.993548 0.441176
265 0.035330 0.993548 0.470588
266 0.035398 0.993548 0.470588
267 0.035367 0.993548 0.441176
268 0.036272 0.993548 0.470588
269 0.034662 0.993548 0.470588
270 0.031257 0.993548 0.470588
271 0.034689 0.993548 0.470588
272 0.033426 0.993548 0.441176
273 0.036298 0.993548 0.470588
274 0.035439 0.993548 0.470588
275 0.034291 0.993548 0.470588
276 0.032147 0.993548 0.470588
277 0.033095 0.993548 0.470588
278 0.032501 0.993548 0.470588
279 0.033383 0.993548 0.500000
280 0.031793 0.993548 0.500000
281 0.038404 0.993548 0.500000
282 0.037664 0.993548 0.470588
283 0.035630 0.993548 0.470588
284 0.034794 0.993548 0.500000
285 0.031903 0.993548 0.470588
286 0.033142 0.993548 0.470588
287 0.033007 0.993548 0.500000
288 0.033708 0.993548 0.441176
289 0.036109 0.993548 0.411765
290 0.034878 0.993548 0.470588
291 0.034165 0.993548 0.441176
292 0.035526 0.993548 0.470588
293 0.031733 0.993548 0.441176
294 0.032230 0.993548 0.470588
295 0.035510 0.993548 0.441176
296 0.032677 0.993548 0.441176
297 0.034906 0.993548 0.441176
298 0.034323 0.993548 0.470588
299 0.034646 0.993548 0.470588
300 0.035281 0.993548 0.470588
301 0.032748 0.993548 0.470588
302 0.035293 0.993548 0.470588
303 0.034461 0.993548 0.470588
304 0.029430 0.993548 0.470588
305 0.030155 0.993548 0.470588
306 0.032715 0.993548 0.441176
307 0.032341 0.993548 0.470588
308 0.032932 0.993548 0.470588
309 0.034629 0.993548 0.470588
310 0.036354 0.993548 0.470588
311 0.030809 0.993548 0.500000
312 0.031865 0.993548 0.470588
313 0.032067 0.993548 0.470588
314 0.031229 0.993548 0.470588
315 0.032546 0.993548 0.470588
316 0.032522 0.993548 0.470588
317 0.035958 0.993548 0.470588
318 0.027973 0.993548 0.500000
319 0.032820 0.993548 0.470588
320 0.031998 0.993548 0.470588
321 0.031000 0.993548 0.470588
322 0.031360 0.993548 0.470588
323 0.031398 0.993548 0.470588
324 0.032358 0.993548 0.470588
325 0.035747 0.993548 0.470588
326 0.033786 0.993548 0.470588
327 0.032257 0.993548 0.470588
328 0.032489 0.993548 0.470588
329 0.031894 0.993548 0.470588
330 0.034543 0.993548 0.470588
331 0.030076 0.993548 0.470588
332 0.030507 0.993548 0.470588
333 0.031116 0.993548 0.470588
334 0.030551 0.993548 0.470588
335 0.032458 0.993548 0.441176
336 0.033058 0.993548 0.470588
337 0.030081 0.993548 0.470588
338 0.032325 0.993548 0.470588
339 0.030797 0.993548 0.470588
340 0.035961 0.993548 0.470588
341 0.027973 0.993548 0.470588
342 0.032309 0.993548 0.470588
343 0.033135 0.993548 0.470588
344 0.030492 0.993548 0.441176
345 0.031110 0.993548 0.441176
346 0.035023 0.993548 0.441176
347 0.033902 0.993548 0.470588
348 0.032354 0.993548 0.470588
349 0.030137 0.993548 0.470588
350 0.034329 0.993548 0.470588
