1 3.291853 0.464667 0.444667
2 1.827875 0.484222 0.449333
3 1.692995 0.473630 0.454000
4 1.586787 0.495482 0.460667
5 1.577685 0.491481 0.477333
6 1.383601 0.486296 0.461333
7 1.261246 0.516518 0.488667
8 1.339473 0.530222 0.510666
9 1.249532 0.532815 0.496000
10 1.192443 0.525481 0.491333
11 1.185292 0.541259 0.500667
12 1.126618 0.537630 0.492667
13 1.055873 0.539333 0.495333
14 1.065564 0.539556 0.498000
15 1.055441 0.542889 0.502000
16 1.109527 0.541630 0.488000
17 1.028160 0.513259 0.462000
18 1.052652 0.543111 0.487333
19 1.034684 0.547778 0.496667
20 1.053895 0.552222 0.496000
21 1.031906 0.552148 0.497333
22 1.000773 0.542593 0.486667
23 0.999125 0.548000 0.482667
24 0.998117 0.549778 0.492667
25 0.988631 0.546963 0.490000
26 0.960446 0.556963 0.492667
27 0.948803 0.556296 0.475333
28 0.936768 0.559778 0.490000
29 0.939011 0.563852 0.496667
30 0.946191 0.564148 0.491333
31 0.952119 0.560667 0.474000
32 0.952014 0.559259 0.504667
33 0.941379 0.562741 0.480667
34 0.938312 0.563630 0.500667
35 0.939358 0.567037 0.498667
36 0.939944 0.555630 0.480667
37 0.942205 0.565037 0.490667
38 0.924874 0.568370 0.498667
39 0.917140 0.571852 0.491333
40 0.919406 0.562815 0.479333
41 0.924565 0.570445 0.492667
42 0.928174 0.572963 0.486000
43 0.923199 0.565630 0.478667
44 0.919216 0.574741 0.485333
45 0.913692 0.577778 0.489333
46 0.922173 0.568889 0.482000
47 0.898229 0.578222 0.488667
48 0.899359 0.573852 0.478000
49 0.907653 0.587408 0.490667
50 0.878181 0.592296 0.489333
51 0.867939 0.597778 0.492667
52 0.860429 0.600963 0.483333
53 0.871676 0.599111 0.485333
54 0.857527 0.601556 0.491333
55 0.856967 0.606963 0.500667
56 0.849436 0.604074 0.492667
57 0.850305 0.600741 0.490667
58 0.857991 0.603185 0.499333
59 0.846878 0.610667 0.488667
60 0.835933 0.612667 0.496000
61 0.845272 0.612296 0.490000
62 0.851814 0.614519 0.496000
63 0.840054 0.616667 0.496000
64 0.836499 0.613111 0.498000
65 0.838141 0.612074 0.495333
66 0.834264 0.618000 0.486000
67 0.837735 0.613630 0.499333
68 0.843003 0.614741 0.493333
69 0.841424 0.618296 0.487333
70 0.834792 0.619111 0.487333
