1 3.511767 0.626656 0.591241
2 1.395253 0.650716 0.627737
3 1.517341 0.699649 0.654501
4 1.145124 0.718302 0.710462
5 1.068886 0.558529 0.564477
6 1.091948 0.653961 0.649635
7 0.924754 0.722898 0.664234
8 0.871483 0.696945 0.666667
9 0.837970 0.682887 0.715328
10 0.786190 0.667207 0.635036
11 0.755657 0.704515 0.666667
12 0.825967 0.611517 0.622871
13 0.704034 0.699649 0.661800
14 0.619789 0.635848 0.593674
15 0.635798 0.702082 0.671533
16 0.623768 0.716951 0.712895
17 0.614643 0.712084 0.661800
18 0.599090 0.741822 0.710462
19 0.615426 0.729116 0.729927
20 0.607467 0.741822 0.710462
21 0.714798 0.739659 0.717762
22 0.648348 0.673155 0.647202
23 0.636326 0.676940 0.630170
24 0.662531 0.761016 0.744526
25 0.544069 0.757502 0.754258
26 0.562337 0.767234 0.737226
27 0.516418 0.737226 0.734793
28 0.589386 0.750473 0.754258
29 0.569247 0.714517 0.688564
30 0.521477 0.747770 0.722628
31 0.527668 0.763720 0.746959
32 0.563873 0.757232 0.739659
33 0.529672 0.771019 0.725061
34 0.558617 0.786158 0.754258
35 0.642570 0.575561 0.547445
36 0.782892 0.732090 0.717762
37 0.641976 0.739659 0.727494
38 0.605071 0.738848 0.725061
39 0.615171 0.731549 0.734793
40 0.618423 0.742092 0.727494
41 0.616891 0.737767 0.720195
42 0.573663 0.724790 0.712895
43 0.585431 0.738578 0.725061
44 0.564085 0.742903 0.737226
45 0.561353 0.732630 0.734793
46 0.558886 0.743985 0.722628
47 0.552085 0.751825 0.751825
48 0.529371 0.761287 0.710462
49 0.531652 0.766694 0.744526
50 0.516419 0.769667 0.732360
51 0.509722 0.729927 0.688564
52 0.528045 0.736956 0.703163
53 0.529563 0.765342 0.749392
54 0.511299 0.774534 0.732360
55 0.508249 0.779400 0.734793
56 0.513714 0.773182 0.742092
57 0.517017 0.775615 0.742092
58 0.503563 0.755610 0.710462
59 0.508212 0.752906 0.693431
60 0.506722 0.762098 0.715328
61 0.508169 0.778048 0.725061
62 0.480760 0.780481 0.756691
63 0.488648 0.779670 0.749392
64 0.497853 0.761287 0.729927
65 0.495192 0.728575 0.654501
66 0.492942 0.789132 0.768856
67 0.485629 0.793187 0.744526
68 0.482011 0.786158 0.744526
69 0.487212 0.801568 0.766423
70 0.469910 0.793187 0.751825
71 0.493255 0.801838 0.749392
72 0.474242 0.783725 0.734793
73 0.476545 0.776426 0.715328
74 0.475820 0.795891 0.744526
75 0.476436 0.804001 0.759124
76 0.473406 0.803460 0.756691
77 0.468707 0.804001 0.773723
78 0.459953 0.792106 0.729927
79 0.466224 0.794539 0.732360
80 0.443593 0.806434 0.746959
81 0.472653 0.814544 0.768856
82 0.467728 0.810760 0.759124
83 0.442750 0.782103 0.717762
84 0.452387 0.817789 0.766423
85 0.472868 0.825358 0.763990
86 0.456049 0.814544 0.761557
87 0.460850 0.814004 0.763990
88 0.459739 0.806975 0.739659
89 0.453409 0.815896 0.754258
90 0.430422 0.810760 0.761557
91 0.442560 0.806164 0.737226
92 0.451625 0.823195 0.754258
93 0.444149 0.820762 0.751825
94 0.447629 0.798865 0.720195
95 0.449277 0.816437 0.768856
96 0.435628 0.806164 0.742092
97 0.449687 0.824277 0.761557
98 0.446293 0.824006 0.768856
99 0.437867 0.816707 0.763990
100 0.422420 0.832928 0.771290
101 0.405613 0.829143 0.749392
102 0.397517 0.828332 0.759124
103 0.415849 0.851852 0.776156
104 0.391255 0.840497 0.768856
105 0.408086 0.852122 0.771290
106 0.383391 0.848878 0.768856
107 0.390832 0.842119 0.756691
108 0.398405 0.838875 0.761557
109 0.414921 0.851311 0.759124
110 0.398410 0.842931 0.773723
111 0.386095 0.846175 0.785888
112 0.363676 0.853744 0.768856
113 0.382907 0.838335 0.759124
114 0.402271 0.851582 0.778589
115 0.378583 0.858340 0.795620
116 0.374572 0.863747 0.776156
117 0.378168 0.855096 0.785888
118 0.390133 0.854826 0.798054
119 0.379127 0.864558 0.778589
120 0.366394 0.868613 0.785888
121 0.378099 0.850770 0.749392
122 0.375523 0.856718 0.785888
123 0.359909 0.855366 0.778589
124 0.369036 0.865369 0.781022
125 0.372469 0.871587 0.781022
126 0.380584 0.863747 0.783455
127 0.368058 0.870506 0.776156
128 0.350477 0.874290 0.781022
129 0.351325 0.866180 0.781022
130 0.359081 0.872128 0.785888
131 0.360494 0.875642 0.793187
132 0.367105 0.880238 0.788321
133 0.346471 0.879968 0.802920
134 0.353252 0.878616 0.785888
135 0.367875 0.879157 0.768856
136 0.352641 0.876994 0.781022
137 0.345976 0.879157 0.790754
138 0.361157 0.879968 0.771290
139 0.332133 0.878616 0.793187
140 0.336769 0.886726 0.781022
141 0.341153 0.883752 0.773723
142 0.340823 0.884834 0.798054
143 0.331278 0.881860 0.776156
144 0.323920 0.889430 0.793187
145 0.341245 0.869424 0.768856
146 0.335389 0.885645 0.781022
147 0.322827 0.878886 0.768856
148 0.312148 0.890781 0.790754
149 0.338699 0.882671 0.781022
150 0.303172 0.898081 0.778589
151 0.297953 0.895918 0.783455
152 0.302995 0.909976 0.788321
153 0.308362 0.898351 0.768856
154 0.281967 0.902947 0.778589
155 0.298615 0.907002 0.785888
156 0.288290 0.910516 0.795620
157 0.281702 0.913760 0.805353
158 0.285850 0.915923 0.795620
159 0.283643 0.912409 0.798054
160 0.278992 0.915653 0.766423
161 0.276190 0.918627 0.798054
162 0.269161 0.912138 0.778589
163 0.263009 0.915383 0.793187
164 0.276052 0.919438 0.790754
165 0.272810 0.919708 0.788321
166 0.262436 0.914301 0.781022
167 0.267758 0.912949 0.778589
168 0.261525 0.923493 0.776156
169 0.274168 0.912409 0.802920
170 0.260040 0.920789 0.793187
171 0.257680 0.925385 0.795620
172 0.263300 0.920789 0.785888
173 0.262222 0.924304 0.776156
174 0.266228 0.921871 0.778589
175 0.252140 0.918356 0.773723
176 0.265394 0.923763 0.776156
177 0.260640 0.922141 0.798054
178 0.257263 0.930251 0.790754
179 0.248282 0.931603 0.788321
180 0.251285 0.927278 0.793187
181 0.237896 0.922411 0.798054
182 0.252175 0.929981 0.793187
183 0.234896 0.933225 0.795620
184 0.232883 0.934847 0.783455
185 0.251692 0.924304 0.800487
186 0.250003 0.930522 0.790754
187 0.233873 0.933766 0.795620
188 0.247421 0.936469 0.790754
189 0.233800 0.935388 0.802920
190 0.228747 0.931873 0.785888
191 0.237388 0.931873 0.795620
192 0.217909 0.931603 0.807786
193 0.225245 0.939713 0.785888
194 0.227796 0.934847 0.795620
195 0.231241 0.941065 0.778589
196 0.217700 0.936199 0.785888
197 0.242889 0.938362 0.788321
198 0.240976 0.941606 0.788321
199 0.225079 0.937280 0.785888
200 0.201200 0.948094 0.800487
201 0.196507 0.954853 0.798054
202 0.212059 0.947013 0.802920
203 0.204103 0.948905 0.788321
204 0.205148 0.954312 0.798054
205 0.184749 0.952960 0.798054
206 0.194096 0.957556 0.795620
207 0.185464 0.954042 0.793187
208 0.199094 0.951338 0.788321
209 0.194592 0.954312 0.781022
210 0.196488 0.951068 0.783455
211 0.201608 0.954042 0.793187
212 0.189475 0.956745 0.805353
213 0.180438 0.962152 0.798054
214 0.185715 0.957556 0.800487
215 0.186481 0.956745 0.800487
216 0.184616 0.957286 0.807786
217 0.185787 0.960260 0.793187
218 0.186156 0.960800 0.802920
219 0.208770 0.955393 0.810219
220 0.182678 0.956475 0.812652
221 0.180528 0.958908 0.812652
222 0.174362 0.959989 0.790754
223 0.184346 0.963504 0.800487
224 0.169365 0.956475 0.807786
225 0.200073 0.955934 0.798054
226 0.191683 0.961341 0.793187
227 0.175097 0.961341 0.795620
228 0.181340 0.960530 0.793187
229 0.185056 0.961071 0.790754
230 0.170352 0.963774 0.807786
231 0.183057 0.959178 0.795620
232 0.176739 0.961882 0.800487
233 0.185477 0.960800 0.810219
234 0.159935 0.962963 0.781022
235 0.175675 0.962963 0.795620
236 0.173859 0.961341 0.793187
237 0.181365 0.963774 0.802920
238 0.182859 0.961611 0.807786
239 0.176374 0.964315 0.788321
240 0.180849 0.966477 0.793187
241 0.170213 0.961611 0.805353
242 0.176317 0.964855 0.788321
243 0.166450 0.966207 0.793187
244 0.171518 0.964855 0.790754
245 0.158020 0.967018 0.800487
246 0.165593 0.968911 0.795620
247 0.165048 0.964044 0.793187
248 0.158313 0.965666 0.790754
249 0.164782 0.968370 0.795620
250 0.148959 0.972155 0.795620
251 0.152352 0.971884 0.800487
252 0.145306 0.969451 0.795620
253 0.141111 0.972425 0.815085
254 0.155250 0.971344 0.798054
255 0.159938 0.972695 0.802920
256 0.149413 0.970533 0.805353
257 0.162257 0.970533 0.805353
258 0.149375 0.970803 0.802920
259 0.158056 0.971884 0.805353
260 0.143681 0.973506 0.793187
261 0.149357 0.971073 0.800487
262 0.150922 0.975399 0.798054
263 0.148815 0.973506 0.805353
264 0.153174 0.969992 0.788321
265 0.145059 0.972966 0.802920
266 0.140916 0.973777 0.798054
267 0.150635 0.974588 0.793187
268 0.141706 0.976210 0.805353
269 0.140117 0.975939 0.793187
270 0.140959 0.973777 0.795620
271 0.141425 0.973236 0.793187
272 0.142838 0.974588 0.810219
273 0.151700 0.975939 0.802920
274 0.147884 0.975399 0.802920
275 0.131902 0.975939 0.807786
276 0.146619 0.975128 0.807786
277 0.133364 0.974588 0.807786
278 0.143521 0.975399 0.805353
279 0.143786 0.977021 0.802920
280 0.143479 0.976210 0.795620
281 0.150893 0.972695 0.800487
282 0.139639 0.975128 0.805353
283 0.140575 0.975939 0.807786
284 0.143586 0.976480 0.795620
285 0.140023 0.974858 0.798054
286 0.138853 0.974588 0.805353
287 0.138083 0.975669 0.800487
288 0.151687 0.979184 0.807786
289 0.142527 0.974858 0.802920
290 0.137117 0.977562 0.807786
291 0.149988 0.977021 0.810219
292 0.129436 0.976210 0.812652
293 0.134370 0.978373 0.798054
294 0.140805 0.976750 0.802920
295 0.124031 0.977562 0.795620
296 0.133466 0.978913 0.802920
297 0.154710 0.976480 0.812652
298 0.130130 0.978913 0.807786
299 0.139570 0.977291 0.805353
300 0.152849 0.979454 0.795620
301 0.133154 0.979724 0.798054
302 0.131299 0.981346 0.802920
303 0.125134 0.981076 0.798054
304 0.128816 0.979995 0.798054
305 0.123443 0.982968 0.807786
306 0.128925 0.981346 0.800487
307 0.129304 0.980535 0.807786
308 0.131124 0.980535 0.812652
309 0.142935 0.980806 0.807786
310 0.127409 0.981617 0.812652
311 0.123949 0.981346 0.802920
312 0.127436 0.981887 0.805353
313 0.146475 0.981076 0.805353
314 0.121072 0.981346 0.812652
315 0.134960 0.981346 0.802920
316 0.123506 0.981617 0.795620
317 0.130895 0.981617 0.800487
318 0.130436 0.982698 0.785888
319 0.128130 0.980535 0.790754
320 0.128561 0.981617 0.793187
321 0.122473 0.982157 0.795620
322 0.136425 0.982157 0.798054
323 0.128258 0.980535 0.800487
324 0.119269 0.982698 0.805353
325 0.117175 0.982968 0.798054
326 0.122645 0.982698 0.805353
327 0.123955 0.982428 0.798054
328 0.127464 0.981887 0.798054
329 0.127162 0.982698 0.800487
330 0.131987 0.982428 0.800487
331 0.115308 0.984861 0.802920
332 0.122703 0.982698 0.805353
333 0.114318 0.983509 0.805353
334 0.127778 0.983239 0.795620
335 0.121039 0.984050 0.800487
336 0.125467 0.983779 0.807786
337 0.117873 0.983239 0.798054
338 0.119134 0.982968 0.805353
339 0.129952 0.980806 0.807786
340 0.118435 0.981887 0.802920
341 0.127305 0.982157 0.802920
342 0.131650 0.982968 0.807786
343 0.118433 0.984590 0.802920
344 0.121030 0.984590 0.817518
345 0.119210 0.982968 0.810219
346 0.124565 0.982428 0.810219
347 0.120372 0.982698 0.812652
348 0.122865 0.983239 0.807786
349 0.120815 0.982968 0.805353
350 0.129004 0.982968 0.802920
