1 2.953613 0.548387 0.500000
2 1.786324 0.661290 0.705882
3 1.181534 0.709677 0.558824
4 0.915255 0.783871 0.705882
5 0.779142 0.796774 0.676471
6 0.878626 0.722581 0.676471
7 0.556930 0.787097 0.735294
8 0.627626 0.809677 0.676471
9 0.448245 0.867742 0.705882
10 0.372481 0.754839 0.617647
11 0.500639 0.809677 0.705882
12 0.413470 0.796774 0.705882
13 0.426421 0.851613 0.617647
14 0.321275 0.916129 0.647059
15 0.303656 0.854839 0.617647
16 0.257264 0.935484 0.705882
17 0.197837 0.948387 0.647059
18 0.261712 0.880645 0.588235
19 0.295176 0.896774 0.676471
20 0.187361 0.964516 0.735294
21 0.220973 0.867742 0.676471
22 0.157808 0.970968 0.735294
23 0.101356 0.932258 0.647059
24 0.124556 0.974194 0.764706
25 0.177412 0.916129 0.647059
26 0.171291 0.980645 0.823529
27 0.194971 0.906452 0.647059
28 0.214058 0.935484 0.705882
29 0.118694 0.964516 0.647059
30 0.187605 0.958065 0.764706
31 0.156793 0.980645 0.764706
32 0.113022 0.980645 0.735294
33 0.065149 0.990323 0.705882
34 0.060190 0.993548 0.735294
35 0.069987 0.990323 0.764706
36 0.053706 0.987097 0.705882
37 0.053870 0.977419 0.735294
38 0.386507 0.893548 0.676471
39 0.162314 0.964516 0.735294
40 0.094217 0.983871 0.676471
41 0.095928 0.990323 0.735294
42 0.336092 0.932258 0.676471
43 0.190556 0.977419 0.735294
44 0.077054 0.990323 0.676471
45 0.100162 0.938710 0.617647
46 0.093463 0.990323 0.735294
47 0.076534 0.983871 0.764706
48 0.062871 0.990323 0.735294
49 0.058781 0.993548 0.735294
50 0.052728 0.990323 0.735294
51 0.046835 0.990323 0.735294
52 0.042248 0.990323 0.735294
53 0.047906 0.993548 0.735294
54 0.042998 0.993548 0.735294
55 0.047586 0.993548 0.735294
56 0.041259 0.993548 0.735294
57 0.036909 0.993548 0.705882
58 0.037064 0.993548 0.676471
59 0.039833 0.993548 0.735294
60 0.039970 0.993548 0.705882
61 0.039885 0.993548 0.735294
62 0.041195 0.993548 0.735294
63 0.044030 0.993548 0.735294
64 0.036159 0.993548 0.676471
65 0.044903 0.993548 0.705882
66 0.039854 0.993548 0.735294
67 0.037811 0.993548 0.735294
68 0.040355 0.993548 0.735294
69 0.043277 0.993548 0.735294
70 0.085881 0.880645 0.617647
71 0.149039 0.980645 0.705882
72 0.060591 0.993548 0.764706
73 0.048976 0.990323 0.764706
74 0.053088 0.980645 0.735294
75 0.050133 0.993548 0.735294
76 0.040943 0.993548 0.676471
77 0.049717 0.980645 0.764706
78 0.054454 0.993548 0.705882
79 0.061988 0.993548 0.764706
80 0.047387 0.990323 0.764706
81 0.040175 0.993548 0.764706
82 0.039126 0.993548 0.764706
83 0.039697 0.993548 0.705882
84 0.044448 0.993548 0.735294
85 0.037805 0.993548 0.705882
86 0.039057 0.958065 0.705882
87 0.113824 0.983871 0.676471
88 0.129605 0.993548 0.764706
89 0.057468 0.993548 0.764706
90 0.055922 0.993548 0.705882
91 0.040911 0.993548 0.705882
92 0.048046 0.993548 0.735294
93 0.043381 0.993548 0.764706
94 0.039335 0.993548 0.735294
95 0.048157 0.993548 0.735294
96 0.038920 0.993548 0.735294
97 0.047258 0.993548 0.794118
98 0.041419 0.993548 0.764706
99 0.294134 0.803226 0.647059
100 0.128817 0.993548 0.735294
101 0.052406 0.993548 0.705882
102 0.053426 0.993548 0.705882
103 0.046384 0.993548 0.735294
104 0.041461 0.993548 0.735294
105 0.038509 0.993548 0.735294
106 0.042257 0.993548 0.735294
107 0.037454 0.993548 0.735294
108 0.039277 0.993548 0.735294
109 0.040548 0.993548 0.735294
110 0.032521 0.993548 0.735294
111 0.037848 0.993548 0.735294
112 0.035196 0.993548 0.735294
113 0.035926 0.993548 0.735294
114 0.037643 0.993548 0.735294
115 0.032009 0.993548 0.735294
116 0.035928 0.993548 0.735294
117 0.033312 0.993548 0.705882
118 0.038383 0.987097 0.705882
119 0.040226 0.993548 0.735294
120 0.035039 0.993548 0.735294
121 0.035004 0.993548 0.735294
122 0.038744 0.993548 0.735294
123 0.032644 0.993548 0.735294
124 0.032293 0.993548 0.705882
125 0.031314 0.993548 0.735294
126 0.037484 0.993548 0.735294
127 0.034657 0.993548 0.735294
128 0.039809 0.993548 0.705882
129 0.055221 0.993548 0.676471
130 0.040819 0.993548 0.705882
131 0.034837 0.993548 0.705882
132 0.036021 0.993548 0.735294
133 0.042621 0.993548 0.647059
134 0.035667 0.993548 0.735294
135 0.034572 0.993548 0.705882
136 0.035457 0.993548 0.705882
137 0.031282 0.993548 0.705882
138 0.026697 0.993548 0.764706
139 0.032723 0.993548 0.764706
140 0.028965 0.993548 0.705882
141 0.029207 0.993548 0.735294
142 0.034148 0.993548 0.705882
143 0.029602 0.993548 0.705882
144 0.032952 0.993548 0.764706
145 0.037395 0.990323 0.705882
146 0.067960 0.987097 0.676471
147 0.094664 0.990323 0.735294
148 0.082981 0.990323 0.705882
149 0.049275 0.993548 0.764706
150 0.038902 0.993548 0.764706
151 0.039184 0.993548 0.764706
152 0.033401 0.993548 0.735294
153 0.030764 0.993548 0.764706
154 0.031593 0.993548 0.764706
155 0.028410 0.993548 0.764706
156 0.030028 0.993548 0.764706
157 0.029136 0.993548 0.764706
158 0.026117 0.993548 0.764706
159 0.027381 0.993548 0.764706
160 0.029656 0.993548 0.705882
161 0.034859 0.993548 0.764706
162 0.029591 0.993548 0.764706
163 0.029240 0.993548 0.764706
164 0.026876 0.993548 0.735294
165 0.026041 0.993548 0.764706
166 0.028366 0.993548 0.705882
167 0.027524 0.993548 0.735294
168 0.028773 0.993548 0.735294
169 0.027540 0.993548 0.764706
170 0.029710 0.993548 0.735294
171 0.028343 0.993548 0.705882
172 0.029110 0.993548 0.705882
173 0.028852 0.993548 0.735294
174 0.035042 0.993548 0.764706
175 0.029749 0.993548 0.735294
176 0.029939 0.993548 0.705882
177 0.025747 0.993548 0.735294
178 0.028024 0.993548 0.764706
179 0.028529 0.993548 0.735294
180 0.032347 0.993548 0.764706
181 0.031358 0.993548 0.735294
182 0.030451 0.993548 0.735294
183 0.024798 0.993548 0.764706
184 0.034475 0.993548 0.764706
185 0.026657 0.993548 0.735294
186 0.030347 0.993548 0.705882
187 0.026818 0.993548 0.705882
188 0.029595 0.993548 0.705882
189 0.029476 0.993548 0.764706
190 0.027017 0.993548 0.764706
191 0.028077 0.993548 0.735294
192 0.028727 0.993548 0.735294
193 0.025734 0.993548 0.735294
194 0.038495 0.993548 0.764706
195 0.032212 0.993548 0.735294
196 0.027755 0.993548 0.764706
197 0.029655 0.993548 0.764706
198 0.028377 0.993548 0.764706
199 0.030094 0.993548 0.764706
200 0.026316 0.993548 0.764706
201 0.025283 0.993548 0.764706
202 0.025209 0.993548 0.764706
203 0.025728 0.993548 0.764706
204 0.025315 0.993548 0.764706
205 0.023460 0.993548 0.764706
206 0.026788 0.993548 0.764706
207 0.025178 0.993548 0.735294
208 0.027901 0.993548 0.735294
209 0.027996 0.993548 0.735294
210 0.026444 0.993548 0.735294
211 0.027049 0.993548 0.764706
212 0.028759 0.993548 0.735294
213 0.025127 0.993548 0.735294
214 0.028539 0.993548 0.735294
215 0.027605 0.993548 0.735294
216 0.024504 0.993548 0.705882
217 0.024598 0.993548 0.735294
218 0.024792 0.993548 0.735294
219 0.025677 0.993548 0.735294
220 0.026472 0.993548 0.735294
221 0.024923 0.993548 0.735294
222 0.027398 0.993548 0.735294
223 0.027215 0.993548 0.735294
224 0.027249 0.993548 0.705882
225 0.025470 0.993548 0.735294
226 0.024120 0.993548 0.735294
227 0.024475 0.993548 0.735294
228 0.026067 0.993548 0.735294
229 0.029089 0.993548 0.735294
230 0.025874 0.993548 0.735294
231 0.027174 0.993548 0.735294
232 0.029455 0.993548 0.735294
233 0.024880 0.993548 0.705882
234 0.021305 0.993548 0.735294
235 0.022978 0.993548 0.735294
236 0.024515 0.993548 0.764706
237 0.027685 0.993548 0.764706
238 0.023606 0.993548 0.735294
239 0.024982 0.993548 0.764706
240 0.025590 0.993548 0.735294
241 0.023865 0.993548 0.735294
242 0.023883 0.993548 0.735294
243 0.022056 0.993548 0.764706
244 0.028608 0.993548 0.764706
245 0.024606 0.993548 0.735294
246 0.025483 0.993548 0.764706
247 0.023242 0.993548 0.764706
248 0.025968 0.993548 0.735294
249 0.023711 0.993548 0.764706
250 0.027685 0.993548 0.735294
251 0.025788 0.993548 0.735294
252 0.022088 0.993548 0.735294
253 0.022364 0.993548 0.735294
254 0.024306 0.993548 0.735294
255 0.024488 0.993548 0.735294
256 0.023559 0.993548 0.764706
257 0.023106 0.993548 0.764706
258 0.023261 0.993548 0.735294
259 0.024049 0.993548 0.735294
260 0.023382 0.993548 0.735294
261 0.025492 0.993548 0.764706
262 0.025377 0.993548 0.764706
263 0.021504 0.993548 0.764706
264 0.021922 0.993548 0.764706
265 0.026219 0.993548 0.764706
266 0.024876 0.993548 0.764706
267 0.023132 0.993548 0.764706
268 0.023354 0.993548 0.764706
269 0.024911 0.993548 0.764706
270 0.021232 0.993548 0.764706
271 0.023559 0.993548 0.764706
272 0.025155 0.993548 0.764706
273 0.023473 0.993548 0.764706
274 0.022726 0.993548 0.764706
275 0.022455 0.993548 0.764706
276 0.021970 0.993548 0.764706
277 0.022657 0.993548 0.764706
278 0.022674 0.993548 0.735294
279 0.025338 0.993548 0.735294
280 0.022806 0.993548 0.735294
281 0.027836 0.993548 0.735294
282 0.024545 0.993548 0.735294
283 0.021478 0.993548 0.735294
284 0.022612 0.993548 0.735294
285 0.022733 0.993548 0.735294
286 0.021473 0.993548 0.735294
287 0.024381 0.993548 0.735294
288 0.023258 0.993548 0.735294
289 0.022174 0.993548 0.735294
290 0.022057 0.993548 0.735294
291 0.022959 0.993548 0.735294
292 0.022647 0.993548 0.735294
293 0.021634 0.993548 0.676471
294 0.023023 0.993548 0.735294
295 0.024268 0.993548 0.705882
296 0.022825 0.993548 0.735294
297 0.027358 0.993548 0.735294
298 0.024963 0.993548 0.735294
299 0.023759 0.993548 0.676471
300 0.021714 0.993548 0.735294
301 0.022701 0.993548 0.735294
302 0.021865 0.993548 0.735294
303 0.024324 0.993548 0.735294
304 0.021694 0.993548 0.705882
305 0.021644 0.993548 0.705882
306 0.021873 0.993548 0.735294
307 0.022483 0.993548 0.735294
308 0.020715 0.993548 0.735294
309 0.022127 0.993548 0.735294
310 0.024946 0.993548 0.735294
311 0.024253 0.993548 0.705882
312 0.023818 0.993548 0.735294
313 0.022026 0.993548 0.735294
314 0.019999 0.993548 0.705882
315 0.023733 0.993548 0.735294
316 0.022516 0.993548 0.735294
317 0.025449 0.993548 0.735294
318 0.021900 0.993548 0.735294
319 0.024016 0.993548 0.764706
320 0.021786 0.993548 0.735294
321 0.023589 0.993548 0.735294
322 0.020850 0.993548 0.735294
323 0.023363 0.993548 0.705882
324 0.022589 0.993548 0.735294
325 0.022110 0.993548 0.705882
326 0.025182 0.993548 0.735294
327 0.019743 0.993548 0.735294
328 0.021721 0.993548 0.705882
329 0.022321 0.993548 0.705882
330 0.021600 0.993548 0.735294
331 0.022564 0.993548 0.735294
332 0.023314 0.993548 0.705882
333 0.022697 0.993548 0.705882
334 0.021772 0.993548 0.735294
335 0.021753 0.993548 0.735294
336 0.024240 0.993548 0.735294
337 0.020991 0.993548 0.735294
338 0.020940 0.993548 0.735294
339 0.023841 0.993548 0.735294
340 0.022339 0.993548 0.705882
341 0.020428 0.993548 0.735294
342 0.023331 0.993548 0.735294
343 0.021203 0.993548 0.764706
344 0.021239 0.993548 0.735294
345 0.020856 0.993548 0.735294
346 0.021915 0.993548 0.735294
347 0.022193 0.993548 0.764706
348 0.021820 0.993548 0.764706
349 0.022915 0.993548 0.735294
350 0.024624 0.993548 0.735294
