1 145.322588 0.520000 0.505000
2 57.839152 0.622778 0.660000
3 11.297163 0.608333 0.625000
4 9.180821 0.690000 0.675000
5 4.975573 0.715000 0.710000
6 17.689222 0.596667 0.585000
7 9.510021 0.671667 0.640000
8 23.350853 0.707222 0.700000
9 6.103741 0.755556 0.745000
10 2.520627 0.712222 0.695000
11 6.516727 0.713889 0.700000
12 2.584287 0.566111 0.545000
13 3.007334 0.693889 0.680000
14 1.811040 0.556667 0.540000
15 1.583546 0.726667 0.730000
16 2.655331 0.570556 0.545000
17 1.645612 0.740000 0.740000
18 1.403241 0.734444 0.745000
19 1.504612 0.756111 0.765000
20 1.401120 0.783333 0.785000
21 3.657677 0.628889 0.620000
22 1.122637 0.779444 0.790000
23 0.814733 0.737222 0.740000
24 1.207371 0.742222 0.745000
25 5.282358 0.538889 0.530000
26 2.347103 0.706111 0.710000
27 1.403667 0.746667 0.745000
28 1.027512 0.767222 0.760000
29 0.784806 0.660000 0.620000
30 0.833932 0.770556 0.765000
31 0.709856 0.748333 0.760000
32 0.862478 0.767778 0.780000
33 0.783792 0.746667 0.740000
34 1.598514 0.747222 0.740000
35 0.720684 0.736667 0.740000
36 0.823918 0.725000 0.725000
37 0.797346 0.738889 0.750000
38 1.054762 0.703889 0.700000
39 1.069507 0.761667 0.755000
40 0.982682 0.752778 0.750000
41 0.948082 0.697778 0.620000
42 0.935363 0.737778 0.740000
43 0.824244 0.753889 0.760000
44 0.874312 0.762222 0.770000
45 0.696906 0.757222 0.760000
46 0.978339 0.777778 0.760000
47 0.773306 0.596111 0.570000
48 0.751654 0.767222 0.760000
49 0.730542 0.612778 0.600000
50 0.718564 0.770556 0.770000
51 0.611706 0.763889 0.775000
52 0.639983 0.771111 0.770000
53 0.614477 0.735000 0.735000
54 0.702401 0.775556 0.795000
55 0.629213 0.769444 0.775000
56 0.572520 0.778333 0.775000
57 1.203578 0.763333 0.765000
58 0.620378 0.752222 0.760000
59 0.852382 0.775556 0.755000
60 0.648561 0.774444 0.770000
61 0.599957 0.748333 0.745000
62 0.631398 0.762778 0.755000
63 0.627341 0.745556 0.750000
64 0.623108 0.725556 0.675000
65 0.627172 0.750000 0.735000
66 0.709767 0.733333 0.740000
67 0.669166 0.770000 0.770000
68 0.678288 0.771667 0.760000
69 0.740176 0.757222 0.765000
70 0.663418 0.752778 0.740000
71 0.610347 0.773333 0.775000
72 0.617202 0.762222 0.750000
73 0.700819 0.761111 0.750000
74 0.621598 0.744444 0.740000
75 1.065233 0.744444 0.740000
76 0.695183 0.733333 0.730000
77 0.768953 0.773333 0.770000
78 0.678185 0.759444 0.755000
79 0.633767 0.755556 0.750000
80 0.695656 0.767778 0.755000
81 0.681198 0.663333 0.640000
82 0.611552 0.769444 0.770000
83 0.685858 0.766111 0.770000
84 0.609858 0.742222 0.735000
85 0.664489 0.720000 0.720000
86 0.640594 0.769444 0.765000
87 0.595167 0.768889 0.755000
88 0.781276 0.777222 0.765000
89 0.760439 0.770556 0.770000
90 0.635150 0.756667 0.750000
91 0.718575 0.750556 0.755000
92 0.659453 0.735000 0.730000
93 0.691480 0.765000 0.770000
94 0.664467 0.747222 0.745000
95 0.722319 0.750000 0.750000
96 0.764662 0.770556 0.765000
97 0.661584 0.755000 0.755000
98 0.633382 0.743333 0.730000
99 0.623973 0.777778 0.775000
100 0.587898 0.769444 0.790000
101 0.548035 0.767778 0.755000
102 0.624176 0.771667 0.770000
103 0.562296 0.773333 0.770000
104 0.549774 0.770556 0.775000
105 0.596169 0.762778 0.780000
106 0.588915 0.770556 0.765000
107 0.601705 0.773889 0.770000
108 0.574045 0.772778 0.770000
109 0.601004 0.772222 0.795000
110 0.584633 0.771667 0.760000
111 0.575031 0.771111 0.770000
112 0.566488 0.757778 0.755000
113 0.532243 0.772778 0.790000
114 0.582066 0.758333 0.750000
115 0.731870 0.770556 0.775000
116 0.577397 0.752778 0.755000
117 0.550164 0.766667 0.755000
118 0.610373 0.776667 0.775000
119 0.539270 0.755000 0.745000
120 0.543735 0.774444 0.775000
121 0.628431 0.778333 0.785000
122 0.571885 0.753889 0.750000
123 0.768433 0.768889 0.760000
124 0.576884 0.768333 0.745000
125 0.540302 0.773333 0.785000
126 0.538775 0.775000 0.795000
127 0.589126 0.775556 0.765000
128 0.541788 0.752778 0.750000
129 0.562104 0.763889 0.750000
130 0.596614 0.775000 0.790000
131 0.562410 0.771111 0.755000
132 0.593468 0.747778 0.745000
133 0.575404 0.762778 0.750000
134 0.562587 0.778889 0.780000
135 0.538351 0.782778 0.780000
136 0.536638 0.773333 0.760000
137 0.604474 0.786667 0.785000
138 0.653273 0.768889 0.750000
139 0.535190 0.752222 0.750000
140 0.548807 0.775000 0.795000
141 0.527879 0.791667 0.755000
142 0.520797 0.751667 0.760000
143 0.526822 0.778333 0.775000
144 0.506050 0.792778 0.765000
145 0.513283 0.748889 0.760000
146 0.510306 0.764444 0.760000
147 0.527641 0.728889 0.725000
148 0.540057 0.782778 0.780000
149 0.564314 0.781667 0.770000
150 0.494343 0.753889 0.765000
151 0.493928 0.782222 0.765000
152 0.540320 0.785556 0.740000
153 0.526973 0.754444 0.765000
154 0.498987 0.756667 0.780000
155 0.494446 0.745556 0.760000
156 0.511487 0.797222 0.785000
157 0.515885 0.788333 0.770000
158 0.485994 0.782778 0.780000
159 0.499433 0.783889 0.765000
160 0.581904 0.787222 0.790000
161 0.515868 0.778889 0.765000
162 0.532468 0.790556 0.810000
163 0.508531 0.783333 0.805000
164 0.503245 0.771111 0.765000
165 0.476442 0.775556 0.770000
166 0.501362 0.773333 0.775000
167 0.497344 0.771667 0.780000
168 0.483239 0.793333 0.780000
169 0.502016 0.766111 0.780000
170 0.503230 0.777222 0.775000
171 0.502580 0.770556 0.780000
172 0.494122 0.747222 0.760000
173 0.513768 0.744444 0.765000
174 0.534925 0.792222 0.765000
175 0.501159 0.781667 0.785000
176 0.490479 0.786111 0.765000
177 0.477348 0.747778 0.765000
178 0.511025 0.796111 0.785000
179 0.489922 0.752222 0.775000
180 0.496151 0.772778 0.775000
181 0.560297 0.743333 0.750000
182 0.552785 0.752222 0.760000
183 0.502446 0.780556 0.735000
184 0.531402 0.756667 0.765000
185 0.529602 0.761111 0.765000
186 0.499289 0.804444 0.780000
187 0.527469 0.768889 0.765000
188 0.506794 0.761111 0.780000
189 0.499580 0.766111 0.760000
190 0.502619 0.746667 0.750000
191 0.523596 0.757222 0.775000
192 0.535208 0.745556 0.755000
193 0.494824 0.777778 0.785000
194 0.507422 0.774444 0.775000
195 0.511257 0.792222 0.800000
196 0.497052 0.800000 0.780000
197 0.497890 0.756111 0.775000
198 0.504391 0.745556 0.760000
199 0.505808 0.745556 0.745000
200 0.482643 0.801111 0.795000
201 0.532088 0.772778 0.775000
202 0.491213 0.793889 0.790000
203 0.478433 0.762222 0.775000
204 0.474463 0.796111 0.800000
205 0.474356 0.787222 0.785000
206 0.477464 0.806111 0.785000
207 0.483645 0.797778 0.795000
208 0.469362 0.779444 0.770000
209 0.484597 0.790000 0.775000
210 0.487280 0.771111 0.775000
211 0.470137 0.762778 0.775000
212 0.463743 0.769444 0.775000
213 0.496744 0.760000 0.775000
214 0.480154 0.785556 0.775000
215 0.492562 0.805556 0.815000
216 0.480622 0.803333 0.810000
217 0.487166 0.785556 0.770000
218 0.482885 0.801111 0.800000
219 0.467794 0.787222 0.780000
220 0.484962 0.768889 0.775000
221 0.504715 0.799444 0.815000
222 0.498515 0.808889 0.805000
223 0.515852 0.761111 0.765000
224 0.476546 0.767222 0.770000
225 0.483754 0.758333 0.770000
226 0.488026 0.767778 0.775000
227 0.482336 0.756667 0.770000
228 0.475927 0.764444 0.775000
229 0.483344 0.781111 0.780000
230 0.469943 0.792778 0.785000
231 0.487254 0.754444 0.765000
232 0.486810 0.745000 0.760000
233 0.487240 0.811111 0.815000
234 0.492430 0.787778 0.780000
235 0.481475 0.757778 0.775000
236 0.478461 0.773889 0.770000
237 0.495956 0.777778 0.785000
238 0.492517 0.815000 0.800000
239 0.479066 0.807778 0.820000
240 0.471651 0.759444 0.765000
241 0.472214 0.795000 0.805000
242 0.491793 0.761111 0.765000
243 0.480252 0.751111 0.760000
244 0.488599 0.801667 0.800000
245 0.472447 0.800000 0.785000
246 0.474925 0.786111 0.780000
247 0.493542 0.773889 0.775000
248 0.465391 0.803333 0.780000
249 0.480776 0.752222 0.760000
250 0.484098 0.791667 0.780000
251 0.477689 0.796111 0.790000
252 0.482939 0.796667 0.775000
253 0.468471 0.795556 0.780000
254 0.467055 0.809444 0.790000
255 0.482268 0.785000 0.770000
256 0.460883 0.795000 0.780000
257 0.473975 0.792222 0.770000
258 0.469506 0.802778 0.790000
259 0.465608 0.798889 0.795000
260 0.482365 0.772222 0.770000
261 0.479444 0.786111 0.785000
262 0.473270 0.813889 0.815000
263 0.480514 0.780000 0.775000
264 0.471422 0.786111 0.770000
265 0.483327 0.806667 0.815000
266 0.478934 0.804444 0.800000
267 0.474699 0.812222 0.785000
268 0.497257 0.777222 0.775000
269 0.477944 0.767222 0.775000
270 0.464204 0.805000 0.805000
271 0.470611 0.813333 0.800000
272 0.465147 0.794444 0.775000
273 0.470906 0.785000 0.780000
274 0.488859 0.805000 0.805000
275 0.472199 0.783889 0.765000
276 0.464659 0.802778 0.805000
277 0.462896 0.787778 0.775000
278 0.473496 0.791111 0.785000
279 0.468496 0.784444 0.780000
280 0.471187 0.773889 0.770000
281 0.469977 0.783889 0.775000
282 0.468106 0.765000 0.770000
283 0.483115 0.788889 0.785000
284 0.467311 0.798333 0.785000
285 0.469619 0.786667 0.780000
286 0.484105 0.776667 0.780000
287 0.477682 0.803333 0.785000
288 0.486152 0.804444 0.755000
289 0.469231 0.796111 0.775000
290 0.468921 0.792778 0.785000
291 0.469269 0.787778 0.780000
292 0.476620 0.790000 0.780000
293 0.480726 0.798333 0.790000
294 0.480224 0.781667 0.780000
295 0.472222 0.803333 0.785000
296 0.476408 0.776667 0.775000
297 0.463357 0.770000 0.775000
298 0.474697 0.806667 0.805000
299 0.464184 0.812222 0.780000
300 0.470386 0.792778 0.800000
301 0.467282 0.783333 0.780000
302 0.467319 0.779444 0.780000
303 0.466887 0.795000 0.780000
304 0.465572 0.805000 0.795000
305 0.472424 0.797778 0.790000
306 0.466131 0.790000 0.770000
307 0.459519 0.795556 0.780000
308 0.473675 0.796667 0.770000
309 0.471436 0.783333 0.775000
310 0.476686 0.796667 0.780000
311 0.466758 0.791667 0.780000
312 0.471268 0.794444 0.785000
313 0.468541 0.781667 0.775000
314 0.459916 0.801111 0.790000
315 0.469033 0.810556 0.805000
316 0.463930 0.787778 0.775000
317 0.466441 0.801111 0.800000
318 0.462838 0.818333 0.810000
319 0.472613 0.790556 0.775000
320 0.447501 0.822778 0.815000
321 0.470568 0.772778 0.780000
322 0.441217 0.787778 0.780000
323 0.469201 0.789444 0.785000
324 0.460262 0.805556 0.785000
325 0.465127 0.789444 0.780000
326 0.453702 0.820000 0.815000
327 0.449199 0.818333 0.800000
328 0.455659 0.811111 0.810000
329 0.468919 0.824444 0.800000
330 0.439789 0.821111 0.825000
331 0.445572 0.814444 0.815000
332 0.460730 0.814444 0.815000
333 0.451261 0.827778 0.820000
334 0.433835 0.820000 0.820000
335 0.438240 0.798889 0.780000
336 0.439320 0.828889 0.815000
337 0.442955 0.797222 0.785000
338 0.455163 0.830556 0.830000
339 0.451855 0.812778 0.805000
340 0.442075 0.827222 0.825000
341 0.454796 0.823333 0.830000
342 0.437366 0.818889 0.810000
343 0.446184 0.824444 0.815000
344 0.456980 0.824444 0.825000
345 0.447200 0.822222 0.820000
346 0.453438 0.827222 0.820000
347 0.439511 0.801667 0.805000
348 0.456903 0.825000 0.820000
349 0.445427 0.812778 0.810000
350 0.437456 0.831667 0.825000
