1 7.473100 0.734000 0.706000
2 1.619734 0.738000 0.722000
3 1.406130 0.724444 0.690000
4 1.187221 0.714222 0.690000
5 0.924394 0.735778 0.710000
6 0.942972 0.754889 0.728000
7 0.948984 0.762000 0.726000
8 0.678634 0.782889 0.744000
9 0.718650 0.769778 0.754000
10 0.632263 0.765111 0.742000
11 0.622332 0.784222 0.768000
12 0.576948 0.759333 0.748000
13 0.562794 0.789778 0.738000
14 0.563473 0.771333 0.736000
15 0.571872 0.779556 0.742000
16 0.575080 0.804889 0.762000
17 0.574801 0.803333 0.760000
18 0.574110 0.791333 0.752000
19 0.562170 0.790222 0.746000
20 0.549403 0.799556 0.756000
21 0.541782 0.755111 0.710000
22 0.601592 0.805111 0.758000
23 0.679563 0.744222 0.722000
24 0.592796 0.794222 0.746000
25 0.578855 0.799333 0.770000
26 0.588635 0.765556 0.734000
27 0.547209 0.793111 0.750000
28 0.532478 0.806000 0.778000
29 0.512710 0.763333 0.730000
30 0.532497 0.777556 0.742000
