1 3.785725 0.420000 0.420000
2 1.891386 0.508889 0.473333
3 1.370957 0.456296 0.426667
4 1.452196 0.517778 0.493333
5 1.119331 0.530370 0.473333
6 1.469702 0.522222 0.480000
7 1.383947 0.485926 0.440000
8 1.236612 0.525926 0.480000
9 1.255441 0.548148 0.473333
10 1.022797 0.529630 0.480000
11 1.220680 0.532593 0.480000
12 1.414824 0.556296 0.486667
13 1.166136 0.540741 0.486667
14 1.011907 0.540000 0.480000
15 0.955767 0.542963 0.493333
16 1.107954 0.512593 0.433333
17 1.086058 0.535556 0.473333
18 1.053982 0.546667 0.480000
19 0.953872 0.530370 0.446667
20 0.992178 0.553333 0.480000
21 1.008696 0.555556 0.480000
22 1.005484 0.531111 0.460000
23 0.982623 0.545926 0.486667
24 0.968677 0.557037 0.506667
25 0.963125 0.542222 0.460000
26 0.966491 0.536296 0.466667
27 0.959402 0.557037 0.486667
28 0.947065 0.556296 0.493333
29 0.963103 0.562963 0.473333
30 0.937596 0.552593 0.480000
31 0.965583 0.555556 0.480000
32 0.928472 0.574815 0.480000
33 0.971309 0.565926 0.493333
34 1.001366 0.573333 0.480000
35 0.940826 0.575556 0.500000
36 0.996214 0.540000 0.493333
37 0.973448 0.549630 0.440000
38 0.929335 0.567407 0.493333
39 0.915822 0.571852 0.486667
40 0.917798 0.550370 0.446667
41 0.931980 0.556296 0.500000
42 0.956499 0.539259 0.446667
43 0.990420 0.554074 0.493333
44 0.960282 0.558519 0.486667
45 0.929117 0.581481 0.493333
46 0.919518 0.577037 0.460000
47 0.917551 0.562222 0.473333
48 0.904156 0.582963 0.480000
49 0.913360 0.570370 0.453333
50 0.894426 0.596296 0.493333
51 0.877345 0.581481 0.473333
52 0.880064 0.596296 0.493333
53 0.885681 0.592593 0.486667
54 0.865144 0.600000 0.493333
55 0.872819 0.596296 0.493333
56 0.877231 0.599259 0.500000
57 0.864356 0.581481 0.473333
58 0.877865 0.602222 0.480000
59 0.869071 0.601481 0.493333
60 0.855561 0.610370 0.480000
61 0.891077 0.608889 0.493333
62 0.860825 0.602963 0.466667
63 0.859002 0.605185 0.453333
64 0.844975 0.614815 0.486667
65 0.844957 0.607407 0.480000
66 0.843701 0.613333 0.500000
67 0.863622 0.605185 0.486667
68 0.858376 0.586667 0.473333
69 0.874430 0.604444 0.446667
70 0.836956 0.614074 0.473333
