1 1.070668 0.863905 0.894737
2 0.297043 0.887574 1.000000
3 0.179808 0.970414 0.894737
4 0.132234 0.970414 0.894737
5 0.282443 0.923077 0.894737
6 0.152123 0.976331 0.894737
7 0.087430 0.964497 0.894737
8 0.082362 0.964497 0.842105
9 0.045080 0.899408 0.894737
10 0.062479 0.964497 0.894737
11 0.035633 1.000000 0.894737
12 0.063770 0.964497 0.894737
13 0.039051 1.000000 0.842105
14 0.169929 0.934911 0.842105
15 0.079112 0.952663 0.894737
16 0.038808 0.994083 0.842105
17 0.061662 0.994083 0.842105
18 0.033438 1.000000 0.789474
19 0.024529 1.000000 0.842105
20 0.019442 0.994083 0.842105
21 0.023501 1.000000 0.842105
22 0.019088 1.000000 0.789474
23 0.025034 1.000000 0.789474
24 0.017759 1.000000 0.789474
25 0.023879 1.000000 0.789474
26 0.029045 0.994083 0.789474
27 0.131365 0.840237 0.842105
28 0.104535 1.000000 0.789474
29 0.055517 0.946746 0.789474
30 0.040012 0.958580 0.842105
31 0.030853 1.000000 0.842105
32 0.021807 1.000000 0.842105
33 0.044779 0.982249 0.842105
34 0.051948 0.958580 0.789474
35 0.028428 1.000000 0.789474
36 0.022267 1.000000 0.842105
37 0.015132 1.000000 0.842105
38 0.021499 1.000000 0.842105
39 0.050750 0.964497 0.789474
40 0.055716 1.000000 0.842105
41 0.024844 1.000000 0.842105
42 0.019053 1.000000 0.789474
43 0.019786 1.000000 0.789474
44 0.022135 0.994083 0.842105
45 0.025964 1.000000 0.894737
46 0.072731 0.934911 0.789474
47 0.035510 1.000000 0.842105
48 0.020129 1.000000 0.789474
49 0.017169 1.000000 0.789474
50 0.017504 1.000000 0.789474
51 0.013271 1.000000 0.789474
52 0.012370 1.000000 0.789474
53 0.014486 1.000000 0.789474
54 0.014229 1.000000 0.789474
55 0.017566 1.000000 0.789474
56 0.016842 1.000000 0.789474
57 0.011497 1.000000 0.789474
58 0.014431 1.000000 0.789474
59 0.014443 1.000000 0.789474
60 0.010632 1.000000 0.789474
61 0.011617 1.000000 0.789474
62 0.012165 1.000000 0.789474
63 0.013844 1.000000 0.789474
64 0.011929 1.000000 0.789474
65 0.013502 1.000000 0.789474
66 0.011756 1.000000 0.789474
67 0.014584 1.000000 0.789474
68 0.015762 1.000000 0.789474
69 0.014414 1.000000 0.789474
70 0.013476 1.000000 0.789474
