1 0.910463 0.804734 0.736842
2 0.290156 0.952663 0.736842
3 0.173661 0.923077 0.789474
4 0.182688 0.810651 0.736842
5 0.119753 0.863905 0.736842
6 0.133240 0.940828 0.789474
7 0.135055 0.952663 0.842105
8 0.098889 0.988166 0.789474
9 0.060716 0.946746 0.789474
10 0.057657 0.976331 0.736842
11 0.071296 0.934911 0.789474
12 0.041342 1.000000 0.789474
13 0.034738 0.994083 0.789474
14 0.033172 0.946746 0.789474
15 0.022245 0.988166 0.789474
16 0.026349 0.994083 0.789474
17 0.057347 0.893491 0.842105
18 0.033374 0.994083 0.842105
19 0.023215 0.946746 0.789474
20 0.065639 0.792899 0.684211
21 0.117425 0.899408 0.789474
22 0.048821 0.958580 0.789474
23 0.039487 0.733728 0.736842
24 0.023231 0.994083 0.842105
25 0.019219 1.000000 0.842105
26 0.020583 1.000000 0.736842
27 0.020994 0.964497 0.842105
28 0.018875 1.000000 0.736842
29 0.015417 1.000000 0.789474
30 0.015327 0.970414 0.736842
31 0.064026 1.000000 0.789474
32 0.110020 0.816568 0.736842
33 0.091808 0.911243 0.736842
34 0.074327 0.964497 0.842105
35 0.035088 1.000000 0.736842
36 0.020109 0.976331 0.684211
37 0.022229 1.000000 0.789474
38 0.018378 1.000000 0.736842
39 0.015441 1.000000 0.736842
40 0.016535 1.000000 0.789474
41 0.020147 0.994083 0.789474
42 0.022179 1.000000 0.736842
43 0.018308 1.000000 0.736842
44 0.018680 1.000000 0.736842
45 0.016440 1.000000 0.789474
46 0.019100 0.964497 0.684211
47 0.019490 0.988166 0.842105
48 0.015571 1.000000 0.684211
49 0.019169 1.000000 0.789474
50 0.010481 1.000000 0.789474
51 0.015528 1.000000 0.789474
52 0.013318 1.000000 0.789474
53 0.012962 1.000000 0.789474
54 0.015542 0.988166 0.736842
55 0.014938 1.000000 0.842105
56 0.009875 1.000000 0.789474
57 0.013453 1.000000 0.842105
58 0.012706 1.000000 0.842105
59 0.011392 1.000000 0.842105
60 0.009210 1.000000 0.789474
61 0.015346 1.000000 0.789474
62 0.011407 1.000000 0.789474
63 0.012448 1.000000 0.842105
64 0.008895 1.000000 0.789474
65 0.010018 1.000000 0.842105
66 0.008453 1.000000 0.736842
67 0.013923 0.982249 0.842105
68 0.013155 1.000000 0.842105
69 0.010870 1.000000 0.736842
70 0.010970 1.000000 0.842105
