1 3.518907 0.497037 0.446667
2 1.895185 0.489630 0.480000
3 1.451946 0.491111 0.413333
4 1.259565 0.502963 0.500000
5 1.637237 0.491852 0.453333
6 1.153862 0.506667 0.473333
7 1.075396 0.524444 0.486667
8 1.255744 0.541481 0.493333
9 1.139786 0.493333 0.453333
10 1.026939 0.540000 0.493333
11 1.035317 0.548889 0.520000
12 0.975754 0.517778 0.460000
13 1.012401 0.550370 0.486667
14 0.982898 0.557778 0.460000
15 0.998376 0.545185 0.486667
16 0.968091 0.556296 0.480000
17 0.969512 0.499259 0.480000
18 0.961894 0.559259 0.506667
19 0.989612 0.561481 0.480000
20 0.960594 0.568148 0.466667
21 1.074860 0.531852 0.453333
22 1.048494 0.537778 0.526667
23 0.970973 0.554815 0.480000
24 0.970883 0.560000 0.433333
25 0.946381 0.545185 0.466667
26 0.926819 0.560741 0.493333
27 0.930631 0.557778 0.493333
28 0.971480 0.561481 0.493333
29 0.971853 0.553333 0.506667
30 0.947069 0.561481 0.480000
31 0.994971 0.558519 0.480000
32 0.942135 0.571852 0.506667
33 0.969535 0.544444 0.433333
34 0.962310 0.537778 0.480000
35 1.021400 0.565926 0.506667
36 0.965026 0.554074 0.493333
37 0.971457 0.562963 0.520000
38 0.946767 0.560000 0.500000
39 0.936925 0.571852 0.486667
40 0.932927 0.514815 0.413333
41 0.967718 0.572593 0.493333
42 0.944595 0.557037 0.480000
43 0.923074 0.576296 0.486667
44 0.940008 0.570370 0.480000
45 0.924944 0.565185 0.493333
46 0.934618 0.565926 0.480000
47 0.919889 0.567407 0.486667
48 0.932982 0.568889 0.466667
49 0.922151 0.573333 0.500000
50 0.903249 0.558519 0.466667
51 0.906366 0.577778 0.506667
52 0.901151 0.582963 0.480000
53 0.919443 0.577778 0.486667
54 0.910549 0.587407 0.480000
55 0.915970 0.584444 0.513333
56 0.893170 0.572593 0.480000
57 0.908631 0.579259 0.473333
58 0.905267 0.579259 0.533333
59 0.900061 0.578519 0.480000
60 0.896043 0.584444 0.473333
61 0.893347 0.567407 0.506667
62 0.908244 0.574074 0.493333
63 0.894966 0.591852 0.480000
64 0.897325 0.591111 0.500000
65 0.893261 0.588889 0.460000
66 0.901034 0.588148 0.526667
67 0.897241 0.586667 0.500000
68 0.892031 0.585926 0.500000
69 0.918741 0.582963 0.486667
70 0.897367 0.579259 0.480000
