1 360.007848 0.311625 0.328000
2 148.181219 0.439876 0.440000
3 78.553027 0.388753 0.398000
4 32.657707 0.443432 0.480000
5 31.661774 0.403201 0.370000
6 25.059253 0.469660 0.478000
7 29.066984 0.448544 0.430000
8 20.445744 0.406535 0.412000
9 15.184246 0.328962 0.334000
10 21.093040 0.463214 0.444000
11 12.271257 0.502112 0.516000
12 14.525249 0.440987 0.460000
13 8.153021 0.468104 0.490000
14 7.520253 0.490109 0.498000
15 7.488324 0.451211 0.456000
16 6.720490 0.434096 0.434000
17 7.910284 0.491443 0.482000
18 4.278561 0.502334 0.494000
19 4.734784 0.322516 0.336000
20 5.972058 0.426762 0.424000
21 2.864923 0.424761 0.428000
22 2.802331 0.376528 0.362000
23 2.482022 0.422316 0.418000
24 3.134449 0.426984 0.424000
25 2.947197 0.463659 0.438000
26 2.559190 0.447210 0.422000
27 2.636864 0.365415 0.324000
28 2.274768 0.438320 0.428000
29 2.152073 0.421872 0.444000
30 2.275665 0.416759 0.414000
31 2.092021 0.453879 0.448000
32 2.173249 0.470771 0.466000
33 2.253961 0.469215 0.484000
34 2.095768 0.498555 0.512000
35 2.050552 0.379640 0.384000
36 2.046475 0.439431 0.452000
37 2.106024 0.470549 0.456000
38 2.153220 0.474105 0.486000
39 1.884920 0.470994 0.490000
40 2.145981 0.505001 0.492000
41 1.822417 0.464548 0.442000
42 2.350774 0.457657 0.460000
43 2.051271 0.426095 0.434000
44 1.780640 0.427873 0.428000
45 5.050914 0.321849 0.356000
46 4.222852 0.363414 0.378000
47 3.218330 0.407868 0.418000
48 2.522543 0.417648 0.446000
49 2.286161 0.392754 0.406000
50 1.831502 0.393643 0.420000
51 1.649228 0.403423 0.406000
52 1.687271 0.459435 0.466000
53 1.745983 0.462103 0.488000
54 1.583383 0.458546 0.480000
55 1.650661 0.317848 0.344000
56 1.799445 0.433430 0.432000
57 1.581164 0.426984 0.454000
58 1.557221 0.433430 0.440000
59 1.733170 0.421872 0.420000
60 1.600451 0.442321 0.456000
61 1.569927 0.435652 0.442000
62 1.576890 0.438764 0.450000
63 1.763365 0.444543 0.454000
64 1.554062 0.473216 0.492000
65 1.577863 0.390976 0.420000
66 1.546482 0.469438 0.494000
67 1.510708 0.446988 0.446000
68 1.525646 0.401867 0.404000
69 1.627164 0.454545 0.458000
70 1.614576 0.426984 0.436000
