1 1.496323 0.764444 0.720000
2 0.607025 0.782222 0.750000
3 0.642146 0.764444 0.730000
4 0.537671 0.777778 0.720000
5 0.663133 0.731111 0.680000
6 0.530418 0.777778 0.730000
7 0.455032 0.788889 0.730000
8 0.470580 0.780000 0.670000
9 0.422261 0.807778 0.700000
10 0.404953 0.820000 0.700000
11 0.405929 0.818889 0.780000
12 0.393949 0.807778 0.750000
13 0.384501 0.801111 0.680000
14 0.358088 0.821111 0.710000
15 0.367081 0.836667 0.700000
16 0.364800 0.821111 0.660000
17 0.346170 0.854444 0.740000
18 0.350672 0.856667 0.740000
19 0.352256 0.844444 0.700000
20 0.335442 0.861111 0.640000
21 0.319992 0.860000 0.660000
22 0.338764 0.855556 0.730000
23 0.320933 0.855556 0.690000
24 0.312455 0.838889 0.650000
25 0.329437 0.850000 0.750000
26 0.321074 0.868889 0.660000
27 0.323299 0.856667 0.690000
28 0.295525 0.866667 0.690000
29 1.357452 0.785556 0.700000
30 0.513648 0.802222 0.740000
31 0.587169 0.818889 0.750000
32 0.418664 0.821111 0.680000
33 0.381350 0.828889 0.670000
34 0.365359 0.816667 0.730000
35 0.339966 0.833333 0.730000
36 0.353528 0.854444 0.680000
37 0.341544 0.848889 0.650000
38 0.326009 0.856667 0.710000
39 0.326448 0.854444 0.740000
40 0.334232 0.850000 0.650000
41 0.319646 0.853333 0.710000
42 0.292527 0.866667 0.700000
43 0.289178 0.862222 0.690000
44 0.334699 0.872222 0.720000
45 0.328943 0.865556 0.660000
46 0.303212 0.856667 0.690000
47 0.291295 0.860000 0.640000
48 0.299196 0.877778 0.660000
49 0.306959 0.868889 0.690000
50 0.289300 0.891111 0.660000
51 0.259059 0.880000 0.670000
52 0.262306 0.893333 0.680000
53 0.274031 0.895556 0.710000
54 0.263811 0.883333 0.690000
55 0.250357 0.906667 0.650000
56 0.246552 0.904444 0.700000
57 0.251942 0.906667 0.650000
58 0.234944 0.902222 0.700000
59 0.225846 0.911111 0.670000
60 0.247361 0.904444 0.670000
61 0.255668 0.904444 0.680000
62 0.229080 0.905556 0.690000
63 0.263953 0.904444 0.650000
64 0.238821 0.907778 0.670000
65 0.224602 0.907778 0.690000
66 0.222747 0.912222 0.670000
67 0.215981 0.908889 0.730000
68 0.207695 0.895556 0.640000
69 0.221284 0.906667 0.680000
70 0.721107 0.741111 0.750000
71 0.478462 0.828889 0.750000
72 0.383534 0.856667 0.730000
73 0.363546 0.877778 0.720000
74 0.582024 0.885556 0.680000
75 0.377360 0.886667 0.640000
76 0.320952 0.862222 0.720000
77 0.294609 0.893333 0.710000
78 0.264217 0.902222 0.690000
79 0.274333 0.908889 0.680000
80 0.305734 0.902222 0.690000
81 0.375050 0.912222 0.640000
82 0.241533 0.910000 0.700000
83 0.239741 0.910000 0.680000
84 0.241577 0.916667 0.710000
85 0.238437 0.912222 0.680000
86 0.224985 0.918889 0.700000
87 0.222947 0.918889 0.680000
88 0.254123 0.911111 0.720000
89 0.259506 0.911111 0.720000
90 0.233799 0.916667 0.700000
91 0.225908 0.910000 0.690000
92 0.227893 0.923333 0.660000
93 0.225096 0.914444 0.720000
94 0.234666 0.916667 0.660000
95 0.232740 0.920000 0.670000
96 0.229156 0.923333 0.690000
97 0.222862 0.925556 0.680000
98 0.216788 0.922222 0.670000
99 0.213430 0.914444 0.640000
100 0.229122 0.921111 0.670000
101 0.200400 0.926667 0.690000
102 0.198386 0.930000 0.700000
103 0.203308 0.930000 0.640000
104 0.198207 0.921111 0.690000
105 0.193410 0.924444 0.670000
106 0.195447 0.926667 0.710000
107 0.181657 0.926667 0.710000
108 0.191471 0.925556 0.690000
109 0.189660 0.932222 0.680000
110 0.178862 0.928889 0.700000
111 0.189494 0.925556 0.650000
112 0.179924 0.930000 0.650000
113 0.180768 0.926667 0.680000
114 0.171891 0.936667 0.690000
115 0.180988 0.930000 0.700000
116 0.195090 0.918889 0.690000
117 0.176387 0.932222 0.730000
118 0.174472 0.936667 0.700000
119 0.167366 0.934444 0.700000
120 0.180936 0.934444 0.700000
121 0.177914 0.934444 0.660000
122 0.181017 0.934444 0.680000
123 0.179294 0.935556 0.700000
124 0.169322 0.926667 0.640000
125 0.181888 0.934444 0.700000
126 0.164585 0.940000 0.700000
127 0.165363 0.934444 0.670000
128 0.170513 0.933333 0.710000
129 0.198620 0.938889 0.670000
130 0.188104 0.927778 0.660000
131 0.174217 0.934444 0.690000
132 0.185689 0.935556 0.660000
133 0.167288 0.933333 0.660000
134 0.167242 0.933333 0.660000
135 0.171842 0.935556 0.670000
136 0.179402 0.930000 0.680000
137 0.172141 0.925556 0.710000
138 0.171751 0.938889 0.660000
139 0.168346 0.938889 0.670000
140 0.171894 0.936667 0.680000
141 0.162369 0.934444 0.690000
142 0.164448 0.933333 0.710000
143 0.162878 0.930000 0.700000
144 0.175487 0.936667 0.680000
145 0.157531 0.937778 0.690000
146 0.153931 0.934444 0.670000
147 0.157853 0.938889 0.700000
148 0.155414 0.937778 0.710000
149 0.161610 0.937778 0.660000
150 0.138339 0.938889 0.650000
151 0.151440 0.937778 0.690000
152 0.150584 0.936667 0.660000
153 0.159292 0.938889 0.670000
154 0.151330 0.940000 0.690000
155 0.137086 0.942222 0.660000
156 0.148499 0.937778 0.680000
157 0.149952 0.938889 0.680000
158 0.147858 0.936667 0.710000
159 0.147526 0.938889 0.670000
160 0.145380 0.940000 0.680000
161 0.153668 0.940000 0.690000
162 0.157808 0.940000 0.700000
163 0.146258 0.941111 0.660000
164 0.145360 0.941111 0.670000
165 0.141208 0.940000 0.680000
166 0.155336 0.936667 0.720000
167 0.156603 0.938889 0.650000
168 0.150335 0.938889 0.700000
169 0.146339 0.935556 0.700000
170 0.149297 0.938889 0.700000
171 0.152396 0.942222 0.670000
172 0.153035 0.940000 0.690000
173 0.137922 0.938889 0.660000
174 0.138930 0.938889 0.650000
175 0.151994 0.937778 0.710000
176 0.143437 0.942222 0.690000
177 0.137662 0.943333 0.690000
178 0.140409 0.942222 0.680000
179 0.146608 0.941111 0.690000
180 0.146432 0.942222 0.700000
181 0.141167 0.943333 0.660000
182 0.144682 0.942222 0.690000
183 0.146255 0.940000 0.690000
184 0.136993 0.942222 0.680000
185 0.137112 0.941111 0.700000
186 0.148455 0.940000 0.670000
187 0.146150 0.942222 0.650000
188 0.148994 0.942222 0.690000
189 0.147599 0.938889 0.670000
190 0.138492 0.940000 0.620000
191 0.132489 0.938889 0.650000
192 0.142746 0.944444 0.690000
193 0.141050 0.940000 0.710000
194 0.138886 0.941111 0.680000
195 0.139595 0.941111 0.650000
196 0.140826 0.941111 0.650000
197 0.139640 0.942222 0.650000
198 0.137718 0.941111 0.690000
199 0.143203 0.946667 0.650000
200 0.145170 0.944444 0.660000
201 0.139757 0.942222 0.660000
202 0.129111 0.944444 0.670000
203 0.131697 0.945556 0.700000
204 0.134489 0.945556 0.670000
205 0.152274 0.945556 0.670000
206 0.130990 0.942222 0.670000
207 0.140419 0.941111 0.690000
208 0.134255 0.944444 0.650000
209 0.126219 0.942222 0.650000
210 0.143397 0.942222 0.710000
211 0.128162 0.942222 0.690000
212 0.132619 0.942222 0.680000
213 0.133028 0.942222 0.690000
214 0.129982 0.944444 0.690000
215 0.129979 0.942222 0.670000
216 0.131827 0.944444 0.680000
217 0.139770 0.945556 0.680000
218 0.135547 0.944444 0.690000
219 0.130415 0.940000 0.650000
220 0.123176 0.945556 0.680000
221 0.131301 0.945556 0.680000
222 0.131811 0.942222 0.660000
223 0.124737 0.943333 0.640000
224 0.129253 0.945556 0.670000
225 0.127472 0.941111 0.680000
226 0.131239 0.944444 0.680000
227 0.125710 0.944444 0.660000
228 0.133711 0.944444 0.670000
229 0.124173 0.946667 0.660000
230 0.123719 0.944444 0.650000
231 0.121868 0.942222 0.640000
232 0.129214 0.944444 0.670000
233 0.127501 0.945556 0.650000
234 0.124616 0.942222 0.630000
235 0.123053 0.946667 0.680000
236 0.127920 0.946667 0.690000
237 0.125055 0.945556 0.660000
238 0.116713 0.943333 0.650000
239 0.120014 0.943333 0.720000
240 0.123755 0.944444 0.690000
241 0.137360 0.943333 0.670000
242 0.129469 0.945556 0.650000
243 0.138739 0.945556 0.670000
244 0.128158 0.944444 0.670000
245 0.137667 0.944444 0.680000
246 0.121976 0.944444 0.690000
247 0.134011 0.945556 0.660000
248 0.121823 0.944444 0.660000
249 0.122401 0.948889 0.670000
250 0.126195 0.943333 0.670000
251 0.116901 0.945556 0.660000
252 0.122286 0.946667 0.690000
253 0.195414 0.945556 0.650000
254 0.128367 0.944444 0.660000
255 0.119982 0.946667 0.640000
256 0.123374 0.945556 0.680000
257 0.110235 0.945556 0.640000
258 0.128435 0.946667 0.690000
259 0.135754 0.946667 0.680000
260 0.121459 0.945556 0.680000
261 0.128897 0.947778 0.630000
262 0.123610 0.945556 0.660000
263 0.126508 0.946667 0.650000
264 0.126464 0.945556 0.670000
265 0.122308 0.945556 0.690000
266 0.119673 0.947778 0.650000
267 0.131311 0.946667 0.660000
268 0.129987 0.946667 0.670000
269 0.126747 0.944444 0.660000
270 0.145929 0.946667 0.660000
271 0.126881 0.946667 0.660000
272 0.120442 0.948889 0.680000
273 0.120437 0.945556 0.690000
274 0.118908 0.945556 0.660000
275 0.120090 0.947778 0.680000
276 0.133337 0.946667 0.670000
277 0.123875 0.944444 0.660000
278 0.148727 0.946667 0.640000
279 0.126898 0.947778 0.640000
280 0.121881 0.945556 0.660000
281 0.116659 0.947778 0.670000
282 0.122840 0.947778 0.650000
283 0.118296 0.944444 0.660000
284 0.119943 0.942222 0.660000
285 0.128134 0.946667 0.660000
286 0.128965 0.946667 0.660000
287 0.119393 0.945556 0.660000
288 0.125341 0.946667 0.650000
289 0.118533 0.944444 0.650000
290 0.120594 0.946667 0.650000
291 0.127856 0.945556 0.660000
292 0.122527 0.947778 0.650000
293 0.111102 0.946667 0.660000
294 0.116380 0.947778 0.650000
295 0.125638 0.946667 0.670000
296 0.115745 0.945556 0.660000
297 0.117208 0.945556 0.650000
298 0.123536 0.944444 0.660000
299 0.122821 0.946667 0.690000
300 0.126092 0.946667 0.680000
301 0.116628 0.946667 0.690000
302 0.121667 0.947778 0.680000
303 0.121192 0.945556 0.670000
304 0.117643 0.946667 0.690000
305 0.121994 0.946667 0.700000
306 0.125132 0.945556 0.670000
307 0.116553 0.945556 0.680000
308 0.121607 0.946667 0.650000
309 0.127191 0.945556 0.660000
310 0.127834 0.945556 0.680000
311 0.118811 0.947778 0.690000
312 0.115156 0.946667 0.680000
313 0.117070 0.948889 0.690000
314 0.114150 0.945556 0.680000
315 0.116649 0.948889 0.690000
316 0.120389 0.945556 0.670000
317 0.119680 0.946667 0.690000
318 0.117282 0.944444 0.660000
319 0.117165 0.946667 0.660000
320 0.116187 0.947778 0.680000
321 0.116385 0.947778 0.650000
322 0.117373 0.946667 0.670000
323 0.118341 0.946667 0.690000
324 0.117595 0.947778 0.650000
325 0.112248 0.948889 0.670000
326 0.116527 0.945556 0.680000
327 0.117936 0.947778 0.660000
328 0.121046 0.947778 0.650000
329 0.119708 0.946667 0.680000
330 0.124291 0.944444 0.680000
331 0.117457 0.947778 0.660000
332 0.114815 0.947778 0.660000
333 0.113025 0.947778 0.680000
334 0.112729 0.944444 0.670000
335 0.113219 0.946667 0.670000
336 0.117164 0.948889 0.680000
337 0.114061 0.947778 0.650000
338 0.130791 0.947778 0.660000
339 0.128302 0.946667 0.690000
340 0.118360 0.948889 0.640000
341 0.117899 0.947778 0.650000
342 0.119467 0.947778 0.670000
343 0.116229 0.947778 0.670000
344 0.120157 0.946667 0.700000
345 0.117993 0.946667 0.660000
346 0.121931 0.948889 0.690000
347 0.120170 0.946667 0.710000
348 0.116709 0.948889 0.690000
349 0.115034 0.947778 0.700000
350 0.123175 0.947778 0.680000
