1 154.805345 0.595556 0.590000
2 62.448691 0.730556 0.740000
3 12.806077 0.734444 0.735000
4 15.395058 0.651667 0.655000
5 8.039269 0.651111 0.640000
6 15.093079 0.638889 0.630000
7 9.102780 0.744444 0.730000
8 6.218608 0.747222 0.715000
9 4.219940 0.671667 0.645000
10 3.264641 0.751667 0.735000
11 4.093717 0.741667 0.695000
12 2.073032 0.744444 0.730000
13 2.864800 0.535556 0.525000
14 5.852945 0.758889 0.740000
15 3.122890 0.736111 0.730000
16 3.157820 0.726667 0.710000
17 1.383966 0.785556 0.735000
18 1.659595 0.655000 0.635000
19 3.271043 0.763333 0.715000
20 5.078516 0.677778 0.685000
21 3.243931 0.572222 0.545000
22 5.838314 0.750000 0.735000
23 1.889852 0.685556 0.695000
24 1.709869 0.729444 0.725000
25 1.199132 0.742222 0.740000
26 1.488030 0.706111 0.690000
27 0.972080 0.731667 0.735000
28 1.108970 0.555000 0.530000
29 1.215422 0.620556 0.570000
30 1.117646 0.773333 0.725000
31 2.421713 0.716111 0.710000
32 1.283240 0.728333 0.725000
33 1.208719 0.786667 0.755000
34 0.867034 0.773889 0.730000
35 0.701128 0.659444 0.615000
36 0.926729 0.753889 0.750000
37 1.031213 0.761111 0.740000
38 3.330085 0.533333 0.520000
39 1.927045 0.763333 0.740000
40 3.257439 0.615556 0.580000
41 0.863654 0.773889 0.720000
42 0.666482 0.775000 0.740000
43 0.680344 0.712222 0.670000
44 0.892821 0.727222 0.730000
45 0.831436 0.583333 0.540000
46 0.948601 0.596111 0.570000
47 0.731036 0.782778 0.745000
48 0.691156 0.779444 0.730000
49 0.663694 0.673889 0.635000
50 0.643988 0.774444 0.730000
51 0.668787 0.727778 0.730000
52 0.659415 0.781667 0.725000
53 0.635343 0.772222 0.735000
54 0.607247 0.780556 0.725000
55 0.665013 0.767778 0.705000
56 0.619101 0.773333 0.735000
57 0.688084 0.727222 0.730000
58 0.667913 0.781111 0.730000
59 0.648584 0.771667 0.735000
60 0.738741 0.707778 0.675000
61 0.694619 0.755000 0.735000
62 0.688514 0.770000 0.760000
63 0.642653 0.766111 0.730000
64 0.642525 0.771111 0.735000
65 0.677185 0.768889 0.760000
66 0.620927 0.738889 0.735000
67 0.677462 0.757778 0.735000
68 0.646490 0.698889 0.680000
69 0.624526 0.753333 0.740000
70 0.655906 0.584444 0.575000
71 0.697948 0.744444 0.740000
72 0.674999 0.680556 0.665000
73 0.683117 0.750000 0.740000
74 0.695444 0.780000 0.730000
75 0.612855 0.771667 0.760000
76 0.625152 0.772222 0.765000
77 0.607277 0.773333 0.750000
78 0.701588 0.750000 0.745000
79 0.711795 0.773333 0.720000
80 0.772776 0.749444 0.735000
81 0.644988 0.740000 0.735000
82 0.761954 0.741667 0.735000
83 0.691869 0.777778 0.750000
84 0.705414 0.735556 0.730000
85 0.666400 0.747222 0.690000
86 0.593677 0.739444 0.735000
87 0.734259 0.775000 0.705000
88 0.668167 0.768889 0.730000
89 0.595857 0.757778 0.740000
90 0.634477 0.770556 0.760000
91 0.688353 0.760556 0.705000
92 0.555053 0.750000 0.740000
93 0.645366 0.548333 0.535000
94 0.738760 0.765000 0.760000
95 0.615209 0.773889 0.735000
96 0.566804 0.773333 0.755000
97 0.599338 0.773889 0.705000
98 0.580359 0.750000 0.735000
99 0.619973 0.775000 0.730000
100 0.600256 0.778889 0.710000
101 0.582390 0.780000 0.715000
102 0.574750 0.776667 0.730000
103 0.548805 0.778333 0.755000
104 0.532017 0.777778 0.745000
105 0.562203 0.763889 0.710000
106 0.540619 0.797778 0.735000
107 0.554516 0.703889 0.670000
108 0.534912 0.771667 0.750000
109 0.559490 0.786111 0.760000
110 0.594448 0.727778 0.680000
111 0.542451 0.786111 0.755000
112 0.563898 0.781111 0.755000
113 0.529364 0.778333 0.765000
114 0.561956 0.760000 0.750000
115 0.517873 0.778889 0.755000
116 0.528911 0.744444 0.730000
117 0.537711 0.780556 0.760000
118 0.586245 0.756111 0.745000
119 0.548872 0.768333 0.740000
120 0.534212 0.784444 0.755000
121 0.568391 0.797222 0.770000
122 0.531412 0.796111 0.760000
123 0.548923 0.793889 0.735000
124 0.546669 0.790556 0.745000
125 0.599891 0.770556 0.710000
126 0.550468 0.796667 0.765000
127 0.629185 0.766111 0.750000
128 0.616628 0.740000 0.745000
129 0.609249 0.802222 0.790000
130 0.527192 0.806667 0.755000
131 0.561396 0.800556 0.785000
132 0.566744 0.772222 0.755000
133 0.570223 0.764444 0.750000
134 0.539250 0.810556 0.775000
135 0.540726 0.811111 0.745000
136 0.541188 0.749444 0.745000
137 0.610690 0.806111 0.760000
138 0.571890 0.789444 0.770000
139 0.535163 0.808333 0.765000
140 0.522804 0.747778 0.740000
141 0.514218 0.815556 0.775000
142 0.506490 0.745000 0.740000
143 0.537093 0.806111 0.770000
144 0.512697 0.801667 0.770000
145 0.531891 0.738333 0.715000
146 0.576662 0.814444 0.775000
147 0.503927 0.761111 0.745000
148 0.508668 0.823889 0.800000
149 0.527096 0.745000 0.735000
150 0.493597 0.801111 0.780000
151 0.510931 0.747778 0.735000
152 0.509594 0.818333 0.785000
153 0.505456 0.754444 0.745000
154 0.488273 0.802222 0.790000
155 0.509999 0.757778 0.745000
156 0.507032 0.808889 0.770000
157 0.496284 0.819444 0.785000
158 0.499484 0.811111 0.790000
159 0.511000 0.823333 0.795000
160 0.505395 0.746111 0.745000
161 0.503529 0.803889 0.770000
162 0.482463 0.756667 0.755000
163 0.527292 0.809444 0.775000
164 0.508174 0.811667 0.775000
165 0.491032 0.800000 0.785000
166 0.519093 0.752778 0.735000
167 0.505161 0.774444 0.740000
168 0.505641 0.799444 0.780000
169 0.472927 0.819444 0.800000
170 0.482826 0.819444 0.800000
171 0.487320 0.751667 0.730000
172 0.475353 0.810000 0.775000
173 0.517234 0.732222 0.730000
174 0.512922 0.815556 0.795000
175 0.480358 0.798889 0.780000
176 0.508272 0.813889 0.800000
177 0.496879 0.740000 0.720000
178 0.535321 0.812222 0.770000
179 0.491950 0.776111 0.755000
180 0.491890 0.779444 0.760000
181 0.579895 0.813889 0.765000
182 0.500814 0.768333 0.760000
183 0.503971 0.822222 0.810000
184 0.493988 0.768889 0.735000
185 0.503341 0.811667 0.795000
186 0.494323 0.749444 0.760000
187 0.511022 0.740556 0.730000
188 0.498593 0.741111 0.730000
189 0.536834 0.782222 0.765000
190 0.493317 0.744444 0.730000
191 0.505228 0.802778 0.765000
192 0.485415 0.760000 0.735000
193 0.486585 0.825556 0.805000
194 0.512678 0.785556 0.745000
195 0.492044 0.786111 0.765000
196 0.502918 0.777222 0.760000
197 0.478447 0.773889 0.755000
198 0.477627 0.772778 0.745000
199 0.494536 0.737222 0.715000
200 0.483445 0.820556 0.790000
201 0.500267 0.799444 0.775000
202 0.471426 0.810556 0.785000
203 0.490083 0.773889 0.760000
204 0.477196 0.781667 0.765000
205 0.481639 0.815556 0.770000
206 0.492387 0.791667 0.770000
207 0.469854 0.802222 0.770000
208 0.487604 0.820556 0.795000
209 0.482268 0.815000 0.790000
210 0.476293 0.755556 0.740000
211 0.465688 0.759444 0.735000
212 0.477386 0.777222 0.760000
213 0.489344 0.751111 0.740000
214 0.476478 0.790556 0.765000
215 0.494010 0.760000 0.745000
216 0.492508 0.767778 0.755000
217 0.476295 0.760000 0.750000
218 0.481248 0.792222 0.770000
219 0.475889 0.795000 0.760000
220 0.490302 0.765000 0.760000
221 0.485936 0.816111 0.780000
222 0.473749 0.801667 0.770000
223 0.486189 0.792222 0.775000
224 0.482252 0.782222 0.760000
225 0.974788 0.786111 0.730000
226 0.494598 0.788889 0.740000
227 0.489458 0.752778 0.745000
228 0.479059 0.796111 0.775000
229 0.485439 0.815000 0.790000
230 0.468814 0.812222 0.785000
231 0.490358 0.760000 0.740000
232 0.480340 0.749444 0.730000
233 0.479190 0.801111 0.785000
234 0.500274 0.801111 0.760000
235 0.486311 0.787778 0.770000
236 0.493706 0.806111 0.790000
237 0.511083 0.815556 0.770000
238 0.489618 0.780556 0.755000
239 0.481740 0.810556 0.790000
240 0.466847 0.811667 0.780000
241 0.471739 0.772222 0.750000
242 0.509445 0.788889 0.765000
243 0.479574 0.779444 0.765000
244 0.493904 0.798889 0.770000
245 0.495247 0.823333 0.800000
246 0.478270 0.819444 0.790000
247 0.481732 0.770000 0.750000
248 0.484245 0.763889 0.740000
249 0.492764 0.785000 0.775000
250 0.471415 0.792222 0.760000
251 0.482659 0.818889 0.790000
252 0.478868 0.793889 0.775000
253 0.472274 0.772222 0.755000
254 0.457027 0.818333 0.790000
255 0.483343 0.777222 0.760000
256 0.478078 0.771111 0.740000
257 0.475267 0.800556 0.770000
258 0.467663 0.792778 0.780000
259 0.471801 0.796667 0.770000
260 0.473350 0.807778 0.785000
261 0.473880 0.782778 0.750000
262 0.484000 0.808333 0.785000
263 0.475990 0.768889 0.760000
264 0.470383 0.767222 0.740000
265 0.475019 0.796667 0.765000
266 0.468955 0.792778 0.770000
267 0.470389 0.810000 0.790000
268 0.468021 0.791111 0.760000
269 0.450726 0.805556 0.780000
270 0.477601 0.818333 0.800000
271 0.471912 0.815556 0.795000
272 0.464817 0.786111 0.765000
273 0.464154 0.787778 0.770000
274 0.472251 0.800000 0.780000
275 0.458569 0.795000 0.785000
276 0.468341 0.809444 0.785000
277 0.477100 0.786111 0.765000
278 0.464254 0.795556 0.775000
279 0.467775 0.780556 0.755000
280 0.469503 0.796667 0.780000
281 0.471432 0.772778 0.760000
282 0.475567 0.765000 0.745000
283 0.472676 0.827778 0.795000
284 0.481202 0.824444 0.795000
285 0.464379 0.778333 0.760000
286 0.491206 0.790556 0.760000
287 0.459322 0.796667 0.770000
288 0.474630 0.806667 0.790000
289 0.456301 0.815556 0.790000
290 0.462015 0.827778 0.800000
291 0.459830 0.794444 0.775000
292 0.468894 0.781111 0.755000
293 0.452079 0.788333 0.770000
294 0.476856 0.783333 0.755000
295 0.470887 0.777778 0.765000
296 0.463728 0.777222 0.745000
297 0.465822 0.774444 0.765000
298 0.468167 0.814444 0.805000
299 0.458168 0.811111 0.795000
300 0.472306 0.810000 0.785000
301 0.458823 0.770556 0.750000
302 0.467720 0.775000 0.740000
303 0.462920 0.807778 0.765000
304 0.463195 0.799444 0.770000
305 0.461323 0.790000 0.770000
306 0.455294 0.788889 0.765000
307 0.460228 0.785556 0.760000
308 0.466626 0.800556 0.775000
309 0.460055 0.808333 0.780000
310 0.469726 0.777778 0.740000
311 0.456827 0.784444 0.755000
312 0.458186 0.770000 0.740000
313 0.453165 0.788889 0.760000
314 0.463980 0.818333 0.795000
315 0.459773 0.791667 0.755000
316 0.466979 0.781667 0.755000
317 0.468104 0.790000 0.765000
318 0.463808 0.798889 0.775000
319 0.461625 0.800556 0.770000
320 0.460164 0.821111 0.790000
321 0.466682 0.772778 0.730000
322 0.449676 0.786667 0.750000
323 0.455229 0.766111 0.760000
324 0.466158 0.780000 0.745000
325 0.450602 0.781667 0.745000
326 0.461900 0.786667 0.755000
327 0.456155 0.813889 0.795000
328 0.460533 0.797222 0.775000
329 0.457692 0.805556 0.790000
330 0.458660 0.796667 0.770000
331 0.452035 0.803333 0.780000
332 0.448389 0.795000 0.755000
333 0.462988 0.794444 0.755000
334 0.458749 0.808333 0.780000
335 0.450986 0.809444 0.780000
336 0.451292 0.790556 0.770000
337 0.454857 0.778333 0.770000
338 0.466214 0.815000 0.810000
339 0.463156 0.796667 0.780000
340 0.441944 0.812222 0.790000
341 0.451736 0.803333 0.765000
342 0.451126 0.813333 0.795000
343 0.453872 0.789444 0.770000
344 0.457091 0.808333 0.785000
345 0.448556 0.810556 0.775000
346 0.444651 0.829444 0.815000
347 0.448319 0.805000 0.810000
348 0.457683 0.821667 0.805000
349 0.447786 0.792778 0.760000
350 0.428810 0.838889 0.820000
