1 1.665816 0.686667 0.680000
2 0.719911 0.758889 0.740000
3 0.620394 0.724444 0.670000
4 0.611164 0.734444 0.710000
5 0.520953 0.775556 0.730000
6 0.543585 0.753333 0.720000
7 0.476813 0.784444 0.690000
8 0.582203 0.800000 0.760000
9 0.445674 0.807778 0.720000
10 0.421014 0.808889 0.730000
11 0.424397 0.801111 0.720000
12 0.423978 0.808889 0.740000
13 0.413684 0.811111 0.710000
14 0.397848 0.834444 0.750000
15 0.368224 0.840000 0.690000
16 0.380263 0.831111 0.770000
17 0.358639 0.835556 0.740000
18 0.357886 0.857778 0.740000
19 0.351010 0.826667 0.740000
20 0.352683 0.843333 0.700000
21 0.366470 0.817778 0.770000
22 0.356707 0.854444 0.760000
23 0.331980 0.865556 0.770000
24 0.315388 0.863333 0.750000
25 0.350099 0.820000 0.750000
26 0.316573 0.865556 0.730000
27 0.323290 0.865556 0.750000
28 0.325505 0.863333 0.750000
29 0.316897 0.877778 0.760000
30 0.297153 0.875556 0.730000
31 0.280087 0.888889 0.740000
32 0.311429 0.874444 0.750000
33 0.295892 0.881111 0.730000
34 0.281158 0.893333 0.750000
35 0.294996 0.887778 0.750000
36 0.289187 0.866667 0.800000
37 0.275734 0.897778 0.730000
38 0.340877 0.880000 0.780000
39 0.293368 0.858889 0.790000
40 0.370553 0.845556 0.700000
41 0.383607 0.878889 0.740000
42 0.288107 0.887778 0.700000
43 0.263711 0.895556 0.760000
44 0.281916 0.898889 0.710000
45 0.259725 0.883333 0.730000
46 0.253633 0.905556 0.760000
47 1.123595 0.817778 0.710000
48 0.377854 0.845556 0.730000
49 0.359637 0.870000 0.720000
50 0.317332 0.852222 0.770000
51 0.316280 0.873333 0.750000
52 0.285433 0.863333 0.750000
53 0.261293 0.898889 0.760000
54 0.267306 0.887778 0.780000
55 0.260437 0.902222 0.780000
56 0.247162 0.905556 0.770000
57 0.256170 0.913333 0.780000
58 0.231775 0.907778 0.750000
59 0.249122 0.908889 0.740000
60 0.246225 0.917778 0.760000
61 0.277104 0.908889 0.750000
62 0.243929 0.876667 0.770000
63 0.319393 0.912222 0.760000
64 0.235467 0.913333 0.760000
65 0.235114 0.917778 0.720000
66 0.232783 0.910000 0.760000
67 0.220409 0.926667 0.690000
68 0.220517 0.902222 0.730000
69 0.222053 0.915556 0.730000
70 0.221996 0.921111 0.690000
71 0.216451 0.928889 0.760000
72 0.204455 0.926667 0.720000
73 0.205653 0.923333 0.740000
74 0.214565 0.925556 0.740000
75 0.212495 0.927778 0.720000
76 0.204837 0.914444 0.720000
77 0.205856 0.930000 0.720000
78 0.205104 0.933333 0.710000
79 0.211730 0.924444 0.730000
80 0.194408 0.924444 0.740000
81 0.196602 0.920000 0.750000
82 0.196371 0.934444 0.740000
83 0.194049 0.917778 0.720000
84 0.185907 0.928889 0.770000
85 0.193039 0.937778 0.720000
86 0.194229 0.934444 0.740000
87 0.207902 0.928889 0.730000
88 0.212898 0.931111 0.700000
89 0.205848 0.936667 0.740000
90 0.185725 0.935556 0.740000
91 0.179454 0.931111 0.760000
92 0.181511 0.932222 0.710000
93 0.189253 0.930000 0.750000
94 0.178374 0.931111 0.730000
95 0.185348 0.924444 0.770000
96 0.194010 0.933333 0.730000
97 0.209848 0.921111 0.740000
98 0.196758 0.941111 0.750000
99 0.173661 0.941111 0.760000
100 0.170874 0.937778 0.750000
101 0.166201 0.943333 0.740000
102 0.169265 0.942222 0.740000
103 0.163458 0.935556 0.740000
104 0.154607 0.936667 0.740000
105 0.155634 0.937778 0.740000
106 0.163759 0.941111 0.730000
107 0.149948 0.938889 0.720000
108 0.153832 0.941111 0.740000
109 0.157926 0.943333 0.760000
110 0.154759 0.941111 0.730000
111 0.157771 0.941111 0.740000
112 0.161719 0.931111 0.730000
113 0.161009 0.940000 0.740000
114 0.164600 0.933333 0.740000
115 0.156882 0.938889 0.700000
116 0.157145 0.943333 0.740000
117 0.150571 0.941111 0.740000
118 0.152531 0.940000 0.730000
119 0.153938 0.938889 0.730000
120 0.144106 0.940000 0.740000
121 0.157200 0.938889 0.720000
122 0.158623 0.937778 0.730000
123 0.162310 0.938889 0.740000
124 0.145156 0.943333 0.760000
125 0.159455 0.944444 0.750000
126 0.153764 0.938889 0.740000
127 0.154772 0.944444 0.750000
128 0.154060 0.941111 0.720000
129 0.152023 0.945556 0.740000
130 0.146541 0.945556 0.710000
131 0.153349 0.937778 0.710000
132 0.150510 0.942222 0.720000
133 0.170669 0.942222 0.740000
134 0.143833 0.946667 0.750000
135 0.166613 0.938889 0.770000
136 0.154442 0.941111 0.730000
137 0.152200 0.942222 0.720000
138 0.154243 0.942222 0.710000
139 0.139631 0.945556 0.770000
140 0.149082 0.943333 0.720000
141 0.145688 0.938889 0.770000
142 0.151862 0.943333 0.720000
143 0.154471 0.938889 0.750000
144 0.169857 0.937778 0.750000
145 0.158889 0.937778 0.750000
146 0.154242 0.941111 0.760000
147 0.141729 0.941111 0.750000
148 0.144276 0.946667 0.750000
149 0.143562 0.943333 0.770000
150 0.135887 0.945556 0.740000
151 0.143493 0.944444 0.740000
152 0.137240 0.944444 0.750000
153 0.133368 0.942222 0.730000
154 0.132240 0.946667 0.770000
155 0.127163 0.946667 0.740000
156 0.134974 0.944444 0.750000
157 0.135922 0.944444 0.730000
158 0.125671 0.945556 0.720000
159 0.141507 0.947778 0.730000
160 0.138182 0.943333 0.750000
161 0.136629 0.942222 0.730000
162 0.129094 0.943333 0.740000
163 0.135631 0.946667 0.730000
164 0.135014 0.943333 0.750000
165 0.127654 0.945556 0.730000
166 0.125149 0.945556 0.760000
167 0.127723 0.945556 0.730000
168 0.132773 0.942222 0.720000
169 0.131041 0.946667 0.740000
170 0.120716 0.944444 0.750000
171 0.134846 0.946667 0.720000
172 0.135146 0.945556 0.740000
173 0.129730 0.945556 0.730000
174 0.119767 0.946667 0.730000
175 0.132742 0.943333 0.750000
176 0.131751 0.940000 0.750000
177 0.132774 0.943333 0.740000
178 0.143414 0.943333 0.730000
179 0.143348 0.945556 0.740000
180 0.129723 0.944444 0.740000
181 0.126647 0.943333 0.740000
182 0.934391 0.944444 0.750000
183 0.176777 0.942222 0.760000
184 0.137737 0.942222 0.730000
185 0.144226 0.937778 0.730000
186 0.134985 0.947778 0.720000
187 0.139467 0.945556 0.720000
188 0.132749 0.947778 0.750000
189 0.127182 0.944444 0.720000
190 0.128312 0.938889 0.740000
191 0.136329 0.940000 0.740000
192 0.128367 0.942222 0.730000
193 0.125701 0.946667 0.760000
194 0.119544 0.944444 0.770000
195 0.125331 0.944444 0.760000
196 0.143419 0.942222 0.760000
197 0.122259 0.941111 0.730000
198 0.126257 0.945556 0.760000
199 0.128109 0.941111 0.730000
200 0.124092 0.944444 0.750000
201 0.120133 0.948889 0.750000
202 0.135374 0.946667 0.730000
203 0.122188 0.946667 0.750000
204 0.126869 0.945556 0.740000
205 0.123021 0.946667 0.760000
206 0.125530 0.948889 0.750000
207 0.125869 0.945556 0.760000
208 0.122407 0.944444 0.720000
209 0.125082 0.945556 0.760000
210 0.120589 0.946667 0.740000
211 0.120543 0.944444 0.750000
212 0.120248 0.943333 0.760000
213 0.119125 0.945556 0.750000
214 0.124955 0.944444 0.750000
215 0.119319 0.944444 0.740000
216 0.116408 0.943333 0.730000
217 0.125649 0.946667 0.760000
218 0.120896 0.947778 0.740000
219 0.118197 0.941111 0.760000
220 0.122142 0.947778 0.760000
221 0.118740 0.946667 0.760000
222 0.126656 0.946667 0.750000
223 0.118582 0.945556 0.760000
224 0.124048 0.945556 0.750000
225 0.119642 0.947778 0.750000
226 0.117246 0.946667 0.770000
227 0.113662 0.947778 0.750000
228 0.123410 0.947778 0.750000
229 0.117682 0.946667 0.760000
230 0.128378 0.946667 0.760000
231 0.112631 0.946667 0.760000
232 0.119892 0.946667 0.760000
233 0.109767 0.946667 0.760000
234 0.118070 0.947778 0.750000
235 0.119322 0.947778 0.740000
236 0.118637 0.945556 0.750000
237 0.129778 0.946667 0.770000
238 0.117608 0.944444 0.750000
239 0.122473 0.946667 0.740000
240 0.117777 0.947778 0.750000
241 0.116510 0.946667 0.750000
242 0.121241 0.946667 0.770000
243 0.123107 0.948889 0.750000
244 0.118824 0.947778 0.740000
245 0.116484 0.946667 0.750000
246 0.112738 0.945556 0.760000
247 0.124646 0.947778 0.740000
248 0.121817 0.947778 0.760000
249 0.114893 0.945556 0.750000
250 0.123868 0.950000 0.760000
251 0.161296 0.948889 0.740000
252 0.117752 0.948889 0.760000
253 0.116102 0.947778 0.740000
254 0.115580 0.945556 0.750000
255 0.111307 0.945556 0.740000
256 0.115044 0.945556 0.750000
257 0.108515 0.946667 0.740000
258 0.117167 0.948889 0.740000
259 0.120264 0.945556 0.760000
260 0.114651 0.947778 0.760000
261 0.111681 0.948889 0.760000
262 0.124552 0.948889 0.760000
263 0.116913 0.950000 0.750000
264 0.123574 0.948889 0.750000
265 0.109995 0.948889 0.750000
266 0.112319 0.951111 0.750000
267 0.120224 0.948889 0.740000
268 0.119601 0.948889 0.750000
269 0.115616 0.950000 0.750000
270 0.119026 0.950000 0.750000
271 0.117291 0.950000 0.750000
272 0.113537 0.950000 0.750000
273 0.109881 0.950000 0.750000
274 0.121561 0.948889 0.750000
275 0.117161 0.950000 0.760000
276 0.118232 0.947778 0.760000
277 0.124306 0.950000 0.760000
278 0.111625 0.946667 0.760000
279 0.111066 0.947778 0.760000
280 0.107259 0.947778 0.790000
281 0.115608 0.948889 0.760000
282 0.312480 0.948889 0.750000
283 0.114368 0.945556 0.740000
284 0.122332 0.947778 0.750000
285 0.109972 0.947778 0.760000
286 0.180725 0.947778 0.750000
287 0.116937 0.946667 0.760000
288 0.118481 0.946667 0.760000
289 0.111163 0.948889 0.750000
290 0.124702 0.946667 0.770000
291 0.109274 0.947778 0.760000
292 0.113025 0.948889 0.760000
293 0.110718 0.950000 0.770000
294 0.116359 0.948889 0.770000
295 0.119941 0.946667 0.760000
296 0.108492 0.948889 0.760000
297 0.116490 0.950000 0.760000
298 0.109071 0.948889 0.760000
299 0.106683 0.950000 0.750000
300 0.107758 0.947778 0.750000
301 0.109589 0.947778 0.760000
302 0.114390 0.946667 0.750000
303 0.111643 0.947778 0.760000
304 0.143584 0.948889 0.750000
305 0.114004 0.948889 0.740000
306 0.113900 0.946667 0.750000
307 0.115552 0.948889 0.760000
308 0.113364 0.946667 0.760000
309 0.119623 0.950000 0.760000
310 0.113136 0.948889 0.760000
311 0.115003 0.946667 0.760000
312 0.104371 0.946667 0.760000
313 0.113220 0.947778 0.760000
314 0.106471 0.947778 0.760000
315 0.112875 0.947778 0.760000
316 0.112186 0.946667 0.750000
317 0.109521 0.948889 0.760000
318 0.115635 0.946667 0.760000
319 0.112048 0.944444 0.760000
320 0.117376 0.948889 0.760000
321 0.115239 0.950000 0.760000
322 0.132178 0.945556 0.750000
323 0.118714 0.950000 0.760000
324 0.109853 0.950000 0.760000
325 0.113845 0.948889 0.760000
326 0.113528 0.948889 0.750000
327 0.111639 0.950000 0.760000
328 0.115741 0.947778 0.760000
329 0.109103 0.948889 0.760000
330 0.113935 0.947778 0.760000
331 0.108970 0.946667 0.760000
332 0.111256 0.947778 0.750000
333 0.116842 0.948889 0.740000
334 0.113762 0.947778 0.760000
335 0.107913 0.948889 0.760000
336 0.116606 0.946667 0.740000
337 0.119455 0.946667 0.750000
338 0.114152 0.946667 0.740000
339 0.110100 0.946667 0.740000
340 0.115325 0.948889 0.760000
341 0.110485 0.950000 0.750000
342 0.108237 0.950000 0.760000
343 0.114825 0.948889 0.750000
344 0.109651 0.950000 0.750000
345 0.113148 0.945556 0.750000
346 0.120004 0.950000 0.760000
347 0.109399 0.950000 0.750000
348 0.113168 0.946667 0.770000
349 0.118433 0.951111 0.760000
350 0.109284 0.947778 0.760000
