1 3.847975 0.642065 0.635036
2 1.781428 0.628819 0.620438
3 1.323781 0.582860 0.605839
4 1.582122 0.679643 0.671533
5 1.264912 0.684780 0.690998
6 1.220145 0.706407 0.695864
7 0.963777 0.694242 0.693431
8 1.110311 0.720735 0.746959
9 0.844276 0.739119 0.722628
10 0.727965 0.706407 0.708029
11 0.741614 0.637470 0.654501
12 0.726213 0.714247 0.698297
13 0.613694 0.684509 0.669100
14 0.629502 0.739930 0.729927
15 0.580316 0.717762 0.737226
16 0.670742 0.748310 0.739659
17 0.618457 0.694242 0.700730
18 0.638619 0.701541 0.710462
19 0.564359 0.746959 0.727494
20 0.589921 0.725872 0.720195
21 0.535241 0.779941 0.783455
22 0.519583 0.712895 0.717762
23 0.549935 0.769127 0.761557
24 0.557763 0.777237 0.788321
25 0.535201 0.753177 0.734793
26 0.539820 0.776967 0.761557
27 0.526443 0.785077 0.761557
28 0.568413 0.704515 0.698297
29 0.524904 0.746148 0.734793
30 0.486101 0.791565 0.810219
31 0.493505 0.757772 0.778589
32 0.551647 0.792647 0.778589
33 0.492566 0.791565 0.790754
34 0.503906 0.805353 0.790754
35 0.464267 0.760746 0.756691
36 0.488648 0.811841 0.822384
37 0.467448 0.802379 0.781022
38 0.491988 0.796431 0.802920
39 0.492773 0.814544 0.815085
40 0.474569 0.821844 0.815085
41 0.478349 0.824006 0.829684
42 0.482879 0.796431 0.815085
43 0.460612 0.821303 0.819951
44 0.464596 0.822655 0.822384
45 0.448822 0.819951 0.805353
46 0.451642 0.825899 0.824818
47 0.441587 0.775074 0.795620
48 0.429176 0.779129 0.785888
49 0.440609 0.829413 0.822384
50 0.459989 0.823736 0.812652
51 0.424795 0.846445 0.856448
52 0.408202 0.819411 0.807786
53 0.418495 0.842390 0.829684
54 0.406147 0.835361 0.819951
55 0.414625 0.846175 0.827251
56 0.404175 0.844282 0.824818
57 0.390455 0.860773 0.844282
58 0.402557 0.859421 0.844282
59 0.397283 0.851852 0.846715
60 0.397588 0.857259 0.858881
61 0.389447 0.861584 0.858881
62 0.392187 0.865910 0.841849
63 0.387151 0.855637 0.841849
64 0.377120 0.865639 0.836983
65 0.379082 0.867261 0.846715
66 0.391121 0.859962 0.834550
67 0.377207 0.861314 0.822384
68 0.369719 0.872398 0.836983
69 0.376642 0.866721 0.834550
70 0.371118 0.877534 0.846715
71 0.358940 0.880779 0.854015
72 0.367375 0.868613 0.844282
73 0.370273 0.884023 0.858881
74 0.354009 0.884563 0.863747
75 0.351333 0.866180 0.819951
76 0.352449 0.882401 0.832117
77 0.368985 0.839146 0.815085
78 0.343119 0.864558 0.839416
79 0.337947 0.888889 0.849148
80 0.332337 0.876183 0.849148
81 0.358708 0.878886 0.854015
82 0.338963 0.831306 0.805353
83 0.340038 0.859962 0.810219
84 0.336146 0.895647 0.846715
85 0.340406 0.885915 0.824818
86 0.343787 0.875912 0.836983
87 0.336892 0.895377 0.841849
88 0.340252 0.891592 0.856448
89 0.341581 0.894836 0.836983
90 0.322250 0.879427 0.846715
91 0.325324 0.900243 0.846715
92 0.322990 0.887267 0.844282
93 0.318401 0.898621 0.854015
94 0.316704 0.877534 0.824818
95 0.341259 0.883752 0.815085
96 0.332827 0.896999 0.851582
97 0.328394 0.895107 0.829684
98 0.309569 0.904569 0.836983
99 0.316189 0.897270 0.854015
100 0.283737 0.921871 0.844282
101 0.238509 0.928359 0.851582
102 0.243247 0.927007 0.856448
103 0.233728 0.938362 0.836983
104 0.241018 0.931603 0.844282
105 0.236975 0.932955 0.846715
106 0.229166 0.937280 0.854015
107 0.228389 0.938362 0.836983
108 0.222235 0.933225 0.841849
109 0.245338 0.933496 0.846715
110 0.217265 0.934577 0.858881
111 0.222670 0.943228 0.849148
112 0.226276 0.926737 0.834550
113 0.216960 0.929711 0.832117
114 0.237108 0.944039 0.836983
115 0.221261 0.947824 0.854015
116 0.205465 0.952149 0.849148
117 0.214589 0.932685 0.839416
118 0.244724 0.925115 0.841849
119 0.217916 0.928089 0.836983
120 0.212205 0.936199 0.846715
121 0.203117 0.956745 0.849148
122 0.185076 0.946742 0.849148
123 0.219262 0.947824 0.846715
124 0.189518 0.954853 0.844282
125 0.190386 0.949716 0.846715
126 0.200368 0.956204 0.844282
127 0.182446 0.952690 0.846715
128 0.180742 0.954582 0.846715
129 0.184541 0.949986 0.851582
130 0.186607 0.937551 0.844282
131 0.193907 0.954582 0.839416
132 0.178537 0.946202 0.834550
133 0.182904 0.956204 0.851582
134 0.193244 0.961611 0.819951
135 0.173215 0.955123 0.834550
136 0.178469 0.955934 0.822384
137 0.168507 0.955664 0.844282
138 0.190703 0.955393 0.849148
139 0.180156 0.951068 0.839416
140 0.190614 0.958908 0.866180
141 0.167891 0.956204 0.836983
142 0.164526 0.954042 0.846715
143 0.179698 0.962422 0.846715
144 0.155400 0.962693 0.839416
145 0.148724 0.967829 0.841849
146 0.157577 0.954312 0.841849
147 0.157342 0.963233 0.841849
148 0.170971 0.964315 0.832117
149 0.158188 0.955934 0.824818
150 0.139594 0.978102 0.829684
151 0.109080 0.984320 0.839416
152 0.108634 0.982968 0.851582
153 0.104050 0.985401 0.841849
154 0.111309 0.985672 0.836983
155 0.101928 0.985401 0.839416
156 0.106095 0.984590 0.844282
157 0.108839 0.984861 0.841849
158 0.103553 0.985131 0.836983
159 0.101989 0.984320 0.834550
160 0.106229 0.984320 0.851582
161 0.103964 0.979454 0.829684
162 0.115861 0.983239 0.834550
163 0.112073 0.987294 0.834550
164 0.092485 0.988916 0.827251
165 0.092948 0.987294 0.824818
166 0.101648 0.984320 0.834550
167 0.094220 0.988105 0.839416
168 0.103741 0.982428 0.832117
169 0.108137 0.987835 0.829684
170 0.099548 0.986483 0.839416
171 0.100131 0.986483 0.829684
172 0.093253 0.986483 0.822384
173 0.097517 0.988916 0.819951
174 0.088986 0.989457 0.839416
175 0.090075 0.984861 0.827251
176 0.103205 0.988646 0.829684
177 0.094538 0.987294 0.844282
178 0.092135 0.989727 0.836983
179 0.087137 0.989186 0.827251
180 0.081514 0.991349 0.844282
181 0.075694 0.991349 0.844282
182 0.092893 0.989727 0.836983
183 0.103803 0.983779 0.851582
184 0.099088 0.992160 0.849148
185 0.087305 0.991890 0.836983
186 0.093125 0.990808 0.832117
187 0.096145 0.989186 0.839416
188 0.094445 0.988646 0.827251
189 0.096299 0.991079 0.834550
190 0.104964 0.982968 0.841849
191 0.098529 0.988105 0.836983
192 0.105790 0.984050 0.829684
193 0.095207 0.990268 0.834550
194 0.080492 0.988646 0.832117
195 0.074997 0.989727 0.827251
196 0.072242 0.992701 0.841849
197 0.079340 0.993241 0.834550
198 0.073667 0.994323 0.844282
199 0.080978 0.988105 0.841849
200 0.076853 0.992971 0.849148
201 0.063274 0.995404 0.829684
202 0.067132 0.995404 0.832117
203 0.067474 0.995134 0.839416
204 0.071840 0.995404 0.836983
205 0.058780 0.994863 0.846715
206 0.058041 0.995675 0.836983
207 0.072791 0.994593 0.834550
208 0.063598 0.994593 0.832117
209 0.062305 0.994863 0.829684
210 0.057724 0.995945 0.829684
211 0.059558 0.995404 0.819951
212 0.069633 0.995134 0.829684
213 0.070275 0.995945 0.822384
214 0.063770 0.995945 0.827251
215 0.064788 0.995134 0.832117
216 0.058477 0.995945 0.834550
217 0.055596 0.995134 0.827251
218 0.064753 0.995675 0.841849
219 0.061085 0.996215 0.832117
220 0.062188 0.995675 0.839416
221 0.059368 0.995134 0.841849
222 0.066064 0.996486 0.841849
223 0.069938 0.996756 0.834550
224 0.069827 0.995134 0.834550
225 0.066584 0.995134 0.844282
226 0.057491 0.996215 0.829684
227 0.062046 0.995134 0.834550
228 0.068025 0.994863 0.832117
229 0.061882 0.995945 0.824818
230 0.057118 0.996756 0.824818
231 0.062335 0.995945 0.834550
232 0.063103 0.995675 0.832117
233 0.059855 0.996215 0.827251
234 0.050923 0.996756 0.824818
235 0.050819 0.995134 0.844282
236 0.052447 0.995675 0.834550
237 0.062021 0.995404 0.832117
238 0.063104 0.995404 0.827251
239 0.054706 0.995404 0.832117
240 0.062153 0.995404 0.841849
241 0.055925 0.995675 0.844282
242 0.063161 0.994593 0.829684
243 0.055247 0.996486 0.836983
244 0.058877 0.996215 0.824818
245 0.055305 0.996215 0.832117
246 0.063906 0.994052 0.829684
247 0.061487 0.996215 0.832117
248 0.065356 0.996486 0.846715
249 0.061569 0.996486 0.834550
250 0.058032 0.997297 0.834550
251 0.053788 0.997297 0.829684
252 0.052608 0.997297 0.841849
253 0.053222 0.996486 0.832117
254 0.048010 0.997297 0.834550
255 0.050261 0.997297 0.832117
256 0.056241 0.996486 0.836983
257 0.048028 0.996756 0.827251
258 0.053916 0.997837 0.829684
259 0.049986 0.997567 0.834550
260 0.049349 0.997297 0.836983
261 0.047307 0.997837 0.829684
262 0.054249 0.996486 0.829684
263 0.045530 0.996756 0.839416
264 0.052327 0.997567 0.834550
265 0.047696 0.997297 0.834550
266 0.047161 0.997297 0.824818
267 0.047137 0.997567 0.829684
268 0.048966 0.997026 0.829684
269 0.050333 0.997837 0.836983
270 0.049681 0.997837 0.839416
271 0.044799 0.997297 0.834550
272 0.049252 0.997567 0.839416
273 0.047597 0.997026 0.834550
274 0.053498 0.997567 0.829684
275 0.043319 0.997297 0.829684
276 0.048879 0.997567 0.824818
277 0.044983 0.997837 0.827251
278 0.044482 0.997567 0.824818
279 0.051065 0.997837 0.819951
280 0.044258 0.997297 0.824818
281 0.055147 0.996756 0.839416
282 0.053239 0.997567 0.839416
283 0.049300 0.997297 0.839416
284 0.055012 0.997026 0.827251
285 0.047336 0.997567 0.834550
286 0.046889 0.997837 0.844282
287 0.048052 0.997567 0.839416
288 0.051519 0.997297 0.829684
289 0.050920 0.997567 0.827251
290 0.048968 0.997837 0.824818
291 0.044276 0.997297 0.836983
292 0.048729 0.997567 0.824818
293 0.047174 0.997297 0.827251
294 0.044370 0.997297 0.834550
295 0.044514 0.997567 0.827251
296 0.048302 0.997567 0.829684
297 0.051503 0.997026 0.817518
298 0.044650 0.997297 0.819951
299 0.052011 0.997297 0.817518
300 0.052203 0.997297 0.824818
301 0.044806 0.997837 0.829684
302 0.044791 0.997837 0.829684
303 0.047835 0.997026 0.822384
304 0.044335 0.997837 0.832117
305 0.045276 0.998108 0.824818
306 0.049752 0.997837 0.822384
307 0.042307 0.997837 0.827251
308 0.041275 0.998108 0.832117
309 0.043282 0.997837 0.832117
310 0.049890 0.997567 0.832117
311 0.043046 0.998108 0.839416
312 0.041273 0.997837 0.829684
313 0.043975 0.997837 0.822384
314 0.043005 0.997567 0.827251
315 0.040915 0.997837 0.839416
316 0.043534 0.997567 0.819951
317 0.042856 0.997837 0.817518
318 0.039969 0.997837 0.822384
319 0.046065 0.997837 0.827251
320 0.039254 0.997567 0.829684
321 0.043045 0.998108 0.822384
322 0.046381 0.998108 0.824818
323 0.041505 0.997837 0.819951
324 0.040399 0.997837 0.832117
325 0.044434 0.997837 0.839416
326 0.045365 0.997837 0.824818
327 0.043511 0.997837 0.829684
328 0.045265 0.997837 0.822384
329 0.044262 0.997837 0.827251
330 0.048010 0.997567 0.822384
331 0.042726 0.997837 0.819951
332 0.044756 0.997837 0.822384
333 0.040676 0.997837 0.824818
334 0.042291 0.997837 0.827251
335 0.043310 0.997837 0.827251
336 0.039421 0.997837 0.834550
337 0.040207 0.997567 0.827251
338 0.042653 0.997567 0.834550
339 0.041352 0.997837 0.832117
340 0.046815 0.997837 0.827251
341 0.043400 0.997837 0.836983
342 0.042613 0.997837 0.834550
343 0.037876 0.997837 0.829684
344 0.040083 0.997837 0.829684
345 0.046258 0.997567 0.834550
346 0.044238 0.997567 0.829684
347 0.043104 0.997837 0.829684
348 0.045526 0.997567 0.834550
349 0.043129 0.998108 0.834550
350 0.042149 0.998108 0.827251
