1 1.823933 0.726667 0.730000
2 0.713876 0.753333 0.700000
3 0.628839 0.755556 0.700000
4 0.507688 0.786667 0.670000
5 0.447420 0.767778 0.700000
6 0.505206 0.797778 0.720000
7 0.449411 0.803333 0.740000
8 0.415961 0.811111 0.710000
9 0.420512 0.818889 0.700000
10 0.420826 0.808889 0.720000
11 0.428357 0.814444 0.700000
12 0.390852 0.841111 0.700000
13 0.388598 0.831111 0.760000
14 0.384515 0.845556 0.700000
15 0.357416 0.848889 0.710000
16 0.382252 0.836667 0.720000
17 0.343303 0.853333 0.710000
18 0.333864 0.861111 0.770000
19 0.354114 0.786667 0.710000
20 0.342329 0.858889 0.730000
21 0.402071 0.817778 0.730000
22 0.373574 0.856667 0.750000
23 0.335060 0.871111 0.660000
24 0.314529 0.863333 0.720000
25 0.320925 0.863333 0.700000
26 0.305663 0.882222 0.720000
27 0.309935 0.838889 0.640000
28 0.300717 0.883333 0.690000
29 0.304096 0.863333 0.680000
30 0.325975 0.868889 0.710000
31 0.300824 0.882222 0.750000
32 0.301811 0.877778 0.690000
33 0.278337 0.893333 0.680000
34 1.016836 0.820000 0.680000
35 0.407813 0.844444 0.680000
36 0.325408 0.866667 0.720000
37 0.344637 0.860000 0.620000
38 0.314851 0.857778 0.680000
39 0.303010 0.888889 0.670000
40 0.406560 0.852222 0.680000
41 0.350595 0.870000 0.680000
42 0.297078 0.865556 0.710000
43 0.328355 0.850000 0.710000
44 0.315124 0.870000 0.700000
45 0.279605 0.894444 0.690000
46 0.262357 0.911111 0.720000
47 0.254708 0.914444 0.680000
48 0.281539 0.882222 0.690000
49 0.271895 0.892222 0.640000
50 0.241119 0.920000 0.650000
51 0.227286 0.907778 0.700000
52 0.245154 0.898889 0.690000
53 0.243026 0.917778 0.680000
54 0.266421 0.916667 0.660000
55 0.217845 0.910000 0.680000
56 0.205560 0.913333 0.690000
57 0.212465 0.920000 0.670000
58 0.210081 0.922222 0.710000
59 0.218826 0.912222 0.690000
60 0.230209 0.918889 0.720000
61 0.214945 0.921111 0.670000
62 0.212274 0.920000 0.680000
63 0.197623 0.915556 0.680000
64 0.202257 0.920000 0.660000
65 0.203398 0.931111 0.670000
66 0.213294 0.921111 0.670000
67 0.198246 0.927778 0.620000
68 0.193318 0.914444 0.630000
69 0.197536 0.926667 0.640000
70 0.190589 0.927778 0.650000
71 0.219838 0.912222 0.690000
72 0.195626 0.927778 0.680000
73 0.190506 0.926667 0.660000
74 0.198806 0.925556 0.680000
75 0.205311 0.930000 0.720000
76 0.186000 0.927778 0.700000
77 0.189411 0.928889 0.710000
78 0.185905 0.933333 0.660000
79 0.183008 0.924444 0.660000
80 0.189879 0.926667 0.710000
81 0.201417 0.927778 0.680000
82 0.197820 0.931111 0.690000
83 0.204228 0.930000 0.680000
84 0.183346 0.926667 0.700000
85 0.183319 0.925556 0.700000
86 0.194998 0.930000 0.690000
87 0.205217 0.935556 0.690000
88 0.196768 0.924444 0.690000
89 0.226383 0.932222 0.720000
90 0.193437 0.922222 0.680000
91 0.183718 0.942222 0.680000
92 0.180929 0.932222 0.700000
93 0.530148 0.881111 0.720000
94 0.323946 0.914444 0.700000
95 0.212765 0.913333 0.690000
96 0.204020 0.938889 0.660000
97 0.214127 0.936667 0.730000
98 0.195719 0.931111 0.660000
99 0.193888 0.927778 0.680000
100 0.185639 0.937778 0.670000
101 0.167729 0.940000 0.690000
102 0.162904 0.940000 0.670000
103 0.175607 0.943333 0.670000
104 0.179768 0.942222 0.700000
105 0.163495 0.943333 0.670000
106 0.159805 0.942222 0.690000
107 0.160251 0.944444 0.700000
108 0.156980 0.940000 0.690000
109 0.165386 0.943333 0.700000
110 0.159968 0.945556 0.700000
111 0.147043 0.945556 0.690000
112 0.172527 0.943333 0.700000
113 0.158740 0.945556 0.700000
114 0.149931 0.945556 0.690000
115 0.164540 0.942222 0.690000
116 0.174430 0.943333 0.650000
117 0.148469 0.943333 0.700000
118 0.152012 0.947778 0.700000
119 0.145484 0.942222 0.710000
120 0.152778 0.944444 0.660000
121 0.161308 0.942222 0.690000
122 0.151714 0.946667 0.680000
123 0.151665 0.948889 0.670000
124 0.144557 0.945556 0.680000
125 0.139488 0.948889 0.690000
126 0.147614 0.942222 0.680000
127 0.133238 0.942222 0.680000
128 0.147587 0.944444 0.710000
129 0.155726 0.941111 0.710000
130 0.143350 0.946667 0.690000
131 0.161555 0.945556 0.700000
132 0.155773 0.947778 0.680000
133 0.136938 0.947778 0.700000
134 0.142848 0.947778 0.690000
135 0.157398 0.944444 0.720000
136 0.131298 0.947778 0.680000
137 0.136109 0.945556 0.720000
138 0.143276 0.942222 0.710000
139 0.149741 0.940000 0.660000
140 0.153179 0.942222 0.680000
141 0.141156 0.945556 0.670000
142 0.146310 0.947778 0.680000
143 0.141161 0.947778 0.670000
144 0.143385 0.946667 0.710000
145 0.138766 0.950000 0.650000
146 0.155308 0.943333 0.630000
147 0.138455 0.942222 0.700000
148 0.146214 0.943333 0.720000
149 0.142511 0.946667 0.730000
150 0.142082 0.946667 0.710000
151 0.135847 0.945556 0.690000
152 0.132479 0.947778 0.680000
153 0.127279 0.950000 0.660000
154 0.129508 0.946667 0.660000
155 0.121141 0.950000 0.680000
156 0.128805 0.948889 0.690000
157 0.121513 0.946667 0.640000
158 0.122577 0.948889 0.660000
159 0.126185 0.950000 0.670000
160 0.128459 0.948889 0.680000
161 0.121402 0.952222 0.660000
162 0.125190 0.948889 0.700000
163 0.125779 0.947778 0.690000
164 0.124122 0.950000 0.670000
165 0.126456 0.948889 0.670000
166 0.139626 0.946667 0.670000
167 0.130968 0.946667 0.660000
168 0.135760 0.945556 0.640000
169 0.124056 0.951111 0.620000
170 0.123889 0.947778 0.640000
171 0.133277 0.952222 0.650000
172 0.120862 0.952222 0.650000
173 0.121935 0.952222 0.630000
174 0.124746 0.948889 0.690000
175 0.122503 0.951111 0.690000
176 0.136768 0.948889 0.670000
177 0.129363 0.952222 0.680000
178 0.118292 0.952222 0.680000
179 0.137173 0.951111 0.660000
180 0.122648 0.948889 0.680000
181 0.123734 0.948889 0.670000
182 0.124569 0.951111 0.680000
183 0.123853 0.950000 0.670000
184 0.123332 0.946667 0.630000
185 0.129375 0.953333 0.680000
186 0.199664 0.947778 0.670000
187 0.125361 0.951111 0.700000
188 0.119208 0.950000 0.690000
189 0.116067 0.948889 0.720000
190 0.114782 0.950000 0.660000
191 0.127921 0.948889 0.680000
192 0.123871 0.947778 0.700000
193 0.118814 0.950000 0.680000
194 0.126073 0.946667 0.680000
195 0.121602 0.948889 0.680000
196 0.127145 0.948889 0.700000
197 0.126897 0.947778 0.710000
198 0.118071 0.950000 0.700000
199 0.129944 0.951111 0.720000
200 0.121379 0.950000 0.700000
201 0.108013 0.951111 0.690000
202 0.113492 0.951111 0.710000
203 0.116461 0.950000 0.710000
204 0.113027 0.952222 0.710000
205 0.117167 0.950000 0.710000
206 0.115059 0.951111 0.710000
207 0.128953 0.951111 0.710000
208 0.115378 0.953333 0.700000
209 0.118755 0.953333 0.670000
210 0.119455 0.953333 0.690000
211 0.110374 0.953333 0.680000
212 0.111243 0.951111 0.690000
213 0.117926 0.951111 0.690000
214 0.116326 0.952222 0.670000
215 0.110274 0.954444 0.700000
216 0.111272 0.953333 0.690000
217 0.113268 0.952222 0.700000
218 0.124395 0.950000 0.700000
219 0.112992 0.951111 0.670000
220 0.114612 0.953333 0.690000
221 0.107329 0.952222 0.670000
222 0.113093 0.952222 0.690000
223 0.115056 0.951111 0.670000
224 0.113221 0.953333 0.680000
225 0.122787 0.952222 0.670000
226 0.116606 0.954444 0.670000
227 0.108397 0.951111 0.650000
228 0.114081 0.952222 0.690000
229 0.105120 0.952222 0.690000
230 0.115836 0.951111 0.690000
231 0.107970 0.952222 0.690000
232 0.113086 0.952222 0.700000
233 0.106001 0.952222 0.690000
234 0.111842 0.951111 0.690000
235 0.107157 0.950000 0.690000
236 0.118993 0.953333 0.700000
237 0.110594 0.953333 0.700000
238 0.107556 0.952222 0.690000
239 0.112570 0.951111 0.720000
240 0.116484 0.953333 0.700000
241 0.115437 0.953333 0.680000
242 0.110503 0.953333 0.700000
243 0.109293 0.952222 0.680000
244 0.111693 0.953333 0.690000
245 0.107747 0.953333 0.700000
246 0.114211 0.953333 0.690000
247 0.113020 0.952222 0.710000
248 0.111714 0.951111 0.670000
249 0.108412 0.952222 0.660000
250 0.113918 0.953333 0.680000
251 0.107337 0.951111 0.670000
252 0.108822 0.952222 0.650000
253 0.112084 0.951111 0.680000
254 0.107427 0.951111 0.670000
255 0.104111 0.952222 0.660000
256 0.115519 0.952222 0.670000
257 0.102355 0.952222 0.660000
258 0.107864 0.952222 0.660000
259 0.108769 0.952222 0.670000
260 0.107948 0.952222 0.680000
261 0.120479 0.952222 0.680000
262 0.104000 0.952222 0.670000
263 0.107146 0.951111 0.660000
264 0.108613 0.952222 0.680000
265 0.111483 0.951111 0.670000
266 0.118830 0.953333 0.670000
267 0.105893 0.952222 0.660000
268 0.102810 0.952222 0.660000
269 0.107492 0.952222 0.680000
270 0.113403 0.952222 0.680000
271 0.108675 0.953333 0.670000
272 0.103957 0.953333 0.680000
273 0.108851 0.951111 0.680000
274 0.102087 0.953333 0.660000
275 0.111800 0.951111 0.660000
276 0.101953 0.952222 0.650000
277 0.104151 0.952222 0.660000
278 0.107960 0.952222 0.670000
279 0.104006 0.953333 0.660000
280 0.106170 0.953333 0.650000
281 0.106939 0.952222 0.680000
282 0.109249 0.953333 0.680000
283 0.108135 0.953333 0.700000
284 0.121791 0.951111 0.690000
285 0.118859 0.953333 0.660000
286 0.111230 0.953333 0.670000
287 0.114207 0.952222 0.690000
288 0.101683 0.952222 0.660000
289 0.098188 0.953333 0.650000
290 0.111132 0.951111 0.670000
291 0.113048 0.952222 0.670000
292 0.111617 0.953333 0.660000
293 0.105295 0.951111 0.690000
294 0.108455 0.953333 0.690000
295 0.102166 0.951111 0.690000
296 0.103153 0.951111 0.690000
297 0.105104 0.952222 0.670000
298 0.113398 0.952222 0.660000
299 0.108668 0.952222 0.670000
300 0.098089 0.951111 0.660000
301 0.101508 0.951111 0.660000
302 0.112220 0.952222 0.660000
303 0.109469 0.952222 0.670000
304 0.102121 0.952222 0.660000
305 0.098596 0.952222 0.680000
306 0.104025 0.952222 0.660000
307 0.106600 0.952222 0.670000
308 0.112242 0.952222 0.670000
309 0.109352 0.952222 0.660000
310 0.105012 0.952222 0.660000
311 0.101820 0.952222 0.670000
312 0.107148 0.952222 0.650000
313 0.107244 0.953333 0.660000
314 0.103680 0.953333 0.670000
315 0.104502 0.953333 0.660000
316 0.107903 0.953333 0.670000
317 0.103122 0.953333 0.650000
318 0.105459 0.953333 0.670000
319 0.099074 0.953333 0.660000
320 0.104877 0.953333 0.670000
321 0.102178 0.953333 0.670000
322 0.104506 0.953333 0.660000
323 0.108172 0.952222 0.660000
324 0.103034 0.953333 0.670000
325 0.099097 0.953333 0.670000
326 0.102652 0.953333 0.660000
327 0.102560 0.952222 0.680000
328 0.108435 0.952222 0.670000
329 0.105802 0.952222 0.670000
330 0.103821 0.953333 0.660000
331 0.099191 0.952222 0.670000
332 0.106985 0.953333 0.670000
333 0.103180 0.953333 0.680000
334 0.099587 0.953333 0.670000
335 0.098568 0.953333 0.680000
336 0.111253 0.952222 0.670000
337 0.104856 0.953333 0.690000
338 0.105516 0.953333 0.660000
339 0.103001 0.953333 0.670000
340 0.109104 0.953333 0.670000
341 0.104396 0.952222 0.670000
342 0.105058 0.953333 0.690000
343 0.106687 0.952222 0.680000
344 0.108334 0.954444 0.680000
345 0.108332 0.953333 0.670000
346 0.115435 0.952222 0.680000
347 0.106324 0.953333 0.680000
348 0.114701 0.952222 0.670000
349 0.115705 0.952222 0.670000
350 0.107929 0.953333 0.670000
