1 129.602073 0.698889 0.670000
2 47.193254 0.729444 0.735000
3 20.346678 0.685000 0.655000
4 11.202692 0.751111 0.755000
5 8.061171 0.749444 0.775000
6 13.804110 0.588333 0.615000
7 11.940521 0.657222 0.635000
8 8.451571 0.733889 0.710000
9 6.667769 0.735000 0.720000
10 3.851753 0.732222 0.745000
11 5.096509 0.697778 0.655000
12 3.963385 0.568889 0.595000
13 4.056479 0.711111 0.700000
14 2.923565 0.772222 0.775000
15 1.984260 0.733333 0.730000
16 4.284970 0.756111 0.780000
17 5.017532 0.717222 0.715000
18 2.365268 0.673333 0.650000
19 7.360203 0.702222 0.675000
20 3.702499 0.625000 0.630000
21 3.567458 0.707222 0.675000
22 1.974602 0.597778 0.625000
23 1.997011 0.743889 0.760000
24 1.906143 0.728889 0.725000
25 0.953983 0.627222 0.640000
26 3.256249 0.705556 0.710000
27 1.457647 0.717778 0.680000
28 1.968301 0.548889 0.570000
29 0.995960 0.665556 0.635000
30 2.110083 0.727778 0.720000
31 1.083002 0.758889 0.775000
32 1.101007 0.750556 0.765000
33 0.937760 0.754444 0.775000
34 0.722549 0.616667 0.640000
35 0.717482 0.716667 0.705000
36 0.905795 0.757778 0.765000
37 1.531160 0.757778 0.770000
38 1.518821 0.736667 0.755000
39 1.143089 0.760556 0.785000
40 1.308347 0.767778 0.770000
41 0.661961 0.763889 0.785000
42 0.781863 0.752222 0.770000
43 0.873625 0.722778 0.710000
44 0.978156 0.716667 0.700000
45 0.912156 0.697778 0.685000
46 0.957889 0.780556 0.785000
47 0.752493 0.705556 0.730000
48 0.691490 0.780556 0.780000
49 0.845691 0.641111 0.630000
50 0.631650 0.771111 0.765000
51 0.642273 0.775000 0.775000
52 0.707809 0.783889 0.765000
53 0.615705 0.763889 0.795000
54 0.646224 0.741667 0.740000
55 0.638713 0.786667 0.800000
56 0.759382 0.748333 0.715000
57 0.637750 0.747222 0.745000
58 0.587962 0.789444 0.755000
59 0.588586 0.783889 0.790000
60 0.774882 0.793889 0.765000
61 0.677995 0.748333 0.760000
62 0.616169 0.791667 0.795000
63 0.572964 0.767222 0.800000
64 0.592352 0.766111 0.795000
65 0.705494 0.739444 0.730000
66 0.726199 0.751111 0.770000
67 0.609470 0.799444 0.800000
68 0.660148 0.796667 0.805000
69 0.619587 0.755000 0.755000
70 0.807104 0.775000 0.795000
71 0.651371 0.757222 0.775000
72 0.664946 0.797778 0.820000
73 0.598672 0.750000 0.775000
74 0.687546 0.750000 0.780000
75 0.632586 0.744444 0.745000
76 0.825073 0.733333 0.710000
77 0.602352 0.788333 0.795000
78 0.586723 0.740556 0.730000
79 0.766683 0.747222 0.740000
80 0.732854 0.728333 0.730000
81 0.623528 0.716667 0.690000
82 0.656001 0.753889 0.775000
83 0.924638 0.743333 0.755000
84 0.790067 0.739444 0.715000
85 0.649587 0.765000 0.795000
86 0.574905 0.745000 0.745000
87 0.607011 0.805556 0.805000
88 0.616804 0.751111 0.780000
89 0.553004 0.748333 0.775000
90 0.762771 0.778333 0.800000
91 0.658985 0.792222 0.800000
92 0.757159 0.766111 0.790000
93 0.595215 0.759444 0.760000
94 0.738455 0.735000 0.710000
95 0.682886 0.793889 0.800000
96 0.781528 0.779444 0.800000
97 0.804114 0.745000 0.750000
98 0.661945 0.749444 0.770000
99 0.668804 0.801111 0.785000
100 0.538682 0.800556 0.815000
101 0.527100 0.761667 0.800000
102 0.538643 0.776667 0.800000
103 0.509578 0.796667 0.805000
104 0.533229 0.784444 0.800000
105 0.551100 0.783889 0.795000
106 0.552070 0.758889 0.795000
107 0.592059 0.803333 0.800000
108 0.602179 0.817222 0.805000
109 0.525331 0.800556 0.815000
110 0.516859 0.799444 0.810000
111 0.556293 0.765556 0.790000
112 0.704917 0.801667 0.805000
113 0.523649 0.807222 0.805000
114 0.544046 0.764444 0.790000
115 0.658262 0.770000 0.795000
116 0.622567 0.739444 0.725000
117 0.553672 0.802222 0.810000
118 0.595845 0.746111 0.765000
119 0.571294 0.789444 0.750000
120 0.546330 0.781111 0.810000
121 0.556904 0.804444 0.810000
122 0.508296 0.794444 0.805000
123 0.601186 0.763889 0.790000
124 0.569142 0.751667 0.780000
125 0.549715 0.747222 0.765000
126 0.546451 0.749444 0.780000
127 0.564037 0.768333 0.795000
128 0.538748 0.781667 0.795000
129 0.521134 0.797222 0.810000
130 0.550341 0.808333 0.805000
131 0.538849 0.812222 0.800000
132 0.609027 0.788889 0.805000
133 0.544579 0.754444 0.790000
134 0.557099 0.756111 0.790000
135 0.522771 0.811667 0.815000
136 0.537698 0.795000 0.820000
137 0.567886 0.785556 0.805000
138 0.600911 0.803333 0.805000
139 0.573531 0.763889 0.800000
140 0.544006 0.747778 0.770000
141 0.525566 0.807222 0.820000
142 0.519397 0.776111 0.800000
143 0.553748 0.801667 0.790000
144 0.566204 0.740000 0.735000
145 0.573670 0.750556 0.765000
146 0.553614 0.817222 0.815000
147 0.531968 0.750000 0.775000
148 0.552939 0.811667 0.805000
149 0.565095 0.802778 0.820000
150 0.527670 0.806111 0.785000
151 0.525306 0.803333 0.820000
152 0.524715 0.819444 0.800000
153 0.503361 0.761667 0.800000
154 0.532459 0.771667 0.800000
155 0.498664 0.817222 0.815000
156 0.516086 0.811667 0.785000
157 0.557474 0.823333 0.815000
158 0.515496 0.798333 0.815000
159 0.524619 0.816667 0.810000
160 0.522866 0.773889 0.800000
161 0.520285 0.816111 0.815000
162 0.514140 0.774444 0.800000
163 0.543284 0.747778 0.760000
164 0.543140 0.791111 0.770000
165 0.519146 0.797778 0.815000
166 0.545801 0.803333 0.805000
167 0.525754 0.796111 0.810000
168 0.529146 0.803333 0.815000
169 0.518140 0.792778 0.810000
170 0.508128 0.807222 0.820000
171 0.517967 0.786111 0.800000
172 0.511616 0.782222 0.800000
173 0.518236 0.788333 0.810000
174 0.523008 0.818333 0.810000
175 0.529663 0.815000 0.815000
176 0.524717 0.811111 0.815000
177 0.527704 0.747222 0.760000
178 0.599146 0.815000 0.810000
179 0.539941 0.751667 0.765000
180 0.523903 0.790556 0.810000
181 0.526653 0.790000 0.810000
182 0.531452 0.754444 0.780000
183 0.518817 0.799444 0.815000
184 0.528127 0.738333 0.740000
185 0.504794 0.778333 0.795000
186 0.509819 0.824444 0.815000
187 0.513137 0.798889 0.825000
188 0.500621 0.801667 0.820000
189 0.515478 0.644444 0.630000
190 0.577032 0.745556 0.770000
191 0.522437 0.816111 0.810000
192 0.500513 0.781667 0.795000
193 0.532664 0.802222 0.820000
194 0.507684 0.812778 0.810000
195 0.500871 0.798889 0.815000
196 0.509233 0.811111 0.815000
197 0.533853 0.755556 0.780000
198 0.534426 0.811667 0.815000
199 0.514145 0.748333 0.770000
200 0.504744 0.806111 0.825000
201 0.514707 0.812778 0.810000
202 0.501008 0.801667 0.815000
203 0.493677 0.776111 0.795000
204 0.525426 0.783333 0.795000
205 0.494652 0.814444 0.810000
206 0.508379 0.818889 0.805000
207 0.503067 0.796667 0.810000
208 0.494347 0.780000 0.805000
209 0.516880 0.818333 0.815000
210 0.492730 0.782222 0.810000
211 0.492699 0.800000 0.820000
212 0.500125 0.771667 0.795000
213 0.512346 0.813889 0.810000
214 0.502069 0.822222 0.805000
215 0.513949 0.825000 0.820000
216 0.504508 0.808889 0.825000
217 0.497165 0.803889 0.825000
218 0.501637 0.810556 0.810000
219 0.496997 0.784444 0.800000
220 0.493329 0.792222 0.820000
221 0.494699 0.805556 0.775000
222 0.509680 0.809444 0.810000
223 0.503724 0.818333 0.815000
224 0.497780 0.816667 0.815000
225 0.506696 0.813889 0.805000
226 0.501234 0.798333 0.800000
227 0.504943 0.800556 0.835000
228 0.528580 0.807778 0.820000
229 0.497594 0.807778 0.810000
230 0.498442 0.797778 0.825000
231 0.511167 0.776667 0.810000
232 0.511161 0.741111 0.745000
233 0.504806 0.813333 0.815000
234 0.512038 0.818333 0.820000
235 0.520910 0.802222 0.825000
236 0.514934 0.805000 0.820000
237 0.495909 0.785556 0.795000
238 0.501299 0.803333 0.775000
239 0.489864 0.817222 0.815000
240 0.479707 0.823889 0.815000
241 0.500035 0.811111 0.810000
242 0.513772 0.808333 0.825000
243 0.487432 0.799444 0.820000
244 0.492130 0.825556 0.805000
245 0.527611 0.792778 0.770000
246 0.494615 0.816667 0.810000
247 0.505377 0.775000 0.790000
248 0.592121 0.807222 0.785000
249 0.832440 0.815000 0.795000
250 0.670198 0.792222 0.810000
251 0.596678 0.811667 0.805000
252 0.649315 0.777778 0.790000
253 0.525201 0.775000 0.795000
254 0.538088 0.793889 0.815000
255 0.527253 0.813333 0.805000
256 0.495323 0.781667 0.800000
257 0.535098 0.807778 0.815000
258 0.541268 0.796111 0.820000
259 0.562263 0.808889 0.815000
260 0.545304 0.801111 0.820000
261 0.525339 0.786111 0.810000
262 0.507116 0.818889 0.815000
263 0.507072 0.791111 0.810000
264 0.533368 0.793889 0.810000
265 0.512870 0.805000 0.830000
266 0.522667 0.783333 0.805000
267 0.499785 0.786667 0.805000
268 0.519980 0.794444 0.820000
269 0.499585 0.818889 0.815000
270 0.503578 0.808889 0.825000
271 0.520920 0.817778 0.815000
272 0.521313 0.802778 0.815000
273 0.509178 0.762222 0.785000
274 0.524138 0.794444 0.810000
275 0.498917 0.783889 0.800000
276 0.476493 0.791667 0.810000
277 0.506671 0.798333 0.815000
278 0.507617 0.793889 0.825000
279 0.498014 0.778333 0.810000
280 0.490061 0.784444 0.805000
281 0.502629 0.770000 0.800000
282 0.516450 0.796667 0.815000
283 0.510329 0.808333 0.815000
284 0.508812 0.798333 0.810000
285 0.497056 0.773333 0.810000
286 0.519677 0.767778 0.795000
287 0.505700 0.786111 0.800000
288 0.501886 0.808889 0.825000
289 0.497045 0.816667 0.830000
290 0.485779 0.811111 0.815000
291 0.502474 0.770000 0.795000
292 0.488084 0.792778 0.815000
293 0.489274 0.802778 0.825000
294 0.501653 0.783889 0.805000
295 0.472897 0.789444 0.830000
296 0.490199 0.786667 0.810000
297 0.484145 0.768333 0.785000
298 0.487640 0.798333 0.820000
299 0.500935 0.817222 0.830000
300 0.491315 0.798333 0.820000
301 0.476720 0.775556 0.795000
302 0.492213 0.791111 0.815000
303 0.492523 0.796667 0.810000
304 0.476788 0.805000 0.810000
305 0.474342 0.823333 0.815000
306 0.484331 0.812778 0.820000
307 0.477111 0.788889 0.815000
308 0.482584 0.788889 0.815000
309 0.507870 0.796667 0.810000
310 0.499115 0.787222 0.800000
311 0.477742 0.795556 0.810000
312 0.492755 0.812778 0.830000
313 0.488196 0.792778 0.820000
314 0.492330 0.823333 0.825000
315 0.477588 0.820556 0.830000
316 0.476861 0.793889 0.805000
317 0.468126 0.790000 0.805000
318 0.487973 0.805000 0.815000
319 0.491217 0.796111 0.800000
320 0.491008 0.812222 0.810000
321 0.484755 0.788889 0.810000
322 0.481265 0.786667 0.805000
323 0.487934 0.788333 0.805000
324 0.488797 0.823333 0.820000
325 0.478590 0.826667 0.825000
326 0.478537 0.806111 0.810000
327 0.463959 0.827778 0.830000
328 0.486096 0.812222 0.825000
329 0.479520 0.817222 0.815000
330 0.486098 0.818889 0.825000
331 0.477914 0.814444 0.815000
332 0.474399 0.810000 0.815000
333 0.479220 0.820000 0.805000
334 0.452755 0.824444 0.825000
335 0.470501 0.819444 0.815000
336 0.480920 0.825000 0.830000
337 0.469862 0.798889 0.815000
338 0.471608 0.812778 0.820000
339 0.487919 0.817222 0.820000
340 0.472115 0.815000 0.830000
341 0.473789 0.816111 0.805000
342 0.477126 0.824444 0.830000
343 0.478100 0.767778 0.785000
344 0.481009 0.810556 0.805000
345 0.474127 0.798889 0.815000
346 0.477656 0.810000 0.805000
347 0.460318 0.808889 0.815000
348 0.477652 0.813333 0.815000
349 0.484936 0.812778 0.825000
350 0.467265 0.802778 0.785000
