1 3.673378 0.580968 0.593674
2 1.863568 0.739119 0.734793
3 1.674114 0.672074 0.708029
4 1.605148 0.532847 0.523114
5 1.262973 0.541768 0.537713
6 1.333464 0.712084 0.729927
7 1.025071 0.717762 0.739659
8 0.798755 0.758854 0.734793
9 0.973225 0.712895 0.727494
10 0.857055 0.731819 0.746959
11 0.810321 0.737497 0.722628
12 0.731601 0.685861 0.708029
13 0.934498 0.600703 0.610706
14 0.903795 0.654772 0.669100
15 0.771566 0.553393 0.571776
16 0.803815 0.655042 0.649635
17 0.754276 0.759124 0.756691
18 0.708871 0.759124 0.776156
19 0.667938 0.732360 0.717762
20 0.676393 0.723439 0.732360
21 0.656003 0.741011 0.761557
22 0.659706 0.747770 0.759124
23 0.762896 0.669370 0.649635
24 0.650400 0.756961 0.766423
25 0.657298 0.759124 0.783455
26 0.594090 0.771290 0.763990
27 0.560400 0.722087 0.708029
28 0.579922 0.611517 0.581509
29 0.599206 0.766153 0.771290
30 0.571623 0.710462 0.686131
31 0.540538 0.638821 0.661800
32 0.572797 0.766964 0.768856
33 0.545004 0.758583 0.742092
34 0.561523 0.722898 0.708029
35 0.561754 0.774804 0.788321
36 0.547345 0.706677 0.700730
37 0.526247 0.769127 0.739659
38 0.519853 0.798594 0.768856
39 0.522560 0.559070 0.571776
40 0.539745 0.656394 0.625304
41 0.565271 0.760746 0.754258
42 0.567134 0.779941 0.761557
43 0.536345 0.789673 0.759124
44 0.551454 0.778859 0.776156
45 0.543202 0.771019 0.776156
46 0.495471 0.790214 0.768856
47 0.510631 0.813463 0.781022
48 0.509213 0.779400 0.734793
49 0.490750 0.763990 0.727494
50 0.487588 0.823736 0.778589
51 0.452400 0.839146 0.790754
52 0.454547 0.809678 0.793187
53 0.467436 0.824006 0.761557
54 0.449589 0.832928 0.768856
55 0.453566 0.807516 0.766423
56 0.437633 0.825899 0.746959
57 0.453464 0.835631 0.783455
58 0.437433 0.829143 0.795620
59 0.445471 0.835361 0.778589
60 0.453984 0.827521 0.785888
61 0.457354 0.818870 0.778589
62 0.441462 0.823736 0.744526
63 0.434790 0.831576 0.771290
64 0.431153 0.829684 0.781022
65 0.421617 0.807516 0.761557
66 0.442145 0.828332 0.798054
67 0.430249 0.841038 0.781022
68 0.430481 0.823195 0.783455
69 0.427146 0.839146 0.788321
70 0.457355 0.815356 0.776156
71 0.430116 0.832928 0.773723
72 0.412648 0.850230 0.790754
73 0.436783 0.827251 0.766423
74 0.417280 0.841038 0.778589
75 0.411103 0.844553 0.793187
76 0.422978 0.838875 0.768856
77 0.440873 0.785347 0.746959
78 0.440367 0.850230 0.771290
79 0.414540 0.847256 0.785888
80 0.421754 0.839146 0.759124
81 0.400417 0.844553 0.778589
82 0.406892 0.834820 0.768856
83 0.408167 0.859151 0.795620
84 0.408952 0.830495 0.759124
85 0.402168 0.835361 0.802920
86 0.394945 0.859692 0.793187
87 0.403694 0.800216 0.751825
88 0.421064 0.853204 0.788321
89 0.433258 0.859151 0.795620
90 0.395725 0.850500 0.768856
91 0.405553 0.841849 0.776156
92 0.376242 0.845093 0.805353
93 0.402089 0.854015 0.798054
94 0.380599 0.831035 0.749392
95 0.428765 0.862666 0.807786
96 0.399938 0.862666 0.783455
97 0.399644 0.837524 0.781022
98 0.393430 0.812652 0.768856
99 0.419355 0.865639 0.800487
100 0.371100 0.887267 0.819951
101 0.353726 0.885374 0.824818
102 0.341113 0.886996 0.783455
103 0.341413 0.876453 0.802920
104 0.346911 0.882941 0.817518
105 0.357693 0.879968 0.812652
106 0.350745 0.885645 0.795620
107 0.344559 0.886456 0.795620
108 0.345480 0.886456 0.815085
109 0.348296 0.885645 0.819951
110 0.350946 0.876994 0.788321
111 0.358398 0.889159 0.824818
112 0.342110 0.895377 0.798054
113 0.333264 0.886185 0.832117
114 0.342230 0.879697 0.815085
115 0.347031 0.898621 0.812652
116 0.340734 0.889430 0.819951
117 0.329072 0.894025 0.817518
118 0.348769 0.890511 0.829684
119 0.328880 0.884834 0.781022
120 0.328435 0.881860 0.802920
121 0.324629 0.899432 0.800487
122 0.342946 0.889970 0.817518
123 0.324477 0.889159 0.788321
124 0.313199 0.891052 0.827251
125 0.328080 0.902676 0.829684
126 0.327012 0.893485 0.817518
127 0.312596 0.889159 0.798054
128 0.312107 0.902676 0.815085
129 0.311285 0.901325 0.805353
130 0.326823 0.906732 0.805353
131 0.315138 0.903758 0.829684
132 0.314837 0.909165 0.812652
133 0.325995 0.893485 0.798054
134 0.325437 0.877264 0.798054
135 0.308926 0.851041 0.783455
136 0.342521 0.895647 0.819951
137 0.325957 0.907543 0.817518
138 0.306844 0.898351 0.802920
139 0.297611 0.905650 0.805353
140 0.323511 0.899973 0.827251
141 0.298154 0.902676 0.827251
142 0.308669 0.900243 0.798054
143 0.312350 0.906191 0.795620
144 0.274090 0.915383 0.817518
145 0.279823 0.905380 0.824818
146 0.294392 0.899973 0.798054
147 0.297752 0.881319 0.790754
148 0.315558 0.864828 0.788321
149 0.314683 0.898351 0.822384
150 0.293110 0.928089 0.832117
151 0.267775 0.922952 0.824818
152 0.268315 0.934577 0.836983
153 0.264145 0.931603 0.839416
154 0.255865 0.931873 0.829684
155 0.274857 0.931873 0.800487
156 0.273358 0.929981 0.805353
157 0.269865 0.930792 0.807786
158 0.247633 0.934577 0.819951
159 0.244327 0.936199 0.829684
160 0.247653 0.933766 0.817518
161 0.273784 0.927278 0.822384
162 0.247833 0.933496 0.819951
163 0.255445 0.935658 0.841849
164 0.251413 0.946742 0.829684
165 0.243029 0.934307 0.829684
166 0.239073 0.942958 0.824818
167 0.237349 0.938632 0.817518
168 0.245506 0.939713 0.824818
169 0.244673 0.925115 0.798054
170 0.233980 0.942147 0.824818
171 0.247900 0.930522 0.810219
172 0.228563 0.924034 0.815085
173 0.248553 0.942687 0.832117
174 0.232852 0.944580 0.802920
175 0.233326 0.947283 0.827251
176 0.235704 0.946472 0.810219
177 0.254281 0.934847 0.829684
178 0.237003 0.941335 0.817518
179 0.228491 0.941335 0.807786
180 0.235531 0.931333 0.807786
181 0.239681 0.941876 0.832117
182 0.247310 0.935658 0.810219
183 0.232954 0.943228 0.800487
184 0.236336 0.939984 0.807786
185 0.216883 0.925115 0.819951
186 0.221892 0.948905 0.819951
187 0.223276 0.954042 0.824818
188 0.227492 0.943228 0.822384
189 0.236114 0.939443 0.805353
190 0.217654 0.951879 0.815085
191 0.229085 0.952690 0.815085
192 0.219588 0.954853 0.819951
193 0.221176 0.937821 0.800487
194 0.216911 0.942958 0.822384
195 0.218886 0.945661 0.824818
196 0.232003 0.939443 0.805353
197 0.224999 0.918627 0.815085
198 0.219220 0.952690 0.834550
199 0.204293 0.946472 0.829684
200 0.202421 0.961882 0.832117
201 0.189697 0.962152 0.832117
202 0.194456 0.958367 0.812652
203 0.192066 0.963233 0.810219
204 0.186889 0.961611 0.810219
205 0.192267 0.961071 0.824818
206 0.200074 0.962422 0.834550
207 0.181060 0.961071 0.824818
208 0.189348 0.963774 0.832117
209 0.186937 0.967829 0.817518
210 0.181380 0.967559 0.819951
211 0.182898 0.962422 0.829684
212 0.191075 0.965937 0.819951
213 0.184544 0.963774 0.829684
214 0.184501 0.962963 0.827251
215 0.178605 0.967829 0.829684
216 0.189888 0.967829 0.810219
217 0.178958 0.968099 0.812652
218 0.179855 0.971344 0.819951
219 0.194851 0.968911 0.819951
220 0.176347 0.961071 0.817518
221 0.179417 0.963774 0.819951
222 0.181641 0.969451 0.817518
223 0.172798 0.970533 0.822384
224 0.178433 0.961611 0.817518
225 0.195511 0.969451 0.822384
226 0.186334 0.965666 0.802920
227 0.199747 0.961071 0.812652
228 0.177938 0.970262 0.822384
229 0.190887 0.969181 0.822384
230 0.183459 0.967559 0.832117
231 0.174923 0.971614 0.815085
232 0.180153 0.969722 0.824818
233 0.177477 0.969181 0.807786
234 0.172354 0.973236 0.822384
235 0.165427 0.965126 0.815085
236 0.172974 0.972425 0.829684
237 0.188875 0.970533 0.817518
238 0.178547 0.974588 0.812652
239 0.177967 0.967829 0.812652
240 0.176231 0.967829 0.805353
241 0.175921 0.964315 0.817518
242 0.184812 0.971344 0.812652
243 0.164046 0.972695 0.822384
244 0.172955 0.972425 0.822384
245 0.173851 0.971884 0.819951
246 0.171665 0.971884 0.815085
247 0.167783 0.974588 0.822384
248 0.180877 0.966748 0.817518
249 0.172443 0.973236 0.815085
250 0.175444 0.974588 0.822384
251 0.159444 0.975669 0.822384
252 0.159927 0.975128 0.815085
253 0.160226 0.977291 0.824818
254 0.159265 0.978373 0.815085
255 0.157464 0.977021 0.815085
256 0.161240 0.977832 0.819951
257 0.157961 0.979184 0.815085
258 0.151376 0.977021 0.815085
259 0.148334 0.979184 0.822384
260 0.162288 0.979995 0.822384
261 0.152080 0.979184 0.810219
262 0.161731 0.980535 0.822384
263 0.154479 0.976750 0.817518
264 0.153051 0.979184 0.817518
265 0.162574 0.978913 0.810219
266 0.152195 0.978102 0.822384
267 0.152956 0.980265 0.817518
268 0.145012 0.978102 0.810219
269 0.155411 0.977021 0.822384
270 0.158217 0.978913 0.822384
271 0.149920 0.979724 0.819951
272 0.153568 0.978102 0.812652
273 0.154826 0.980265 0.815085
274 0.155938 0.982157 0.815085
275 0.162490 0.981346 0.822384
276 0.150443 0.978102 0.817518
277 0.143897 0.979454 0.817518
278 0.158759 0.978913 0.817518
279 0.148273 0.978373 0.822384
280 0.151864 0.979995 0.815085
281 0.153017 0.980265 0.817518
282 0.150868 0.981346 0.815085
283 0.149873 0.981887 0.822384
284 0.155213 0.981887 0.815085
285 0.165476 0.980265 0.812652
286 0.152201 0.981346 0.812652
287 0.154004 0.983509 0.812652
288 0.159834 0.981076 0.810219
289 0.155958 0.979995 0.822384
290 0.143992 0.984050 0.805353
291 0.150780 0.978913 0.822384
292 0.155538 0.977832 0.807786
293 0.153303 0.982428 0.815085
294 0.146686 0.979995 0.815085
295 0.143398 0.980806 0.817518
296 0.150107 0.981617 0.819951
297 0.152815 0.981076 0.817518
298 0.140109 0.982698 0.812652
299 0.149331 0.981076 0.810219
300 0.140781 0.982428 0.817518
301 0.139122 0.983779 0.815085
302 0.147063 0.984590 0.819951
303 0.137430 0.983239 0.817518
304 0.134297 0.984320 0.810219
305 0.142304 0.983779 0.817518
306 0.147103 0.983239 0.822384
307 0.149473 0.984320 0.815085
308 0.142837 0.981617 0.824818
309 0.143769 0.982698 0.812652
310 0.150592 0.983239 0.822384
311 0.150546 0.984861 0.819951
312 0.136299 0.982698 0.819951
313 0.140503 0.983509 0.822384
314 0.139621 0.984861 0.812652
315 0.140721 0.984050 0.815085
316 0.129361 0.984861 0.817518
317 0.144761 0.983509 0.819951
318 0.138106 0.983509 0.817518
319 0.140619 0.984590 0.817518
320 0.146270 0.984861 0.822384
321 0.144586 0.984590 0.819951
322 0.149454 0.984050 0.819951
323 0.141325 0.985131 0.817518
324 0.144327 0.985131 0.817518
325 0.141641 0.983509 0.822384
326 0.145213 0.982968 0.819951
327 0.135373 0.984050 0.822384
328 0.145890 0.985672 0.815085
329 0.139745 0.983509 0.819951
330 0.140354 0.984050 0.824818
331 0.145903 0.985401 0.829684
332 0.139075 0.984320 0.815085
333 0.138584 0.984861 0.815085
334 0.141627 0.984861 0.815085
335 0.142762 0.985401 0.817518
336 0.137007 0.985401 0.812652
337 0.133822 0.986753 0.812652
338 0.147681 0.984861 0.822384
339 0.130811 0.983779 0.802920
340 0.131014 0.985401 0.817518
341 0.144311 0.988105 0.802920
342 0.142332 0.984320 0.817518
343 0.142027 0.985942 0.817518
344 0.138612 0.984320 0.807786
345 0.138758 0.985401 0.805353
346 0.124320 0.984861 0.810219
347 0.146863 0.985672 0.810219
348 0.142526 0.985401 0.819951
349 0.141645 0.984590 0.817518
350 0.141001 0.987024 0.817518
