1 3.935535 0.651613 0.558824
2 1.853339 0.677419 0.529412
3 1.811634 0.700000 0.441176
4 1.072510 0.732258 0.588235
5 0.836804 0.703226 0.558824
6 0.812009 0.754839 0.470588
7 0.585278 0.732258 0.441176
8 0.630825 0.732258 0.529412
9 0.491589 0.880645 0.441176
10 0.413198 0.809677 0.441176
11 0.387853 0.861290 0.529412
12 0.355899 0.861290 0.529412
13 0.316300 0.912903 0.558824
14 0.298124 0.800000 0.470588
15 0.305616 0.948387 0.529412
16 0.204014 0.877419 0.500000
17 0.167589 0.945161 0.529412
18 0.223394 0.877419 0.588235
19 0.363032 0.951613 0.676471
20 0.201489 0.883871 0.470588
21 0.135246 0.974194 0.588235
22 0.263906 0.838710 0.588235
23 0.206499 0.983871 0.647059
24 0.148452 0.883871 0.617647
25 0.130272 0.970968 0.500000
26 0.150790 0.970968 0.647059
27 0.094708 0.983871 0.558824
28 0.094351 0.967742 0.529412
29 0.090572 0.970968 0.588235
30 0.178396 0.919355 0.500000
31 0.133325 0.983871 0.617647
32 0.092468 0.987097 0.647059
33 0.082586 0.983871 0.529412
34 0.117168 0.967742 0.588235
35 0.094601 0.906452 0.647059
36 0.138517 0.983871 0.558824
37 0.089439 0.990323 0.558824
38 0.064065 0.993548 0.588235
39 0.051205 0.993548 0.529412
40 0.089515 0.929032 0.558824
41 0.149661 0.990323 0.647059
42 0.063378 0.993548 0.558824
43 0.055065 0.990323 0.470588
44 0.048608 0.993548 0.558824
45 0.052072 0.993548 0.529412
46 0.045599 0.993548 0.529412
47 0.046166 0.993548 0.558824
48 0.233212 0.700000 0.470588
49 0.204152 0.983871 0.529412
50 0.077865 0.993548 0.529412
51 0.053518 0.993548 0.529412
52 0.044275 0.993548 0.558824
53 0.050519 0.993548 0.617647
54 0.048097 0.993548 0.588235
55 0.049849 0.993548 0.647059
56 0.039846 0.993548 0.588235
57 0.040010 0.993548 0.588235
58 0.039663 0.993548 0.588235
59 0.039093 0.993548 0.558824
60 0.038324 0.993548 0.558824
61 0.036417 0.993548 0.529412
62 0.053397 0.993548 0.529412
63 0.068641 0.993548 0.558824
64 0.058832 0.990323 0.529412
65 0.053605 0.993548 0.647059
66 0.038928 0.993548 0.588235
67 0.041687 0.993548 0.617647
68 0.042216 0.993548 0.617647
69 0.037005 0.993548 0.647059
70 0.037360 0.993548 0.558824
71 0.043871 0.958065 0.588235
72 0.231691 0.980645 0.558824
73 0.073563 0.993548 0.558824
74 0.044078 0.993548 0.558824
75 0.043292 0.993548 0.558824
76 0.041297 0.993548 0.558824
77 0.034044 0.993548 0.500000
78 0.053343 0.987097 0.529412
79 0.155782 0.983871 0.558824
80 0.063604 0.993548 0.588235
81 0.040469 0.993548 0.558824
82 0.042825 0.993548 0.617647
83 0.036463 0.993548 0.558824
84 0.037186 0.993548 0.588235
85 0.037400 0.993548 0.529412
86 0.034535 0.993548 0.617647
87 0.044049 0.993548 0.558824
88 0.043789 0.987097 0.617647
89 0.042638 0.993548 0.588235
90 0.037652 0.993548 0.647059
91 0.039469 0.993548 0.617647
92 0.034933 0.993548 0.676471
93 0.036517 0.993548 0.676471
94 0.033407 0.993548 0.647059
95 0.030955 0.993548 0.617647
96 0.030538 0.993548 0.647059
97 0.042878 0.993548 0.647059
98 0.039400 0.993548 0.588235
99 0.058141 0.874194 0.647059
100 0.054797 0.993548 0.617647
101 0.037051 0.993548 0.617647
102 0.035404 0.993548 0.617647
103 0.032345 0.993548 0.617647
104 0.028785 0.993548 0.647059
105 0.029647 0.993548 0.617647
106 0.032588 0.993548 0.617647
107 0.027676 0.993548 0.647059
108 0.030111 0.993548 0.647059
109 0.032165 0.993548 0.558824
110 0.030967 0.993548 0.647059
111 0.029003 0.993548 0.647059
112 0.031100 0.993548 0.588235
113 0.031478 0.993548 0.647059
114 0.030040 0.993548 0.558824
115 0.030590 0.993548 0.647059
116 0.029547 0.993548 0.647059
117 0.046153 0.980645 0.647059
118 0.049543 0.993548 0.558824
119 0.061804 0.980645 0.558824
120 0.170442 0.980645 0.588235
121 0.055003 0.993548 0.588235
122 0.038671 0.993548 0.617647
123 0.032505 0.993548 0.617647
124 0.033473 0.993548 0.588235
125 0.032298 0.993548 0.617647
126 0.042782 0.993548 0.617647
127 0.029194 0.993548 0.617647
128 0.033427 0.993548 0.617647
129 0.030219 0.993548 0.617647
130 0.032647 0.993548 0.617647
131 0.026045 0.993548 0.588235
132 0.028024 0.993548 0.588235
133 0.034161 0.993548 0.617647
134 0.028947 0.993548 0.647059
135 0.032675 0.993548 0.647059
136 0.028655 0.993548 0.617647
137 0.033957 0.993548 0.647059
138 0.087243 0.987097 0.647059
139 0.043407 0.993548 0.617647
140 0.043842 0.993548 0.558824
141 0.034978 0.993548 0.588235
142 0.032405 0.993548 0.617647
143 0.041383 0.993548 0.617647
144 0.034862 0.993548 0.588235
145 0.032619 0.993548 0.588235
146 0.023210 0.993548 0.588235
147 0.027614 0.993548 0.588235
148 0.029827 0.993548 0.558824
149 0.029489 0.993548 0.558824
150 0.028533 0.993548 0.558824
151 0.027599 0.993548 0.558824
152 0.027744 0.993548 0.588235
153 0.025470 0.993548 0.588235
154 0.025440 0.993548 0.558824
155 0.023620 0.993548 0.588235
156 0.029456 0.993548 0.529412
157 0.026264 0.993548 0.558824
158 0.026407 0.993548 0.529412
159 0.027344 0.993548 0.558824
160 0.030031 0.993548 0.588235
161 0.027057 0.993548 0.588235
162 0.027423 0.993548 0.588235
163 0.026763 0.993548 0.588235
164 0.023371 0.993548 0.588235
165 0.024311 0.993548 0.647059
166 0.028079 0.993548 0.529412
167 0.031199 0.993548 0.558824
168 0.025657 0.993548 0.588235
169 0.026832 0.993548 0.529412
170 0.025839 0.993548 0.529412
171 0.028521 0.993548 0.588235
172 0.025082 0.993548 0.588235
173 0.028481 0.993548 0.588235
174 0.027283 0.993548 0.558824
175 0.027519 0.993548 0.588235
176 0.025625 0.993548 0.588235
177 0.024515 0.993548 0.588235
178 0.025425 0.993548 0.617647
179 0.026433 0.993548 0.617647
180 0.031468 0.993548 0.617647
181 0.025873 0.993548 0.588235
182 0.028872 0.993548 0.617647
183 0.023408 0.993548 0.617647
184 0.030389 0.993548 0.647059
185 0.027385 0.993548 0.617647
186 0.025670 0.993548 0.617647
187 0.026973 0.993548 0.617647
188 0.027085 0.993548 0.617647
189 0.025568 0.993548 0.558824
190 0.027644 0.993548 0.588235
191 0.025374 0.993548 0.588235
192 0.029663 0.993548 0.588235
193 0.027224 0.993548 0.588235
194 0.025088 0.993548 0.588235
195 0.027481 0.993548 0.617647
196 0.024769 0.993548 0.529412
197 0.025719 0.993548 0.588235
198 0.027520 0.993548 0.588235
199 0.031096 0.993548 0.647059
200 0.029494 0.993548 0.676471
201 0.026339 0.993548 0.647059
202 0.024755 0.993548 0.647059
203 0.025015 0.993548 0.647059
204 0.024286 0.993548 0.647059
205 0.023595 0.993548 0.617647
206 0.023508 0.993548 0.617647
207 0.025971 0.993548 0.647059
208 0.022791 0.993548 0.647059
209 0.025693 0.993548 0.647059
210 0.024057 0.993548 0.647059
211 0.024297 0.993548 0.647059
212 0.027599 0.993548 0.647059
213 0.023628 0.993548 0.647059
214 0.025489 0.993548 0.647059
215 0.023339 0.993548 0.647059
216 0.022891 0.993548 0.647059
217 0.024784 0.993548 0.647059
218 0.024440 0.993548 0.647059
219 0.024164 0.993548 0.617647
220 0.024000 0.993548 0.588235
221 0.021722 0.993548 0.647059
222 0.026818 0.993548 0.647059
223 0.024507 0.993548 0.647059
224 0.024383 0.993548 0.617647
225 0.021863 0.993548 0.647059
226 0.024573 0.993548 0.617647
227 0.023231 0.993548 0.647059
228 0.024066 0.993548 0.647059
229 0.021916 0.993548 0.647059
230 0.023954 0.993548 0.647059
231 0.025474 0.993548 0.647059
232 0.024200 0.993548 0.647059
233 0.025331 0.993548 0.647059
234 0.024856 0.993548 0.676471
235 0.024829 0.993548 0.588235
236 0.023926 0.993548 0.617647
237 0.029004 0.993548 0.617647
238 0.021737 0.993548 0.617647
239 0.020241 0.993548 0.617647
240 0.023121 0.993548 0.617647
241 0.025841 0.993548 0.617647
242 0.022036 0.993548 0.647059
243 0.018518 0.993548 0.647059
244 0.026602 0.993548 0.647059
245 0.023348 0.993548 0.647059
246 0.025840 0.993548 0.647059
247 0.023256 0.993548 0.647059
248 0.023929 0.993548 0.647059
249 0.021148 0.993548 0.647059
250 0.023495 0.993548 0.617647
251 0.022862 0.993548 0.617647
252 0.021148 0.993548 0.647059
253 0.020507 0.993548 0.647059
254 0.023006 0.993548 0.647059
255 0.022937 0.993548 0.647059
256 0.022414 0.993548 0.647059
257 0.020223 0.993548 0.647059
258 0.021212 0.993548 0.647059
259 0.020638 0.993548 0.647059
260 0.022540 0.993548 0.647059
261 0.023863 0.993548 0.647059
262 0.021193 0.993548 0.647059
263 0.020188 0.993548 0.647059
264 0.021286 0.993548 0.617647
265 0.025656 0.993548 0.617647
266 0.023594 0.993548 0.647059
267 0.031429 0.993548 0.676471
268 0.023937 0.993548 0.647059
269 0.023413 0.993548 0.617647
270 0.020673 0.993548 0.647059
271 0.021798 0.993548 0.647059
272 0.024898 0.993548 0.647059
273 0.025169 0.993548 0.647059
274 0.022492 0.993548 0.647059
275 0.019795 0.993548 0.647059
276 0.024013 0.993548 0.647059
277 0.021796 0.993548 0.647059
278 0.021729 0.993548 0.647059
279 0.023572 0.993548 0.647059
280 0.021964 0.993548 0.647059
281 0.025830 0.993548 0.647059
282 0.024917 0.993548 0.647059
283 0.022336 0.993548 0.647059
284 0.022275 0.993548 0.647059
285 0.022837 0.993548 0.647059
286 0.022067 0.993548 0.647059
287 0.024773 0.993548 0.647059
288 0.021543 0.993548 0.647059
289 0.022573 0.993548 0.617647
290 0.022620 0.993548 0.647059
291 0.022660 0.993548 0.647059
292 0.023066 0.993548 0.647059
293 0.019795 0.993548 0.647059
294 0.023298 0.993548 0.647059
295 0.022607 0.993548 0.647059
296 0.021739 0.993548 0.647059
297 0.025880 0.993548 0.647059
298 0.023658 0.993548 0.647059
299 0.023111 0.993548 0.647059
300 0.022429 0.993548 0.647059
301 0.023379 0.993548 0.647059
302 0.021718 0.993548 0.647059
303 0.022759 0.993548 0.647059
304 0.018729 0.993548 0.647059
305 0.018635 0.993548 0.647059
306 0.019782 0.993548 0.647059
307 0.020674 0.993548 0.647059
308 0.020631 0.993548 0.647059
309 0.024083 0.993548 0.647059
310 0.021532 0.993548 0.647059
311 0.022223 0.993548 0.647059
312 0.019686 0.993548 0.647059
313 0.020480 0.993548 0.647059
314 0.020001 0.993548 0.647059
315 0.020962 0.993548 0.647059
316 0.022417 0.993548 0.647059
317 0.024313 0.993548 0.647059
318 0.021873 0.993548 0.647059
319 0.022699 0.993548 0.647059
320 0.020132 0.993548 0.647059
321 0.022499 0.993548 0.647059
322 0.019755 0.993548 0.647059
323 0.018644 0.993548 0.647059
324 0.025366 0.993548 0.647059
325 0.021489 0.993548 0.647059
326 0.021575 0.993548 0.647059
327 0.019993 0.993548 0.647059
328 0.021399 0.993548 0.647059
329 0.022580 0.993548 0.647059
330 0.023066 0.993548 0.647059
331 0.021464 0.993548 0.647059
332 0.018347 0.993548 0.647059
333 0.021569 0.993548 0.647059
334 0.021561 0.993548 0.647059
335 0.020100 0.993548 0.647059
336 0.021746 0.993548 0.647059
337 0.021107 0.993548 0.647059
338 0.022327 0.993548 0.647059
339 0.022277 0.993548 0.647059
340 0.023565 0.993548 0.647059
341 0.019375 0.993548 0.676471
342 0.023498 0.993548 0.647059
343 0.021845 0.993548 0.647059
344 0.020726 0.993548 0.647059
345 0.023887 0.993548 0.647059
346 0.018975 0.993548 0.647059
347 0.021858 0.993548 0.647059
348 0.022239 0.993548 0.647059
349 0.021650 0.993548 0.647059
350 0.022140 0.993548 0.617647
