1 126.372347 0.503333 0.510000
2 38.024306 0.569444 0.590000
3 10.855863 0.606667 0.605000
4 10.293174 0.676667 0.675000
5 10.647452 0.585556 0.595000
6 11.716775 0.785556 0.775000
7 12.079042 0.690556 0.670000
8 9.864011 0.746111 0.735000
9 9.181988 0.762778 0.785000
10 6.020524 0.775556 0.790000
11 5.623885 0.696111 0.660000
12 3.779685 0.670556 0.675000
13 5.237393 0.687778 0.690000
14 2.805989 0.742778 0.730000
15 1.553026 0.743333 0.725000
16 3.721414 0.612778 0.620000
17 3.112154 0.746111 0.740000
18 2.001723 0.710000 0.720000
19 3.232247 0.773889 0.775000
20 2.451501 0.730000 0.715000
21 1.498038 0.773889 0.790000
22 1.655662 0.752222 0.775000
23 1.971080 0.712222 0.725000
24 1.336396 0.745556 0.720000
25 1.943747 0.591667 0.585000
26 2.272944 0.760000 0.765000
27 1.038711 0.775000 0.795000
28 1.089588 0.711667 0.715000
29 1.168816 0.680000 0.650000
30 1.185436 0.745000 0.730000
31 0.900203 0.594444 0.595000
32 1.883778 0.713889 0.685000
33 1.253567 0.775556 0.790000
34 0.996579 0.758889 0.775000
35 0.720140 0.768333 0.795000
36 1.198341 0.772222 0.780000
37 0.923420 0.776111 0.775000
38 2.435142 0.770556 0.785000
39 1.299659 0.761111 0.745000
40 1.431023 0.767222 0.760000
41 0.925485 0.749444 0.750000
42 0.818420 0.772778 0.785000
43 0.740326 0.762778 0.740000
44 0.843125 0.743333 0.725000
45 1.315156 0.652778 0.625000
46 0.880898 0.655556 0.620000
47 0.949297 0.668889 0.635000
48 0.803591 0.646667 0.635000
49 0.871020 0.777778 0.785000
50 0.639180 0.768889 0.740000
51 0.662973 0.775556 0.790000
52 0.618177 0.595556 0.580000
53 0.655320 0.762778 0.755000
54 0.669488 0.768889 0.750000
55 0.637573 0.709444 0.660000
56 0.568281 0.785000 0.790000
57 0.631490 0.709444 0.720000
58 0.868703 0.661111 0.640000
59 0.720469 0.749444 0.740000
60 0.627738 0.775556 0.750000
61 0.582418 0.778333 0.790000
62 0.672150 0.746111 0.705000
63 0.639731 0.764444 0.745000
64 0.668104 0.750556 0.725000
65 0.614911 0.761111 0.735000
66 0.625370 0.761111 0.725000
67 0.566489 0.728333 0.705000
68 0.581045 0.707222 0.685000
69 0.605043 0.752222 0.710000
70 0.609195 0.755000 0.730000
71 0.641769 0.742778 0.695000
72 0.607558 0.778333 0.760000
73 0.618602 0.777222 0.760000
74 0.682460 0.770000 0.765000
75 0.662117 0.783333 0.765000
76 0.633841 0.747222 0.720000
77 0.693054 0.766667 0.735000
78 0.598615 0.758333 0.720000
79 0.748812 0.771111 0.750000
80 0.644444 0.758333 0.725000
81 0.643623 0.741667 0.690000
82 0.608930 0.791111 0.775000
83 0.756910 0.750556 0.725000
84 0.699204 0.759444 0.725000
85 0.629502 0.767222 0.740000
86 0.604029 0.767222 0.730000
87 0.641675 0.778889 0.770000
88 0.621019 0.801111 0.785000
89 0.601856 0.776667 0.775000
90 0.590347 0.795000 0.775000
91 0.631035 0.783333 0.775000
92 0.792838 0.733333 0.720000
93 0.652870 0.780000 0.775000
94 0.630161 0.780000 0.770000
95 0.565497 0.747778 0.725000
96 0.633009 0.760000 0.730000
97 0.639434 0.738889 0.715000
98 0.617100 0.774444 0.760000
99 0.578429 0.720556 0.685000
100 0.557269 0.782222 0.760000
101 0.596810 0.742778 0.725000
102 0.567721 0.777778 0.765000
103 0.524747 0.783333 0.765000
104 0.545375 0.792778 0.765000
105 0.614678 0.751667 0.715000
106 0.601533 0.790556 0.760000
107 0.574658 0.718889 0.680000
108 0.543667 0.749444 0.725000
109 0.683409 0.745556 0.725000
110 0.597606 0.767222 0.730000
111 0.636822 0.772222 0.760000
112 0.584167 0.770000 0.735000
113 0.562634 0.703889 0.695000
114 0.639918 0.743333 0.725000
115 0.724916 0.781111 0.765000
116 0.623965 0.760556 0.735000
117 0.536413 0.785556 0.765000
118 0.590254 0.763889 0.735000
119 0.546764 0.740000 0.715000
120 0.522335 0.760556 0.715000
121 0.557565 0.753889 0.740000
122 0.657075 0.684444 0.675000
123 0.669182 0.743889 0.730000
124 0.570262 0.766111 0.735000
125 0.555718 0.715556 0.700000
126 0.542099 0.774444 0.750000
127 0.583011 0.778333 0.745000
128 0.734903 0.759444 0.720000
129 0.618199 0.722778 0.680000
130 0.599301 0.689444 0.700000
131 0.651919 0.764444 0.735000
132 0.615639 0.773889 0.735000
133 0.539371 0.770000 0.740000
134 0.591620 0.775556 0.755000
135 0.543451 0.753333 0.725000
136 0.591274 0.755556 0.710000
137 0.562621 0.756667 0.715000
138 0.613872 0.798333 0.795000
139 0.560100 0.784444 0.745000
140 0.648611 0.756111 0.715000
141 0.582257 0.800556 0.760000
142 0.533705 0.757778 0.705000
143 0.530926 0.760556 0.720000
144 0.546345 0.744444 0.710000
145 0.539610 0.757778 0.725000
146 0.653734 0.773333 0.765000
147 0.540333 0.750000 0.715000
148 0.554082 0.729444 0.695000
149 0.559513 0.791667 0.770000
150 0.520949 0.736111 0.710000
151 0.531866 0.772222 0.750000
152 0.532437 0.796111 0.760000
153 0.528265 0.756111 0.725000
154 0.541080 0.749444 0.720000
155 0.532490 0.768333 0.745000
156 0.571410 0.793333 0.740000
157 0.523363 0.796111 0.775000
158 0.514948 0.771667 0.765000
159 0.667809 0.792778 0.770000
160 0.525897 0.775000 0.760000
161 0.515419 0.782222 0.745000
162 0.856406 0.784444 0.750000
163 0.513471 0.781111 0.765000
164 0.558291 0.796667 0.765000
165 0.525489 0.767778 0.735000
166 0.542585 0.781111 0.760000
167 0.539192 0.801111 0.755000
168 0.526686 0.783889 0.760000
169 0.533843 0.768333 0.750000
170 0.540159 0.757222 0.725000
171 0.523470 0.747778 0.720000
172 0.522562 0.789444 0.755000
173 0.533983 0.768333 0.750000
174 0.517892 0.781667 0.745000
175 0.526499 0.771667 0.750000
176 0.535783 0.768333 0.720000
177 0.530170 0.748889 0.720000
178 0.575487 0.721111 0.690000
179 0.554683 0.755000 0.730000
180 0.524051 0.804444 0.775000
181 0.535667 0.755000 0.715000
182 0.536911 0.782778 0.755000
183 0.536488 0.759444 0.710000
184 0.546244 0.741667 0.725000
185 0.549970 0.771111 0.755000
186 0.518779 0.703333 0.700000
187 0.554906 0.763889 0.750000
188 0.530801 0.776111 0.755000
189 0.509316 0.799444 0.775000
190 0.517422 0.766111 0.740000
191 0.531331 0.778889 0.745000
192 0.534699 0.775000 0.755000
193 0.532081 0.778889 0.750000
194 0.526471 0.768889 0.720000
195 0.522207 0.795000 0.770000
196 0.521552 0.795000 0.755000
197 0.517777 0.757778 0.715000
198 0.533724 0.763333 0.750000
199 0.550826 0.755556 0.715000
200 0.519762 0.761667 0.720000
201 0.525363 0.781111 0.750000
202 0.525635 0.797778 0.765000
203 0.516463 0.762778 0.740000
204 0.515787 0.793333 0.775000
205 0.515187 0.795000 0.755000
206 0.516612 0.786667 0.755000
207 0.514293 0.797222 0.780000
208 0.516206 0.786667 0.770000
209 0.530342 0.800556 0.765000
210 0.507253 0.772778 0.755000
211 0.513050 0.763889 0.735000
212 0.510004 0.762778 0.735000
213 0.542919 0.755000 0.725000
214 0.520851 0.783333 0.745000
215 0.533069 0.785556 0.760000
216 0.520988 0.798889 0.765000
217 0.528886 0.755556 0.730000
218 0.507168 0.791667 0.770000
219 0.522755 0.772778 0.755000
220 0.515237 0.756667 0.730000
221 0.523445 0.740556 0.725000
222 0.511595 0.780000 0.760000
223 0.520116 0.803333 0.770000
224 0.513455 0.778333 0.750000
225 0.521621 0.789444 0.755000
226 0.522652 0.778333 0.740000
227 0.529409 0.746667 0.725000
228 0.517223 0.766667 0.750000
229 0.513348 0.785556 0.755000
230 0.500053 0.775000 0.750000
231 0.515055 0.777778 0.760000
232 0.514292 0.749444 0.725000
233 0.516816 0.786111 0.750000
234 0.527634 0.797778 0.755000
235 0.524828 0.771667 0.750000
236 0.524366 0.803333 0.760000
237 0.534006 0.781111 0.755000
238 0.526876 0.794444 0.765000
239 0.507143 0.770000 0.725000
240 0.519252 0.762222 0.745000
241 0.511243 0.791667 0.760000
242 0.525117 0.774444 0.755000
243 0.518977 0.766111 0.750000
244 0.519278 0.773333 0.760000
245 0.512527 0.801667 0.760000
246 0.512380 0.795556 0.765000
247 0.532591 0.768333 0.755000
248 0.523313 0.788889 0.755000
249 0.515738 0.778333 0.755000
250 0.512455 0.765556 0.745000
251 0.505092 0.795000 0.775000
252 0.522363 0.781111 0.750000
253 0.507140 0.802778 0.760000
254 0.510817 0.802778 0.770000
255 0.523019 0.791111 0.770000
256 0.503001 0.780556 0.760000
257 0.521373 0.789444 0.750000
258 0.509368 0.774444 0.770000
259 0.515433 0.788889 0.760000
260 0.519008 0.774444 0.755000
261 0.517950 0.778889 0.750000
262 0.505562 0.793889 0.755000
263 0.504331 0.775000 0.765000
264 0.508308 0.780000 0.765000
265 0.504486 0.785556 0.740000
266 0.524917 0.808333 0.760000
267 0.513231 0.798889 0.765000
268 0.517924 0.778333 0.760000
269 0.515064 0.798889 0.765000
270 0.514431 0.800556 0.765000
271 0.505685 0.807778 0.775000
272 0.511146 0.793333 0.770000
273 0.503690 0.768889 0.750000
274 0.521192 0.759444 0.725000
275 0.511746 0.792778 0.775000
276 0.500397 0.805000 0.775000
277 0.512660 0.813333 0.775000
278 0.519399 0.791111 0.765000
279 0.505646 0.779444 0.760000
280 0.496200 0.781111 0.770000
281 0.508124 0.775000 0.755000
282 0.506360 0.763889 0.745000
283 0.504264 0.811111 0.775000
284 0.504839 0.786111 0.765000
285 0.499908 0.777222 0.765000
286 0.491599 0.783889 0.770000
287 0.509210 0.793889 0.775000
288 0.495724 0.795000 0.775000
289 0.495860 0.801111 0.775000
290 0.508268 0.796667 0.765000
291 0.497206 0.778333 0.770000
292 0.506713 0.796111 0.790000
293 0.491946 0.810000 0.760000
294 0.515918 0.783333 0.775000
295 0.497532 0.795556 0.780000
296 0.506197 0.800556 0.790000
297 0.482917 0.762222 0.740000
298 0.491027 0.816667 0.790000
299 0.506493 0.812778 0.780000
300 0.502079 0.802778 0.780000
301 0.485869 0.766667 0.745000
302 0.503736 0.782778 0.780000
303 0.494383 0.808333 0.780000
304 0.486396 0.815556 0.785000
305 0.502132 0.801667 0.785000
306 0.487129 0.801667 0.790000
307 0.484688 0.791111 0.780000
308 0.500035 0.820000 0.790000
309 0.497434 0.795000 0.780000
310 0.511134 0.803889 0.780000
311 0.490329 0.813333 0.780000
312 0.498985 0.803889 0.800000
313 0.483655 0.799444 0.780000
314 0.483073 0.813889 0.775000
315 0.495855 0.822778 0.800000
316 0.487574 0.801111 0.775000
317 0.490590 0.817778 0.790000
318 0.495555 0.807222 0.785000
319 0.482430 0.806667 0.790000
320 0.496656 0.817778 0.785000
321 0.489428 0.792222 0.785000
322 0.487975 0.826111 0.805000
323 0.485033 0.805556 0.790000
324 0.501085 0.824444 0.795000
325 0.500165 0.818333 0.790000
326 0.481047 0.807778 0.785000
327 0.488235 0.806667 0.790000
328 0.492524 0.820556 0.790000
329 0.482967 0.827222 0.800000
330 0.483284 0.807778 0.785000
331 0.494082 0.821111 0.790000
332 0.476258 0.786111 0.775000
333 0.503624 0.838889 0.810000
334 0.484064 0.831111 0.810000
335 0.492149 0.789444 0.780000
336 0.477509 0.831667 0.810000
337 0.478529 0.814444 0.795000
338 0.491026 0.837222 0.820000
339 0.498853 0.834444 0.820000
340 0.480460 0.809444 0.795000
341 0.491454 0.840556 0.820000
342 0.479295 0.827778 0.815000
343 0.486661 0.806667 0.795000
344 0.498385 0.821111 0.810000
345 0.468515 0.810556 0.785000
346 0.476494 0.833889 0.820000
347 0.466173 0.822778 0.815000
348 0.488380 0.836667 0.835000
349 0.476935 0.823333 0.805000
350 0.488195 0.827222 0.800000
