1 1.656102 0.758889 0.700000
2 0.655901 0.758889 0.680000
3 0.618322 0.707778 0.690000
4 0.531695 0.772222 0.720000
5 0.589328 0.710000 0.700000
6 0.497982 0.794444 0.710000
7 0.511153 0.768889 0.650000
8 0.444518 0.786667 0.650000
9 0.414120 0.818889 0.720000
10 0.389764 0.833333 0.710000
11 0.398067 0.811111 0.670000
12 0.414937 0.825556 0.720000
13 0.395484 0.842222 0.680000
14 0.383011 0.803333 0.690000
15 0.376423 0.834444 0.640000
16 0.347332 0.836667 0.680000
17 0.346525 0.858889 0.690000
18 0.340010 0.841111 0.680000
19 0.336220 0.846667 0.670000
20 0.354698 0.860000 0.740000
21 0.339182 0.837778 0.730000
22 0.315508 0.880000 0.700000
23 0.880476 0.727778 0.710000
24 0.569705 0.802222 0.690000
25 0.464497 0.786667 0.680000
26 0.409523 0.831111 0.660000
27 0.368410 0.858889 0.670000
28 0.351844 0.838889 0.700000
29 0.338934 0.850000 0.710000
30 0.327177 0.868889 0.670000
31 0.343595 0.862222 0.710000
32 1.941869 0.825556 0.680000
33 0.380226 0.866667 0.680000
34 0.328273 0.861111 0.690000
35 0.330374 0.878889 0.690000
36 0.321935 0.882222 0.680000
37 0.313851 0.872222 0.720000
38 0.287723 0.857778 0.680000
39 0.298221 0.880000 0.660000
40 0.300947 0.862222 0.690000
41 0.295336 0.894444 0.680000
42 0.282029 0.893333 0.690000
43 0.286204 0.873333 0.690000
44 0.284918 0.877778 0.680000
45 0.264696 0.881111 0.680000
46 0.304694 0.871111 0.680000
47 0.289295 0.893333 0.690000
48 0.267878 0.902222 0.680000
49 0.241601 0.892222 0.680000
50 0.230660 0.914444 0.650000
51 0.226272 0.901111 0.680000
52 0.223634 0.917778 0.670000
53 0.212629 0.914444 0.720000
54 0.215391 0.918889 0.670000
55 0.230033 0.913333 0.670000
56 0.216454 0.914444 0.690000
57 0.203071 0.920000 0.710000
58 0.207372 0.916667 0.680000
59 0.214521 0.918889 0.670000
60 0.220957 0.913333 0.700000
61 0.229270 0.922222 0.690000
62 0.231450 0.902222 0.650000
63 0.223594 0.920000 0.670000
64 0.204904 0.922222 0.670000
65 0.199765 0.921111 0.660000
66 0.202162 0.924444 0.640000
67 0.376153 0.914444 0.650000
68 0.214485 0.907778 0.630000
69 0.225695 0.918889 0.680000
70 0.199865 0.925556 0.630000
71 0.194147 0.921111 0.660000
72 0.214860 0.920000 0.670000
73 0.204979 0.911111 0.680000
74 0.203681 0.932222 0.670000
75 0.207416 0.924444 0.680000
76 0.198164 0.924444 0.700000
77 0.185753 0.933333 0.670000
78 0.191331 0.930000 0.660000
79 0.185717 0.921111 0.730000
80 0.185091 0.926667 0.670000
81 0.187774 0.922222 0.690000
82 0.172985 0.921111 0.670000
83 0.182348 0.930000 0.640000
84 0.186476 0.931111 0.650000
85 0.215646 0.932222 0.650000
86 0.182313 0.926667 0.670000
87 0.181357 0.930000 0.640000
88 0.176123 0.927778 0.650000
89 0.180830 0.927778 0.650000
90 0.176628 0.936667 0.650000
91 0.166789 0.935556 0.680000
92 0.186950 0.932222 0.670000
93 0.181430 0.932222 0.690000
94 0.186558 0.928889 0.650000
95 0.193872 0.928889 0.650000
96 0.193453 0.933333 0.680000
97 0.171609 0.932222 0.680000
98 0.179550 0.928889 0.650000
99 0.170055 0.941111 0.630000
100 0.165932 0.940000 0.660000
101 0.153537 0.942222 0.650000
102 0.148338 0.942222 0.650000
103 0.150152 0.942222 0.680000
104 0.149418 0.942222 0.680000
105 0.145620 0.944444 0.670000
106 0.157030 0.935556 0.640000
107 0.151874 0.937778 0.620000
108 0.157532 0.941111 0.690000
109 0.157788 0.941111 0.620000
110 0.148544 0.940000 0.630000
111 0.137616 0.943333 0.690000
112 0.136612 0.945556 0.660000
113 0.140541 0.943333 0.660000
114 0.130892 0.945556 0.640000
115 0.147738 0.936667 0.660000
116 0.165626 0.938889 0.620000
117 0.152447 0.941111 0.640000
118 0.140561 0.944444 0.670000
119 0.139347 0.940000 0.690000
120 0.129374 0.947778 0.650000
121 0.139312 0.943333 0.650000
122 0.138068 0.932222 0.670000
123 0.144199 0.944444 0.660000
124 0.128404 0.946667 0.650000
125 0.140789 0.944444 0.640000
126 0.135511 0.942222 0.660000
127 0.123570 0.947778 0.660000
128 0.151029 0.940000 0.640000
129 0.132082 0.940000 0.690000
130 0.141038 0.945556 0.670000
131 0.157276 0.938889 0.680000
132 0.146116 0.945556 0.680000
133 0.143450 0.943333 0.660000
134 0.139043 0.946667 0.670000
135 0.141833 0.948889 0.650000
136 0.136817 0.947778 0.650000
137 0.142290 0.947778 0.620000
138 0.135495 0.946667 0.640000
139 0.140619 0.943333 0.640000
140 0.133601 0.948889 0.670000
141 0.131340 0.947778 0.620000
142 0.132692 0.944444 0.650000
143 0.130981 0.948889 0.640000
144 0.150851 0.947778 0.670000
145 0.131719 0.946667 0.660000
146 0.127154 0.946667 0.660000
147 0.129890 0.950000 0.660000
148 0.131507 0.943333 0.660000
149 0.131305 0.946667 0.660000
150 0.122811 0.944444 0.670000
151 0.122599 0.948889 0.680000
152 0.125584 0.948889 0.660000
153 0.124335 0.947778 0.640000
154 0.126354 0.951111 0.640000
155 0.125650 0.947778 0.640000
156 0.127912 0.945556 0.660000
157 0.121755 0.948889 0.610000
158 0.116894 0.950000 0.650000
159 0.113349 0.948889 0.630000
160 0.126351 0.948889 0.640000
161 0.124655 0.948889 0.660000
162 0.116983 0.946667 0.670000
163 0.120827 0.950000 0.640000
164 0.115978 0.951111 0.650000
165 0.107998 0.947778 0.630000
166 0.127394 0.948889 0.650000
167 0.119005 0.947778 0.650000
168 0.115639 0.951111 0.630000
169 0.116815 0.952222 0.630000
170 0.115516 0.950000 0.640000
171 0.119442 0.950000 0.660000
172 0.110385 0.950000 0.640000
173 0.121714 0.950000 0.650000
174 0.113302 0.948889 0.640000
175 0.122469 0.950000 0.670000
176 0.124226 0.951111 0.660000
177 0.122517 0.948889 0.670000
178 0.117123 0.951111 0.660000
179 0.111047 0.951111 0.660000
180 0.123417 0.952222 0.640000
181 0.118163 0.951111 0.630000
182 0.118152 0.953333 0.630000
183 0.117413 0.951111 0.670000
184 0.120908 0.952222 0.650000
185 0.111454 0.948889 0.660000
186 0.116582 0.954444 0.650000
187 0.142134 0.948889 0.640000
188 0.112855 0.952222 0.650000
189 0.114546 0.952222 0.660000
190 0.119737 0.947778 0.680000
191 0.111981 0.951111 0.670000
192 0.109314 0.951111 0.650000
193 0.109893 0.953333 0.670000
194 0.113659 0.950000 0.650000
195 0.115741 0.948889 0.660000
196 0.117744 0.951111 0.660000
197 0.110194 0.953333 0.670000
198 0.112423 0.950000 0.680000
199 0.109440 0.950000 0.640000
200 0.102312 0.950000 0.630000
201 0.107357 0.952222 0.680000
202 0.110243 0.953333 0.650000
203 0.106653 0.953333 0.670000
204 0.105435 0.953333 0.650000
205 0.100642 0.953333 0.640000
206 0.101485 0.952222 0.650000
207 0.103911 0.953333 0.650000
208 0.110313 0.952222 0.650000
209 0.103291 0.952222 0.650000
210 0.108364 0.952222 0.640000
211 0.103835 0.953333 0.650000
212 0.100351 0.951111 0.660000
213 0.102633 0.952222 0.660000
214 0.111483 0.953333 0.670000
215 0.106777 0.952222 0.650000
216 0.105618 0.954444 0.680000
217 0.108849 0.953333 0.650000
218 0.110130 0.954444 0.680000
219 0.112083 0.952222 0.680000
220 0.103738 0.952222 0.670000
221 0.106227 0.953333 0.650000
222 0.103197 0.954444 0.650000
223 0.107787 0.952222 0.670000
224 0.103898 0.952222 0.690000
225 0.108289 0.953333 0.670000
226 0.106640 0.953333 0.660000
227 0.103203 0.950000 0.670000
228 0.105795 0.954444 0.680000
229 0.095620 0.953333 0.670000
230 0.098231 0.954444 0.670000
231 0.100541 0.953333 0.680000
232 0.107301 0.952222 0.680000
233 0.100030 0.955556 0.660000
234 0.101657 0.953333 0.660000
235 0.104230 0.952222 0.660000
236 0.103256 0.952222 0.670000
237 0.103352 0.953333 0.670000
238 0.097297 0.953333 0.680000
239 0.106149 0.953333 0.660000
240 0.103636 0.953333 0.690000
241 0.095694 0.953333 0.660000
242 0.106948 0.952222 0.670000
243 0.107277 0.953333 0.660000
244 0.098145 0.953333 0.670000
245 0.101891 0.953333 0.660000
246 0.097008 0.953333 0.670000
247 0.112552 0.952222 0.660000
248 0.101552 0.952222 0.660000
249 0.103269 0.954444 0.660000
250 0.101502 0.952222 0.670000
251 0.098159 0.954444 0.670000
252 0.098107 0.952222 0.680000
253 0.095069 0.952222 0.670000
254 0.094431 0.954444 0.660000
255 0.098207 0.953333 0.660000
256 0.099268 0.953333 0.660000
257 0.095072 0.952222 0.670000
258 0.102116 0.953333 0.670000
259 0.097455 0.954444 0.660000
260 0.093471 0.955556 0.660000
261 0.099820 0.951111 0.670000
262 0.096863 0.954444 0.640000
263 0.109362 0.954444 0.660000
264 0.099408 0.953333 0.660000
265 0.102971 0.953333 0.660000
266 0.105509 0.953333 0.670000
267 0.099169 0.953333 0.650000
268 0.096371 0.951111 0.660000
269 0.100723 0.952222 0.650000
270 0.114035 0.953333 0.660000
271 0.101203 0.952222 0.660000
272 0.103419 0.953333 0.670000
273 0.093602 0.954444 0.660000
274 0.100469 0.953333 0.660000
275 0.098246 0.953333 0.650000
276 0.101745 0.953333 0.650000
277 0.098186 0.954444 0.660000
278 0.098311 0.955556 0.650000
279 0.100197 0.955556 0.660000
280 0.096973 0.954444 0.670000
281 0.097150 0.954444 0.670000
282 0.102942 0.953333 0.660000
283 0.100329 0.953333 0.650000
284 0.099760 0.952222 0.640000
285 0.099883 0.954444 0.670000
286 0.108493 0.953333 0.660000
287 0.099652 0.955556 0.660000
288 0.102516 0.954444 0.680000
289 0.098777 0.954444 0.640000
290 0.103269 0.954444 0.660000
291 0.099780 0.953333 0.640000
292 0.096505 0.953333 0.660000
293 0.093358 0.952222 0.650000
294 0.091504 0.952222 0.660000
295 0.094624 0.952222 0.660000
296 0.098975 0.953333 0.660000
297 0.090443 0.955556 0.660000
298 0.101409 0.954444 0.660000
299 0.099431 0.954444 0.670000
300 0.096176 0.953333 0.670000
301 0.093524 0.954444 0.640000
302 0.111526 0.953333 0.650000
303 0.100109 0.952222 0.670000
304 0.094764 0.953333 0.660000
305 0.095854 0.953333 0.660000
306 0.093990 0.953333 0.650000
307 0.089901 0.953333 0.650000
308 0.095838 0.952222 0.660000
309 0.098474 0.954444 0.660000
310 0.097315 0.952222 0.650000
311 0.098516 0.953333 0.650000
312 0.089580 0.953333 0.650000
313 0.100568 0.954444 0.650000
314 0.090932 0.952222 0.660000
315 0.093824 0.953333 0.650000
316 0.101666 0.954444 0.660000
317 0.096068 0.954444 0.660000
318 0.094527 0.953333 0.650000
319 0.093188 0.954444 0.650000
320 0.093528 0.952222 0.660000
321 0.095062 0.954444 0.660000
322 0.096085 0.953333 0.660000
323 0.095097 0.954444 0.660000
324 0.101634 0.955556 0.670000
325 0.098371 0.954444 0.660000
326 0.094910 0.954444 0.660000
327 0.092805 0.954444 0.670000
328 0.093992 0.954444 0.660000
329 0.096948 0.954444 0.680000
330 0.090568 0.954444 0.660000
331 0.098972 0.954444 0.680000
332 0.094994 0.953333 0.680000
333 0.089581 0.954444 0.680000
334 0.094739 0.954444 0.660000
335 0.088703 0.956667 0.660000
336 0.095759 0.955556 0.670000
337 0.095721 0.952222 0.660000
338 0.101512 0.953333 0.660000
339 0.099153 0.954444 0.670000
340 0.101001 0.954444 0.650000
341 0.094323 0.954444 0.660000
342 0.094883 0.954444 0.670000
343 0.101832 0.953333 0.640000
344 0.101360 0.955556 0.660000
345 0.097450 0.954444 0.660000
346 0.101515 0.952222 0.650000
347 0.099605 0.954444 0.670000
348 0.101131 0.954444 0.670000
349 0.092762 0.954444 0.650000
350 0.093579 0.955556 0.670000
