1 7.434458 0.709581 0.666667
2 4.403502 0.679641 0.684685
3 2.758790 0.744511 0.693694
4 1.968193 0.644711 0.567568
5 2.027071 0.743513 0.675676
6 2.010662 0.669661 0.648649
7 1.496746 0.749501 0.702703
8 1.386692 0.703593 0.639640
9 1.273643 0.675649 0.675676
10 1.078103 0.736527 0.702703
11 0.830879 0.744511 0.648649
12 0.669160 0.750499 0.720721
13 0.701779 0.761477 0.738739
14 0.622362 0.742515 0.639640
15 0.587644 0.767465 0.747748
16 0.555174 0.748503 0.639640
17 0.552076 0.769461 0.747748
18 0.570709 0.782435 0.702703
19 0.551250 0.680639 0.603604
20 0.542501 0.759481 0.702703
21 0.542394 0.753493 0.684685
22 0.546061 0.801397 0.693694
23 0.540107 0.788423 0.711712
24 0.497763 0.757485 0.666667
25 0.508444 0.784431 0.684685
26 0.550688 0.788423 0.747748
27 0.504780 0.793413 0.684685
28 0.562563 0.770459 0.711712
29 0.710343 0.754491 0.711712
30 0.606404 0.776447 0.684685
31 0.526751 0.743513 0.657658
32 0.510325 0.783433 0.711712
33 0.503864 0.797405 0.711712
34 0.485861 0.781437 0.693694
35 0.467829 0.780439 0.702703
36 0.472690 0.811377 0.693694
37 0.479133 0.773453 0.639640
38 0.478792 0.770459 0.684685
39 0.468038 0.800399 0.693694
40 0.461672 0.775449 0.621622
41 0.440722 0.814371 0.693694
42 0.467573 0.801397 0.657658
43 0.443110 0.816367 0.711712
44 0.448865 0.804391 0.684685
45 0.449289 0.797405 0.639640
46 0.456579 0.747505 0.594595
47 0.445641 0.811377 0.684685
48 0.438821 0.818363 0.612613
49 0.424448 0.773453 0.630631
50 0.421412 0.857285 0.648649
51 0.396338 0.860279 0.666667
52 0.389846 0.848303 0.693694
53 0.362556 0.867265 0.621622
54 0.359354 0.866267 0.702703
55 0.384190 0.802395 0.585586
56 0.370768 0.863273 0.675676
57 0.348620 0.861277 0.720721
58 0.340098 0.866267 0.675676
59 0.353416 0.818363 0.693694
60 0.370892 0.892216 0.702703
61 0.329185 0.878244 0.693694
62 0.335677 0.878244 0.693694
63 0.339703 0.870259 0.702703
64 0.335052 0.892216 0.675676
65 0.303616 0.892216 0.657658
66 0.340818 0.886228 0.666667
67 0.290807 0.870259 0.648649
68 0.308042 0.875250 0.720721
69 0.309834 0.906188 0.711712
70 0.287721 0.905190 0.702703
71 0.267912 0.895210 0.720721
72 0.292363 0.907186 0.639640
73 0.293689 0.909182 0.675676
74 0.251137 0.898204 0.639640
75 0.304922 0.848303 0.612613
76 0.293804 0.917166 0.684685
77 0.249885 0.893214 0.720721
78 0.290290 0.919162 0.720721
79 0.261933 0.914172 0.711712
80 0.238797 0.943114 0.747748
81 0.243918 0.930140 0.747748
82 0.258706 0.934132 0.756757
83 0.230119 0.938124 0.729730
84 0.291296 0.893214 0.693694
85 0.265683 0.920160 0.738739
86 0.237616 0.938124 0.684685
87 0.222690 0.935130 0.747748
88 0.236798 0.911178 0.729730
89 0.285327 0.926148 0.738739
90 0.200781 0.957086 0.711712
91 0.248071 0.924152 0.702703
92 0.246444 0.949102 0.765766
93 0.213964 0.934132 0.756757
94 0.222390 0.931138 0.702703
95 0.233979 0.958084 0.675676
96 0.180612 0.958084 0.747748
97 0.196978 0.930140 0.702703
98 0.199906 0.953094 0.684685
99 0.190498 0.912176 0.693694
100 0.180897 0.972056 0.720721
101 0.124048 0.975050 0.720721
102 0.130411 0.970060 0.702703
103 0.116761 0.977046 0.711712
104 0.137931 0.974052 0.738739
105 0.117088 0.981038 0.702703
106 0.122336 0.980040 0.711712
107 0.113999 0.980040 0.702703
108 0.106657 0.983034 0.684685
109 0.127551 0.974052 0.684685
110 0.119390 0.979042 0.738739
111 0.157866 0.972056 0.738739
112 0.138002 0.974052 0.711712
113 0.123029 0.975050 0.747748
114 0.125142 0.980040 0.720721
115 0.169423 0.973054 0.729730
116 0.138966 0.970060 0.711712
117 0.108674 0.985030 0.729730
118 0.096377 0.975050 0.738739
119 0.109199 0.979042 0.747748
120 0.109597 0.969062 0.720721
121 0.111825 0.982036 0.729730
122 0.112726 0.979042 0.711712
123 0.119137 0.979042 0.747748
124 0.142901 0.981038 0.702703
125 0.098738 0.985030 0.702703
126 0.102738 0.980040 0.666667
127 0.115534 0.976048 0.675676
128 0.129243 0.977046 0.711712
129 0.122394 0.987026 0.756757
130 0.087653 0.982036 0.720721
131 0.092265 0.986028 0.702703
132 0.093657 0.987026 0.720721
133 0.081756 0.986028 0.720721
134 0.096186 0.983034 0.675676
135 0.094271 0.985030 0.720721
136 0.122669 0.975050 0.675676
137 0.141805 0.975050 0.693694
138 0.120497 0.987026 0.720721
139 0.107463 0.986028 0.738739
140 0.095631 0.984032 0.711712
141 0.088816 0.989022 0.738739
142 0.092753 0.971058 0.666667
143 0.097728 0.969062 0.684685
144 0.137758 0.987026 0.684685
145 0.103636 0.987026 0.720721
146 0.083280 0.989022 0.684685
147 0.074792 0.989022 0.711712
148 0.078842 0.985030 0.684685
149 0.092901 0.982036 0.720721
150 0.106097 0.989022 0.684685
151 0.072409 0.991018 0.711712
152 0.083645 0.988024 0.747748
153 0.070611 0.992016 0.738739
154 0.061666 0.991018 0.684685
155 0.069494 0.992016 0.711712
156 0.074508 0.992016 0.693694
157 0.067988 0.991018 0.702703
158 0.061872 0.991018 0.702703
159 0.069764 0.990020 0.738739
160 0.071746 0.994012 0.738739
161 0.066329 0.992016 0.747748
162 0.053298 0.992016 0.738739
163 0.069070 0.992016 0.756757
164 0.077493 0.993014 0.711712
165 0.058647 0.993014 0.729730
166 0.057142 0.994012 0.711712
167 0.061203 0.995010 0.729730
168 0.061658 0.993014 0.720721
169 0.063260 0.993014 0.729730
170 0.067752 0.994012 0.738739
171 0.075232 0.992016 0.675676
172 0.074617 0.993014 0.711712
173 0.065559 0.995010 0.720721
174 0.056850 0.996008 0.729730
175 0.059594 0.996008 0.675676
176 0.053237 0.996008 0.729730
177 0.049185 0.995010 0.711712
178 0.049630 0.993014 0.738739
179 0.057953 0.994012 0.711712
180 0.056413 0.995010 0.720721
181 0.052828 0.995010 0.702703
182 0.056708 0.994012 0.675676
183 0.056860 0.996008 0.693694
184 0.078827 0.993014 0.693694
185 0.058673 0.993014 0.711712
186 0.060831 0.993014 0.693694
187 0.074765 0.991018 0.675676
188 0.086464 0.992016 0.675676
189 0.077566 0.995010 0.711712
190 0.059558 0.994012 0.702703
191 0.054813 0.994012 0.711712
192 0.052583 0.992016 0.702703
193 0.060476 0.995010 0.693694
194 0.060575 0.992016 0.684685
195 0.063304 0.995010 0.666667
196 0.057371 0.994012 0.711712
197 0.078663 0.991018 0.711712
198 0.068111 0.992016 0.675676
199 0.060995 0.995010 0.720721
200 0.043233 0.996008 0.702703
201 0.044468 0.995010 0.720721
202 0.061789 0.995010 0.684685
203 0.045817 0.995010 0.693694
204 0.047321 0.996008 0.675676
205 0.047781 0.997006 0.693694
206 0.043891 0.997006 0.693694
207 0.040975 0.996008 0.684685
208 0.045902 0.996008 0.684685
209 0.040479 0.997006 0.711712
210 0.045689 0.996008 0.702703
211 0.039843 0.997006 0.711712
212 0.040110 0.995010 0.702703
213 0.037441 0.997006 0.729730
214 0.041572 0.997006 0.693694
215 0.043330 0.997006 0.711712
216 0.036968 0.997006 0.675676
217 0.034826 0.997006 0.693694
218 0.050588 0.996008 0.693694
219 0.037284 0.997006 0.684685
220 0.035335 0.997006 0.684685
221 0.035860 0.997006 0.693694
222 0.045694 0.997006 0.711712
223 0.045135 0.997006 0.711712
224 0.039373 0.997006 0.702703
225 0.038504 0.997006 0.702703
226 0.045904 0.997006 0.693694
227 0.036404 0.997006 0.702703
228 0.062899 0.997006 0.720721
229 0.040778 0.996008 0.702703
230 0.048032 0.994012 0.684685
231 0.043249 0.997006 0.684685
232 0.043407 0.997006 0.702703
233 0.033607 0.997006 0.702703
234 0.041972 0.996008 0.657658
235 0.052983 0.997006 0.693694
236 0.048272 0.996008 0.675676
237 0.044838 0.997006 0.675676
238 0.042793 0.993014 0.693694
239 0.053425 0.997006 0.684685
240 0.041266 0.996008 0.729730
241 0.036500 0.997006 0.702703
242 0.035392 0.996008 0.702703
243 0.033441 0.997006 0.720721
244 0.046339 0.996008 0.675676
245 0.036145 0.997006 0.720721
246 0.041619 0.997006 0.702703
247 0.039801 0.997006 0.666667
248 0.051645 0.997006 0.693694
249 0.041128 0.997006 0.684685
250 0.039495 0.997006 0.693694
251 0.036280 0.997006 0.684685
252 0.035976 0.997006 0.711712
253 0.032889 0.997006 0.702703
254 0.036228 0.997006 0.684685
255 0.039006 0.997006 0.693694
256 0.034961 0.997006 0.684685
257 0.033214 0.997006 0.684685
258 0.033699 0.997006 0.702703
259 0.034655 0.997006 0.693694
260 0.030463 0.997006 0.693694
261 0.040408 0.997006 0.675676
262 0.032776 0.997006 0.684685
263 0.028529 0.997006 0.693694
264 0.032002 0.997006 0.720721
265 0.037059 0.997006 0.684685
266 0.028338 0.997006 0.666667
267 0.036199 0.997006 0.693694
268 0.029757 0.997006 0.702703
269 0.036020 0.996008 0.675676
270 0.033412 0.997006 0.684685
271 0.040501 0.997006 0.693694
272 0.035064 0.997006 0.675676
273 0.034352 0.997006 0.666667
274 0.033573 0.997006 0.711712
275 0.033172 0.997006 0.693694
276 0.041223 0.997006 0.684685
277 0.037308 0.997006 0.684685
278 0.037091 0.997006 0.693694
279 0.032858 0.997006 0.702703
280 0.040651 0.997006 0.711712
281 0.032244 0.997006 0.738739
282 0.034642 0.997006 0.720721
283 0.031006 0.997006 0.729730
284 0.037621 0.997006 0.720721
285 0.035230 0.997006 0.711712
286 0.030898 0.997006 0.729730
287 0.036143 0.997006 0.711712
288 0.029611 0.997006 0.711712
289 0.036644 0.997006 0.729730
290 0.031491 0.997006 0.711712
291 0.035549 0.997006 0.720721
292 0.036153 0.997006 0.702703
293 0.032169 0.997006 0.702703
294 0.035909 0.997006 0.702703
295 0.028984 0.997006 0.693694
296 0.032660 0.997006 0.711712
297 0.031760 0.997006 0.702703
298 0.032036 0.997006 0.711712
299 0.032598 0.997006 0.702703
300 0.031764 0.997006 0.720721
301 0.036602 0.997006 0.711712
302 0.032930 0.997006 0.702703
303 0.034714 0.997006 0.702703
304 0.027850 0.997006 0.711712
305 0.036091 0.997006 0.693694
306 0.029675 0.997006 0.693694
307 0.033297 0.997006 0.711712
308 0.030891 0.997006 0.711712
309 0.029330 0.997006 0.711712
310 0.033628 0.997006 0.711712
311 0.027845 0.997006 0.702703
312 0.030915 0.997006 0.693694
313 0.029489 0.997006 0.711712
314 0.028041 0.997006 0.702703
315 0.028754 0.997006 0.702703
316 0.029401 0.997006 0.684685
317 0.035077 0.997006 0.702703
318 0.029090 0.997006 0.693694
319 0.028306 0.997006 0.702703
320 0.029244 0.997006 0.675676
321 0.025669 0.997006 0.702703
322 0.031551 0.997006 0.702703
323 0.034982 0.997006 0.684685
324 0.028146 0.997006 0.702703
325 0.029883 0.997006 0.702703
326 0.029560 0.997006 0.693694
327 0.038120 0.997006 0.693694
328 0.033088 0.997006 0.693694
329 0.033016 0.997006 0.675676
330 0.049231 0.997006 0.684685
331 0.031709 0.997006 0.684685
332 0.028936 0.997006 0.702703
333 0.032107 0.997006 0.684685
334 0.029013 0.997006 0.702703
335 0.028969 0.997006 0.711712
336 0.028614 0.997006 0.720721
337 0.034184 0.997006 0.711712
338 0.031187 0.997006 0.720721
339 0.031769 0.997006 0.693694
340 0.029515 0.997006 0.702703
341 0.029039 0.997006 0.684685
342 0.035882 0.997006 0.675676
343 0.034591 0.997006 0.693694
344 0.030233 0.997006 0.693694
345 0.027822 0.997006 0.720721
346 0.029143 0.997006 0.693694
347 0.030965 0.997006 0.702703
348 0.031179 0.997006 0.693694
349 0.030217 0.997006 0.702703
350 0.030657 0.997006 0.711712
