1 4.320165 0.645161 0.558824
2 1.441204 0.616129 0.500000
3 1.353435 0.700000 0.558824
4 1.143660 0.748387 0.558824
5 0.955307 0.738710 0.617647
6 0.889213 0.706452 0.617647
7 0.892187 0.787097 0.558824
8 0.789203 0.729032 0.558824
9 0.662668 0.738710 0.500000
10 0.565282 0.683871 0.470588
11 0.560954 0.738710 0.647059
12 0.483109 0.825806 0.558824
13 0.501036 0.835484 0.647059
14 0.495904 0.854839 0.500000
15 0.387219 0.858065 0.588235
16 0.456475 0.832258 0.588235
17 0.447326 0.867742 0.558824
18 0.385028 0.890323 0.500000
19 0.345043 0.906452 0.588235
20 0.330972 0.835484 0.558824
21 0.407840 0.922581 0.588235
22 0.336300 0.880645 0.558824
23 0.318512 0.912903 0.588235
24 0.237397 0.938710 0.617647
25 0.356065 0.825806 0.500000
26 0.299751 0.806452 0.441176
27 0.299212 0.909677 0.647059
28 0.444887 0.941935 0.529412
29 0.264596 0.929032 0.558824
30 0.271439 0.880645 0.588235
31 0.231700 0.929032 0.647059
32 0.189720 0.961290 0.705882
33 0.369075 0.964516 0.500000
34 0.170242 0.987097 0.588235
35 0.202957 0.967742 0.617647
36 0.185651 0.948387 0.500000
37 0.178253 0.932258 0.617647
38 0.185403 0.964516 0.588235
39 0.185095 0.835484 0.500000
40 0.285137 0.932258 0.529412
41 0.199891 0.912903 0.647059
42 0.135240 0.983871 0.617647
43 0.181528 0.919355 0.647059
44 0.166377 0.974194 0.676471
45 0.129778 0.906452 0.676471
46 0.090268 0.861290 0.647059
47 0.298021 0.967742 0.647059
48 0.177517 0.967742 0.647059
49 0.159916 0.925806 0.617647
50 0.094025 0.993548 0.617647
51 0.079569 0.996774 0.647059
52 0.079120 0.996774 0.617647
53 0.075912 0.996774 0.647059
54 0.070660 0.993548 0.647059
55 0.063397 0.987097 0.588235
56 0.061935 0.996774 0.676471
57 0.057388 0.996774 0.676471
58 0.058542 0.996774 0.647059
59 0.117455 0.983871 0.617647
60 0.103552 0.983871 0.647059
61 0.079517 0.974194 0.647059
62 0.089166 0.996774 0.617647
63 0.060990 0.996774 0.558824
64 0.056459 0.996774 0.617647
65 0.087719 0.993548 0.588235
66 0.087442 0.993548 0.588235
67 0.070269 0.996774 0.647059
68 0.062843 0.974194 0.676471
69 0.076613 0.990323 0.588235
70 0.074528 0.987097 0.617647
71 0.061086 0.993548 0.676471
72 0.066239 0.996774 0.617647
73 0.117097 0.967742 0.588235
74 0.120427 0.961290 0.617647
75 0.072361 0.945161 0.529412
76 0.071134 0.996774 0.558824
77 0.057406 0.996774 0.617647
78 0.069488 0.993548 0.647059
79 0.104405 0.951613 0.676471
80 0.117702 0.974194 0.676471
81 0.242601 0.909677 0.676471
82 0.224688 0.980645 0.617647
83 0.082647 0.996774 0.617647
84 0.062196 0.996774 0.647059
85 0.062422 0.996774 0.588235
86 0.057034 0.996774 0.676471
87 0.052183 0.996774 0.617647
88 0.063539 0.987097 0.647059
89 0.140617 0.964516 0.676471
90 0.120002 0.993548 0.558824
91 0.074614 0.993548 0.558824
92 0.054805 0.996774 0.588235
93 0.056682 0.996774 0.588235
94 0.050213 0.996774 0.647059
95 0.053299 0.993548 0.705882
96 0.054731 0.996774 0.617647
97 0.054057 0.983871 0.558824
98 0.060652 0.996774 0.558824
99 0.049367 0.996774 0.617647
100 0.047774 0.996774 0.617647
101 0.037028 0.996774 0.647059
102 0.042535 0.996774 0.647059
103 0.042163 0.996774 0.647059
104 0.039614 0.996774 0.647059
105 0.043651 0.996774 0.647059
106 0.048473 0.996774 0.647059
107 0.042268 0.996774 0.676471
108 0.047927 0.996774 0.617647
109 0.038196 0.996774 0.647059
110 0.036870 0.996774 0.617647
111 0.043871 0.996774 0.647059
112 0.076443 0.977419 0.588235
113 0.047507 0.996774 0.617647
114 0.050470 0.996774 0.617647
115 0.039429 0.996774 0.676471
116 0.040027 0.996774 0.617647
117 0.036373 0.996774 0.647059
118 0.035522 0.996774 0.676471
119 0.041254 0.996774 0.647059
120 0.050691 0.996774 0.647059
121 0.040759 0.996774 0.647059
122 0.048710 0.996774 0.617647
123 0.043978 0.996774 0.647059
124 0.040216 0.993548 0.705882
125 0.048295 0.996774 0.588235
126 0.051393 0.990323 0.647059
127 0.061868 0.993548 0.647059
128 0.070006 0.996774 0.617647
129 0.040369 0.996774 0.617647
130 0.057045 0.990323 0.558824
131 0.133358 0.925806 0.676471
132 0.090622 0.929032 0.558824
133 0.132196 0.977419 0.647059
134 0.114965 0.945161 0.647059
135 0.085662 0.993548 0.617647
136 0.048849 0.996774 0.529412
137 0.048741 0.996774 0.588235
138 0.039535 0.996774 0.617647
139 0.041981 0.996774 0.647059
140 0.043922 0.996774 0.617647
141 0.043273 0.996774 0.676471
142 0.040519 0.996774 0.705882
143 0.036682 0.996774 0.676471
144 0.040957 0.996774 0.647059
145 0.043594 0.996774 0.647059
146 0.043169 0.996774 0.647059
147 0.038329 0.996774 0.617647
148 0.038509 0.996774 0.676471
149 0.043029 0.996774 0.617647
150 0.045662 0.996774 0.588235
151 0.035778 0.996774 0.617647
152 0.035235 0.996774 0.647059
153 0.035426 0.996774 0.676471
154 0.035982 0.996774 0.647059
155 0.038518 0.996774 0.705882
156 0.037127 0.996774 0.647059
157 0.033667 0.996774 0.647059
158 0.031728 0.996774 0.705882
159 0.033884 0.996774 0.705882
160 0.035997 0.996774 0.617647
161 0.044894 0.996774 0.676471
162 0.036869 0.996774 0.676471
163 0.034043 0.996774 0.588235
164 0.031556 0.996774 0.647059
165 0.032845 0.996774 0.617647
166 0.035448 0.996774 0.617647
167 0.037957 0.996774 0.676471
168 0.033021 0.996774 0.647059
169 0.035070 0.996774 0.647059
170 0.030757 0.996774 0.647059
171 0.031160 0.996774 0.617647
172 0.033387 0.996774 0.617647
173 0.035620 0.996774 0.617647
174 0.036099 0.996774 0.676471
175 0.038215 0.996774 0.617647
176 0.034526 0.996774 0.647059
177 0.034812 0.996774 0.676471
178 0.038056 0.996774 0.617647
179 0.035877 0.996774 0.647059
180 0.037864 0.996774 0.617647
181 0.033860 0.996774 0.676471
182 0.031997 0.996774 0.617647
183 0.034220 0.996774 0.647059
184 0.039246 0.996774 0.558824
185 0.031931 0.996774 0.588235
186 0.036999 0.996774 0.647059
187 0.036243 0.996774 0.588235
188 0.031421 0.996774 0.588235
189 0.033592 0.996774 0.558824
190 0.032482 0.996774 0.529412
191 0.035373 0.996774 0.676471
192 0.036858 0.996774 0.647059
193 0.033624 0.996774 0.558824
194 0.040349 0.996774 0.617647
195 0.049557 0.993548 0.558824
196 0.047696 0.990323 0.588235
197 0.053251 0.987097 0.617647
198 0.084294 0.958065 0.617647
199 0.050930 0.996774 0.617647
200 0.032080 0.996774 0.588235
201 0.032664 0.996774 0.588235
202 0.033334 0.996774 0.617647
203 0.029790 0.996774 0.588235
204 0.032977 0.996774 0.617647
205 0.030049 0.996774 0.617647
206 0.034416 0.996774 0.588235
207 0.028493 0.996774 0.588235
208 0.031350 0.996774 0.588235
209 0.032241 0.996774 0.588235
210 0.029942 0.996774 0.617647
211 0.028871 0.996774 0.647059
212 0.034279 0.996774 0.617647
213 0.029813 0.996774 0.647059
214 0.032809 0.996774 0.647059
215 0.030751 0.996774 0.647059
216 0.029325 0.996774 0.588235
217 0.034574 0.996774 0.647059
218 0.041465 0.996774 0.676471
219 0.032561 0.996774 0.617647
220 0.030687 0.996774 0.676471
221 0.029920 0.996774 0.676471
222 0.033048 0.996774 0.647059
223 0.031206 0.996774 0.647059
224 0.030110 0.996774 0.588235
225 0.027653 0.996774 0.647059
226 0.032001 0.996774 0.647059
227 0.029382 0.996774 0.705882
228 0.031123 0.996774 0.617647
229 0.030210 0.996774 0.647059
230 0.026853 0.996774 0.676471
231 0.030639 0.996774 0.705882
232 0.032313 0.996774 0.676471
233 0.028825 0.996774 0.617647
234 0.028494 0.996774 0.588235
235 0.030166 0.996774 0.617647
236 0.028757 0.996774 0.558824
237 0.031184 0.996774 0.617647
238 0.028949 0.996774 0.588235
239 0.031222 0.996774 0.676471
240 0.033315 0.996774 0.588235
241 0.029330 0.996774 0.647059
242 0.029476 0.996774 0.617647
243 0.026197 0.996774 0.647059
244 0.033114 0.996774 0.617647
245 0.028038 0.996774 0.647059
246 0.030434 0.996774 0.588235
247 0.027693 0.996774 0.676471
248 0.030614 0.996774 0.617647
249 0.029872 0.996774 0.676471
250 0.029193 0.996774 0.647059
251 0.028367 0.996774 0.647059
252 0.026177 0.996774 0.647059
253 0.027647 0.996774 0.676471
254 0.032429 0.996774 0.676471
255 0.025070 0.996774 0.647059
256 0.028661 0.996774 0.705882
257 0.025026 0.996774 0.647059
258 0.027189 0.996774 0.676471
259 0.030012 0.996774 0.676471
260 0.027913 0.996774 0.676471
261 0.029821 0.996774 0.676471
262 0.028317 0.996774 0.647059
263 0.026580 0.996774 0.676471
264 0.024910 0.996774 0.676471
265 0.031278 0.996774 0.705882
266 0.029077 0.996774 0.647059
267 0.030000 0.996774 0.705882
268 0.027106 0.996774 0.676471
269 0.028029 0.996774 0.647059
270 0.024893 0.996774 0.676471
271 0.028880 0.996774 0.676471
272 0.028632 0.996774 0.676471
273 0.028805 0.996774 0.676471
274 0.033042 0.996774 0.676471
275 0.027277 0.996774 0.676471
276 0.026702 0.996774 0.705882
277 0.028764 0.996774 0.647059
278 0.028153 0.996774 0.647059
279 0.028213 0.996774 0.676471
280 0.026346 0.996774 0.676471
281 0.031106 0.996774 0.676471
282 0.029876 0.996774 0.676471
283 0.025291 0.996774 0.647059
284 0.028865 0.996774 0.617647
285 0.025545 0.996774 0.705882
286 0.025385 0.996774 0.705882
287 0.029525 0.996774 0.676471
288 0.026518 0.996774 0.647059
289 0.028748 0.996774 0.647059
290 0.027936 0.996774 0.676471
291 0.026035 0.996774 0.647059
292 0.028127 0.996774 0.617647
293 0.028560 0.996774 0.647059
294 0.027029 0.996774 0.647059
295 0.027400 0.996774 0.647059
296 0.025611 0.996774 0.617647
297 0.029386 0.996774 0.676471
298 0.027581 0.996774 0.676471
299 0.024682 0.996774 0.676471
300 0.029255 0.996774 0.676471
301 0.027080 0.996774 0.676471
302 0.027412 0.996774 0.617647
303 0.029032 0.996774 0.617647
304 0.023856 0.996774 0.617647
305 0.024655 0.996774 0.647059
306 0.026987 0.996774 0.617647
307 0.029042 0.996774 0.647059
308 0.025539 0.996774 0.617647
309 0.025335 0.996774 0.647059
310 0.027075 0.996774 0.676471
311 0.026268 0.996774 0.676471
312 0.026026 0.996774 0.647059
313 0.027331 0.996774 0.617647
314 0.023169 0.996774 0.647059
315 0.024285 0.996774 0.676471
316 0.025650 0.996774 0.647059
317 0.028295 0.996774 0.647059
318 0.026208 0.996774 0.705882
319 0.027751 0.996774 0.676471
320 0.024024 0.996774 0.676471
321 0.025254 0.996774 0.676471
322 0.026756 0.996774 0.676471
323 0.026944 0.996774 0.705882
324 0.025908 0.996774 0.676471
325 0.026365 0.996774 0.676471
326 0.026086 0.996774 0.676471
327 0.026452 0.996774 0.676471
328 0.025764 0.996774 0.676471
329 0.026657 0.996774 0.705882
330 0.025055 0.996774 0.676471
331 0.025176 0.996774 0.647059
332 0.025159 0.996774 0.617647
333 0.027104 0.996774 0.676471
334 0.025540 0.996774 0.676471
335 0.024784 0.996774 0.676471
336 0.027106 0.996774 0.647059
337 0.023658 0.996774 0.676471
338 0.027585 0.996774 0.617647
339 0.025927 0.996774 0.617647
340 0.027015 0.996774 0.617647
341 0.024016 0.996774 0.647059
342 0.025249 0.996774 0.647059
343 0.023485 0.996774 0.647059
344 0.025023 0.996774 0.647059
345 0.027061 0.996774 0.647059
346 0.026024 0.996774 0.617647
347 0.026705 0.996774 0.617647
348 0.027918 0.996774 0.617647
349 0.026716 0.996774 0.647059
350 0.028173 0.996774 0.647059
