1 6.320786 0.716000 0.690000
2 1.241474 0.687556 0.684000
3 1.274043 0.780000 0.758000
4 1.028779 0.725778 0.714000
5 0.784139 0.761333 0.742000
6 0.738409 0.776444 0.752000
7 0.765413 0.722444 0.704000
8 0.738476 0.715333 0.724000
9 0.687311 0.763778 0.740000
10 0.727708 0.762444 0.726000
11 0.624647 0.781556 0.732000
12 0.658843 0.746889 0.706000
13 0.614399 0.793556 0.758000
14 0.572074 0.787333 0.772000
15 0.543826 0.798889 0.764000
16 0.566760 0.754444 0.734000
17 0.618130 0.796222 0.758000
18 0.549300 0.797778 0.774000
19 0.588664 0.758444 0.734000
20 0.566738 0.791556 0.744000
21 0.573393 0.804444 0.748000
22 0.546522 0.794889 0.766000
23 0.523120 0.761556 0.738000
24 0.532982 0.794444 0.762000
25 0.536963 0.806000 0.762000
26 0.527499 0.799111 0.766000
27 0.538129 0.814000 0.762000
28 0.553514 0.806000 0.776000
29 0.567974 0.761778 0.750000
30 0.529012 0.811111 0.768000
