1 4.151132 0.658827 0.618005
2 1.808517 0.559340 0.569343
3 1.603398 0.705326 0.666667
4 1.343799 0.624223 0.588808
5 1.279319 0.716139 0.688564
6 1.147228 0.636659 0.620438
7 1.328354 0.750203 0.700730
8 0.980168 0.705055 0.683698
9 1.020007 0.731279 0.673966
10 0.784716 0.745066 0.737226
11 1.014799 0.620708 0.586375
12 0.909766 0.712084 0.710462
13 0.657647 0.608273 0.586375
14 0.680722 0.717762 0.673966
15 0.725580 0.738848 0.686131
16 0.556749 0.753177 0.722628
17 0.602882 0.740200 0.729927
18 0.570570 0.725061 0.683698
19 0.581642 0.687753 0.678832
20 0.562878 0.648824 0.639903
21 0.555850 0.682347 0.686131
22 0.551481 0.769127 0.754258
23 0.520928 0.780752 0.763990
24 0.606173 0.741281 0.720195
25 0.546962 0.708840 0.649635
26 0.603109 0.722898 0.710462
27 0.529385 0.778859 0.766423
28 0.500618 0.784266 0.751825
29 0.522031 0.778048 0.751825
30 0.509553 0.777237 0.734793
31 0.517054 0.792106 0.768856
32 0.516212 0.793187 0.754258
33 0.524786 0.795620 0.759124
34 0.482907 0.798594 0.771290
35 0.480456 0.801568 0.785888
36 0.511942 0.777778 0.783455
37 0.495880 0.793458 0.761557
38 0.594568 0.797783 0.756691
39 0.510287 0.805353 0.766423
40 0.479376 0.762639 0.727494
41 0.502259 0.796702 0.759124
42 0.467411 0.804271 0.761557
43 0.452529 0.779400 0.744526
44 0.642491 0.695053 0.683698
45 0.574726 0.724250 0.715328
46 0.557638 0.762909 0.732360
47 0.518930 0.775074 0.739659
48 0.506388 0.768856 0.725061
49 0.513430 0.699649 0.661800
50 0.497326 0.811300 0.773723
51 0.460478 0.811030 0.783455
52 0.450681 0.803190 0.761557
53 0.452838 0.830495 0.802920
54 0.448131 0.829143 0.783455
55 0.441338 0.837524 0.776156
56 0.433298 0.822384 0.759124
57 0.432121 0.805353 0.778589
58 0.425336 0.835902 0.773723
59 0.422534 0.786969 0.754258
60 0.422770 0.832117 0.776156
61 0.423434 0.809408 0.766423
62 0.416995 0.832657 0.781022
63 0.400983 0.822655 0.776156
64 0.427023 0.828332 0.756691
65 0.412763 0.832387 0.768856
66 0.408955 0.822114 0.778589
67 0.423812 0.837524 0.788321
68 0.404130 0.834550 0.790754
69 0.436681 0.842390 0.763990
70 0.423018 0.833739 0.783455
71 0.424541 0.843201 0.761557
72 0.392990 0.846715 0.763990
73 0.402342 0.834009 0.771290
74 0.420888 0.850500 0.785888
75 0.409393 0.848878 0.773723
76 0.407968 0.834550 0.783455
77 0.409907 0.823466 0.778589
78 0.408516 0.855096 0.790754
79 0.400022 0.845904 0.785888
80 0.383801 0.854285 0.798054
81 0.381631 0.859962 0.800487
82 0.390707 0.839686 0.785888
83 0.410583 0.860232 0.790754
84 0.393910 0.823466 0.751825
85 0.399920 0.842660 0.766423
86 0.399156 0.848067 0.773723
87 0.402878 0.838875 0.771290
88 0.400641 0.852663 0.773723
89 0.405769 0.862125 0.776156
90 0.384867 0.851852 0.790754
91 0.399308 0.851852 0.766423
92 0.387301 0.836442 0.773723
93 0.402498 0.851852 0.795620
94 0.378866 0.844823 0.778589
95 0.380747 0.862125 0.781022
96 0.388439 0.839686 0.759124
97 0.391046 0.859151 0.788321
98 0.387258 0.819411 0.737226
99 0.383181 0.860773 0.781022
100 0.361288 0.867802 0.805353
101 0.349846 0.868613 0.776156
102 0.343296 0.882941 0.776156
103 0.366171 0.874020 0.785888
104 0.343629 0.879968 0.793187
105 0.339862 0.874561 0.783455
106 0.350119 0.878886 0.773723
107 0.348938 0.873750 0.798054
108 0.318823 0.881590 0.778589
109 0.320700 0.882671 0.778589
110 0.340270 0.881319 0.783455
111 0.330046 0.882671 0.776156
112 0.326122 0.882130 0.776156
113 0.345328 0.881860 0.793187
114 0.321116 0.886726 0.783455
115 0.317740 0.889970 0.768856
116 0.322987 0.887537 0.793187
117 0.316015 0.888889 0.783455
118 0.322334 0.891863 0.781022
119 0.327031 0.887808 0.798054
120 0.317420 0.884834 0.759124
121 0.314086 0.889430 0.793187
122 0.308531 0.897270 0.773723
123 0.310443 0.873750 0.751825
124 0.295168 0.900243 0.766423
125 0.319033 0.894296 0.802920
126 0.307455 0.899973 0.761557
127 0.321829 0.902406 0.771290
128 0.303557 0.890781 0.756691
129 0.307362 0.906732 0.761557
130 0.304823 0.904569 0.788321
131 0.295014 0.898081 0.783455
132 0.308953 0.895918 0.788321
133 0.310360 0.898351 0.778589
134 0.296574 0.896999 0.756691
135 0.287128 0.907002 0.788321
136 0.298856 0.905650 0.783455
137 0.298602 0.896459 0.790754
138 0.296553 0.907272 0.776156
139 0.281317 0.905921 0.763990
140 0.300452 0.906461 0.776156
141 0.297720 0.904028 0.788321
142 0.287180 0.900243 0.790754
143 0.277524 0.894566 0.754258
144 0.289856 0.908624 0.785888
145 0.283060 0.898081 0.768856
146 0.269425 0.913220 0.768856
147 0.276829 0.905109 0.785888
148 0.279682 0.905109 0.763990
149 0.277850 0.925656 0.783455
150 0.243183 0.923493 0.790754
151 0.245212 0.930251 0.778589
152 0.238463 0.928629 0.785888
153 0.230270 0.927818 0.785888
154 0.231007 0.925385 0.790754
155 0.238015 0.931333 0.783455
156 0.231331 0.927548 0.790754
157 0.235963 0.927278 0.778589
158 0.228425 0.930522 0.778589
159 0.225894 0.929440 0.776156
160 0.229678 0.927007 0.771290
161 0.249575 0.924845 0.783455
162 0.245453 0.933496 0.766423
163 0.227012 0.933225 0.781022
164 0.220574 0.934307 0.776156
165 0.223851 0.934847 0.788321
166 0.221211 0.932955 0.773723
167 0.230312 0.934307 0.783455
168 0.227286 0.933225 0.793187
169 0.225598 0.932144 0.771290
170 0.205767 0.930522 0.781022
171 0.215025 0.935118 0.783455
172 0.210821 0.935118 0.776156
173 0.218745 0.932685 0.785888
174 0.207315 0.934847 0.763990
175 0.206680 0.936740 0.768856
176 0.222696 0.940524 0.781022
177 0.203568 0.932414 0.766423
178 0.219497 0.943228 0.795620
179 0.195265 0.943498 0.776156
180 0.205847 0.941606 0.771290
181 0.209291 0.936740 0.783455
182 0.210677 0.945661 0.771290
183 0.199135 0.944039 0.781022
184 0.197167 0.944580 0.768856
185 0.190082 0.941876 0.771290
186 0.213381 0.947013 0.781022
187 0.187231 0.949446 0.778589
188 0.212769 0.947283 0.783455
189 0.191834 0.952149 0.785888
190 0.188354 0.948094 0.776156
191 0.191952 0.945120 0.766423
192 0.190635 0.950527 0.778589
193 0.180465 0.949446 0.773723
194 0.188171 0.944309 0.763990
195 0.200622 0.947553 0.781022
196 0.189929 0.949446 0.771290
197 0.186157 0.951879 0.766423
198 0.193820 0.953501 0.773723
199 0.186282 0.949716 0.776156
200 0.169621 0.958908 0.783455
201 0.168014 0.958097 0.766423
202 0.173029 0.961071 0.778589
203 0.176007 0.963233 0.773723
204 0.176062 0.962422 0.771290
205 0.151703 0.961341 0.783455
206 0.162895 0.956475 0.788321
207 0.158033 0.964315 0.783455
208 0.157936 0.963774 0.781022
209 0.160427 0.961882 0.768856
210 0.158419 0.964855 0.778589
211 0.147826 0.967829 0.785888
212 0.149056 0.964855 0.783455
213 0.152055 0.965666 0.795620
214 0.144935 0.969451 0.771290
215 0.142999 0.968911 0.785888
216 0.144746 0.969722 0.776156
217 0.143703 0.967829 0.763990
218 0.144061 0.967559 0.773723
219 0.151751 0.968099 0.785888
220 0.147721 0.967829 0.802920
221 0.143583 0.970803 0.768856
222 0.138601 0.968640 0.773723
223 0.143118 0.970262 0.778589
224 0.141333 0.968099 0.773723
225 0.144499 0.970533 0.785888
226 0.143131 0.969722 0.793187
227 0.160908 0.971073 0.776156
228 0.145885 0.973236 0.768856
229 0.138384 0.970803 0.773723
230 0.133432 0.969181 0.773723
231 0.131437 0.972425 0.759124
232 0.140029 0.972155 0.788321
233 0.128843 0.971073 0.790754
234 0.133499 0.972966 0.795620
235 0.132534 0.973506 0.798054
236 0.122686 0.973777 0.790754
237 0.126831 0.977562 0.783455
238 0.126980 0.979184 0.771290
239 0.134095 0.975669 0.793187
240 0.128536 0.973236 0.778589
241 0.132702 0.977562 0.781022
242 0.125097 0.977291 0.790754
243 0.133943 0.973777 0.766423
244 0.125432 0.977291 0.781022
245 0.123934 0.976480 0.788321
246 0.126791 0.976480 0.783455
247 0.118625 0.976750 0.783455
248 0.129798 0.976210 0.802920
249 0.126162 0.978373 0.793187
250 0.120027 0.980806 0.795620
251 0.108017 0.981076 0.793187
252 0.112654 0.981346 0.778589
253 0.114248 0.981346 0.788321
254 0.120965 0.982157 0.778589
255 0.107042 0.982428 0.781022
256 0.106313 0.981076 0.778589
257 0.104963 0.984050 0.781022
258 0.108651 0.984050 0.785888
259 0.115193 0.982698 0.785888
260 0.112825 0.983509 0.790754
261 0.110066 0.982968 0.785888
262 0.115899 0.980265 0.776156
263 0.114958 0.982428 0.783455
264 0.107638 0.983239 0.776156
265 0.104541 0.982968 0.776156
266 0.101394 0.983239 0.781022
267 0.104228 0.984320 0.785888
268 0.103763 0.983779 0.783455
269 0.102508 0.984861 0.776156
270 0.110304 0.983779 0.785888
271 0.113090 0.983779 0.776156
272 0.110530 0.982698 0.771290
273 0.107573 0.985942 0.793187
274 0.104562 0.985131 0.773723
275 0.103071 0.987294 0.785888
276 0.107624 0.986212 0.778589
277 0.103041 0.986753 0.773723
278 0.101341 0.984320 0.788321
279 0.115923 0.986753 0.768856
280 0.106037 0.984590 0.783455
281 0.110390 0.986212 0.781022
282 0.096483 0.986212 0.790754
283 0.102747 0.985942 0.785888
284 0.091169 0.985131 0.785888
285 0.095351 0.986483 0.783455
286 0.091981 0.986483 0.783455
287 0.096842 0.986212 0.783455
288 0.107596 0.986753 0.763990
289 0.095701 0.986212 0.763990
290 0.102893 0.989186 0.773723
291 0.105969 0.987835 0.766423
292 0.102503 0.986483 0.783455
293 0.103161 0.987294 0.778589
294 0.095170 0.987564 0.781022
295 0.087308 0.986753 0.785888
296 0.103787 0.986212 0.771290
297 0.095738 0.986483 0.785888
298 0.099144 0.987024 0.776156
299 0.098301 0.987564 0.781022
300 0.096797 0.986753 0.771290
301 0.095127 0.988646 0.778589
302 0.090350 0.989186 0.785888
303 0.096191 0.988646 0.793187
304 0.093749 0.989457 0.776156
305 0.089912 0.989457 0.781022
306 0.092660 0.990808 0.771290
307 0.081364 0.991619 0.783455
308 0.084775 0.990268 0.776156
309 0.096893 0.988646 0.776156
310 0.094644 0.990538 0.776156
311 0.097631 0.990538 0.783455
312 0.085813 0.990268 0.776156
313 0.086227 0.989997 0.778589
314 0.086049 0.991079 0.781022
315 0.093555 0.990538 0.783455
316 0.089906 0.990268 0.783455
317 0.086546 0.990808 0.781022
318 0.089910 0.990808 0.788321
319 0.095999 0.990268 0.785888
320 0.087859 0.989997 0.788321
321 0.093318 0.989997 0.790754
322 0.092705 0.991890 0.781022
323 0.088988 0.991079 0.783455
324 0.080003 0.990808 0.778589
325 0.079635 0.990268 0.785888
326 0.080469 0.992160 0.795620
327 0.082093 0.992430 0.776156
328 0.090728 0.992160 0.778589
329 0.082127 0.991349 0.783455
330 0.084239 0.991890 0.785888
331 0.081533 0.991349 0.783455
332 0.086480 0.991079 0.788321
333 0.084215 0.990808 0.788321
334 0.084401 0.991619 0.793187
335 0.087885 0.990538 0.783455
336 0.084410 0.990808 0.783455
337 0.083270 0.990808 0.783455
338 0.087574 0.992160 0.781022
339 0.084022 0.992160 0.778589
340 0.082202 0.992430 0.781022
341 0.080924 0.991619 0.783455
342 0.082562 0.992701 0.783455
343 0.089066 0.993241 0.790754
344 0.084377 0.993512 0.788321
345 0.087673 0.991349 0.785888
346 0.081835 0.992160 0.783455
347 0.087742 0.991349 0.783455
348 0.085333 0.991890 0.778589
349 0.077314 0.991079 0.793187
350 0.087287 0.992701 0.783455
