1 4.649749 0.666667 0.628571
2 1.214274 0.731392 0.514286
3 1.082338 0.624595 0.400000
4 1.189398 0.695793 0.542857
5 1.334077 0.731392 0.542857
6 0.819256 0.770227 0.600000
7 0.864939 0.737864 0.485714
8 0.914946 0.773463 0.657143
9 0.643440 0.828479 0.600000
10 0.547057 0.802589 0.714286
11 0.582277 0.812298 0.542857
12 0.587120 0.844660 0.542857
13 0.524858 0.809061 0.600000
14 0.435436 0.860841 0.542857
15 0.444702 0.864078 0.542857
16 0.420432 0.851133 0.571429
17 0.394541 0.880259 0.628571
18 0.343754 0.857605 0.571429
19 0.368945 0.860841 0.657143
20 0.430541 0.847896 0.514286
21 0.502436 0.867314 0.571429
22 0.327407 0.893204 0.628571
23 0.348039 0.902913 0.514286
24 0.292465 0.935275 0.571429
25 0.345089 0.909385 0.571429
26 0.227129 0.912621 0.600000
27 0.290840 0.786408 0.542857
28 0.373179 0.899676 0.571429
29 0.311304 0.896440 0.600000
30 0.293248 0.893204 0.571429
31 0.259746 0.932039 0.600000
32 0.255884 0.932039 0.628571
33 0.153107 0.964401 0.714286
34 0.205021 0.957929 0.571429
35 0.204262 0.886731 0.542857
36 0.247487 0.822006 0.542857
37 0.271833 0.886731 0.600000
38 0.199537 0.948220 0.600000
39 0.178856 0.909385 0.600000
40 0.205544 0.974110 0.685714
41 0.151013 0.957929 0.628571
42 0.168253 0.889968 0.628571
43 0.230022 0.944984 0.657143
44 0.179580 0.948220 0.600000
45 0.220125 0.857605 0.542857
46 0.275408 0.915858 0.542857
47 0.235911 0.935275 0.628571
48 0.239420 0.980583 0.685714
49 0.142747 0.893204 0.514286
50 0.097824 0.990291 0.628571
51 0.081846 0.993528 0.657143
52 0.072326 0.993528 0.600000
53 0.072280 0.993528 0.600000
54 0.076272 0.993528 0.628571
55 0.069410 0.993528 0.628571
56 0.071869 0.993528 0.628571
57 0.066369 0.993528 0.600000
58 0.071063 0.993528 0.628571
59 0.067605 0.993528 0.628571
60 0.061870 0.993528 0.628571
61 0.061553 0.993528 0.628571
62 0.107710 0.983819 0.600000
63 0.088249 0.993528 0.657143
64 0.076376 0.993528 0.628571
65 0.071033 0.993528 0.600000
66 0.066391 0.993528 0.628571
67 0.107457 0.974110 0.714286
68 0.168685 0.974110 0.571429
69 0.123289 0.983819 0.600000
70 0.084068 0.990291 0.600000
71 0.074859 0.993528 0.628571
72 0.068254 0.993528 0.628571
73 0.063205 0.993528 0.600000
74 0.062750 0.993528 0.542857
75 0.070700 0.990291 0.571429
76 0.138090 0.902913 0.600000
77 0.194613 0.935275 0.628571
78 0.131716 0.993528 0.628571
79 0.096200 0.993528 0.571429
80 0.106921 0.990291 0.600000
81 0.087121 0.993528 0.571429
82 0.071016 0.993528 0.600000
83 0.084730 0.983819 0.657143
84 0.079814 0.987055 0.657143
85 0.097616 0.954693 0.571429
86 0.105354 0.983819 0.600000
87 0.093201 0.990291 0.628571
88 0.141304 0.896440 0.600000
89 0.106291 0.987055 0.657143
90 0.077198 0.993528 0.628571
91 0.080113 0.967638 0.600000
92 0.112992 0.980583 0.542857
93 0.110991 0.977346 0.657143
94 0.128444 0.944984 0.628571
95 0.117806 0.970874 0.600000
96 0.082827 0.993528 0.542857
97 0.065377 0.993528 0.600000
98 0.062340 0.993528 0.600000
99 0.062136 0.993528 0.600000
100 0.057742 0.993528 0.628571
101 0.047832 0.993528 0.600000
102 0.045393 0.993528 0.600000
103 0.047041 0.993528 0.628571
104 0.051392 0.993528 0.600000
105 0.050302 0.993528 0.600000
106 0.053803 0.993528 0.600000
107 0.052495 0.993528 0.628571
108 0.050078 0.993528 0.628571
109 0.056012 0.993528 0.628571
110 0.047119 0.993528 0.600000
111 0.053857 0.993528 0.600000
112 0.056891 0.993528 0.600000
113 0.050402 0.993528 0.600000
114 0.075261 0.990291 0.600000
115 0.061512 0.993528 0.657143
116 0.056576 0.993528 0.628571
117 0.043196 0.993528 0.628571
118 0.046484 0.993528 0.628571
119 0.051495 0.993528 0.600000
120 0.051187 0.993528 0.628571
121 0.052373 0.993528 0.600000
122 0.045173 0.993528 0.628571
123 0.043215 0.993528 0.600000
124 0.048386 0.993528 0.600000
125 0.047077 0.993528 0.628571
126 0.047434 0.993528 0.600000
127 0.050559 0.993528 0.600000
128 0.051274 0.987055 0.600000
129 0.053682 0.993528 0.628571
130 0.052328 0.987055 0.628571
131 0.081483 0.970874 0.628571
132 0.071331 0.993528 0.657143
133 0.061070 0.990291 0.600000
134 0.062963 0.993528 0.628571
135 0.051220 0.993528 0.628571
136 0.123517 0.983819 0.657143
137 0.135286 0.990291 0.685714
138 0.056763 0.993528 0.600000
139 0.061217 0.993528 0.600000
140 0.055823 0.993528 0.628571
141 0.050421 0.993528 0.600000
142 0.056944 0.993528 0.600000
143 0.046646 0.993528 0.600000
144 0.051138 0.990291 0.628571
145 0.048534 0.993528 0.600000
146 0.042188 0.993528 0.600000
147 0.048764 0.993528 0.571429
148 0.054456 0.993528 0.628571
149 0.049559 0.993528 0.600000
150 0.047946 0.993528 0.628571
151 0.036381 0.993528 0.600000
152 0.040474 0.993528 0.600000
153 0.040850 0.993528 0.600000
154 0.040235 0.993528 0.628571
155 0.042207 0.993528 0.628571
156 0.040572 0.993528 0.628571
157 0.038610 0.993528 0.600000
158 0.041138 0.993528 0.600000
159 0.040944 0.993528 0.600000
160 0.041039 0.993528 0.600000
161 0.040636 0.993528 0.600000
162 0.043352 0.993528 0.600000
163 0.037192 0.993528 0.600000
164 0.039778 0.993528 0.600000
165 0.044663 0.993528 0.600000
166 0.040446 0.993528 0.600000
167 0.040897 0.993528 0.600000
168 0.041064 0.993528 0.600000
169 0.043320 0.993528 0.600000
170 0.043301 0.993528 0.600000
171 0.041777 0.993528 0.600000
172 0.040506 0.993528 0.600000
173 0.042841 0.993528 0.600000
174 0.045065 0.993528 0.600000
175 0.043698 0.993528 0.600000
176 0.041265 0.993528 0.628571
177 0.039903 0.993528 0.600000
178 0.038445 0.993528 0.600000
179 0.044080 0.993528 0.600000
180 0.042945 0.993528 0.600000
181 0.042446 0.990291 0.600000
182 0.040762 0.993528 0.600000
183 0.039631 0.993528 0.600000
184 0.042756 0.993528 0.600000
185 0.036852 0.993528 0.600000
186 0.038948 0.993528 0.600000
187 0.043584 0.993528 0.628571
188 0.043336 0.993528 0.571429
189 0.044522 0.990291 0.571429
190 0.046691 0.993528 0.600000
191 0.056351 0.993528 0.628571
192 0.049958 0.993528 0.628571
193 0.046737 0.993528 0.628571
194 0.047023 0.993528 0.600000
195 0.045042 0.993528 0.628571
196 0.036248 0.993528 0.628571
197 0.045596 0.993528 0.628571
198 0.038537 0.993528 0.600000
199 0.042179 0.993528 0.600000
200 0.037554 0.993528 0.600000
201 0.036789 0.993528 0.600000
202 0.043856 0.993528 0.600000
203 0.039166 0.993528 0.600000
204 0.034117 0.993528 0.600000
205 0.038294 0.993528 0.600000
206 0.039453 0.993528 0.600000
207 0.034017 0.993528 0.600000
208 0.036420 0.993528 0.600000
209 0.037607 0.993528 0.600000
210 0.037183 0.993528 0.600000
211 0.039885 0.993528 0.600000
212 0.040525 0.993528 0.600000
213 0.039321 0.993528 0.600000
214 0.038462 0.993528 0.600000
215 0.041567 0.993528 0.600000
216 0.039544 0.993528 0.600000
217 0.033066 0.993528 0.628571
218 0.038848 0.993528 0.600000
219 0.043739 0.990291 0.571429
220 0.040456 0.993528 0.600000
221 0.039968 0.993528 0.600000
222 0.037436 0.993528 0.571429
223 0.043108 0.993528 0.628571
224 0.037470 0.993528 0.600000
225 0.036772 0.993528 0.600000
226 0.033413 0.993528 0.571429
227 0.035281 0.993528 0.571429
228 0.037057 0.993528 0.600000
229 0.036749 0.993528 0.600000
230 0.035745 0.993528 0.571429
231 0.039383 0.993528 0.600000
232 0.038148 0.993528 0.571429
233 0.035791 0.993528 0.571429
234 0.038525 0.993528 0.600000
235 0.036907 0.993528 0.600000
236 0.033972 0.993528 0.600000
237 0.036559 0.993528 0.600000
238 0.037269 0.993528 0.600000
239 0.037872 0.993528 0.571429
240 0.036240 0.993528 0.571429
241 0.033420 0.993528 0.571429
242 0.034734 0.993528 0.571429
243 0.033000 0.993528 0.600000
244 0.033101 0.993528 0.571429
245 0.036254 0.993528 0.571429
246 0.039528 0.993528 0.600000
247 0.035374 0.993528 0.571429
248 0.039958 0.993528 0.600000
249 0.040427 0.993528 0.571429
250 0.034778 0.993528 0.571429
251 0.034870 0.993528 0.571429
252 0.034189 0.993528 0.600000
253 0.029919 0.993528 0.571429
254 0.033855 0.993528 0.600000
255 0.032473 0.993528 0.571429
256 0.034858 0.993528 0.571429
257 0.031298 0.993528 0.600000
258 0.033791 0.993528 0.571429
259 0.035934 0.993528 0.571429
260 0.034692 0.993528 0.600000
261 0.034032 0.993528 0.571429
262 0.033818 0.993528 0.571429
263 0.034396 0.993528 0.600000
264 0.032285 0.993528 0.571429
265 0.037869 0.993528 0.600000
266 0.034378 0.993528 0.600000
267 0.031917 0.993528 0.571429
268 0.033535 0.993528 0.571429
269 0.032170 0.993528 0.600000
270 0.032771 0.993528 0.571429
271 0.032787 0.993528 0.571429
272 0.033591 0.993528 0.571429
273 0.038822 0.993528 0.600000
274 0.037918 0.993528 0.571429
275 0.031658 0.993528 0.571429
276 0.034786 0.993528 0.571429
277 0.034920 0.993528 0.571429
278 0.033920 0.993528 0.600000
279 0.037077 0.993528 0.600000
280 0.031147 0.993528 0.600000
281 0.038137 0.993528 0.600000
282 0.034957 0.993528 0.628571
283 0.033058 0.993528 0.571429
284 0.036926 0.993528 0.600000
285 0.033622 0.993528 0.600000
286 0.032204 0.993528 0.571429
287 0.035362 0.993528 0.571429
288 0.032260 0.993528 0.542857
289 0.034536 0.993528 0.571429
290 0.033525 0.993528 0.600000
291 0.035437 0.993528 0.600000
292 0.034590 0.993528 0.542857
293 0.035586 0.993528 0.600000
294 0.034170 0.993528 0.571429
295 0.035059 0.993528 0.600000
296 0.036493 0.993528 0.571429
297 0.034822 0.993528 0.600000
298 0.035060 0.993528 0.600000
299 0.034745 0.993528 0.600000
300 0.034014 0.993528 0.600000
301 0.031322 0.993528 0.600000
302 0.032936 0.993528 0.600000
303 0.036668 0.993528 0.571429
304 0.030603 0.993528 0.571429
305 0.031901 0.993528 0.571429
306 0.031405 0.993528 0.571429
307 0.034188 0.993528 0.571429
308 0.029045 0.993528 0.571429
309 0.034036 0.993528 0.600000
310 0.035897 0.993528 0.628571
311 0.034622 0.993528 0.600000
312 0.031441 0.993528 0.600000
313 0.029659 0.993528 0.600000
314 0.029199 0.993528 0.600000
315 0.031391 0.993528 0.571429
316 0.030915 0.993528 0.600000
317 0.032111 0.993528 0.600000
318 0.032591 0.993528 0.600000
319 0.035362 0.993528 0.600000
320 0.032604 0.993528 0.600000
321 0.032429 0.993528 0.600000
322 0.033371 0.993528 0.571429
323 0.030654 0.993528 0.600000
324 0.031511 0.993528 0.600000
325 0.038085 0.993528 0.571429
326 0.031629 0.993528 0.571429
327 0.033769 0.993528 0.600000
328 0.035434 0.993528 0.600000
329 0.032179 0.993528 0.600000
330 0.035971 0.993528 0.571429
331 0.031700 0.993528 0.600000
332 0.032442 0.993528 0.571429
333 0.030461 0.993528 0.600000
334 0.029728 0.993528 0.600000
335 0.032476 0.993528 0.571429
336 0.032795 0.993528 0.600000
337 0.032085 0.993528 0.571429
338 0.031008 0.993528 0.600000
339 0.032953 0.993528 0.600000
340 0.031856 0.993528 0.600000
341 0.029285 0.993528 0.571429
342 0.030888 0.993528 0.600000
343 0.031795 0.993528 0.571429
344 0.033151 0.993528 0.571429
345 0.031943 0.993528 0.571429
346 0.032426 0.993528 0.571429
347 0.035528 0.993528 0.571429
348 0.035127 0.993528 0.600000
349 0.029728 0.993528 0.571429
350 0.036244 0.993528 0.571429
