1 1.178079 0.853470 0.802632
2 0.290675 0.934375 0.871345
3 0.184725 0.936154 0.861111
4 0.157176 0.943279 0.839474
5 0.148716 0.932019 0.839766
6 0.136674 0.969864 0.851169
7 0.101766 0.977557 0.845614
8 0.097607 0.956889 0.834210
9 0.085833 0.985834 0.819298
10 0.065829 0.968103 0.855263
11 0.053247 0.991138 0.855848
12 0.037472 0.981688 0.818713
13 0.045745 0.975799 0.829240
14 0.053156 0.970459 0.856140
15 0.063151 0.972823 0.839766
16 0.062147 0.975165 0.839766
17 0.094244 0.982854 0.845614
18 0.054883 0.979297 0.856140
19 0.037999 0.989363 0.834795
20 0.039003 0.982249 0.861403
21 0.043540 0.985799 0.839766
22 0.057411 0.981657 0.861403
23 0.040588 0.991741 0.861403
24 0.029230 0.997041 0.860526
25 0.022400 1.000000 0.860819
26 0.018750 0.999408 0.845029
27 0.022760 0.997633 0.855556
28 0.057022 0.979990 0.866082
29 0.041536 0.983529 0.850585
30 0.041422 0.959795 0.823392
31 0.086280 0.972235 0.839766
32 0.056198 0.975151 0.845906
33 0.071183 0.960355 0.818713
34 0.051469 0.971598 0.808480
35 0.055606 0.969238 0.845906
36 0.035998 0.998225 0.850292
37 0.024826 0.999408 0.845029
38 0.026415 0.996450 0.818129
39 0.021842 1.000000 0.844737
40 0.024292 0.997633 0.845322
41 0.021530 0.996464 0.845029
42 0.047911 0.970000 0.845322
43 0.027304 0.997637 0.850877
44 0.022325 1.000000 0.856140
45 0.023909 0.995861 0.850585
46 0.035800 0.978120 0.845906
47 0.044705 0.980515 0.823684
48 0.051406 0.979916 0.823977
49 0.027609 0.996450 0.834795
50 0.015690 1.000000 0.845322
51 0.013593 1.000000 0.856140
52 0.013205 1.000000 0.855848
53 0.015663 1.000000 0.866667
54 0.013699 1.000000 0.866667
55 0.013933 1.000000 0.855848
56 0.013589 1.000000 0.861111
57 0.012486 1.000000 0.861111
58 0.014124 1.000000 0.855555
59 0.012594 1.000000 0.850292
60 0.011684 1.000000 0.850585
61 0.013583 1.000000 0.855848
62 0.012049 1.000000 0.845029
63 0.013047 1.000000 0.834503
64 0.013605 1.000000 0.855848
65 0.012209 1.000000 0.845029
66 0.011410 1.000000 0.855848
67 0.011803 1.000000 0.850877
68 0.012754 1.000000 0.856140
69 0.014863 0.997633 0.834503
70 0.014892 1.000000 0.845322
