1 5.540988 0.552311 0.552311
2 1.641547 0.575291 0.571776
3 1.279572 0.591511 0.588808
4 1.068151 0.734793 0.720195
5 1.314148 0.706137 0.708029
6 1.004486 0.669911 0.656934
7 1.111225 0.704785 0.698297
8 1.476179 0.666937 0.678832
9 1.219534 0.623412 0.639903
10 0.998170 0.719384 0.703163
11 0.852510 0.712625 0.666667
12 0.870120 0.723709 0.739659
13 1.062857 0.730468 0.749392
14 0.841680 0.727494 0.737226
15 0.764249 0.741011 0.751825
16 0.796228 0.739389 0.754258
17 0.831252 0.730468 0.749392
18 0.733590 0.744526 0.759124
19 0.763685 0.717221 0.725061
20 0.787803 0.735334 0.725061
21 0.668494 0.674777 0.678832
22 0.637096 0.735875 0.705596
23 0.673803 0.757502 0.759124
24 0.602884 0.758043 0.763990
25 0.635715 0.726142 0.739659
26 0.666443 0.659908 0.618005
27 0.640468 0.693160 0.661800
28 0.613930 0.649365 0.642336
29 0.566651 0.746959 0.766423
30 0.603376 0.652879 0.627737
31 0.607187 0.764261 0.746959
32 0.601552 0.725061 0.693431
33 0.553153 0.702082 0.678832
34 0.593746 0.712084 0.686131
35 0.526036 0.778589 0.773723
36 0.589161 0.730197 0.710462
37 0.647452 0.678291 0.678832
38 0.587627 0.767234 0.744526
39 0.577681 0.768045 0.783455
40 0.578548 0.731549 0.708029
41 0.582686 0.755610 0.766423
42 0.536181 0.768316 0.776156
43 0.563240 0.788592 0.773723
44 0.573045 0.682076 0.722628
45 0.627112 0.755069 0.742092
46 0.560864 0.748040 0.754258
47 0.537379 0.771830 0.763990
48 0.536827 0.728846 0.732360
49 0.532480 0.778318 0.761557
50 0.502496 0.806434 0.793187
51 0.489721 0.786699 0.763990
52 0.481885 0.770208 0.761557
53 0.498728 0.799405 0.788321
54 0.495477 0.794539 0.771290
55 0.467556 0.801027 0.788321
56 0.480337 0.800487 0.776156
57 0.476519 0.808327 0.776156
58 0.469580 0.752636 0.754258
59 0.479396 0.810219 0.800487
60 0.470147 0.806434 0.795620
61 0.458244 0.795350 0.798054
62 0.464047 0.813463 0.783455
63 0.463406 0.804001 0.778589
64 0.456294 0.789943 0.744526
65 0.454317 0.826440 0.798054
66 0.454253 0.806164 0.781022
67 0.455148 0.820762 0.776156
68 0.455293 0.795350 0.781022
69 0.446959 0.823736 0.790754
70 0.468937 0.824006 0.805353
71 0.450015 0.823195 0.810219
72 0.440543 0.830765 0.810219
73 0.439075 0.825358 0.785888
74 0.455654 0.828873 0.795620
75 0.467960 0.782914 0.746959
76 0.434955 0.814815 0.776156
77 0.446648 0.818329 0.790754
78 0.428179 0.811571 0.793187
79 0.440357 0.820492 0.778589
80 0.440657 0.822384 0.776156
81 0.437470 0.816167 0.802920
82 0.424567 0.827521 0.812652
83 0.432388 0.821573 0.790754
84 0.429952 0.813733 0.768856
85 0.445871 0.767234 0.759124
86 0.420271 0.751014 0.756691
87 0.452483 0.834550 0.788321
88 0.433799 0.830765 0.773723
89 0.415393 0.822655 0.795620
90 0.419710 0.833469 0.800487
91 0.433723 0.849419 0.802920
92 0.435936 0.828602 0.800487
93 0.456296 0.838875 0.793187
94 0.403574 0.831576 0.819951
95 0.432746 0.815085 0.795620
96 0.447069 0.829143 0.781022
97 0.411015 0.829684 0.785888
98 0.427358 0.816707 0.790754
99 0.434471 0.841308 0.798054
100 0.391781 0.852393 0.834550
101 0.375772 0.867261 0.827251
102 0.370030 0.855366 0.827251
103 0.347706 0.864017 0.812652
104 0.377313 0.872128 0.824818
105 0.364083 0.866180 0.798054
106 0.377771 0.867802 0.778589
107 0.383663 0.866721 0.829684
108 0.363636 0.864017 0.776156
109 0.342155 0.871317 0.836983
110 0.375500 0.814544 0.793187
111 0.380453 0.862666 0.810219
112 0.361915 0.872668 0.822384
113 0.353850 0.880508 0.805353
114 0.373986 0.874831 0.817518
115 0.342266 0.872128 0.834550
116 0.360449 0.879697 0.819951
117 0.345875 0.879697 0.827251
118 0.361927 0.867532 0.832117
119 0.361528 0.888889 0.829684
120 0.368419 0.887808 0.832117
121 0.345559 0.852122 0.776156
122 0.336823 0.877805 0.822384
123 0.352017 0.850230 0.800487
124 0.362828 0.871587 0.795620
125 0.354511 0.884834 0.829684
126 0.352866 0.858610 0.778589
127 0.339311 0.894025 0.817518
128 0.332038 0.874290 0.800487
129 0.337147 0.895377 0.815085
130 0.344617 0.871857 0.766423
131 0.354386 0.885104 0.815085
132 0.335622 0.884834 0.815085
133 0.346732 0.859421 0.800487
134 0.347625 0.884563 0.824818
135 0.328712 0.856448 0.810219
136 0.352756 0.889159 0.829684
137 0.350467 0.894025 0.793187
138 0.334074 0.896459 0.824818
139 0.332384 0.904569 0.824818
140 0.351586 0.848067 0.798054
141 0.329275 0.880238 0.785888
142 0.331132 0.885104 0.802920
143 0.338357 0.889700 0.783455
144 0.321813 0.886456 0.802920
145 0.318136 0.894836 0.812652
146 0.323518 0.866450 0.766423
147 0.337324 0.865910 0.812652
148 0.354673 0.827791 0.781022
149 0.326474 0.897540 0.822384
150 0.316707 0.912949 0.812652
151 0.289663 0.913760 0.798054
152 0.280181 0.905380 0.832117
153 0.277386 0.916194 0.827251
154 0.292998 0.922141 0.822384
155 0.297950 0.912679 0.807786
156 0.291321 0.921871 0.805353
157 0.293104 0.927007 0.815085
158 0.286678 0.917545 0.812652
159 0.284634 0.912138 0.815085
160 0.280926 0.928089 0.839416
161 0.276327 0.923222 0.827251
162 0.284528 0.925385 0.815085
163 0.267980 0.927007 0.807786
164 0.278045 0.924574 0.822384
165 0.287689 0.920519 0.819951
166 0.279149 0.929170 0.815085
167 0.273357 0.909165 0.795620
168 0.259833 0.926196 0.829684
169 0.288164 0.924304 0.822384
170 0.260639 0.931873 0.839416
171 0.256893 0.927007 0.832117
172 0.263605 0.923493 0.817518
173 0.270643 0.922682 0.810219
174 0.270229 0.928359 0.812652
175 0.267999 0.922411 0.839416
176 0.264451 0.928900 0.827251
177 0.268866 0.929711 0.829684
178 0.262666 0.935388 0.824818
179 0.261738 0.930792 0.805353
180 0.269277 0.925926 0.815085
181 0.253480 0.929711 0.849148
182 0.256370 0.932685 0.827251
183 0.254854 0.933496 0.844282
184 0.238322 0.937280 0.815085
185 0.259232 0.934577 0.802920
186 0.245961 0.923222 0.810219
187 0.265096 0.936469 0.839416
188 0.250327 0.916194 0.839416
189 0.264864 0.923222 0.812652
190 0.271796 0.939713 0.815085
191 0.255042 0.932955 0.834550
192 0.252227 0.912138 0.832117
193 0.257664 0.934577 0.817518
194 0.257873 0.930522 0.822384
195 0.249193 0.926196 0.810219
196 0.241208 0.933766 0.800487
197 0.261487 0.922411 0.829684
198 0.236880 0.936199 0.802920
199 0.249307 0.935658 0.810219
200 0.225419 0.946472 0.815085
201 0.221922 0.947824 0.824818
202 0.211977 0.943228 0.822384
203 0.222402 0.952420 0.827251
204 0.221799 0.949175 0.817518
205 0.211879 0.949446 0.805353
206 0.215227 0.944039 0.815085
207 0.201708 0.951068 0.815085
208 0.228960 0.951068 0.832117
209 0.220718 0.951609 0.829684
210 0.225378 0.955123 0.822384
211 0.218218 0.953501 0.829684
212 0.213663 0.954312 0.815085
213 0.207569 0.957286 0.815085
214 0.212423 0.959448 0.807786
215 0.218447 0.952149 0.807786
216 0.219403 0.952960 0.812652
217 0.209862 0.957826 0.819951
218 0.200070 0.958637 0.810219
219 0.233096 0.955664 0.827251
220 0.206196 0.955664 0.812652
221 0.212255 0.956204 0.819951
222 0.208186 0.955934 0.829684
223 0.211468 0.954042 0.802920
224 0.197145 0.956204 0.817518
225 0.210043 0.955664 0.819951
226 0.204345 0.959719 0.810219
227 0.212400 0.956204 0.832117
228 0.211881 0.956745 0.827251
229 0.202802 0.962693 0.824818
230 0.201612 0.961341 0.817518
231 0.203431 0.961071 0.827251
232 0.193603 0.959989 0.829684
233 0.209656 0.955393 0.832117
234 0.194526 0.955934 0.807786
235 0.201172 0.961882 0.824818
236 0.200616 0.959178 0.810219
237 0.211231 0.960800 0.815085
238 0.198279 0.960530 0.841849
239 0.186200 0.962152 0.824818
240 0.180627 0.962152 0.827251
241 0.197643 0.967018 0.819951
242 0.194649 0.960530 0.832117
243 0.198552 0.965666 0.812652
244 0.186060 0.961882 0.824818
245 0.207604 0.960800 0.819951
246 0.195196 0.961611 0.819951
247 0.196272 0.960800 0.807786
248 0.198312 0.966207 0.827251
249 0.200485 0.966207 0.819951
250 0.183101 0.965666 0.817518
251 0.174634 0.969722 0.812652
252 0.183009 0.967018 0.824818
253 0.179191 0.969181 0.822384
254 0.176768 0.969451 0.824818
255 0.180172 0.966477 0.819951
256 0.169689 0.970533 0.824818
257 0.175488 0.970803 0.815085
258 0.180287 0.970803 0.822384
259 0.173453 0.969181 0.807786
260 0.195163 0.971344 0.810219
261 0.175193 0.970533 0.807786
262 0.177754 0.970262 0.807786
263 0.188744 0.970533 0.819951
264 0.171643 0.969992 0.827251
265 0.166149 0.972155 0.812652
266 0.182498 0.972966 0.810219
267 0.171077 0.973506 0.815085
268 0.173474 0.972425 0.822384
269 0.164791 0.974858 0.827251
270 0.180636 0.971614 0.829684
271 0.177033 0.973506 0.819951
272 0.174124 0.975669 0.817518
273 0.176012 0.970803 0.815085
274 0.177451 0.971884 0.807786
275 0.177701 0.973777 0.812652
276 0.167437 0.970533 0.834550
277 0.174117 0.971073 0.815085
278 0.170976 0.973506 0.817518
279 0.174819 0.971073 0.832117
280 0.168648 0.969992 0.824818
281 0.171448 0.972155 0.822384
282 0.179791 0.974047 0.824818
283 0.172304 0.973777 0.819951
284 0.176593 0.972155 0.822384
285 0.179436 0.976480 0.810219
286 0.169648 0.972155 0.817518
287 0.169232 0.973777 0.812652
288 0.181453 0.971884 0.819951
289 0.170371 0.972155 0.827251
290 0.166472 0.974317 0.817518
291 0.170961 0.973777 0.812652
292 0.180446 0.973236 0.815085
293 0.174742 0.974588 0.815085
294 0.173548 0.973236 0.819951
295 0.177061 0.975128 0.819951
296 0.171578 0.974047 0.810219
297 0.171730 0.975669 0.822384
298 0.172131 0.971614 0.829684
299 0.176992 0.973236 0.807786
300 0.165279 0.976480 0.810219
301 0.160698 0.975939 0.819951
302 0.165210 0.978102 0.815085
303 0.155087 0.977021 0.817518
304 0.166840 0.977562 0.817518
305 0.162685 0.978643 0.817518
306 0.155264 0.978373 0.815085
307 0.168025 0.978913 0.817518
308 0.159524 0.975939 0.824818
309 0.159099 0.977562 0.822384
310 0.162657 0.979724 0.824818
311 0.174729 0.977021 0.817518
312 0.158683 0.975939 0.829684
313 0.157434 0.975399 0.822384
314 0.150196 0.979184 0.817518
315 0.161992 0.977832 0.817518
316 0.162229 0.980806 0.822384
317 0.164303 0.979995 0.819951
318 0.162753 0.978643 0.822384
319 0.156254 0.977562 0.822384
320 0.164090 0.977291 0.827251
321 0.163107 0.978373 0.817518
322 0.157942 0.978643 0.829684
323 0.156417 0.977832 0.819951
324 0.158433 0.978102 0.824818
325 0.151270 0.978102 0.827251
326 0.146599 0.978102 0.832117
327 0.154303 0.977021 0.829684
328 0.173476 0.977832 0.827251
329 0.155327 0.975939 0.819951
330 0.164412 0.978373 0.829684
331 0.165317 0.978102 0.822384
332 0.164061 0.978373 0.824818
333 0.155604 0.978102 0.822384
334 0.151991 0.979995 0.827251
335 0.148422 0.978913 0.817518
336 0.159683 0.978913 0.824818
337 0.155035 0.979454 0.829684
338 0.166758 0.978643 0.836983
339 0.156937 0.979724 0.819951
340 0.146839 0.976750 0.836983
341 0.157392 0.976750 0.824818
342 0.150227 0.979724 0.824818
343 0.161462 0.980806 0.829684
344 0.164520 0.978643 0.829684
345 0.160840 0.981076 0.822384
346 0.156963 0.980535 0.824818
347 0.152849 0.978373 0.824818
348 0.155507 0.978643 0.836983
349 0.165419 0.978102 0.834550
350 0.149418 0.978102 0.832117
