1 8.270946 0.680639 0.738739
2 3.300814 0.735529 0.765766
3 1.971574 0.749501 0.783784
4 1.720604 0.738523 0.792793
5 1.596566 0.728543 0.738739
6 1.857059 0.742515 0.837838
7 1.561781 0.733533 0.783784
8 1.068341 0.728543 0.756757
9 1.007097 0.743513 0.756757
10 0.852747 0.753493 0.810811
11 0.871136 0.749501 0.756757
12 0.863485 0.751497 0.783784
13 0.743420 0.734531 0.792793
14 0.658918 0.757485 0.810811
15 0.655090 0.748503 0.828829
16 0.661418 0.721557 0.756757
17 0.635057 0.759481 0.801802
18 0.581067 0.751497 0.792793
19 0.553593 0.770459 0.801802
20 0.584523 0.717565 0.675676
21 0.597459 0.760479 0.828829
22 0.661643 0.717565 0.756757
23 0.628798 0.763473 0.810811
24 0.545807 0.764471 0.801802
25 0.580519 0.714571 0.765766
26 0.568618 0.752495 0.783784
27 0.550258 0.760479 0.783784
28 0.589715 0.772455 0.801802
29 0.606093 0.690619 0.684685
30 0.648244 0.753493 0.783784
31 0.550730 0.767465 0.810811
32 0.552777 0.767465 0.774775
33 0.517467 0.778443 0.792793
34 0.513771 0.776447 0.828829
35 0.517473 0.771457 0.828829
36 0.499669 0.780439 0.756757
37 0.500031 0.759481 0.747748
38 0.498308 0.778443 0.756757
39 0.491432 0.781437 0.792793
40 0.474932 0.807385 0.774775
41 0.468535 0.806387 0.792793
42 0.470128 0.787425 0.747748
43 0.475753 0.775449 0.792793
44 0.484929 0.754491 0.702703
45 0.439265 0.727545 0.684685
46 0.461213 0.807385 0.747748
47 0.481889 0.806387 0.792793
48 0.431858 0.816367 0.747748
49 0.470513 0.809381 0.747748
50 0.422400 0.825349 0.702703
51 0.390899 0.812375 0.675676
52 0.379738 0.839321 0.657658
53 0.383886 0.821357 0.657658
54 0.383659 0.807385 0.621622
55 0.380361 0.775449 0.648649
56 0.354393 0.874251 0.702703
57 0.347538 0.826347 0.648649
58 0.363912 0.849301 0.648649
59 0.356690 0.879242 0.738739
60 0.324264 0.882236 0.648649
61 0.313575 0.906188 0.720721
62 0.318901 0.880240 0.666667
63 0.311238 0.902196 0.693694
64 0.339013 0.852295 0.657658
65 0.357151 0.855289 0.657658
66 0.449033 0.870259 0.666667
67 0.297737 0.916168 0.684685
68 0.295428 0.912176 0.693694
69 0.292841 0.889222 0.621622
70 0.305082 0.939122 0.684685
71 0.260799 0.930140 0.702703
72 0.217855 0.934132 0.621622
73 0.213981 0.911178 0.702703
74 0.224088 0.935130 0.729730
75 0.220663 0.925150 0.684685
76 0.244736 0.937126 0.684685
77 0.237006 0.871257 0.630631
78 0.173702 0.964072 0.648649
79 0.207350 0.921158 0.612613
80 0.179080 0.954092 0.729730
81 0.214520 0.940120 0.666667
82 0.229095 0.940120 0.675676
83 0.161924 0.969062 0.639640
84 0.147787 0.941118 0.675676
85 0.205125 0.960080 0.684685
86 0.167869 0.961078 0.666667
87 0.130924 0.977046 0.648649
88 0.155322 0.946108 0.675676
89 0.206333 0.908184 0.657658
90 0.188003 0.959082 0.702703
91 0.162016 0.972056 0.729730
92 0.161620 0.957086 0.657658
93 0.153953 0.968064 0.684685
94 0.151467 0.977046 0.657658
95 0.114585 0.974052 0.648649
96 0.195918 0.960080 0.675676
97 0.207108 0.972056 0.729730
98 0.157823 0.963074 0.702703
99 0.156991 0.965070 0.675676
100 0.111082 0.985030 0.648649
101 0.090211 0.985030 0.639640
102 0.082799 0.990020 0.648649
103 0.072762 0.990020 0.675676
104 0.073396 0.994012 0.639640
105 0.068576 0.993014 0.666667
106 0.073098 0.989022 0.657658
107 0.073652 0.994012 0.648649
108 0.072803 0.993014 0.648649
109 0.077968 0.989022 0.648649
110 0.091647 0.983034 0.666667
111 0.080216 0.995010 0.675676
112 0.058365 0.991018 0.648649
113 0.051154 0.994012 0.666667
114 0.054762 0.992016 0.675676
115 0.091000 0.990020 0.675676
116 0.065402 0.991018 0.693694
117 0.060301 0.994012 0.666667
118 0.059999 0.993014 0.684685
119 0.090067 0.986028 0.702703
120 0.107033 0.990020 0.675676
121 0.106353 0.984032 0.666667
122 0.071835 0.994012 0.675676
123 0.072380 0.995010 0.711712
124 0.064913 0.995010 0.657658
125 0.071176 0.991018 0.639640
126 0.060834 0.995010 0.675676
127 0.062550 0.992016 0.666667
128 0.052051 0.995010 0.675676
129 0.059526 0.996008 0.639640
130 0.067758 0.993014 0.666667
131 0.052186 0.995010 0.657658
132 0.048729 0.997006 0.684685
133 0.052418 0.993014 0.675676
134 0.054621 0.996008 0.639640
135 0.050969 0.996008 0.657658
136 0.047694 0.997006 0.666667
137 0.085275 0.992016 0.630631
138 0.083321 0.990020 0.711712
139 0.069734 0.990020 0.675676
140 0.067839 0.994012 0.666667
141 0.072836 0.992016 0.675676
142 0.062259 0.989022 0.648649
143 0.047633 0.996008 0.684685
144 0.051154 0.995010 0.675676
145 0.051507 0.992016 0.684685
146 0.127871 0.941118 0.639640
147 0.108903 0.994012 0.666667
148 0.061640 0.996008 0.666667
149 0.049645 0.997006 0.684685
150 0.046523 0.997006 0.684685
151 0.048558 0.998004 0.666667
152 0.044439 0.997006 0.675676
153 0.038631 0.996008 0.666667
154 0.038933 0.998004 0.684685
155 0.040162 0.997006 0.684685
156 0.040389 0.997006 0.702703
157 0.034290 0.998004 0.693694
158 0.042423 0.998004 0.702703
159 0.037231 0.998004 0.675676
160 0.035839 0.998004 0.702703
161 0.036999 0.998004 0.666667
162 0.051144 0.998004 0.675676
163 0.040881 0.998004 0.675676
164 0.044339 0.997006 0.684685
165 0.038635 0.998004 0.675676
166 0.041065 0.998004 0.684685
167 0.034944 0.998004 0.684685
168 0.031347 0.998004 0.675676
169 0.036898 0.998004 0.675676
170 0.033813 0.998004 0.675676
171 0.034417 0.997006 0.675676
172 0.038272 0.998004 0.675676
173 0.035944 0.998004 0.648649
174 0.037528 0.998004 0.666667
175 0.034108 0.998004 0.666667
176 0.031489 0.998004 0.675676
177 0.031837 0.998004 0.657658
178 0.035368 0.996008 0.666667
179 0.034975 0.998004 0.648649
180 0.040123 0.998004 0.666667
181 0.062964 0.990020 0.684685
182 0.071247 0.995010 0.684685
183 0.059554 0.998004 0.657658
184 0.040861 0.998004 0.693694
185 0.036235 0.998004 0.693694
186 0.041771 0.998004 0.693694
187 0.038385 0.998004 0.684685
188 0.038185 0.998004 0.666667
189 0.033792 0.998004 0.684685
190 0.033679 0.998004 0.675676
191 0.035893 0.998004 0.684685
192 0.030597 0.998004 0.684685
193 0.031474 0.997006 0.666667
194 0.038152 0.998004 0.684685
195 0.039320 0.998004 0.675676
196 0.035359 0.995010 0.666667
197 0.043411 0.996008 0.675676
198 0.038760 0.997006 0.675676
199 0.047189 0.998004 0.657658
200 0.033207 0.998004 0.684685
201 0.034994 0.998004 0.666667
202 0.048981 0.998004 0.684685
203 0.030634 0.998004 0.684685
204 0.029339 0.998004 0.684685
205 0.028466 0.998004 0.684685
206 0.030108 0.998004 0.675676
207 0.028997 0.998004 0.684685
208 0.030255 0.998004 0.684685
209 0.028888 0.998004 0.675676
210 0.029387 0.998004 0.675676
211 0.028034 0.998004 0.684685
212 0.031399 0.998004 0.684685
213 0.028094 0.998004 0.684685
214 0.029934 0.998004 0.684685
215 0.030633 0.998004 0.684685
216 0.029595 0.998004 0.666667
217 0.026931 0.998004 0.666667
218 0.031722 0.998004 0.675676
219 0.031251 0.998004 0.675676
220 0.026063 0.998004 0.693694
221 0.029214 0.998004 0.693694
222 0.031278 0.998004 0.693694
223 0.029318 0.998004 0.702703
224 0.030259 0.998004 0.693694
225 0.035499 0.998004 0.702703
226 0.032326 0.998004 0.675676
227 0.030762 0.998004 0.675676
228 0.029172 0.998004 0.675676
229 0.028100 0.998004 0.684685
230 0.026267 0.998004 0.684685
231 0.030827 0.998004 0.693694
232 0.030510 0.998004 0.675676
233 0.029054 0.998004 0.675676
234 0.027330 0.998004 0.702703
235 0.025868 0.998004 0.702703
236 0.028724 0.998004 0.693694
237 0.029294 0.998004 0.693694
238 0.025270 0.998004 0.693694
239 0.029584 0.998004 0.684685
240 0.028059 0.998004 0.684685
241 0.027695 0.998004 0.693694
242 0.039401 0.998004 0.666667
243 0.029189 0.998004 0.648649
244 0.036986 0.997006 0.675676
245 0.038186 0.998004 0.666667
246 0.030996 0.998004 0.648649
247 0.027848 0.998004 0.657658
248 0.036192 0.998004 0.666667
249 0.027503 0.998004 0.675676
250 0.030430 0.998004 0.657658
251 0.026535 0.998004 0.648649
252 0.022927 0.998004 0.657658
253 0.022434 0.998004 0.666667
254 0.029396 0.998004 0.666667
255 0.026039 0.998004 0.657658
256 0.028826 0.998004 0.657658
257 0.022707 0.998004 0.675676
258 0.023859 0.998004 0.648649
259 0.028068 0.998004 0.666667
260 0.026570 0.998004 0.648649
261 0.026844 0.998004 0.666667
262 0.030005 0.998004 0.666667
263 0.023723 0.998004 0.666667
264 0.025536 0.998004 0.684685
265 0.026681 0.998004 0.657658
266 0.023288 0.998004 0.648649
267 0.027880 0.998004 0.657658
268 0.025204 0.998004 0.666667
269 0.026607 0.998004 0.684685
270 0.027528 0.998004 0.684685
271 0.025781 0.998004 0.684685
272 0.025841 0.998004 0.666667
273 0.026042 0.998004 0.675676
274 0.028240 0.998004 0.684685
275 0.026333 0.998004 0.684685
276 0.025858 0.998004 0.675676
277 0.026169 0.998004 0.675676
278 0.021072 0.998004 0.666667
279 0.026081 0.998004 0.675676
280 0.022870 0.998004 0.684685
281 0.025917 0.998004 0.675676
282 0.028217 0.998004 0.684685
283 0.024043 0.998004 0.684685
284 0.029405 0.998004 0.684685
285 0.025278 0.998004 0.684685
286 0.024695 0.998004 0.684685
287 0.024567 0.998004 0.684685
288 0.026914 0.998004 0.675676
289 0.025823 0.998004 0.666667
290 0.025151 0.998004 0.675676
291 0.024973 0.998004 0.675676
292 0.026601 0.998004 0.675676
293 0.024441 0.998004 0.675676
294 0.027382 0.998004 0.675676
295 0.021458 0.998004 0.675676
296 0.043355 0.998004 0.657658
297 0.030808 0.998004 0.648649
298 0.024081 0.998004 0.648649
299 0.027810 0.998004 0.657658
300 0.028932 0.998004 0.648649
301 0.026873 0.998004 0.639640
302 0.027761 0.998004 0.639640
303 0.025176 0.998004 0.639640
304 0.022526 0.998004 0.648649
305 0.029862 0.998004 0.657658
306 0.025775 0.998004 0.657658
307 0.027596 0.998004 0.657658
308 0.024068 0.998004 0.648649
309 0.027962 0.998004 0.657658
310 0.027036 0.998004 0.648649
311 0.022253 0.998004 0.657658
312 0.024398 0.998004 0.648649
313 0.025461 0.998004 0.657658
314 0.020188 0.998004 0.657658
315 0.024162 0.998004 0.657658
316 0.027372 0.998004 0.666667
317 0.024205 0.998004 0.657658
318 0.025138 0.998004 0.666667
319 0.023897 0.998004 0.657658
320 0.023001 0.998004 0.666667
321 0.024724 0.998004 0.657658
322 0.024804 0.998004 0.657658
323 0.026182 0.998004 0.657658
324 0.024457 0.998004 0.666667
325 0.024751 0.998004 0.666667
326 0.026664 0.998004 0.657658
327 0.025510 0.998004 0.657658
328 0.024355 0.998004 0.657658
329 0.024022 0.998004 0.666667
330 0.023605 0.998004 0.657658
331 0.022696 0.998004 0.666667
332 0.025856 0.998004 0.666667
333 0.023626 0.998004 0.666667
334 0.023013 0.998004 0.639640
335 0.025407 0.998004 0.657658
336 0.021320 0.998004 0.666667
337 0.024225 0.998004 0.657658
338 0.027093 0.998004 0.648649
339 0.022648 0.998004 0.648649
340 0.023628 0.998004 0.648649
341 0.024504 0.998004 0.657658
342 0.025214 0.998004 0.648649
343 0.026461 0.998004 0.648649
344 0.020522 0.998004 0.666667
345 0.024548 0.998004 0.657658
346 0.021181 0.998004 0.666667
347 0.024884 0.998004 0.666667
348 0.026613 0.998004 0.657658
349 0.023196 0.998004 0.657658
350 0.024014 0.998004 0.657658
