1 249.504159 0.302289 0.288000
2 74.870877 0.373194 0.376000
3 54.081429 0.386975 0.412000
4 55.437037 0.473883 0.482000
5 43.170789 0.373416 0.376000
6 38.746427 0.381196 0.386000
7 20.987987 0.468104 0.462000
8 25.567303 0.416315 0.390000
9 20.884869 0.386753 0.400000
10 16.975959 0.432985 0.420000
11 14.443906 0.477217 0.462000
12 20.704114 0.436541 0.450000
13 14.388531 0.406090 0.426000
14 10.478069 0.464548 0.448000
15 12.682526 0.439876 0.492000
16 10.711272 0.447210 0.480000
17 8.381420 0.403423 0.402000
18 7.907623 0.483663 0.488000
19 5.361194 0.465881 0.466000
20 7.400795 0.481885 0.512000
21 6.620078 0.418315 0.406000
22 6.347036 0.501445 0.518000
23 3.861261 0.444099 0.486000
24 4.709742 0.411647 0.426000
25 4.535713 0.467659 0.500000
26 5.378596 0.426984 0.428000
27 3.781221 0.342965 0.350000
28 3.981126 0.440320 0.450000
29 2.938669 0.387642 0.400000
30 3.095046 0.472327 0.478000
31 2.611665 0.444988 0.456000
32 3.387267 0.407868 0.440000
33 2.623624 0.405868 0.414000
34 2.546841 0.408535 0.426000
35 2.537275 0.472549 0.470000
36 2.444819 0.464103 0.480000
37 2.278446 0.413203 0.428000
38 2.528041 0.421427 0.438000
39 3.041585 0.457435 0.458000
40 2.794108 0.491220 0.522000
41 2.154848 0.382085 0.388000
42 2.391785 0.447433 0.458000
43 2.236149 0.483218 0.492000
44 1.961646 0.438542 0.424000
45 3.376690 0.308735 0.308000
46 2.515174 0.453879 0.484000
47 1.926242 0.451878 0.442000
48 1.716227 0.409869 0.408000
49 1.932278 0.456101 0.442000
50 1.585104 0.480329 0.488000
51 1.682087 0.462992 0.476000
52 1.751248 0.491665 0.490000
53 1.559850 0.504779 0.518000
54 1.540404 0.432985 0.440000
55 1.553592 0.465881 0.490000
56 1.668963 0.460325 0.502000
57 1.530620 0.516559 0.532000
58 1.549395 0.478773 0.508000
59 1.804372 0.478329 0.498000
60 1.573897 0.487886 0.516000
61 1.697014 0.447433 0.474000
62 1.813935 0.418315 0.454000
63 1.723473 0.479218 0.490000
64 1.666924 0.479662 0.490000
65 1.689628 0.451211 0.436000
66 1.576093 0.425206 0.422000
67 1.510302 0.476106 0.516000
68 1.574929 0.435652 0.470000
69 1.582962 0.495443 0.512000
70 1.670466 0.497222 0.508000
