1 3.423913 0.629032 0.529412
2 1.736301 0.654839 0.647059
3 1.430965 0.625806 0.500000
4 0.982893 0.703226 0.588235
5 0.784757 0.664516 0.529412
6 0.664862 0.729032 0.588235
7 0.650831 0.790323 0.647059
8 0.614320 0.780645 0.647059
9 0.480053 0.651613 0.470588
10 0.463869 0.696774 0.441176
11 0.526664 0.793548 0.529412
12 0.476925 0.883871 0.558824
13 0.422322 0.851613 0.676471
14 0.378055 0.816129 0.529412
15 0.300512 0.845161 0.558824
16 0.347536 0.887097 0.588235
17 0.345810 0.896774 0.558824
18 0.316916 0.906452 0.500000
19 0.271149 0.896774 0.529412
20 0.265519 0.909677 0.647059
21 0.256693 0.912903 0.558824
22 0.277399 0.864516 0.617647
23 0.232842 0.935484 0.617647
24 0.243024 0.935484 0.529412
25 0.290385 0.916129 0.647059
26 0.235624 0.916129 0.529412
27 0.203458 0.961290 0.500000
28 0.176079 0.867742 0.676471
29 0.205489 0.932258 0.617647
30 0.163381 0.948387 0.470588
31 0.206556 0.958065 0.588235
32 0.155317 0.974194 0.470588
33 0.130203 0.948387 0.529412
34 0.176023 0.938710 0.529412
35 0.135310 0.929032 0.588235
36 0.200008 0.909677 0.500000
37 0.121994 0.961290 0.558824
38 0.111371 0.983871 0.588235
39 0.090295 0.987097 0.558824
40 0.100060 0.967742 0.558824
41 0.183733 0.964516 0.558824
42 0.097677 0.993548 0.500000
43 0.070555 0.987097 0.558824
44 0.137121 0.983871 0.500000
45 0.075790 0.996774 0.558824
46 0.096598 0.935484 0.617647
47 0.245136 0.961290 0.558824
48 0.110481 0.970968 0.529412
49 0.076408 0.980645 0.617647
50 0.057505 0.996774 0.588235
51 0.036881 0.996774 0.617647
52 0.034071 0.996774 0.588235
53 0.034745 0.996774 0.617647
54 0.031598 0.996774 0.617647
55 0.035159 0.996774 0.617647
56 0.029854 0.996774 0.617647
57 0.027553 0.996774 0.558824
58 0.032095 0.996774 0.558824
59 0.032195 0.996774 0.558824
60 0.028006 0.996774 0.617647
61 0.030707 0.996774 0.617647
62 0.027876 0.996774 0.558824
63 0.030243 0.996774 0.588235
64 0.029185 0.996774 0.558824
65 0.034518 0.996774 0.588235
66 0.036134 0.996774 0.558824
67 0.031495 0.996774 0.588235
68 0.027282 0.996774 0.588235
69 0.033279 0.996774 0.588235
70 0.033579 0.996774 0.529412
71 0.025274 0.996774 0.529412
72 0.060699 0.932258 0.588235
73 0.235894 0.929032 0.558824
74 0.229553 0.993548 0.500000
75 0.106601 0.996774 0.558824
76 0.039244 0.996774 0.558824
77 0.034800 0.996774 0.558824
78 0.031584 0.996774 0.617647
79 0.032949 0.996774 0.588235
80 0.030423 0.996774 0.617647
81 0.032868 0.996774 0.588235
82 0.035582 0.996774 0.588235
83 0.036932 0.996774 0.617647
84 0.036520 0.996774 0.617647
85 0.035940 0.996774 0.617647
86 0.031170 0.996774 0.588235
87 0.032289 0.996774 0.588235
88 0.032636 0.996774 0.588235
89 0.034714 0.996774 0.588235
90 0.048091 0.990323 0.617647
91 0.049875 0.996774 0.558824
92 0.043168 0.996774 0.588235
93 0.211302 0.954839 0.558824
94 0.096939 0.993548 0.617647
95 0.053558 0.993548 0.529412
96 0.043801 0.993548 0.558824
97 0.042634 0.996774 0.558824
98 0.033425 0.996774 0.617647
99 0.033304 0.996774 0.617647
100 0.035040 0.996774 0.558824
101 0.024313 0.996774 0.588235
102 0.027207 0.996774 0.588235
103 0.027831 0.996774 0.617647
104 0.023683 0.996774 0.558824
105 0.027665 0.996774 0.588235
106 0.033046 0.996774 0.558824
107 0.031015 0.996774 0.558824
108 0.024573 0.996774 0.588235
109 0.024701 0.996774 0.588235
110 0.021724 0.996774 0.588235
111 0.025974 0.996774 0.529412
112 0.024615 0.996774 0.558824
113 0.027098 0.996774 0.558824
114 0.036498 0.996774 0.558824
115 0.026575 0.996774 0.588235
116 0.026177 0.996774 0.558824
117 0.022175 0.996774 0.558824
118 0.021254 0.996774 0.558824
119 0.025193 0.996774 0.558824
120 0.025310 0.996774 0.558824
121 0.022594 0.996774 0.529412
122 0.024193 0.996774 0.558824
123 0.027980 0.996774 0.676471
124 0.035736 0.996774 0.588235
125 0.028724 0.996774 0.588235
126 0.031333 0.996774 0.588235
127 0.026832 0.996774 0.588235
128 0.030341 0.996774 0.588235
129 0.031476 0.987097 0.588235
130 0.097552 0.980645 0.558824
131 0.055669 0.996774 0.588235
132 0.028673 0.996774 0.588235
133 0.034700 0.996774 0.588235
134 0.029008 0.996774 0.588235
135 0.027463 0.996774 0.558824
136 0.026442 0.996774 0.558824
137 0.029805 0.996774 0.617647
138 0.023032 0.996774 0.558824
139 0.027838 0.996774 0.617647
140 0.029216 0.996774 0.588235
141 0.031381 0.996774 0.617647
142 0.027920 0.996774 0.588235
143 0.024616 0.996774 0.588235
144 0.027438 0.996774 0.617647
145 0.032439 0.996774 0.617647
146 0.031355 0.996774 0.617647
147 0.023888 0.996774 0.588235
148 0.024472 0.996774 0.617647
149 0.024382 0.996774 0.617647
150 0.026595 0.996774 0.588235
151 0.021633 0.996774 0.617647
152 0.019584 0.996774 0.588235
153 0.021337 0.996774 0.617647
154 0.024820 0.996774 0.647059
155 0.025126 0.996774 0.617647
156 0.025302 0.996774 0.617647
157 0.020421 0.996774 0.617647
158 0.022002 0.996774 0.617647
159 0.020759 0.996774 0.647059
160 0.023703 0.996774 0.647059
161 0.024739 0.996774 0.617647
162 0.021536 0.996774 0.617647
163 0.021089 0.996774 0.558824
164 0.018518 0.996774 0.617647
165 0.043686 0.996774 0.558824
166 0.030256 0.996774 0.529412
167 0.026385 0.996774 0.558824
168 0.028124 0.996774 0.558824
169 0.022212 0.996774 0.558824
170 0.020236 0.996774 0.588235
171 0.022039 0.996774 0.558824
172 0.022642 0.996774 0.588235
173 0.021893 0.996774 0.588235
174 0.024064 0.996774 0.588235
175 0.025697 0.996774 0.558824
176 0.023331 0.996774 0.588235
177 0.019491 0.996774 0.588235
178 0.025122 0.996774 0.588235
179 0.019298 0.996774 0.588235
180 0.026482 0.996774 0.647059
181 0.022504 0.996774 0.617647
182 0.022866 0.996774 0.617647
183 0.019270 0.996774 0.617647
184 0.024258 0.996774 0.647059
185 0.019661 0.996774 0.617647
186 0.022713 0.996774 0.588235
187 0.023594 0.996774 0.617647
188 0.021300 0.996774 0.588235
189 0.019170 0.996774 0.588235
190 0.020858 0.996774 0.588235
191 0.021505 0.996774 0.588235
192 0.024829 0.996774 0.588235
193 0.019015 0.996774 0.588235
194 0.021040 0.996774 0.588235
195 0.024833 0.996774 0.588235
196 0.019962 0.996774 0.588235
197 0.021120 0.996774 0.588235
198 0.024835 0.996774 0.588235
199 0.038485 0.967742 0.529412
200 0.025708 0.996774 0.529412
201 0.020267 0.996774 0.558824
202 0.023209 0.996774 0.558824
203 0.018968 0.996774 0.558824
204 0.022676 0.996774 0.558824
205 0.018209 0.996774 0.558824
206 0.021651 0.996774 0.558824
207 0.017930 0.996774 0.558824
208 0.020491 0.996774 0.558824
209 0.022357 0.996774 0.558824
210 0.018661 0.996774 0.558824
211 0.018517 0.996774 0.558824
212 0.023095 0.996774 0.558824
213 0.020304 0.996774 0.558824
214 0.021603 0.996774 0.558824
215 0.022209 0.996774 0.558824
216 0.017418 0.996774 0.588235
217 0.019301 0.996774 0.558824
218 0.022988 0.996774 0.558824
219 0.019290 0.996774 0.529412
220 0.020461 0.996774 0.558824
221 0.019987 0.996774 0.558824
222 0.021134 0.996774 0.558824
223 0.020730 0.996774 0.558824
224 0.019285 0.996774 0.558824
225 0.017484 0.996774 0.558824
226 0.021736 0.996774 0.558824
227 0.018022 0.996774 0.558824
228 0.019764 0.996774 0.529412
229 0.020085 0.996774 0.558824
230 0.017310 0.996774 0.558824
231 0.020792 0.996774 0.529412
232 0.019446 0.996774 0.558824
233 0.016736 0.996774 0.558824
234 0.017434 0.996774 0.558824
235 0.019564 0.996774 0.558824
236 0.019414 0.996774 0.558824
237 0.019638 0.996774 0.558824
238 0.017015 0.996774 0.558824
239 0.020869 0.996774 0.558824
240 0.020306 0.996774 0.558824
241 0.018079 0.996774 0.558824
242 0.018006 0.996774 0.529412
243 0.014695 0.996774 0.529412
244 0.019516 0.996774 0.558824
245 0.016837 0.996774 0.529412
246 0.020083 0.996774 0.588235
247 0.017443 0.996774 0.558824
248 0.020360 0.996774 0.558824
249 0.020308 0.996774 0.529412
250 0.019251 0.996774 0.558824
251 0.017968 0.996774 0.558824
252 0.014732 0.996774 0.558824
253 0.017682 0.996774 0.558824
254 0.022475 0.996774 0.558824
255 0.016565 0.996774 0.558824
256 0.018132 0.996774 0.558824
257 0.014361 0.996774 0.558824
258 0.015555 0.996774 0.529412
259 0.019959 0.996774 0.558824
260 0.017398 0.996774 0.529412
261 0.019937 0.996774 0.558824
262 0.017490 0.996774 0.529412
263 0.017366 0.996774 0.558824
264 0.017153 0.996774 0.529412
265 0.021955 0.996774 0.529412
266 0.019062 0.996774 0.558824
267 0.020885 0.996774 0.558824
268 0.018765 0.996774 0.558824
269 0.016952 0.996774 0.529412
270 0.015616 0.996774 0.529412
271 0.017911 0.996774 0.558824
272 0.019143 0.996774 0.529412
273 0.019302 0.996774 0.529412
274 0.019672 0.996774 0.529412
275 0.017405 0.996774 0.500000
276 0.017726 0.996774 0.529412
277 0.018490 0.996774 0.529412
278 0.018653 0.996774 0.529412
279 0.019106 0.996774 0.529412
280 0.016590 0.996774 0.529412
281 0.021099 0.996774 0.529412
282 0.019453 0.996774 0.500000
283 0.016697 0.996774 0.500000
284 0.020943 0.996774 0.529412
285 0.016305 0.996774 0.500000
286 0.016828 0.996774 0.500000
287 0.021460 0.996774 0.500000
288 0.018031 0.996774 0.500000
289 0.018563 0.996774 0.500000
290 0.018167 0.996774 0.529412
291 0.017585 0.996774 0.500000
292 0.018471 0.996774 0.500000
293 0.017829 0.996774 0.529412
294 0.016617 0.996774 0.529412
295 0.018047 0.996774 0.558824
296 0.018306 0.996774 0.500000
297 0.019313 0.996774 0.529412
298 0.017900 0.996774 0.558824
299 0.014590 0.996774 0.529412
300 0.018500 0.996774 0.558824
301 0.018536 0.996774 0.558824
302 0.017843 0.996774 0.529412
303 0.018176 0.996774 0.558824
304 0.014393 0.996774 0.500000
305 0.016223 0.996774 0.529412
306 0.017267 0.996774 0.588235
307 0.019083 0.996774 0.558824
308 0.017859 0.996774 0.588235
309 0.017749 0.996774 0.588235
310 0.017786 0.996774 0.588235
311 0.018103 0.996774 0.529412
312 0.017088 0.996774 0.529412
313 0.016932 0.996774 0.529412
314 0.015182 0.996774 0.558824
315 0.017055 0.996774 0.529412
316 0.017384 0.996774 0.558824
317 0.018947 0.996774 0.558824
318 0.016700 0.996774 0.500000
319 0.019262 0.996774 0.529412
320 0.015599 0.996774 0.558824
321 0.016047 0.996774 0.500000
322 0.018991 0.996774 0.500000
323 0.017463 0.996774 0.529412
324 0.018777 0.996774 0.558824
325 0.017404 0.996774 0.558824
326 0.017442 0.996774 0.558824
327 0.016558 0.996774 0.558824
328 0.016969 0.996774 0.529412
329 0.016301 0.996774 0.529412
330 0.016717 0.996774 0.529412
331 0.015232 0.996774 0.558824
332 0.016052 0.996774 0.529412
333 0.017000 0.996774 0.529412
334 0.018175 0.996774 0.529412
335 0.017938 0.996774 0.558824
336 0.017933 0.996774 0.529412
337 0.015760 0.996774 0.558824
338 0.017853 0.996774 0.558824
339 0.016455 0.996774 0.558824
340 0.017460 0.996774 0.529412
341 0.016028 0.996774 0.529412
342 0.017100 0.996774 0.558824
343 0.015836 0.996774 0.529412
344 0.014570 0.996774 0.529412
345 0.018556 0.996774 0.558824
346 0.016516 0.996774 0.558824
347 0.018043 0.996774 0.500000
348 0.020119 0.996774 0.529412
349 0.016108 0.996774 0.529412
350 0.018790 0.996774 0.529412
