1 1.181199 0.822485 0.631579
2 0.328033 0.958580 0.842105
3 0.179586 0.976331 0.842105
4 0.155730 0.982249 0.789474
5 0.139096 0.988166 0.842105
6 0.135650 0.976331 0.842105
7 0.160877 0.946746 0.842105
8 0.172983 0.958580 0.789474
9 0.056236 1.000000 0.789474
10 0.069035 0.976331 0.842105
11 0.045488 1.000000 0.789474
12 0.058814 1.000000 0.842105
13 0.051026 0.917160 0.842105
14 0.039006 1.000000 0.789474
15 0.029107 0.917160 0.789474
16 0.071407 1.000000 0.789474
17 0.033589 1.000000 0.789474
18 0.019901 1.000000 0.789474
19 0.027656 1.000000 0.789474
20 0.030456 0.976331 0.842105
21 0.260741 0.899408 0.842105
22 0.166916 0.917160 0.789474
23 0.056740 1.000000 0.789474
24 0.035885 0.994083 0.842105
25 0.047386 1.000000 0.789474
26 0.035184 1.000000 0.789474
27 0.024123 1.000000 0.789474
28 0.015883 1.000000 0.789474
29 0.035747 1.000000 0.789474
30 0.073436 0.928994 0.789474
31 0.127416 1.000000 0.842105
32 0.032592 0.994083 0.789474
33 0.022531 1.000000 0.842105
34 0.035455 0.988166 0.842105
35 0.023622 1.000000 0.842105
36 0.021966 1.000000 0.842105
37 0.014595 1.000000 0.842105
38 0.026477 1.000000 0.842105
39 0.026508 1.000000 0.789474
40 0.030073 1.000000 0.789474
41 0.053799 0.988166 0.842105
42 0.088925 0.964497 0.842105
43 0.023589 1.000000 0.789474
44 0.017809 1.000000 0.789474
45 0.018700 1.000000 0.789474
46 0.017576 1.000000 0.789474
47 0.013014 1.000000 0.789474
48 0.018038 1.000000 0.789474
49 0.013167 1.000000 0.789474
50 0.011133 1.000000 0.789474
51 0.013636 1.000000 0.789474
52 0.015058 1.000000 0.789474
53 0.015774 1.000000 0.789474
54 0.014417 1.000000 0.789474
55 0.014799 1.000000 0.789474
56 0.013462 1.000000 0.789474
57 0.012197 1.000000 0.789474
58 0.013920 1.000000 0.789474
59 0.011407 1.000000 0.789474
60 0.011943 1.000000 0.789474
61 0.023126 1.000000 0.789474
62 0.012488 1.000000 0.789474
63 0.015742 1.000000 0.789474
64 0.015202 1.000000 0.789474
65 0.013038 1.000000 0.789474
66 0.011631 1.000000 0.789474
67 0.010386 1.000000 0.789474
68 0.013915 1.000000 0.789474
69 0.010387 1.000000 0.789474
70 0.011093 1.000000 0.789474
