1 3.730382 0.475556 0.460000
2 1.727124 0.499259 0.420000
3 1.458000 0.472593 0.466667
4 1.241804 0.484444 0.440000
5 1.302889 0.473333 0.440000
6 1.667297 0.515556 0.486667
7 1.093573 0.534815 0.513333
8 1.018708 0.539259 0.513333
9 1.190138 0.544444 0.486667
10 1.174480 0.527407 0.480000
11 1.001951 0.522222 0.480000
12 1.005920 0.537778 0.526667
13 1.033320 0.548148 0.500000
14 0.954350 0.523704 0.493333
15 1.041623 0.537778 0.486667
16 1.042368 0.541481 0.493333
17 0.950950 0.537778 0.466667
18 0.954059 0.544444 0.486667
19 0.946056 0.538519 0.513333
20 0.991521 0.558519 0.493333
21 0.943663 0.542963 0.513333
22 0.941447 0.536296 0.513333
23 1.029165 0.528148 0.486667
24 0.972553 0.541481 0.480000
25 1.077577 0.523704 0.446667
26 0.964552 0.554074 0.486667
27 0.952211 0.522963 0.453333
28 0.936342 0.533333 0.473333
29 0.954584 0.551852 0.526667
30 1.016687 0.551852 0.493333
31 0.949020 0.542222 0.460000
32 0.946629 0.557037 0.513333
33 0.935836 0.553333 0.473333
34 0.951996 0.545185 0.473333
35 1.022421 0.545185 0.500000
36 0.981496 0.531111 0.420000
37 0.944722 0.559259 0.466667
38 0.924556 0.557778 0.533333
39 0.936165 0.565185 0.460000
40 0.939225 0.554815 0.480000
41 0.927801 0.563704 0.486667
42 0.942162 0.567407 0.446667
43 0.928725 0.574815 0.473333
44 0.939261 0.557037 0.446667
45 1.002023 0.533333 0.506667
46 0.926939 0.565926 0.486667
47 0.972211 0.562963 0.466667
48 0.975794 0.560000 0.533333
49 1.001240 0.539259 0.493333
50 0.918176 0.568148 0.500000
51 0.922875 0.566667 0.500000
52 0.932877 0.575556 0.493333
53 0.931734 0.570370 0.466667
54 0.915169 0.568889 0.506667
55 0.921443 0.574815 0.520000
56 0.906334 0.577037 0.493333
57 0.904769 0.573333 0.500000
58 0.911092 0.577037 0.500000
59 0.910458 0.588148 0.480000
60 0.904760 0.575556 0.513333
61 0.906890 0.578519 0.513333
62 0.904840 0.578519 0.493333
63 0.901294 0.577778 0.500000
64 0.891162 0.588889 0.473333
65 0.890797 0.582963 0.480000
66 0.903210 0.584444 0.466667
67 0.904609 0.577778 0.493333
68 0.902792 0.572593 0.453333
69 0.904316 0.580741 0.486667
70 0.891593 0.591111 0.473333
