1 148.764146 0.506667 0.510000
2 61.752159 0.561111 0.565000
3 25.269025 0.712222 0.760000
4 8.959586 0.711111 0.760000
5 7.703584 0.595556 0.615000
6 10.717162 0.684444 0.735000
7 7.110575 0.754444 0.795000
8 4.302273 0.682778 0.730000
9 6.800947 0.623333 0.645000
10 4.518104 0.732778 0.765000
11 3.364150 0.663889 0.720000
12 3.111160 0.680000 0.725000
13 2.051350 0.578889 0.575000
14 11.247850 0.540556 0.545000
15 3.496916 0.702778 0.740000
16 7.149418 0.572222 0.590000
17 5.054819 0.758333 0.780000
18 1.745013 0.763333 0.820000
19 2.327950 0.678889 0.730000
20 1.418342 0.738333 0.775000
21 1.581133 0.524444 0.530000
22 1.289466 0.764444 0.820000
23 1.028696 0.746667 0.795000
24 0.970856 0.729444 0.770000
25 0.775442 0.770556 0.830000
26 1.176385 0.727778 0.760000
27 1.555086 0.761111 0.800000
28 1.289924 0.766667 0.825000
29 0.884810 0.572222 0.560000
30 1.163193 0.755000 0.805000
31 0.835269 0.722778 0.745000
32 1.417782 0.631111 0.690000
33 0.850078 0.770000 0.815000
34 0.887019 0.763333 0.790000
35 0.993221 0.743333 0.775000
36 0.664813 0.766111 0.810000
37 0.853412 0.776111 0.835000
38 1.454635 0.664444 0.720000
39 0.870805 0.755556 0.810000
40 1.001801 0.771111 0.825000
41 0.967900 0.738333 0.785000
42 1.517884 0.723333 0.760000
43 1.159282 0.751667 0.805000
44 0.817330 0.744444 0.795000
45 0.780821 0.763333 0.815000
46 0.734447 0.725556 0.740000
47 0.812731 0.591111 0.605000
48 0.848522 0.652222 0.725000
49 0.735039 0.749444 0.800000
50 0.786602 0.768889 0.815000
51 0.683693 0.772778 0.825000
52 0.625150 0.758333 0.795000
53 0.626524 0.765000 0.810000
54 0.583800 0.756111 0.775000
55 0.738790 0.765556 0.805000
56 0.661000 0.723333 0.730000
57 0.622558 0.767778 0.820000
58 0.654102 0.763889 0.810000
59 0.927354 0.768889 0.825000
60 0.700594 0.745000 0.760000
61 0.692280 0.732222 0.770000
62 0.691545 0.780000 0.785000
63 0.654533 0.765556 0.805000
64 0.641280 0.736111 0.770000
65 0.697045 0.703889 0.725000
66 0.657194 0.748333 0.780000
67 0.651906 0.760000 0.810000
68 0.689670 0.743889 0.775000
69 0.662364 0.773889 0.820000
70 0.707375 0.752222 0.805000
71 0.648349 0.732778 0.770000
72 0.675696 0.753333 0.800000
73 0.733232 0.748889 0.800000
74 0.651909 0.770556 0.805000
75 0.641638 0.733889 0.785000
76 0.600007 0.732222 0.775000
77 0.714085 0.740000 0.790000
78 0.662706 0.788889 0.785000
79 0.635308 0.751111 0.780000
80 0.760310 0.730556 0.755000
81 0.688561 0.783333 0.815000
82 0.711931 0.760000 0.800000
83 0.694418 0.760000 0.805000
84 0.623250 0.755556 0.795000
85 0.592184 0.732222 0.780000
86 0.659157 0.737222 0.790000
87 0.696274 0.765556 0.780000
88 0.640221 0.795000 0.790000
89 0.614566 0.786111 0.785000
90 0.616014 0.784444 0.790000
91 0.634462 0.780000 0.770000
92 0.613287 0.731111 0.765000
93 0.757042 0.787222 0.820000
94 0.723257 0.728333 0.765000
95 0.700224 0.763333 0.785000
96 0.606999 0.771667 0.805000
97 0.647111 0.782222 0.830000
98 0.648890 0.779444 0.840000
99 0.656578 0.762778 0.810000
100 0.548656 0.774444 0.795000
101 0.673011 0.752222 0.775000
102 0.530392 0.782778 0.800000
103 0.545465 0.764444 0.795000
104 0.515974 0.796667 0.800000
105 0.537054 0.773889 0.805000
106 0.506131 0.743889 0.790000
107 0.583256 0.747222 0.780000
108 0.546015 0.752222 0.790000
109 0.514878 0.750000 0.785000
110 0.536385 0.752778 0.770000
111 0.499883 0.736667 0.785000
112 0.523453 0.767778 0.785000
113 0.523624 0.792778 0.795000
114 0.563603 0.762222 0.790000
115 0.499440 0.761667 0.790000
116 0.579450 0.744444 0.775000
117 0.520812 0.764444 0.785000
118 0.522184 0.765556 0.805000
119 0.521355 0.782222 0.840000
120 0.517828 0.745556 0.785000
121 0.561599 0.753889 0.790000
122 0.522879 0.783333 0.780000
123 0.562645 0.738333 0.785000
124 0.613116 0.806667 0.825000
125 0.530184 0.763333 0.760000
126 0.525447 0.771111 0.770000
127 0.515878 0.754444 0.800000
128 0.612376 0.787778 0.825000
129 0.579407 0.753333 0.790000
130 0.571320 0.680000 0.690000
131 0.590777 0.803889 0.830000
132 0.559505 0.743889 0.785000
133 0.536710 0.790000 0.830000
134 0.650421 0.784444 0.815000
135 0.513437 0.756111 0.780000
136 0.672261 0.714444 0.715000
137 0.584996 0.750556 0.755000
138 0.556972 0.787778 0.790000
139 0.637394 0.777778 0.825000
140 0.573840 0.790556 0.790000
141 0.542342 0.778889 0.825000
142 0.583063 0.764444 0.780000
143 0.543959 0.763889 0.805000
144 0.521722 0.789444 0.800000
145 0.614111 0.740000 0.790000
146 0.551082 0.733333 0.780000
147 0.568689 0.748889 0.790000
148 0.623521 0.791667 0.815000
149 0.541629 0.794444 0.790000
150 0.492653 0.792222 0.815000
151 0.509580 0.810000 0.785000
152 0.508057 0.810000 0.815000
153 0.511882 0.753333 0.780000
154 0.539893 0.739444 0.785000
155 0.483483 0.733889 0.785000
156 0.513467 0.790556 0.785000
157 0.495592 0.746111 0.780000
158 0.496915 0.790000 0.800000
159 0.516614 0.783889 0.800000
160 0.503167 0.758333 0.790000
161 0.504986 0.793333 0.820000
162 0.531986 0.777778 0.785000
163 0.499451 0.813333 0.845000
164 0.508262 0.812778 0.820000
165 0.520918 0.778333 0.805000
166 0.535720 0.811111 0.815000
167 0.498639 0.775000 0.790000
168 0.508979 0.812778 0.840000
169 0.478744 0.768889 0.800000
170 0.494621 0.803889 0.815000
171 0.510712 0.794444 0.800000
172 0.552587 0.755556 0.780000
173 0.519055 0.758889 0.775000
174 0.515885 0.801111 0.815000
175 0.487170 0.808333 0.835000
176 0.493465 0.753889 0.795000
177 0.501205 0.728889 0.775000
178 0.516211 0.815556 0.830000
179 0.500498 0.773889 0.810000
180 0.487580 0.812222 0.825000
181 0.537326 0.798333 0.835000
182 0.503116 0.738333 0.785000
183 0.511783 0.815000 0.845000
184 0.516403 0.770556 0.795000
185 0.507124 0.771667 0.790000
186 0.503764 0.806667 0.840000
187 0.490904 0.792778 0.820000
188 0.495732 0.758889 0.775000
189 0.476080 0.802778 0.830000
190 0.509878 0.812778 0.820000
191 0.491776 0.801111 0.830000
192 0.480971 0.773333 0.790000
193 0.492486 0.815000 0.835000
194 0.503218 0.814444 0.845000
195 0.509395 0.768333 0.790000
196 0.503478 0.816111 0.825000
197 0.492552 0.821111 0.835000
198 0.500548 0.824444 0.830000
199 0.504691 0.748333 0.775000
200 0.472999 0.804444 0.840000
201 0.478760 0.814444 0.840000
202 0.492362 0.814444 0.835000
203 0.467048 0.786111 0.810000
204 0.480845 0.818333 0.830000
205 0.474757 0.803333 0.835000
206 0.466915 0.810000 0.830000
207 0.480330 0.788333 0.810000
208 0.520114 0.798333 0.830000
209 0.513311 0.780000 0.810000
210 0.503260 0.811111 0.825000
211 0.471894 0.782778 0.805000
212 0.467428 0.768889 0.810000
213 0.489906 0.769444 0.805000
214 0.466078 0.789444 0.820000
215 0.502183 0.812222 0.815000
216 0.477642 0.763889 0.785000
217 0.489113 0.821111 0.825000
218 0.474028 0.807222 0.820000
219 0.465081 0.785556 0.815000
220 0.471713 0.817222 0.820000
221 0.479189 0.780000 0.810000
222 0.482981 0.815556 0.830000
223 0.532843 0.778333 0.815000
224 0.493909 0.773333 0.800000
225 0.531233 0.757222 0.780000
226 0.499327 0.812778 0.825000
227 0.496299 0.770556 0.800000
228 0.481949 0.779444 0.810000
229 0.473861 0.782222 0.820000
230 0.476921 0.773889 0.785000
231 0.493754 0.792222 0.820000
232 0.471122 0.741667 0.785000
233 0.465218 0.776111 0.800000
234 0.487903 0.808333 0.840000
235 0.489656 0.805000 0.830000
236 0.497347 0.782222 0.805000
237 0.488276 0.806667 0.825000
238 0.496194 0.821111 0.845000
239 0.473500 0.795000 0.815000
240 0.468600 0.775556 0.805000
241 0.475367 0.826111 0.820000
242 0.492234 0.791667 0.815000
243 0.475365 0.776111 0.810000
244 0.476855 0.823889 0.825000
245 0.514407 0.819444 0.825000
246 0.478981 0.828889 0.840000
247 0.481651 0.809444 0.835000
248 0.465801 0.810000 0.835000
249 0.474790 0.780556 0.800000
250 0.477373 0.796111 0.805000
251 0.478974 0.821667 0.815000
252 0.486704 0.786667 0.810000
253 0.479197 0.801667 0.825000
254 0.475590 0.815556 0.800000
255 0.484540 0.803889 0.820000
256 0.460543 0.801111 0.820000
257 0.478189 0.781111 0.810000
258 0.459964 0.802222 0.815000
259 0.468862 0.823889 0.820000
260 0.469558 0.816667 0.835000
261 0.472619 0.820000 0.830000
262 0.475289 0.821667 0.830000
263 0.474953 0.816111 0.835000
264 0.541369 0.792222 0.815000
265 0.473730 0.822778 0.825000
266 0.474171 0.820000 0.840000
267 0.474519 0.825000 0.835000
268 0.471875 0.817222 0.840000
269 0.476714 0.795556 0.815000
270 0.459581 0.817222 0.845000
271 0.480085 0.817222 0.820000
272 0.466081 0.798889 0.825000
273 0.460975 0.828889 0.825000
274 0.467440 0.792222 0.820000
275 0.458694 0.825000 0.825000
276 0.458550 0.803889 0.805000
277 0.475587 0.798889 0.815000
278 0.466255 0.803333 0.830000
279 0.452287 0.826111 0.830000
280 0.465897 0.812778 0.840000
281 0.461860 0.824444 0.840000
282 0.463652 0.785000 0.815000
283 0.473884 0.796111 0.815000
284 0.463633 0.828333 0.845000
285 0.450197 0.808889 0.830000
286 0.457509 0.826111 0.830000
287 0.470254 0.831667 0.830000
288 0.452723 0.831667 0.835000
289 0.466398 0.833889 0.840000
290 0.458100 0.820556 0.840000
291 0.462699 0.782222 0.815000
292 0.454148 0.820000 0.835000
293 0.456182 0.827222 0.845000
294 0.451594 0.826111 0.835000
295 0.459476 0.808889 0.830000
296 0.460240 0.797778 0.810000
297 0.450297 0.795556 0.815000
298 0.449502 0.822222 0.845000
299 0.463844 0.836111 0.835000
300 0.465299 0.840556 0.835000
301 0.443041 0.792778 0.815000
302 0.457504 0.810000 0.815000
303 0.453413 0.831667 0.830000
304 0.456184 0.828333 0.835000
305 0.448319 0.827778 0.840000
306 0.459664 0.838333 0.830000
307 0.445174 0.828889 0.840000
308 0.457411 0.827778 0.840000
309 0.459251 0.808333 0.820000
310 0.460588 0.806667 0.835000
311 0.445824 0.832222 0.845000
312 0.452006 0.831667 0.845000
313 0.441540 0.803889 0.825000
314 0.461718 0.830000 0.840000
315 0.442945 0.831667 0.845000
316 0.435636 0.826111 0.845000
317 0.444466 0.835556 0.835000
318 0.449024 0.816111 0.835000
319 0.453515 0.830000 0.850000
320 0.449836 0.831111 0.845000
321 0.456949 0.802778 0.800000
322 0.453291 0.828333 0.855000
323 0.454393 0.838333 0.860000
324 0.459827 0.832778 0.830000
325 0.444783 0.826667 0.835000
326 0.442319 0.836111 0.845000
327 0.441812 0.831667 0.845000
328 0.445133 0.833333 0.855000
329 0.441799 0.832778 0.850000
330 0.432067 0.826111 0.825000
331 0.447994 0.835000 0.835000
332 0.434168 0.818889 0.820000
333 0.436831 0.842778 0.845000
334 0.446476 0.823333 0.835000
335 0.450532 0.836111 0.840000
336 0.469223 0.827778 0.845000
337 0.436809 0.839444 0.850000
338 0.450616 0.841667 0.845000
339 0.436244 0.840000 0.860000
340 0.443103 0.836667 0.860000
341 0.433705 0.836111 0.860000
342 0.450576 0.837222 0.855000
343 0.428755 0.818889 0.830000
344 0.434002 0.841111 0.845000
345 0.435474 0.837778 0.860000
346 0.437632 0.838333 0.850000
347 0.431128 0.839444 0.860000
348 0.442339 0.835556 0.835000
349 0.449518 0.841667 0.840000
350 0.437585 0.842222 0.865000
