1 6.700463 0.756222 0.740000
2 2.512925 0.729111 0.718000
3 1.379229 0.764667 0.726000
4 1.105862 0.762000 0.738000
5 1.057023 0.774444 0.736000
6 1.063833 0.751778 0.728000
7 1.109087 0.736444 0.708000
8 0.764532 0.772000 0.752000
9 0.825280 0.771556 0.746000
10 0.735421 0.770222 0.734000
11 0.810113 0.712667 0.698000
12 0.720240 0.702444 0.704000
13 0.730714 0.787778 0.752000
14 0.646220 0.790444 0.772000
15 0.580472 0.772000 0.744000
16 0.663991 0.694667 0.688000
17 0.758430 0.786667 0.776000
18 0.583678 0.790444 0.748000
19 0.597925 0.750000 0.726000
20 0.624569 0.791556 0.758000
21 0.570672 0.803556 0.752000
22 0.563950 0.812444 0.786000
23 0.539767 0.783111 0.746000
24 0.531096 0.809556 0.758000
25 0.554385 0.801778 0.752000
26 0.545682 0.790667 0.760000
27 0.543534 0.814000 0.784000
28 0.541049 0.802222 0.784000
29 0.571329 0.766667 0.764000
30 0.532176 0.809778 0.770000
