1 359.341337 0.244277 0.236000
2 151.373692 0.390531 0.386000
3 67.113484 0.479440 0.470000
4 36.703346 0.407424 0.422000
5 29.847307 0.411425 0.390000
6 25.327802 0.416982 0.412000
7 27.234145 0.423427 0.412000
8 22.274203 0.427428 0.432000
9 15.272538 0.421649 0.428000
10 17.289786 0.489442 0.492000
11 9.912029 0.403868 0.416000
12 9.000448 0.445655 0.466000
13 6.963719 0.494332 0.504000
14 5.973639 0.381640 0.386000
15 4.989369 0.490553 0.484000
16 5.340111 0.464992 0.464000
17 7.171770 0.399200 0.424000
18 3.296029 0.493443 0.498000
19 3.401621 0.252278 0.254000
20 3.742832 0.482107 0.452000
21 2.636661 0.423427 0.432000
22 2.653112 0.406313 0.404000
23 2.971047 0.462325 0.462000
24 2.783478 0.357857 0.356000
25 3.529632 0.447433 0.484000
26 2.811774 0.436986 0.428000
27 2.853918 0.444766 0.476000
28 2.315477 0.408758 0.450000
29 2.001829 0.448322 0.442000
30 2.027514 0.405423 0.426000
31 1.924764 0.454990 0.456000
32 1.870228 0.452545 0.444000
33 1.810760 0.382974 0.392000
34 2.075524 0.503890 0.502000
35 2.013390 0.480329 0.470000
36 2.035422 0.388309 0.406000
37 2.033834 0.343410 0.334000
38 2.022312 0.462992 0.452000
39 2.031734 0.493221 0.460000
40 1.914534 0.428540 0.416000
41 1.658880 0.483218 0.476000
42 2.277450 0.345188 0.348000
43 2.303046 0.420760 0.436000
44 1.912678 0.446099 0.452000
45 1.889615 0.390531 0.378000
46 1.812763 0.435208 0.422000
47 1.826349 0.434541 0.430000
48 1.820413 0.494777 0.510000
49 2.041431 0.460769 0.454000
50 1.610961 0.418537 0.436000
51 1.473595 0.466548 0.508000
52 1.471302 0.497666 0.500000
53 1.490201 0.492776 0.486000
54 1.419772 0.460547 0.464000
55 1.551093 0.383641 0.376000
56 1.704382 0.465214 0.466000
57 1.483717 0.433652 0.400000
58 1.466121 0.454768 0.456000
59 1.591629 0.433652 0.450000
60 1.499132 0.495443 0.466000
61 1.504538 0.468326 0.464000
62 1.495445 0.402978 0.390000
63 1.578915 0.496333 0.482000
64 1.542913 0.458769 0.476000
65 1.526760 0.393421 0.404000
66 1.436673 0.487219 0.476000
67 1.382028 0.485663 0.478000
68 1.401557 0.453212 0.472000
69 1.485283 0.477439 0.468000
70 1.509463 0.502778 0.488000
