1 120.159228 0.605556 0.630000
2 36.824709 0.588333 0.570000
3 10.120854 0.701111 0.705000
4 10.492128 0.704444 0.715000
5 4.964036 0.670000 0.625000
6 10.194599 0.663333 0.685000
7 8.624626 0.713889 0.720000
8 15.649729 0.692222 0.680000
9 8.054689 0.775556 0.780000
10 3.771301 0.713889 0.725000
11 5.724832 0.598889 0.620000
12 4.489533 0.721667 0.715000
13 3.296918 0.680556 0.680000
14 2.300792 0.625000 0.595000
15 1.931777 0.731111 0.730000
16 3.507524 0.766111 0.795000
17 2.625572 0.715556 0.680000
18 2.186110 0.711667 0.705000
19 2.303537 0.768889 0.765000
20 2.243758 0.606111 0.575000
21 3.013972 0.713889 0.705000
22 1.700072 0.710556 0.705000
23 1.598638 0.676667 0.665000
24 1.872022 0.718889 0.725000
25 2.810025 0.591111 0.590000
26 1.886476 0.675000 0.650000
27 1.012031 0.743889 0.730000
28 1.138721 0.701111 0.690000
29 1.210235 0.598333 0.585000
30 0.908255 0.725556 0.725000
31 0.827693 0.745556 0.745000
32 0.879223 0.727778 0.730000
33 0.917684 0.767778 0.760000
34 1.132790 0.762778 0.765000
35 0.702242 0.731111 0.725000
36 1.380003 0.711111 0.705000
37 1.004416 0.746667 0.745000
38 1.025531 0.776111 0.775000
39 0.961365 0.743889 0.745000
40 0.964412 0.528333 0.525000
41 1.046855 0.706111 0.710000
42 0.782049 0.756111 0.750000
43 0.731261 0.650000 0.675000
44 0.762493 0.742778 0.740000
45 0.681899 0.723889 0.705000
46 1.274546 0.696111 0.710000
47 0.781553 0.728333 0.725000
48 0.718494 0.773889 0.750000
49 0.711562 0.763333 0.770000
50 0.645844 0.753889 0.745000
51 0.648312 0.778889 0.760000
52 0.647881 0.785556 0.755000
53 0.619993 0.761111 0.770000
54 0.729037 0.596111 0.575000
55 0.645888 0.768333 0.780000
56 0.588255 0.647778 0.645000
57 1.549397 0.751111 0.755000
58 0.749222 0.733889 0.730000
59 0.808405 0.760556 0.755000
60 0.607721 0.786667 0.770000
61 0.632082 0.727222 0.725000
62 0.646889 0.757778 0.750000
63 0.618379 0.753889 0.750000
64 0.595575 0.732778 0.685000
65 0.648194 0.775000 0.765000
66 0.641686 0.782222 0.780000
67 0.568562 0.776667 0.760000
68 0.627634 0.752222 0.760000
69 0.670785 0.726111 0.735000
70 0.680298 0.779444 0.755000
71 0.653862 0.772222 0.770000
72 0.640377 0.793889 0.780000
73 0.630495 0.743333 0.740000
74 0.625408 0.776667 0.755000
75 0.975025 0.742778 0.750000
76 0.573840 0.786111 0.795000
77 0.635400 0.794444 0.780000
78 0.562186 0.743889 0.755000
79 0.655341 0.801111 0.790000
80 0.645230 0.753333 0.755000
81 0.589315 0.803889 0.775000
82 0.576486 0.746667 0.755000
83 0.611178 0.743889 0.745000
84 0.587498 0.743889 0.750000
85 0.628474 0.747222 0.745000
86 0.656218 0.768333 0.775000
87 0.598698 0.766111 0.760000
88 0.699890 0.637778 0.595000
89 0.801838 0.752222 0.755000
90 0.682423 0.790556 0.785000
91 0.654108 0.775000 0.755000
92 0.616953 0.743333 0.740000
93 0.597441 0.794444 0.770000
94 0.601065 0.746111 0.750000
95 0.665262 0.804444 0.800000
96 0.701686 0.805556 0.800000
97 0.682521 0.740000 0.740000
98 0.624835 0.754444 0.755000
99 0.579380 0.787778 0.795000
100 0.576314 0.796667 0.800000
101 0.522742 0.747778 0.755000
102 0.534020 0.791111 0.780000
103 0.516580 0.797778 0.795000
104 0.501498 0.805556 0.795000
105 0.583681 0.800000 0.805000
106 0.568903 0.761111 0.755000
107 0.583742 0.778333 0.770000
108 0.526331 0.770556 0.770000
109 0.574197 0.798889 0.805000
110 0.531411 0.810556 0.795000
111 0.525831 0.756667 0.760000
112 0.549191 0.749444 0.755000
113 0.530456 0.805000 0.800000
114 0.554039 0.776667 0.770000
115 0.704163 0.754444 0.755000
116 0.523198 0.797778 0.805000
117 0.528238 0.775000 0.765000
118 0.570361 0.758889 0.755000
119 0.520414 0.801111 0.800000
120 0.529389 0.814444 0.800000
121 0.598047 0.801667 0.775000
122 0.538220 0.812222 0.790000
123 0.610643 0.797778 0.785000
124 0.536817 0.772222 0.770000
125 0.512263 0.806667 0.800000
126 0.511591 0.818333 0.790000
127 0.585301 0.773333 0.770000
128 0.519794 0.752778 0.765000
129 0.551633 0.786667 0.775000
130 0.548044 0.752222 0.735000
131 0.575510 0.775000 0.760000
132 0.584275 0.795000 0.795000
133 0.539055 0.756667 0.770000
134 0.543831 0.788333 0.785000
135 0.516309 0.803889 0.805000
136 0.532216 0.786111 0.780000
137 0.569069 0.802778 0.810000
138 0.639010 0.808889 0.805000
139 0.530638 0.747222 0.755000
140 0.571604 0.785556 0.800000
141 0.547241 0.820556 0.815000
142 0.541259 0.758333 0.760000
143 0.538718 0.819444 0.805000
144 0.530800 0.775000 0.770000
145 0.501353 0.745556 0.755000
146 0.510418 0.807222 0.795000
147 0.549024 0.761111 0.765000
148 0.520979 0.808333 0.800000
149 0.516903 0.807778 0.800000
150 0.500292 0.810556 0.795000
151 0.497372 0.817778 0.810000
152 0.529084 0.790000 0.745000
153 0.598116 0.762778 0.755000
154 0.539143 0.794444 0.810000
155 0.519947 0.758889 0.760000
156 0.530068 0.738333 0.705000
157 0.525533 0.791667 0.785000
158 0.517432 0.801667 0.805000
159 0.535141 0.804444 0.805000
160 0.550378 0.804444 0.805000
161 0.519693 0.780000 0.770000
162 0.534135 0.762778 0.765000
163 0.513761 0.809444 0.800000
164 0.512063 0.821111 0.800000
165 0.499852 0.783889 0.780000
166 0.517450 0.810556 0.800000
167 0.501192 0.783333 0.765000
168 0.505670 0.768333 0.760000
169 0.519429 0.813333 0.795000
170 0.520331 0.801667 0.795000
171 0.514790 0.780556 0.765000
172 0.496195 0.760000 0.765000
173 0.521928 0.740000 0.755000
174 0.539681 0.830000 0.810000
175 0.538598 0.797222 0.795000
176 0.511593 0.815000 0.810000
177 0.492643 0.785000 0.785000
178 0.524341 0.813333 0.800000
179 0.505692 0.767778 0.760000
180 0.505423 0.798889 0.800000
181 0.525582 0.742222 0.760000
182 0.529141 0.760556 0.760000
183 0.526503 0.773889 0.745000
184 0.528032 0.768333 0.765000
185 0.545059 0.781667 0.775000
186 0.508813 0.818889 0.810000
187 0.531463 0.784444 0.780000
188 0.526432 0.808333 0.790000
189 0.508789 0.791667 0.795000
190 0.508058 0.757222 0.770000
191 0.515246 0.810556 0.800000
192 0.508108 0.782778 0.795000
193 0.524345 0.823333 0.815000
194 0.515903 0.775556 0.770000
195 0.513204 0.800000 0.800000
196 0.517276 0.818889 0.810000
197 0.511448 0.781111 0.785000
198 0.510866 0.823333 0.800000
199 0.521428 0.760556 0.765000
200 0.489036 0.820000 0.795000
201 0.527778 0.791111 0.780000
202 0.492075 0.823333 0.810000
203 0.490488 0.782222 0.785000
204 0.494420 0.816667 0.815000
205 0.490749 0.822222 0.800000
206 0.494386 0.822222 0.815000
207 0.493653 0.801667 0.790000
208 0.484438 0.787222 0.780000
209 0.510975 0.819444 0.810000
210 0.498185 0.795000 0.790000
211 0.487351 0.790000 0.795000
212 0.476351 0.801111 0.805000
213 0.496126 0.785000 0.785000
214 0.498073 0.816111 0.800000
215 0.500785 0.820556 0.815000
216 0.484635 0.801667 0.805000
217 0.499479 0.788889 0.775000
218 0.502986 0.824444 0.810000
219 0.487350 0.795556 0.790000
220 0.509873 0.776667 0.765000
221 0.511752 0.803889 0.785000
222 0.505260 0.817778 0.815000
223 0.512609 0.784444 0.790000
224 0.489595 0.792222 0.795000
225 0.497128 0.786667 0.790000
226 0.487474 0.802222 0.805000
227 0.491087 0.809444 0.800000
228 0.492555 0.805000 0.810000
229 0.491889 0.822778 0.805000
230 0.486136 0.772778 0.770000
231 0.514002 0.775000 0.775000
232 0.495570 0.764444 0.775000
233 0.492846 0.811667 0.805000
234 0.504878 0.806111 0.810000
235 0.495063 0.787222 0.800000
236 0.486397 0.815556 0.805000
237 0.515015 0.763333 0.770000
238 0.499237 0.807778 0.825000
239 0.491138 0.824444 0.810000
240 0.491443 0.781667 0.785000
241 0.485539 0.789444 0.795000
242 0.498801 0.776667 0.785000
243 0.493053 0.767222 0.780000
244 0.495919 0.807222 0.830000
245 0.483260 0.820000 0.815000
246 0.491479 0.810556 0.825000
247 0.485064 0.758333 0.785000
248 0.479146 0.787222 0.795000
249 0.491269 0.771111 0.780000
250 0.487774 0.810556 0.805000
251 0.484429 0.802778 0.810000
252 0.487783 0.805000 0.815000
253 0.485853 0.825000 0.805000
254 0.481670 0.820000 0.805000
255 0.491875 0.806111 0.820000
256 0.471740 0.782778 0.780000
257 0.483835 0.816667 0.835000
258 0.482255 0.814444 0.825000
259 0.478038 0.808333 0.820000
260 0.494960 0.792222 0.790000
261 0.487558 0.799444 0.810000
262 0.480274 0.796111 0.805000
263 0.490936 0.788333 0.800000
264 0.476080 0.802778 0.810000
265 0.484317 0.804444 0.820000
266 0.482807 0.816667 0.815000
267 0.476866 0.806667 0.805000
268 0.482504 0.788889 0.805000
269 0.485571 0.802222 0.785000
270 0.467175 0.814444 0.815000
271 0.469646 0.821111 0.820000
272 0.476834 0.792778 0.805000
273 0.477131 0.789444 0.795000
274 0.486770 0.811667 0.825000
275 0.473047 0.803889 0.820000
276 0.479667 0.821111 0.805000
277 0.471829 0.806111 0.800000
278 0.473693 0.780556 0.805000
279 0.472241 0.802222 0.820000
280 0.473377 0.780556 0.795000
281 0.477530 0.790556 0.785000
282 0.471919 0.775556 0.780000
283 0.484367 0.781667 0.795000
284 0.461831 0.790556 0.810000
285 0.470961 0.795556 0.805000
286 0.479582 0.813889 0.815000
287 0.469983 0.800556 0.800000
288 0.477345 0.814444 0.815000
289 0.461211 0.810556 0.820000
290 0.463792 0.816667 0.820000
291 0.461714 0.798889 0.805000
292 0.462469 0.807778 0.805000
293 0.478285 0.790000 0.785000
294 0.477639 0.782778 0.795000
295 0.458278 0.797222 0.810000
296 0.470339 0.781667 0.790000
297 0.461023 0.768333 0.785000
298 0.469865 0.797778 0.810000
299 0.456938 0.812222 0.785000
300 0.458784 0.818333 0.820000
301 0.457249 0.802778 0.810000
302 0.467139 0.800556 0.810000
303 0.460400 0.809444 0.815000
304 0.450940 0.817778 0.810000
305 0.455852 0.816111 0.820000
306 0.473014 0.804444 0.820000
307 0.461686 0.809444 0.820000
308 0.469176 0.824444 0.805000
309 0.468724 0.792222 0.800000
310 0.467633 0.798333 0.810000
311 0.454153 0.798889 0.810000
312 0.458462 0.800556 0.805000
313 0.453361 0.794444 0.815000
314 0.451421 0.823333 0.820000
315 0.460061 0.820000 0.820000
316 0.451463 0.793889 0.805000
317 0.466797 0.823889 0.805000
318 0.456703 0.832222 0.815000
319 0.470346 0.805556 0.805000
320 0.453453 0.825000 0.805000
321 0.465462 0.785556 0.790000
322 0.441541 0.814444 0.815000
323 0.460278 0.807222 0.805000
324 0.458385 0.820000 0.825000
325 0.451110 0.811111 0.825000
326 0.452833 0.827778 0.810000
327 0.446652 0.830000 0.815000
328 0.455830 0.824444 0.825000
329 0.468703 0.826111 0.785000
330 0.446542 0.812778 0.810000
331 0.448157 0.810556 0.815000
332 0.462033 0.810000 0.820000
333 0.461117 0.831111 0.825000
334 0.437749 0.806111 0.815000
335 0.448509 0.795000 0.810000
336 0.451724 0.827222 0.810000
337 0.447731 0.799444 0.810000
338 0.461963 0.824444 0.825000
339 0.470206 0.830556 0.805000
340 0.445523 0.811111 0.810000
341 0.469932 0.805556 0.810000
342 0.452699 0.818889 0.820000
343 0.450882 0.775556 0.775000
344 0.471595 0.808889 0.815000
345 0.452423 0.807222 0.810000
346 0.463941 0.813889 0.815000
347 0.450753 0.804444 0.805000
348 0.458240 0.802222 0.805000
349 0.450354 0.817222 0.815000
350 0.446105 0.821667 0.820000
