1 368.186468 0.346521 0.328000
2 156.994172 0.298066 0.266000
3 61.384104 0.385197 0.390000
4 25.195578 0.432318 0.406000
5 27.094218 0.420760 0.420000
6 27.596566 0.407868 0.420000
7 23.326729 0.410536 0.412000
8 15.813538 0.413870 0.402000
9 13.182677 0.487442 0.462000
10 12.387978 0.379862 0.390000
11 12.965228 0.407646 0.408000
12 13.110702 0.435652 0.414000
13 6.070978 0.387419 0.400000
14 4.690409 0.479662 0.500000
15 5.605466 0.416982 0.410000
16 6.034775 0.429651 0.420000
17 5.118340 0.447655 0.448000
18 4.285245 0.496333 0.524000
19 4.004403 0.487442 0.478000
20 4.168205 0.496999 0.502000
21 3.320948 0.376973 0.374000
22 3.807077 0.481885 0.470000
23 2.505937 0.505890 0.504000
24 2.702434 0.472772 0.490000
25 2.998173 0.393198 0.382000
26 3.066842 0.430762 0.434000
27 3.274195 0.387864 0.374000
28 3.418865 0.384974 0.378000
29 2.325636 0.450767 0.446000
30 1.955544 0.493888 0.490000
31 2.471313 0.495888 0.502000
32 2.122549 0.442987 0.410000
33 2.288943 0.485441 0.478000
34 1.996581 0.473661 0.464000
35 1.997053 0.498778 0.488000
36 2.168766 0.429651 0.436000
37 2.245135 0.375194 0.362000
38 1.982119 0.501889 0.478000
39 1.821549 0.511225 0.536000
40 1.781325 0.497222 0.478000
41 1.913196 0.502112 0.492000
42 2.271199 0.438542 0.456000
43 2.309634 0.497666 0.512000
44 2.103568 0.387197 0.394000
45 2.007956 0.440765 0.448000
46 1.926653 0.523227 0.514000
47 1.915619 0.452990 0.458000
48 1.904590 0.401867 0.416000
49 1.903133 0.442098 0.462000
50 1.618610 0.469882 0.482000
51 1.495081 0.490331 0.482000
52 1.603375 0.516115 0.514000
53 1.437966 0.495443 0.506000
54 1.541848 0.432763 0.448000
55 1.544422 0.406757 0.452000
56 1.551052 0.456768 0.454000
57 1.484457 0.487886 0.456000
58 1.470791 0.487886 0.474000
59 1.566608 0.493221 0.506000
60 1.582856 0.519226 0.536000
61 1.553543 0.455435 0.448000
62 1.494497 0.487442 0.474000
63 1.550550 0.517671 0.514000
64 1.515032 0.502334 0.490000
65 1.474158 0.465881 0.450000
66 1.497840 0.495666 0.486000
67 1.466722 0.474328 0.460000
68 1.475599 0.466326 0.460000
69 1.508534 0.471438 0.468000
70 1.516134 0.452323 0.468000
