1 4.024079 0.596377 0.537713
2 1.826812 0.632063 0.605839
3 1.800846 0.679102 0.671533
4 1.100854 0.714247 0.703163
5 0.993721 0.712355 0.671533
6 1.011538 0.592863 0.559611
7 1.111577 0.714247 0.693431
8 1.315088 0.638551 0.608273
9 0.978052 0.734253 0.715328
10 0.852774 0.750473 0.734793
11 1.000915 0.754528 0.725061
12 0.733020 0.690727 0.683698
13 0.724494 0.733982 0.727494
14 0.750866 0.768045 0.746959
15 0.676042 0.737497 0.708029
16 0.632404 0.768316 0.732360
17 0.562464 0.746418 0.722628
18 0.638795 0.696134 0.683698
19 0.613365 0.759935 0.751825
20 0.558239 0.799405 0.766423
21 0.528235 0.740741 0.703163
22 0.532260 0.807516 0.773723
23 0.501177 0.786699 0.751825
24 0.527813 0.773452 0.746959
25 0.499159 0.776156 0.737226
26 0.512967 0.782103 0.768856
27 0.485781 0.819140 0.783455
28 0.480538 0.695053 0.637470
29 0.509969 0.803731 0.759124
30 0.487414 0.815085 0.768856
31 0.472128 0.807245 0.768856
32 0.480346 0.811030 0.781022
33 0.476242 0.814274 0.766423
34 0.462999 0.782914 0.749392
35 0.470934 0.838605 0.790754
36 0.468841 0.804812 0.766423
37 0.455531 0.834009 0.812652
38 0.459852 0.821303 0.763990
39 0.468132 0.776696 0.737226
40 0.435746 0.846445 0.810219
41 0.422793 0.848337 0.790754
42 0.410374 0.839146 0.805353
43 0.433431 0.838605 0.783455
44 0.448969 0.803460 0.768856
45 0.445402 0.814815 0.781022
46 0.434269 0.831846 0.807786
47 0.414279 0.829684 0.795620
48 0.408983 0.841308 0.785888
49 0.410406 0.829954 0.751825
50 0.391445 0.858610 0.795620
51 0.355614 0.869695 0.807786
52 0.364755 0.859962 0.805353
53 0.383131 0.863206 0.802920
54 0.362635 0.875372 0.817518
55 0.356227 0.884293 0.788321
56 0.337453 0.872939 0.783455
57 0.346458 0.881319 0.805353
58 0.343531 0.886726 0.807786
59 0.361584 0.883752 0.819951
60 0.338040 0.863206 0.819951
61 0.324759 0.872128 0.785888
62 0.326480 0.891863 0.795620
63 0.337152 0.884563 0.802920
64 0.337699 0.893214 0.802920
65 0.323539 0.883482 0.795620
66 0.329613 0.885104 0.800487
67 0.323737 0.880508 0.800487
68 0.328737 0.890781 0.822384
69 0.334754 0.889430 0.815085
70 0.330295 0.900784 0.812652
71 0.334820 0.893755 0.819951
72 0.315718 0.886185 0.798054
73 0.320454 0.895918 0.785888
74 0.339015 0.863206 0.795620
75 0.325142 0.891863 0.795620
76 0.342218 0.877534 0.827251
77 0.315584 0.897810 0.807786
78 0.321225 0.895107 0.819951
79 0.308876 0.900784 0.812652
80 0.320390 0.900243 0.815085
81 0.293485 0.878345 0.802920
82 0.294725 0.901325 0.805353
83 0.289915 0.891592 0.783455
84 0.281433 0.907813 0.824818
85 0.296821 0.888348 0.805353
86 0.278168 0.915383 0.824818
87 0.298734 0.894296 0.810219
88 0.281388 0.904569 0.802920
89 0.302712 0.907002 0.800487
90 0.285262 0.897270 0.805353
91 0.287546 0.905380 0.810219
92 0.287800 0.917275 0.815085
93 0.293690 0.896729 0.805353
94 0.262283 0.881590 0.815085
95 0.306102 0.905921 0.805353
96 0.257941 0.909705 0.832117
97 0.281521 0.910516 0.807786
98 0.267019 0.914301 0.810219
99 0.268452 0.905650 0.795620
100 0.250229 0.932414 0.810219
101 0.198270 0.929440 0.805353
102 0.208958 0.941606 0.822384
103 0.208108 0.940795 0.795620
104 0.209818 0.941065 0.819951
105 0.205682 0.948905 0.815085
106 0.213942 0.949175 0.839416
107 0.213531 0.924845 0.800487
108 0.218070 0.947553 0.839416
109 0.195863 0.947553 0.844282
110 0.182380 0.948905 0.810219
111 0.182698 0.944039 0.827251
112 0.183089 0.951879 0.834550
113 0.189018 0.955934 0.822384
114 0.199393 0.951879 0.817518
115 0.184388 0.955934 0.819951
116 0.179031 0.948905 0.824818
117 0.191843 0.945120 0.817518
118 0.202193 0.938902 0.790754
119 0.203570 0.952960 0.795620
120 0.171513 0.950798 0.824818
121 0.182687 0.955393 0.788321
122 0.191761 0.962693 0.812652
123 0.167968 0.949716 0.822384
124 0.179571 0.947553 0.817518
125 0.164720 0.962152 0.800487
126 0.172816 0.958367 0.819951
127 0.166561 0.944580 0.798054
128 0.180205 0.950798 0.807786
129 0.166071 0.959989 0.810219
130 0.162907 0.962963 0.822384
131 0.155414 0.958367 0.846715
132 0.180133 0.953231 0.834550
133 0.170619 0.963774 0.817518
134 0.145146 0.966477 0.824818
135 0.157462 0.952690 0.836983
136 0.158202 0.965937 0.829684
137 0.152493 0.955393 0.827251
138 0.161759 0.948094 0.798054
139 0.151081 0.964315 0.829684
140 0.150325 0.961611 0.815085
141 0.167810 0.962693 0.827251
142 0.157724 0.963504 0.822384
143 0.150714 0.969722 0.832117
144 0.162504 0.962152 0.800487
145 0.150466 0.962963 0.822384
146 0.165347 0.972425 0.824818
147 0.145953 0.968099 0.834550
148 0.151994 0.961071 0.822384
149 0.160350 0.965937 0.829684
150 0.128638 0.979454 0.832117
151 0.111517 0.981346 0.827251
152 0.099803 0.983779 0.829684
153 0.094489 0.983509 0.824818
154 0.109812 0.981617 0.822384
155 0.110718 0.981346 0.839416
156 0.105920 0.983509 0.822384
157 0.102734 0.982157 0.815085
158 0.100959 0.985131 0.844282
159 0.094500 0.986212 0.824818
160 0.100675 0.986212 0.817518
161 0.118759 0.975939 0.819951
162 0.117497 0.979454 0.822384
163 0.116298 0.985401 0.832117
164 0.096106 0.988646 0.824818
165 0.087535 0.985942 0.827251
166 0.090083 0.985401 0.824818
167 0.104996 0.984861 0.812652
168 0.096616 0.984590 0.836983
169 0.097692 0.986212 0.817518
170 0.087000 0.988105 0.819951
171 0.095792 0.983509 0.822384
172 0.094777 0.988375 0.815085
173 0.085850 0.988916 0.819951
174 0.093770 0.986212 0.817518
175 0.088509 0.985942 0.822384
176 0.088245 0.986483 0.819951
177 0.085797 0.989727 0.841849
178 0.109667 0.983779 0.822384
179 0.101678 0.988375 0.829684
180 0.098685 0.987835 0.822384
181 0.082567 0.987835 0.819951
182 0.096052 0.989997 0.832117
183 0.082415 0.989997 0.824818
184 0.083071 0.986753 0.836983
185 0.089885 0.987564 0.834550
186 0.083716 0.987564 0.829684
187 0.087004 0.985942 0.810219
188 0.087321 0.986483 0.812652
189 0.087842 0.989457 0.815085
190 0.081359 0.991349 0.810219
191 0.088208 0.990538 0.827251
192 0.096120 0.989997 0.824818
193 0.091440 0.989186 0.819951
194 0.076468 0.991349 0.836983
195 0.081497 0.991349 0.832117
196 0.093147 0.988105 0.829684
197 0.096096 0.986212 0.822384
198 0.096340 0.983779 0.802920
199 0.085220 0.987024 0.834550
200 0.071447 0.992971 0.834550
201 0.070226 0.993512 0.829684
202 0.068888 0.993782 0.844282
203 0.067660 0.993512 0.836983
204 0.066481 0.993241 0.836983
205 0.063768 0.992160 0.829684
206 0.069147 0.994593 0.817518
207 0.061998 0.994863 0.815085
208 0.067257 0.992430 0.819951
209 0.065374 0.995134 0.839416
210 0.065131 0.994323 0.834550
211 0.062702 0.994052 0.819951
212 0.072925 0.993782 0.832117
213 0.061459 0.993241 0.829684
214 0.060577 0.994052 0.827251
215 0.064701 0.994052 0.834550
216 0.068670 0.992160 0.817518
217 0.057654 0.994323 0.829684
218 0.063819 0.995675 0.824818
219 0.061573 0.993512 0.822384
220 0.062301 0.994593 0.819951
221 0.060763 0.995675 0.815085
222 0.065608 0.994863 0.822384
223 0.060360 0.994323 0.834550
224 0.056731 0.995134 0.839416
225 0.063376 0.995134 0.832117
226 0.060656 0.994323 0.822384
227 0.061994 0.994323 0.832117
228 0.066207 0.993512 0.829684
229 0.069405 0.995404 0.822384
230 0.070402 0.995134 0.832117
231 0.062034 0.994052 0.819951
232 0.067400 0.992701 0.819951
233 0.061205 0.996486 0.829684
234 0.055605 0.994052 0.832117
235 0.067818 0.993241 0.817518
236 0.067858 0.994323 0.832117
237 0.059169 0.995134 0.817518
238 0.064649 0.994593 0.829684
239 0.061107 0.995134 0.827251
240 0.061025 0.996215 0.829684
241 0.054995 0.994863 0.815085
242 0.057931 0.992971 0.812652
243 0.063562 0.995404 0.836983
244 0.060471 0.995675 0.829684
245 0.056526 0.994593 0.817518
246 0.056094 0.995404 0.834550
247 0.057164 0.994052 0.827251
248 0.067760 0.994323 0.817518
249 0.058377 0.995134 0.824818
250 0.060132 0.996756 0.817518
251 0.058140 0.996215 0.819951
252 0.051859 0.995945 0.819951
253 0.049352 0.995945 0.832117
254 0.051309 0.996486 0.834550
255 0.049930 0.995675 0.827251
256 0.054849 0.996486 0.824818
257 0.052735 0.995404 0.829684
258 0.050100 0.995675 0.824818
259 0.053806 0.996486 0.822384
260 0.050363 0.995404 0.824818
261 0.053735 0.995675 0.824818
262 0.051938 0.996486 0.819951
263 0.046358 0.995675 0.824818
264 0.046287 0.996756 0.819951
265 0.054235 0.997026 0.824818
266 0.046235 0.996215 0.822384
267 0.045888 0.996486 0.824818
268 0.054075 0.995945 0.822384
269 0.055928 0.996215 0.827251
270 0.054942 0.996215 0.824818
271 0.048926 0.996486 0.827251
272 0.053531 0.995945 0.829684
273 0.049035 0.996486 0.827251
274 0.053420 0.996486 0.827251
275 0.048062 0.997026 0.824818
276 0.048508 0.997026 0.829684
277 0.051446 0.996486 0.832117
278 0.049413 0.996756 0.829684
279 0.050616 0.997026 0.827251
280 0.049335 0.996486 0.824818
281 0.053955 0.996486 0.829684
282 0.054148 0.996756 0.815085
283 0.048590 0.995945 0.824818
284 0.049395 0.996215 0.832117
285 0.053163 0.996215 0.832117
286 0.048327 0.996215 0.817518
287 0.052300 0.996486 0.824818
288 0.049318 0.996215 0.819951
289 0.050286 0.996756 0.822384
290 0.043985 0.997026 0.822384
291 0.050366 0.996756 0.819951
292 0.053962 0.997026 0.822384
293 0.050722 0.995945 0.827251
294 0.046901 0.996486 0.829684
295 0.047523 0.995945 0.832117
296 0.051725 0.996486 0.827251
297 0.053749 0.996215 0.827251
298 0.048505 0.996486 0.819951
299 0.053747 0.997297 0.815085
300 0.050859 0.996756 0.822384
301 0.050940 0.997026 0.822384
302 0.042958 0.996756 0.827251
303 0.043828 0.996486 0.829684
304 0.041033 0.997297 0.829684
305 0.047863 0.996756 0.827251
306 0.045827 0.997297 0.824818
307 0.048684 0.997026 0.827251
308 0.047684 0.996486 0.827251
309 0.046886 0.997026 0.824818
310 0.048617 0.996215 0.824818
311 0.046504 0.996756 0.827251
312 0.042529 0.996486 0.829684
313 0.044507 0.997026 0.824818
314 0.044088 0.997297 0.815085
315 0.044297 0.997297 0.824818
316 0.045171 0.997297 0.829684
317 0.043874 0.997026 0.827251
318 0.043105 0.997026 0.829684
319 0.044144 0.997297 0.827251
320 0.041107 0.996756 0.812652
321 0.045219 0.997567 0.824818
322 0.045215 0.997297 0.829684
323 0.042187 0.997297 0.822384
324 0.045344 0.997297 0.827251
325 0.046183 0.997026 0.824818
326 0.043634 0.997026 0.824818
327 0.044718 0.997297 0.827251
328 0.047850 0.996486 0.819951
329 0.045445 0.997026 0.827251
330 0.050775 0.997026 0.824818
331 0.045443 0.997297 0.832117
332 0.048772 0.997297 0.829684
333 0.042945 0.997026 0.824818
334 0.048305 0.997026 0.834550
335 0.045995 0.996756 0.834550
336 0.041947 0.997297 0.829684
337 0.040127 0.997567 0.827251
338 0.046220 0.997297 0.829684
339 0.043725 0.997026 0.832117
340 0.045044 0.997297 0.819951
341 0.042958 0.997026 0.827251
342 0.048105 0.996756 0.829684
343 0.041827 0.997297 0.836983
344 0.046169 0.997297 0.834550
345 0.046878 0.997567 0.836983
346 0.041951 0.997567 0.832117
347 0.043395 0.997297 0.832117
348 0.047107 0.997026 0.829684
349 0.045807 0.996756 0.827251
350 0.044067 0.997297 0.824818
