1 8.541658 0.668663 0.738739
2 4.581969 0.731537 0.765766
3 3.051385 0.734531 0.783784
4 2.748389 0.730539 0.783784
5 2.630413 0.734531 0.810811
6 1.667855 0.658683 0.693694
7 1.806566 0.724551 0.747748
8 1.517848 0.757485 0.819820
9 1.000856 0.661677 0.702703
10 1.069164 0.720559 0.756757
11 1.070648 0.744511 0.801802
12 0.820767 0.728543 0.792793
13 0.728143 0.753493 0.783784
14 0.938004 0.718563 0.747748
15 0.734821 0.714571 0.756757
16 0.616972 0.696607 0.720721
17 0.757682 0.727545 0.801802
18 0.628396 0.745509 0.783784
19 0.649319 0.745509 0.801802
20 0.670992 0.721557 0.801802
21 0.644134 0.703593 0.765766
22 0.569536 0.762475 0.819820
23 0.600430 0.720559 0.756757
24 0.611210 0.749501 0.801802
25 0.587013 0.748503 0.819820
26 0.610972 0.699601 0.747748
27 0.599916 0.736527 0.738739
28 0.579382 0.751497 0.792793
29 0.564719 0.711577 0.756757
30 0.595892 0.763473 0.810811
31 0.592009 0.753493 0.810811
32 0.620539 0.767465 0.801802
33 0.561970 0.762475 0.783784
34 0.587840 0.737525 0.792793
35 0.579074 0.751497 0.810811
36 0.548763 0.751497 0.765766
37 0.550138 0.756487 0.810811
38 0.544118 0.751497 0.792793
39 0.541734 0.758483 0.783784
40 0.532591 0.781437 0.819820
41 0.586214 0.762475 0.792793
42 0.539128 0.750499 0.792793
43 0.572603 0.725549 0.747748
44 0.538647 0.757485 0.801802
45 0.528309 0.778443 0.819820
46 0.538494 0.762475 0.792793
47 0.532004 0.736527 0.756757
48 0.521370 0.782435 0.792793
49 0.536214 0.773453 0.774775
50 0.518452 0.771457 0.774775
51 0.490281 0.792415 0.837838
52 0.492947 0.788423 0.792793
53 0.503761 0.779441 0.801802
54 0.490644 0.776447 0.783784
55 0.488547 0.774451 0.792793
56 0.487470 0.762475 0.747748
57 0.492575 0.766467 0.774775
58 0.504160 0.803393 0.783784
59 0.485036 0.796407 0.774775
60 0.477391 0.800399 0.801802
61 0.489869 0.782435 0.810811
62 0.479953 0.791417 0.792793
63 0.477037 0.781437 0.765766
64 0.494909 0.789421 0.819820
65 0.477569 0.818363 0.801802
66 0.466861 0.805389 0.819820
67 0.476072 0.802395 0.729730
68 0.477263 0.784431 0.783784
69 0.483865 0.795409 0.810811
70 0.470848 0.782435 0.720721
71 0.474165 0.817365 0.801802
72 0.458403 0.807385 0.783784
73 0.461073 0.775449 0.828829
74 0.488385 0.812375 0.765766
75 0.479880 0.809381 0.801802
76 0.462204 0.798403 0.792793
77 0.466009 0.786427 0.783784
78 0.449268 0.792415 0.801802
79 0.468020 0.784431 0.747748
80 0.473472 0.815369 0.783784
81 0.454211 0.806387 0.792793
82 0.475801 0.801397 0.738739
83 0.470472 0.746507 0.774775
84 0.432721 0.791417 0.774775
85 0.446753 0.829341 0.774775
86 0.424755 0.804391 0.792793
87 0.451244 0.780439 0.810811
88 0.432882 0.797405 0.756757
89 0.454595 0.792415 0.765766
90 0.459819 0.794411 0.783784
91 0.449538 0.812375 0.774775
92 0.459934 0.808383 0.774775
93 0.467675 0.793413 0.801802
94 0.461890 0.815369 0.783784
95 0.468070 0.792415 0.729730
96 0.421469 0.832335 0.720721
97 0.431159 0.835329 0.774775
98 0.421400 0.802395 0.783784
99 0.432854 0.796407 0.747748
100 0.396875 0.799401 0.783784
101 0.384564 0.808383 0.783784
102 0.362669 0.846307 0.774775
103 0.333522 0.891218 0.765766
104 0.367457 0.834331 0.738739
105 0.372291 0.808383 0.774775
106 0.374978 0.803393 0.765766
107 0.346897 0.853293 0.765766
108 0.352043 0.887226 0.738739
109 0.349830 0.830339 0.783784
110 0.332770 0.888224 0.765766
111 0.343720 0.886228 0.765766
112 0.338579 0.825349 0.756757
113 0.345869 0.830339 0.774775
114 0.344767 0.859281 0.792793
115 0.329210 0.810379 0.810811
116 0.327444 0.894212 0.675676
117 0.332723 0.847305 0.738739
118 0.354281 0.827345 0.756757
119 0.332292 0.860279 0.801802
120 0.340807 0.837325 0.765766
121 0.344810 0.832335 0.801802
122 0.336827 0.852295 0.783784
123 0.354792 0.887226 0.747748
124 0.286188 0.815369 0.747748
125 0.288000 0.908184 0.774775
126 0.291421 0.834331 0.774775
127 0.266112 0.923154 0.738739
128 0.291933 0.829341 0.765766
129 0.348044 0.881238 0.729730
130 0.282734 0.882236 0.756757
131 0.291557 0.940120 0.747748
132 0.280742 0.925150 0.747748
133 0.259342 0.942116 0.747748
134 0.257262 0.896208 0.756757
135 0.299656 0.917166 0.720721
136 0.275275 0.956088 0.720721
137 0.281341 0.926148 0.747748
138 0.301005 0.878244 0.738739
139 0.298273 0.825349 0.747748
140 0.263209 0.807385 0.756757
141 0.316148 0.898204 0.765766
142 0.265668 0.882236 0.720721
143 0.253462 0.849301 0.765766
144 0.278025 0.916168 0.720721
145 0.298892 0.888224 0.711712
146 0.278005 0.863273 0.738739
147 0.245953 0.917166 0.720721
148 0.245896 0.927146 0.711712
149 0.265565 0.922156 0.756757
150 0.197747 0.965070 0.729730
151 0.219860 0.941118 0.747748
152 0.214178 0.968064 0.711712
153 0.219853 0.938124 0.747748
154 0.205107 0.960080 0.729730
155 0.221562 0.957086 0.738739
156 0.207350 0.967066 0.738739
157 0.221725 0.875250 0.720721
158 0.222209 0.894212 0.729730
159 0.191514 0.939122 0.738739
160 0.203626 0.934132 0.738739
161 0.266342 0.888224 0.729730
162 0.198176 0.960080 0.738739
163 0.201798 0.915170 0.747748
164 0.228762 0.832335 0.765766
165 0.174777 0.948104 0.711712
166 0.215690 0.886228 0.711712
167 0.193290 0.865269 0.729730
168 0.199726 0.961078 0.756757
169 0.207773 0.934132 0.729730
170 0.214119 0.902196 0.747748
171 0.197595 0.895210 0.738739
172 0.211669 0.912176 0.720721
173 0.191396 0.911178 0.720721
174 0.192220 0.942116 0.729730
175 0.228815 0.871257 0.729730
176 0.191239 0.958084 0.684685
177 0.184050 0.974052 0.729730
178 0.210096 0.911178 0.729730
179 0.203081 0.909182 0.711712
180 0.205125 0.921158 0.693694
181 0.176933 0.945110 0.747748
182 0.160712 0.981038 0.693694
183 0.193543 0.969062 0.693694
184 0.198967 0.936128 0.738739
185 0.231842 0.965070 0.729730
186 0.215559 0.956088 0.747748
187 0.194865 0.969062 0.702703
188 0.184363 0.937126 0.720721
189 0.167804 0.962076 0.720721
190 0.183719 0.951098 0.720721
191 0.192089 0.943114 0.729730
192 0.191196 0.935130 0.738739
193 0.237859 0.947106 0.729730
194 0.202833 0.962076 0.693694
195 0.200113 0.974052 0.756757
196 0.157956 0.984032 0.720721
197 0.182350 0.966068 0.729730
198 0.192563 0.968064 0.729730
199 0.177427 0.982036 0.720721
200 0.151024 0.984032 0.729730
201 0.162095 0.958084 0.738739
202 0.161842 0.976048 0.720721
203 0.140903 0.984032 0.756757
204 0.153089 0.982036 0.702703
205 0.141858 0.972056 0.747748
206 0.151210 0.973054 0.738739
207 0.171854 0.977046 0.693694
208 0.143702 0.982036 0.720721
209 0.155225 0.981038 0.711712
210 0.151044 0.985030 0.729730
211 0.135774 0.977046 0.729730
212 0.141844 0.979042 0.711712
213 0.147865 0.990020 0.711712
214 0.130244 0.993014 0.711712
215 0.148775 0.973054 0.720721
216 0.154374 0.981038 0.720721
217 0.133696 0.987026 0.720721
218 0.134071 0.985030 0.711712
219 0.126445 0.988024 0.738739
220 0.131725 0.985030 0.702703
221 0.148699 0.985030 0.738739
222 0.142552 0.982036 0.720721
223 0.167921 0.983034 0.720721
224 0.120795 0.993014 0.720721
225 0.131871 0.989022 0.684685
226 0.128663 0.992016 0.702703
227 0.143428 0.986028 0.711712
228 0.142188 0.987026 0.729730
229 0.126938 0.983034 0.747748
230 0.110424 0.989022 0.684685
231 0.131205 0.989022 0.711712
232 0.112209 0.987026 0.693694
233 0.109000 0.990020 0.693694
234 0.128151 0.985030 0.711712
235 0.126150 0.988024 0.729730
236 0.119346 0.989022 0.702703
237 0.151451 0.985030 0.747748
238 0.132599 0.986028 0.738739
239 0.125436 0.990020 0.711712
240 0.126056 0.987026 0.720721
241 0.123482 0.988024 0.702703
242 0.122203 0.992016 0.720721
243 0.109413 0.992016 0.693694
244 0.128903 0.991018 0.711712
245 0.114393 0.993014 0.729730
246 0.114152 0.994012 0.711712
247 0.108449 0.992016 0.711712
248 0.130694 0.994012 0.711712
249 0.122535 0.989022 0.747748
250 0.114954 0.991018 0.702703
251 0.109906 0.993014 0.711712
252 0.101212 0.992016 0.729730
253 0.115767 0.993014 0.711712
254 0.114257 0.991018 0.702703
255 0.096703 0.992016 0.702703
256 0.120674 0.992016 0.711712
257 0.107763 0.990020 0.693694
258 0.113442 0.993014 0.702703
259 0.098911 0.994012 0.720721
260 0.103542 0.994012 0.675676
261 0.105076 0.992016 0.684685
262 0.105450 0.993014 0.720721
263 0.113598 0.992016 0.729730
264 0.096783 0.992016 0.693694
265 0.111865 0.992016 0.702703
266 0.110949 0.993014 0.702703
267 0.115319 0.994012 0.693694
268 0.096582 0.994012 0.693694
269 0.095036 0.993014 0.693694
270 0.100886 0.994012 0.675676
271 0.101817 0.995010 0.711712
272 0.103967 0.994012 0.675676
273 0.093965 0.995010 0.711712
274 0.102393 0.995010 0.729730
275 0.103933 0.995010 0.702703
276 0.105078 0.992016 0.702703
277 0.093155 0.993014 0.720721
278 0.099684 0.995010 0.720721
279 0.099533 0.995010 0.720721
280 0.101975 0.994012 0.711712
281 0.100179 0.994012 0.684685
282 0.094959 0.994012 0.693694
283 0.107352 0.995010 0.720721
284 0.101941 0.994012 0.693694
285 0.101653 0.996008 0.693694
286 0.099019 0.992016 0.693694
287 0.099123 0.993014 0.693694
288 0.095678 0.995010 0.693694
289 0.102701 0.994012 0.693694
290 0.095199 0.993014 0.684685
291 0.104308 0.995010 0.684685
292 0.100994 0.994012 0.702703
293 0.104905 0.993014 0.684685
294 0.094655 0.994012 0.702703
295 0.095131 0.994012 0.693694
296 0.095254 0.994012 0.720721
297 0.094892 0.995010 0.720721
298 0.100916 0.995010 0.729730
299 0.104155 0.994012 0.729730
300 0.098045 0.995010 0.729730
301 0.093961 0.994012 0.702703
302 0.108553 0.995010 0.711712
303 0.112145 0.995010 0.684685
304 0.096590 0.993014 0.702703
305 0.097785 0.995010 0.702703
306 0.098149 0.993014 0.711712
307 0.101171 0.992016 0.702703
308 0.086607 0.993014 0.711712
309 0.101314 0.993014 0.711712
310 0.121533 0.993014 0.720721
311 0.108571 0.993014 0.720721
312 0.095825 0.995010 0.684685
313 0.103937 0.994012 0.711712
314 0.088700 0.993014 0.729730
315 0.092571 0.994012 0.720721
316 0.094387 0.995010 0.702703
317 0.089198 0.994012 0.711712
318 0.085909 0.995010 0.720721
319 0.096766 0.995010 0.702703
320 0.096266 0.995010 0.711712
321 0.088382 0.995010 0.702703
322 0.088797 0.995010 0.702703
323 0.084664 0.996008 0.693694
324 0.096787 0.995010 0.684685
325 0.096100 0.996008 0.702703
326 0.090192 0.996008 0.720721
327 0.094372 0.995010 0.702703
328 0.092930 0.994012 0.711712
329 0.089155 0.993014 0.720721
330 0.092012 0.997006 0.720721
331 0.095418 0.995010 0.711712
332 0.091328 0.996008 0.711712
333 0.084958 0.995010 0.702703
334 0.093263 0.996008 0.729730
335 0.098658 0.997006 0.693694
336 0.115096 0.995010 0.711712
337 0.089458 0.995010 0.702703
338 0.095355 0.997006 0.702703
339 0.103147 0.995010 0.702703
340 0.096374 0.996008 0.711712
341 0.095761 0.996008 0.711712
342 0.091178 0.995010 0.711712
343 0.098909 0.995010 0.693694
344 0.093329 0.995010 0.702703
345 0.092210 0.994012 0.693694
346 0.086524 0.993014 0.720721
347 0.093325 0.996008 0.684685
348 0.097699 0.995010 0.711712
349 0.084650 0.996008 0.711712
350 0.100207 0.995010 0.711712
