1 243.746979 0.438320 0.444000
2 87.925838 0.296510 0.296000
3 38.150458 0.400311 0.386000
4 36.963560 0.373861 0.338000
5 31.501469 0.341854 0.320000
6 28.448689 0.347188 0.388000
7 35.385217 0.406535 0.386000
8 21.825772 0.452990 0.424000
9 20.844286 0.408535 0.404000
10 18.960112 0.373639 0.368000
11 15.636908 0.427206 0.392000
12 12.832024 0.402978 0.396000
13 16.386096 0.410091 0.394000
14 11.770841 0.397866 0.366000
15 8.564409 0.506112 0.502000
16 12.257137 0.456990 0.454000
17 8.864910 0.465659 0.480000
18 8.796390 0.357857 0.336000
19 5.172695 0.433207 0.418000
20 6.263202 0.425206 0.434000
21 6.721066 0.466548 0.462000
22 5.586563 0.433874 0.410000
23 5.392098 0.376528 0.356000
24 4.607905 0.452100 0.438000
25 3.680423 0.400311 0.382000
26 4.363991 0.346966 0.346000
27 3.616152 0.418760 0.406000
28 3.513688 0.449878 0.456000
29 3.092916 0.373194 0.362000
30 3.040774 0.496777 0.486000
31 3.299141 0.455212 0.456000
32 2.422768 0.433207 0.434000
33 3.481126 0.391198 0.412000
34 2.733507 0.331852 0.322000
35 2.577760 0.463436 0.432000
36 2.869265 0.426317 0.430000
37 2.503447 0.432763 0.450000
38 2.281193 0.443210 0.466000
39 2.102988 0.460991 0.486000
40 2.034796 0.395643 0.400000
41 2.176047 0.391865 0.394000
42 2.363568 0.399867 0.410000
43 2.000111 0.438764 0.428000
44 2.171666 0.462547 0.490000
45 2.200518 0.406313 0.414000
46 1.912701 0.385641 0.372000
47 2.241893 0.438986 0.454000
48 1.974337 0.354968 0.358000
49 1.984364 0.440765 0.452000
50 1.699750 0.462325 0.486000
51 1.604878 0.408980 0.406000
52 1.606538 0.492998 0.492000
53 1.479842 0.493221 0.510000
54 1.530681 0.442543 0.450000
55 1.604214 0.392309 0.400000
56 1.572605 0.462992 0.470000
57 1.486368 0.459435 0.470000
58 1.492275 0.459880 0.464000
59 1.622463 0.457880 0.454000
60 1.617572 0.472105 0.486000
61 1.570919 0.456990 0.436000
62 1.502778 0.479884 0.458000
63 1.535433 0.514114 0.500000
64 1.562086 0.485663 0.476000
65 1.479459 0.439653 0.428000
66 1.517949 0.510336 0.520000
67 1.477743 0.455212 0.436000
68 1.539559 0.415426 0.410000
69 1.561738 0.474105 0.488000
70 1.574958 0.487442 0.494000
