1 347.359988 0.294732 0.278000
2 154.493955 0.331629 0.342000
3 61.775648 0.365415 0.370000
4 65.955989 0.398088 0.400000
5 42.897374 0.412536 0.420000
6 31.314943 0.450322 0.440000
7 25.131355 0.461880 0.450000
8 21.862496 0.435875 0.442000
9 25.039546 0.417871 0.412000
10 12.317084 0.477884 0.474000
11 14.756405 0.468326 0.458000
12 12.258019 0.436541 0.436000
13 6.959888 0.452990 0.454000
14 8.635784 0.482774 0.492000
15 7.894453 0.516782 0.490000
16 4.960637 0.278506 0.292000
17 7.076800 0.464325 0.434000
18 6.955314 0.507446 0.510000
19 7.847872 0.472327 0.478000
20 3.260944 0.397199 0.418000
21 3.568425 0.452545 0.444000
22 3.524424 0.400978 0.362000
23 3.683031 0.497666 0.516000
24 2.665768 0.435208 0.466000
25 3.114286 0.487219 0.502000
26 3.013084 0.207602 0.216000
27 3.178401 0.391420 0.380000
28 3.872351 0.429429 0.408000
29 2.841002 0.439876 0.440000
30 2.353884 0.396977 0.384000
31 2.163334 0.444099 0.432000
32 2.122812 0.387642 0.408000
33 1.974333 0.380529 0.386000
34 2.170177 0.432096 0.438000
35 2.298915 0.390087 0.370000
36 2.059338 0.484108 0.482000
37 2.295509 0.437208 0.454000
38 1.993480 0.457880 0.460000
39 2.125429 0.415203 0.428000
40 2.066588 0.390976 0.396000
41 1.994667 0.480329 0.476000
42 1.989154 0.496333 0.522000
43 1.875300 0.486108 0.470000
44 2.061375 0.361414 0.378000
45 1.932476 0.514781 0.488000
46 1.814778 0.418093 0.404000
47 1.773338 0.444766 0.450000
48 1.933730 0.424317 0.416000
49 2.022838 0.435208 0.412000
50 1.583729 0.457213 0.458000
51 1.520752 0.452767 0.462000
52 1.572958 0.409869 0.416000
53 1.589809 0.495888 0.480000
54 1.410419 0.488331 0.466000
55 1.793833 0.516782 0.492000
56 1.577103 0.441209 0.448000
57 1.452187 0.495221 0.482000
58 1.424319 0.509447 0.498000
59 1.688021 0.405423 0.402000
60 1.570403 0.487664 0.492000
61 1.533425 0.438320 0.440000
62 1.556261 0.501889 0.506000
63 1.595088 0.480107 0.490000
64 1.480490 0.500111 0.504000
65 1.647858 0.421872 0.430000
66 1.541731 0.436764 0.412000
67 1.466982 0.520338 0.504000
68 1.533163 0.417871 0.428000
69 1.602451 0.449433 0.466000
70 1.706383 0.448322 0.462000
