1 3.072863 0.451852 0.420000
2 1.470601 0.500741 0.520000
3 1.931782 0.479259 0.513333
4 1.885282 0.410370 0.393333
5 1.524313 0.465926 0.433333
6 1.328511 0.442963 0.420000
7 1.127832 0.533333 0.520000
8 1.139877 0.530370 0.540000
9 1.176215 0.517037 0.513333
10 1.141480 0.540741 0.533333
11 1.450028 0.531852 0.533333
12 1.196938 0.482222 0.520000
13 1.135536 0.526667 0.573333
14 1.078517 0.517778 0.566667
15 0.984645 0.547407 0.560000
16 1.102672 0.547407 0.540000
17 1.046111 0.502222 0.526667
18 1.011572 0.531852 0.566667
19 0.995667 0.542963 0.553333
20 0.965254 0.537778 0.520000
21 0.981134 0.548889 0.540000
22 1.039085 0.548148 0.533333
23 1.006044 0.501481 0.533333
24 1.052057 0.550370 0.533333
25 0.978593 0.540741 0.526667
26 0.952455 0.548889 0.506667
27 0.971901 0.545926 0.520000
28 0.940896 0.549630 0.533333
29 0.967317 0.547407 0.500000
30 0.942507 0.541481 0.526667
31 0.967483 0.558519 0.540000
32 0.949173 0.536296 0.540000
33 0.930264 0.547407 0.546667
34 0.947964 0.532593 0.546667
35 0.944239 0.564444 0.553333
36 0.918164 0.554074 0.560000
37 0.945100 0.564444 0.580000
38 0.920124 0.568148 0.580000
39 0.912093 0.570370 0.560000
40 0.927422 0.562222 0.580000
41 0.906594 0.564444 0.573333
42 0.914014 0.577778 0.553333
43 0.919550 0.539259 0.553333
44 0.925044 0.562963 0.540000
45 0.906111 0.545926 0.500000
46 0.928133 0.531111 0.526667
47 0.906603 0.563704 0.540000
48 0.902027 0.571111 0.566667
49 0.905027 0.570370 0.566667
50 0.873510 0.557778 0.546667
51 0.874299 0.572593 0.573333
52 0.869482 0.589630 0.593333
53 0.885742 0.593333 0.573333
54 0.865443 0.595556 0.560000
55 0.871137 0.598519 0.566667
56 0.853710 0.604444 0.580000
57 0.863300 0.589630 0.560000
58 0.872489 0.599259 0.580000
59 0.845176 0.606667 0.553333
60 0.868613 0.604444 0.540000
61 0.856692 0.597778 0.560000
62 0.855998 0.608889 0.573333
63 0.847259 0.608148 0.566667
64 0.835782 0.607407 0.580000
65 0.852386 0.614074 0.560000
66 0.831367 0.599259 0.560000
67 0.852279 0.604444 0.560000
68 0.840847 0.615556 0.546667
69 0.837077 0.621481 0.586667
70 0.833440 0.619259 0.580000
