1 3.657756 0.642606 0.620438
2 2.002845 0.605839 0.583942
3 2.042257 0.572858 0.593674
4 2.232622 0.585834 0.600973
5 0.999287 0.707489 0.703163
6 0.955855 0.651527 0.654501
7 0.984909 0.629630 0.622871
8 0.991417 0.643147 0.644769
9 1.016834 0.664504 0.673966
10 0.776090 0.740200 0.744526
11 0.777485 0.733712 0.734793
12 0.822004 0.682076 0.654501
13 0.841601 0.740200 0.717762
14 0.757118 0.737497 0.720195
15 0.769179 0.653149 0.664234
16 0.750535 0.719384 0.715328
17 0.837298 0.746148 0.732360
18 0.680814 0.746959 0.737226
19 0.785168 0.617194 0.635036
20 0.787015 0.716680 0.693431
21 0.667909 0.737497 0.739659
22 0.681487 0.687753 0.676399
23 0.691039 0.742633 0.715328
24 0.636137 0.747499 0.742092
25 0.704742 0.756421 0.737226
26 0.623365 0.706407 0.678832
27 0.681569 0.711814 0.698297
28 0.610614 0.639903 0.625304
29 0.617185 0.756961 0.754258
30 0.562591 0.752636 0.746959
31 0.597194 0.773993 0.776156
32 0.628134 0.722898 0.727494
33 0.570582 0.775885 0.773723
34 0.561814 0.761287 0.734793
35 0.531717 0.789403 0.756691
36 0.521643 0.778318 0.771290
37 0.532047 0.794269 0.785888
38 0.545398 0.708300 0.710462
39 0.558794 0.759935 0.734793
40 0.538914 0.758854 0.756691
41 0.534654 0.764531 0.746959
42 0.538589 0.772371 0.744526
43 0.534693 0.789132 0.749392
44 0.542337 0.763720 0.756691
45 0.523612 0.780481 0.734793
46 0.518877 0.786429 0.768856
47 0.502532 0.788862 0.766423
48 0.481019 0.755069 0.725061
49 0.493686 0.735064 0.700730
50 0.502585 0.791295 0.781022
51 0.473645 0.810219 0.795620
52 0.461191 0.815896 0.781022
53 0.460558 0.816978 0.790754
54 0.454234 0.796972 0.746959
55 0.460420 0.809138 0.776156
56 0.453689 0.810760 0.802920
57 0.442514 0.816167 0.776156
58 0.450213 0.806164 0.776156
59 0.439987 0.811841 0.763990
60 0.465443 0.822114 0.793187
61 0.443743 0.815356 0.788321
62 0.452596 0.821573 0.798054
63 0.442464 0.816437 0.781022
64 0.425076 0.820762 0.783455
65 0.418741 0.827791 0.819951
66 0.448406 0.825358 0.788321
67 0.436483 0.836983 0.800487
68 0.429732 0.836713 0.812652
69 0.421435 0.826169 0.798054
70 0.433326 0.809408 0.761557
71 0.414203 0.843742 0.827251
72 0.416108 0.797783 0.798054
73 0.436462 0.824818 0.790754
74 0.414592 0.850500 0.817518
75 0.439433 0.801838 0.739659
76 0.432045 0.799676 0.773723
77 0.442255 0.806164 0.785888
78 0.454668 0.843201 0.817518
79 0.431753 0.850230 0.812652
80 0.396736 0.838605 0.795620
81 0.403307 0.844823 0.819951
82 0.418603 0.819411 0.785888
83 0.397570 0.817789 0.788321
84 0.414264 0.796431 0.754258
85 0.404244 0.835091 0.793187
86 0.406862 0.796431 0.759124
87 0.393969 0.853744 0.836983
88 0.421446 0.811841 0.759124
89 0.436358 0.844823 0.817518
90 0.406909 0.866991 0.839416
91 0.398496 0.853744 0.829684
92 0.415703 0.862666 0.815085
93 0.407713 0.834820 0.785888
94 0.403128 0.838064 0.802920
95 0.401459 0.828332 0.778589
96 0.408064 0.830495 0.768856
97 0.420765 0.839957 0.793187
98 0.393661 0.858881 0.841849
99 0.396470 0.866721 0.827251
100 0.376110 0.877534 0.829684
101 0.344633 0.860503 0.834550
102 0.341146 0.876453 0.815085
103 0.362481 0.875372 0.832117
104 0.353724 0.885915 0.844282
105 0.343508 0.886996 0.832117
106 0.338660 0.887267 0.832117
107 0.340909 0.890241 0.846715
108 0.324007 0.882401 0.815085
109 0.351125 0.880508 0.854015
110 0.356556 0.886185 0.836983
111 0.346486 0.895647 0.851582
112 0.346721 0.884293 0.829684
113 0.342975 0.877264 0.829684
114 0.342612 0.843201 0.800487
115 0.355712 0.889700 0.829684
116 0.322514 0.899162 0.851582
117 0.339758 0.892944 0.836983
118 0.339297 0.888348 0.839416
119 0.335459 0.890781 0.836983
120 0.344836 0.886185 0.854015
121 0.316290 0.896729 0.819951
122 0.318526 0.897810 0.854015
123 0.333253 0.904569 0.854015
124 0.314139 0.899432 0.817518
125 0.326125 0.897540 0.839416
126 0.322615 0.900243 0.844282
127 0.328994 0.892674 0.817518
128 0.318039 0.895107 0.832117
129 0.306672 0.907002 0.827251
130 0.311599 0.879697 0.841849
131 0.317724 0.889430 0.846715
132 0.304200 0.899162 0.849148
133 0.310323 0.899432 0.834550
134 0.320598 0.908354 0.849148
135 0.314679 0.873209 0.807786
136 0.322351 0.898892 0.815085
137 0.316482 0.895377 0.829684
138 0.319603 0.911868 0.834550
139 0.330972 0.896188 0.839416
140 0.317858 0.909976 0.839416
141 0.309926 0.907543 0.851582
142 0.307450 0.910246 0.827251
143 0.302736 0.911327 0.841849
144 0.278520 0.911327 0.844282
145 0.302672 0.888889 0.832117
146 0.304944 0.912679 0.844282
147 0.287551 0.921600 0.858881
148 0.307912 0.864017 0.788321
149 0.324932 0.905380 0.839416
150 0.279417 0.927548 0.856448
151 0.260638 0.928629 0.834550
152 0.246106 0.931603 0.866180
153 0.251807 0.938362 0.834550
154 0.255075 0.921330 0.834550
155 0.263639 0.937551 0.863747
156 0.258659 0.923222 0.832117
157 0.261824 0.935929 0.841849
158 0.236776 0.938902 0.839416
159 0.264888 0.928629 0.832117
160 0.251096 0.925926 0.841849
161 0.267782 0.919978 0.844282
162 0.253066 0.940795 0.839416
163 0.254049 0.937280 0.834550
164 0.246175 0.930792 0.846715
165 0.248732 0.945931 0.841849
166 0.246293 0.935658 0.839416
167 0.226211 0.944309 0.834550
168 0.242289 0.944850 0.829684
169 0.250535 0.941065 0.815085
170 0.249206 0.940254 0.834550
171 0.244883 0.932144 0.844282
172 0.242284 0.934036 0.854015
173 0.229037 0.934847 0.834550
174 0.235420 0.942147 0.844282
175 0.228948 0.938091 0.839416
176 0.232672 0.943769 0.832117
177 0.233385 0.941065 0.836983
178 0.239939 0.947553 0.827251
179 0.235303 0.943228 0.824818
180 0.231896 0.943228 0.824818
181 0.235682 0.937280 0.812652
182 0.239284 0.933766 0.824818
183 0.238952 0.949446 0.851582
184 0.226160 0.940795 0.839416
185 0.222862 0.950527 0.846715
186 0.218375 0.943498 0.836983
187 0.226403 0.945931 0.851582
188 0.238105 0.916734 0.815085
189 0.233095 0.950257 0.829684
190 0.228331 0.951338 0.834550
191 0.216308 0.947824 0.851582
192 0.246646 0.943498 0.836983
193 0.229287 0.944850 0.832117
194 0.213203 0.940524 0.824818
195 0.222052 0.937821 0.836983
196 0.224915 0.940795 0.854015
197 0.229255 0.938091 0.827251
198 0.239399 0.951338 0.839416
199 0.224813 0.951609 0.839416
200 0.209951 0.958637 0.839416
201 0.190492 0.961341 0.841849
202 0.200241 0.959178 0.851582
203 0.195422 0.963233 0.846715
204 0.197844 0.961341 0.846715
205 0.191373 0.959989 0.834550
206 0.193746 0.958097 0.815085
207 0.193877 0.960260 0.832117
208 0.203824 0.959719 0.817518
209 0.193171 0.961341 0.832117
210 0.185951 0.962963 0.834550
211 0.185947 0.961611 0.824818
212 0.201195 0.959178 0.827251
213 0.183563 0.960260 0.839416
214 0.197117 0.963504 0.824818
215 0.199107 0.958367 0.812652
216 0.195159 0.966748 0.824818
217 0.177813 0.963504 0.819951
218 0.201913 0.963233 0.829684
219 0.189574 0.965666 0.832117
220 0.196142 0.964044 0.834550
221 0.185947 0.969181 0.836983
222 0.200956 0.966207 0.841849
223 0.188233 0.966748 0.834550
224 0.185188 0.966477 0.829684
225 0.189281 0.966477 0.834550
226 0.184336 0.968911 0.836983
227 0.195778 0.966748 0.836983
228 0.191842 0.966477 0.829684
229 0.198065 0.964855 0.824818
230 0.180187 0.960800 0.839416
231 0.183679 0.966748 0.834550
232 0.184361 0.970533 0.834550
233 0.177517 0.968640 0.822384
234 0.173988 0.967018 0.827251
235 0.182323 0.957826 0.834550
236 0.181241 0.959989 0.839416
237 0.186271 0.966748 0.827251
238 0.192253 0.967559 0.836983
239 0.175581 0.967559 0.834550
240 0.182148 0.967829 0.822384
241 0.188469 0.966477 0.834550
242 0.187446 0.971073 0.834550
243 0.173242 0.972155 0.844282
244 0.171768 0.969451 0.841849
245 0.173798 0.971073 0.839416
246 0.181430 0.968370 0.827251
247 0.160487 0.970262 0.827251
248 0.182876 0.971884 0.846715
249 0.169575 0.967559 0.834550
250 0.177059 0.974317 0.844282
251 0.176182 0.971614 0.841849
252 0.172184 0.971344 0.819951
253 0.171812 0.975669 0.829684
254 0.159455 0.973236 0.827251
255 0.168388 0.974858 0.839416
256 0.168170 0.975669 0.829684
257 0.157420 0.975939 0.836983
258 0.159480 0.972966 0.824818
259 0.165316 0.976480 0.834550
260 0.164015 0.973777 0.839416
261 0.162435 0.975128 0.834550
262 0.172390 0.976750 0.841849
263 0.155243 0.976750 0.834550
264 0.163807 0.977021 0.824818
265 0.150420 0.971344 0.822384
266 0.159117 0.975939 0.827251
267 0.153780 0.974858 0.827251
268 0.157514 0.977832 0.834550
269 0.156303 0.978913 0.824818
270 0.162868 0.978102 0.824818
271 0.161220 0.976480 0.827251
272 0.165287 0.978102 0.832117
273 0.154749 0.977291 0.834550
274 0.162164 0.977562 0.832117
275 0.151624 0.978643 0.822384
276 0.156658 0.976750 0.836983
277 0.154609 0.979995 0.824818
278 0.153669 0.979995 0.834550
279 0.166938 0.977562 0.841849
280 0.149918 0.979724 0.822384
281 0.167886 0.977021 0.827251
282 0.161502 0.977021 0.832117
283 0.154620 0.977832 0.844282
284 0.162583 0.976750 0.822384
285 0.154583 0.975669 0.829684
286 0.153302 0.979724 0.832117
287 0.154864 0.978373 0.836983
288 0.153208 0.978373 0.834550
289 0.156907 0.978373 0.832117
290 0.152480 0.978913 0.832117
291 0.157592 0.979724 0.824818
292 0.159364 0.980535 0.829684
293 0.149339 0.977832 0.829684
294 0.149044 0.978373 0.844282
295 0.149778 0.979995 0.844282
296 0.143109 0.978373 0.832117
297 0.158200 0.978373 0.841849
298 0.150915 0.979995 0.827251
299 0.151801 0.977291 0.844282
300 0.152378 0.978913 0.832117
301 0.146192 0.982698 0.824818
302 0.154728 0.979184 0.829684
303 0.153811 0.982428 0.815085
304 0.151285 0.981617 0.829684
305 0.154296 0.981076 0.829684
306 0.162410 0.980265 0.829684
307 0.146491 0.980806 0.824818
308 0.145174 0.981346 0.822384
309 0.156319 0.980535 0.832117
310 0.155511 0.982968 0.832117
311 0.155512 0.983509 0.832117
312 0.140229 0.981887 0.824818
313 0.139369 0.982428 0.834550
314 0.142971 0.982157 0.824818
315 0.142752 0.983509 0.832117
316 0.144010 0.982157 0.832117
317 0.147350 0.981346 0.836983
318 0.141480 0.981346 0.836983
319 0.144866 0.981076 0.832117
320 0.145071 0.981076 0.834550
321 0.148739 0.983779 0.836983
322 0.155180 0.980535 0.836983
323 0.141555 0.982968 0.834550
324 0.139150 0.981887 0.839416
325 0.152118 0.982157 0.829684
326 0.144101 0.983239 0.834550
327 0.141675 0.982428 0.824818
328 0.143705 0.982698 0.824818
329 0.145912 0.981887 0.836983
330 0.143416 0.983239 0.829684
331 0.139384 0.981346 0.829684
332 0.145530 0.980806 0.819951
333 0.137319 0.983239 0.829684
334 0.141461 0.983509 0.827251
335 0.145703 0.982968 0.834550
336 0.146364 0.983779 0.819951
337 0.146388 0.983239 0.832117
338 0.139564 0.983509 0.832117
339 0.142227 0.981887 0.824818
340 0.138882 0.982428 0.834550
341 0.150094 0.982428 0.836983
342 0.138608 0.982428 0.824818
343 0.137186 0.983509 0.829684
344 0.143102 0.982428 0.829684
345 0.144437 0.981617 0.827251
346 0.142083 0.983779 0.829684
347 0.143322 0.982428 0.827251
348 0.148198 0.982968 0.822384
349 0.150582 0.983779 0.834550
350 0.146679 0.983509 0.834550
