1 131.342884 0.598333 0.595000
2 40.376700 0.743333 0.745000
3 12.356700 0.638333 0.650000
4 13.458174 0.741667 0.720000
5 11.927439 0.630000 0.620000
6 13.552715 0.753889 0.735000
7 9.017670 0.645000 0.605000
8 13.240351 0.777778 0.740000
9 6.350152 0.691667 0.635000
10 4.392330 0.778889 0.730000
11 3.404659 0.765556 0.750000
12 2.453794 0.746111 0.740000
13 2.145866 0.565000 0.540000
14 5.081753 0.708889 0.710000
15 4.260580 0.755556 0.745000
16 2.923601 0.747222 0.740000
17 1.529222 0.704444 0.715000
18 2.348654 0.645000 0.620000
19 2.226543 0.741667 0.725000
20 3.330433 0.713889 0.700000
21 3.517978 0.719444 0.665000
22 2.272317 0.739444 0.725000
23 1.397505 0.723333 0.710000
24 0.986928 0.768889 0.720000
25 1.010917 0.782222 0.735000
26 1.434179 0.784444 0.745000
27 0.937282 0.780556 0.760000
28 1.067577 0.584444 0.540000
29 1.130014 0.601111 0.555000
30 1.168081 0.779444 0.745000
31 1.582714 0.768889 0.750000
32 0.917726 0.751667 0.735000
33 0.957993 0.713889 0.690000
34 1.020934 0.738333 0.730000
35 0.917382 0.553889 0.535000
36 0.912684 0.771667 0.750000
37 0.797396 0.746667 0.720000
38 2.379672 0.754444 0.745000
39 1.373376 0.770000 0.745000
40 1.836424 0.661111 0.650000
41 1.188114 0.626667 0.590000
42 0.748190 0.783333 0.765000
43 0.708890 0.741667 0.705000
44 1.223458 0.766667 0.755000
45 0.848506 0.776667 0.765000
46 0.747443 0.610556 0.585000
47 0.743799 0.767778 0.725000
48 0.695311 0.742222 0.710000
49 0.716937 0.672222 0.665000
50 0.663806 0.775000 0.760000
51 0.612718 0.765556 0.750000
52 0.810221 0.758889 0.690000
53 0.701528 0.540556 0.520000
54 0.611587 0.785556 0.750000
55 0.682387 0.707778 0.680000
56 0.627411 0.772778 0.770000
57 0.864097 0.738889 0.730000
58 0.737216 0.782222 0.760000
59 0.726287 0.765000 0.755000
60 0.732462 0.757778 0.720000
61 0.681505 0.749444 0.735000
62 0.625877 0.781667 0.760000
63 0.607817 0.781111 0.770000
64 0.605946 0.793333 0.775000
65 0.675741 0.765000 0.750000
66 0.626246 0.767222 0.755000
67 0.666691 0.785000 0.785000
68 0.595046 0.716111 0.690000
69 0.623162 0.788333 0.735000
70 0.619698 0.681667 0.670000
71 0.637046 0.782778 0.780000
72 0.602650 0.710556 0.700000
73 0.666193 0.779444 0.780000
74 0.628045 0.792778 0.750000
75 0.614921 0.776667 0.770000
76 0.610463 0.755556 0.745000
77 0.622240 0.750556 0.720000
78 0.740086 0.735000 0.740000
79 0.747393 0.783333 0.740000
80 0.715057 0.758889 0.735000
81 0.589365 0.768333 0.750000
82 0.616245 0.740556 0.725000
83 0.604838 0.766111 0.750000
84 0.632342 0.736667 0.745000
85 0.631962 0.780000 0.770000
86 0.565581 0.750556 0.730000
87 0.651352 0.797222 0.745000
88 0.586402 0.767222 0.750000
89 0.574357 0.742222 0.730000
90 0.654269 0.786667 0.775000
91 0.635179 0.798889 0.775000
92 0.558202 0.797778 0.790000
93 0.588944 0.801111 0.750000
94 0.707410 0.790000 0.775000
95 0.563254 0.799444 0.780000
96 0.542602 0.761667 0.740000
97 0.687834 0.787778 0.760000
98 0.573012 0.743889 0.725000
99 0.599561 0.791667 0.740000
100 0.714224 0.761667 0.735000
101 0.578238 0.797222 0.780000
102 0.556168 0.757778 0.715000
103 0.553809 0.791111 0.780000
104 0.531402 0.797778 0.780000
105 0.541910 0.722778 0.695000
106 0.545963 0.790000 0.785000
107 0.592019 0.758889 0.745000
108 0.530828 0.798333 0.775000
109 0.571733 0.781111 0.775000
110 0.639369 0.742222 0.725000
111 0.557691 0.779444 0.775000
112 0.557509 0.775000 0.775000
113 0.531716 0.775000 0.775000
114 0.602699 0.750556 0.730000
115 0.537017 0.796667 0.785000
116 0.535322 0.746667 0.725000
117 0.550285 0.777222 0.775000
118 0.554066 0.751111 0.735000
119 0.553083 0.802222 0.770000
120 0.524025 0.798889 0.780000
121 0.596569 0.789444 0.740000
122 0.576656 0.778333 0.745000
123 0.580691 0.796111 0.780000
124 0.556327 0.747222 0.730000
125 0.548638 0.805556 0.775000
126 0.556778 0.762222 0.740000
127 0.590408 0.757778 0.730000
128 0.578196 0.747778 0.730000
129 0.578975 0.810000 0.785000
130 0.601856 0.705556 0.695000
131 0.580864 0.715000 0.695000
132 0.550927 0.787222 0.770000
133 0.545259 0.781111 0.765000
134 0.568464 0.790556 0.740000
135 0.532581 0.752778 0.735000
136 0.531454 0.765556 0.750000
137 0.637044 0.720000 0.705000
138 0.568633 0.782222 0.770000
139 0.550447 0.768889 0.750000
140 0.553143 0.761667 0.735000
141 0.531973 0.763889 0.750000
142 0.530153 0.776667 0.760000
143 0.530375 0.796111 0.775000
144 0.528220 0.784444 0.765000
145 0.559362 0.763889 0.740000
146 0.557073 0.798333 0.775000
147 0.542127 0.781111 0.765000
148 0.549284 0.800556 0.755000
149 0.550921 0.801667 0.765000
150 0.527538 0.798889 0.785000
151 0.538389 0.786667 0.770000
152 0.551720 0.769444 0.755000
153 0.548339 0.773889 0.760000
154 0.529719 0.784444 0.765000
155 0.503481 0.770556 0.755000
156 0.522500 0.803889 0.780000
157 0.509381 0.803333 0.785000
158 0.527875 0.785000 0.780000
159 0.533583 0.808333 0.785000
160 0.529797 0.780556 0.765000
161 0.527722 0.790556 0.750000
162 0.506078 0.796667 0.770000
163 0.554700 0.792778 0.745000
164 0.522544 0.780556 0.735000
165 0.509275 0.780000 0.760000
166 0.531793 0.784444 0.785000
167 0.515700 0.809444 0.780000
168 0.516495 0.803889 0.780000
169 0.510176 0.797222 0.745000
170 0.501371 0.807222 0.780000
171 0.514242 0.748889 0.725000
172 0.514642 0.803889 0.785000
173 0.537245 0.748333 0.725000
174 0.535708 0.810000 0.780000
175 0.509322 0.780000 0.760000
176 0.540712 0.812222 0.790000
177 0.522728 0.751111 0.725000
178 0.552112 0.812778 0.770000
179 0.528160 0.769444 0.760000
180 0.528428 0.778889 0.755000
181 0.548348 0.812778 0.785000
182 0.514993 0.785000 0.765000
183 0.525481 0.812222 0.785000
184 0.527545 0.742778 0.725000
185 0.531959 0.795000 0.760000
186 0.514746 0.806111 0.770000
187 0.521682 0.744444 0.725000
188 0.521642 0.778889 0.750000
189 0.544991 0.808889 0.785000
190 0.523699 0.768333 0.755000
191 0.518338 0.796111 0.750000
192 0.517224 0.804444 0.780000
193 0.517276 0.810556 0.770000
194 0.523230 0.811111 0.750000
195 0.514152 0.785556 0.760000
196 0.528511 0.787778 0.765000
197 0.504906 0.782222 0.750000
198 0.508542 0.811111 0.790000
199 0.518658 0.740000 0.750000
200 0.508137 0.818333 0.755000
201 0.517652 0.763889 0.745000
202 0.486997 0.793889 0.780000
203 0.511019 0.750556 0.735000
204 0.494487 0.804444 0.800000
205 0.503128 0.822222 0.785000
206 0.513036 0.799444 0.780000
207 0.492016 0.783889 0.765000
208 0.517342 0.822222 0.770000
209 0.502339 0.817778 0.755000
210 0.503499 0.778889 0.765000
211 0.498894 0.756111 0.730000
212 0.496871 0.748333 0.750000
213 0.508935 0.771667 0.755000
214 0.492978 0.780000 0.755000
215 0.514165 0.792778 0.775000
216 0.510087 0.791667 0.770000
217 0.495982 0.746667 0.735000
218 0.508166 0.811111 0.775000
219 0.498888 0.816667 0.770000
220 0.507378 0.769444 0.755000
221 0.492975 0.786111 0.740000
222 0.502500 0.786111 0.765000
223 0.498110 0.810556 0.785000
224 0.499817 0.773889 0.755000
225 0.503748 0.772778 0.750000
226 0.509390 0.777222 0.770000
227 0.498606 0.754444 0.730000
228 0.490573 0.821111 0.780000
229 0.498459 0.811111 0.775000
230 0.484367 0.791111 0.780000
231 0.528439 0.747778 0.735000
232 0.495321 0.762778 0.740000
233 0.499401 0.810000 0.775000
234 0.530484 0.745556 0.740000
235 0.509607 0.758333 0.745000
236 0.513280 0.797222 0.775000
237 0.514151 0.787778 0.760000
238 0.508714 0.806667 0.755000
239 0.492306 0.801111 0.770000
240 0.482196 0.788889 0.775000
241 0.496433 0.760556 0.750000
242 0.536905 0.752778 0.730000
243 0.498937 0.793889 0.760000
244 0.508941 0.759444 0.750000
245 0.516358 0.804444 0.775000
246 0.492851 0.821111 0.775000
247 0.508997 0.753889 0.735000
248 0.504071 0.803333 0.775000
249 0.503758 0.783889 0.770000
250 0.496049 0.761667 0.745000
251 0.507319 0.812222 0.780000
252 0.499517 0.778889 0.765000
253 0.491767 0.768889 0.765000
254 0.477878 0.799444 0.765000
255 0.508040 0.774444 0.765000
256 0.490857 0.765000 0.760000
257 0.488328 0.795556 0.775000
258 0.490343 0.806667 0.770000
259 0.498741 0.789444 0.780000
260 0.494077 0.804444 0.770000
261 0.496127 0.773889 0.755000
262 0.510219 0.761111 0.755000
263 0.505818 0.767222 0.755000
264 0.494109 0.769444 0.760000
265 0.488030 0.785000 0.780000
266 0.493140 0.803889 0.775000
267 0.491300 0.800000 0.775000
268 0.494435 0.798333 0.770000
269 0.475156 0.801111 0.785000
270 0.500513 0.794444 0.775000
271 0.493180 0.806667 0.770000
272 0.487653 0.789444 0.770000
273 0.486210 0.757222 0.750000
274 0.490099 0.796111 0.780000
275 0.479741 0.775000 0.755000
276 0.490721 0.802778 0.780000
277 0.486570 0.775556 0.750000
278 0.482491 0.798333 0.780000
279 0.499542 0.770556 0.765000
280 0.492840 0.779444 0.770000
281 0.489743 0.777778 0.765000
282 0.502781 0.762778 0.750000
283 0.490010 0.786111 0.775000
284 0.499680 0.808889 0.775000
285 0.483816 0.788889 0.765000
286 0.498193 0.777778 0.760000
287 0.484828 0.763333 0.750000
288 0.492511 0.777222 0.775000
289 0.483628 0.788889 0.775000
290 0.476118 0.786111 0.760000
291 0.477386 0.775000 0.760000
292 0.485122 0.768333 0.750000
293 0.488855 0.791111 0.765000
294 0.495272 0.798333 0.765000
295 0.500672 0.763333 0.760000
296 0.485269 0.772222 0.750000
297 0.482177 0.756667 0.740000
298 0.473867 0.798889 0.765000
299 0.482153 0.803333 0.765000
300 0.507839 0.800556 0.775000
301 0.478626 0.781667 0.765000
302 0.488259 0.774444 0.760000
303 0.499281 0.786111 0.760000
304 0.482714 0.799444 0.765000
305 0.481925 0.788333 0.765000
306 0.493650 0.763333 0.750000
307 0.481235 0.783333 0.755000
308 0.493702 0.792778 0.770000
309 0.487664 0.778889 0.770000
310 0.488587 0.791111 0.775000
311 0.478085 0.787222 0.770000
312 0.476347 0.761111 0.755000
313 0.471676 0.781111 0.755000
314 0.482658 0.801667 0.755000
315 0.479355 0.794444 0.770000
316 0.487439 0.771667 0.760000
317 0.487451 0.768889 0.760000
318 0.481830 0.812778 0.785000
319 0.472242 0.794444 0.770000
320 0.479950 0.804444 0.780000
321 0.485285 0.764444 0.760000
322 0.462022 0.787778 0.750000
323 0.470833 0.780556 0.765000
324 0.485625 0.783333 0.755000
325 0.467731 0.775000 0.755000
326 0.484208 0.800556 0.775000
327 0.481403 0.797778 0.760000
328 0.480360 0.786111 0.755000
329 0.481601 0.800000 0.770000
330 0.472432 0.776111 0.760000
331 0.468890 0.791111 0.755000
332 0.462584 0.763889 0.760000
333 0.479965 0.797778 0.760000
334 0.468606 0.796667 0.770000
335 0.469861 0.795000 0.765000
336 0.473193 0.802778 0.775000
337 0.468919 0.785556 0.760000
338 0.477205 0.806111 0.770000
339 0.475197 0.797222 0.765000
340 0.460346 0.794444 0.765000
341 0.474635 0.782778 0.750000
342 0.468173 0.808889 0.775000
343 0.479100 0.756667 0.735000
344 0.475604 0.795556 0.765000
345 0.469201 0.796667 0.765000
346 0.474003 0.795000 0.775000
347 0.475738 0.777778 0.750000
348 0.469831 0.795000 0.770000
349 0.471058 0.803889 0.775000
350 0.465794 0.786111 0.765000
