1 5.012972 0.632874 0.600973
2 1.919949 0.711544 0.710462
3 1.775270 0.713706 0.669100
4 1.547560 0.627197 0.654501
5 0.991870 0.641254 0.593674
6 1.001187 0.689916 0.686131
7 1.320697 0.704244 0.669100
8 1.170979 0.570965 0.545012
9 1.247212 0.607461 0.574209
10 0.869624 0.714247 0.686131
11 0.889923 0.718302 0.710462
12 0.781075 0.739119 0.727494
13 0.799198 0.743715 0.737226
14 0.807367 0.752095 0.717762
15 0.731588 0.646391 0.632603
16 0.737651 0.758854 0.727494
17 0.774563 0.755610 0.705596
18 0.673778 0.758583 0.737226
19 0.739554 0.723439 0.705596
20 0.813160 0.748581 0.703163
21 0.733709 0.707489 0.681265
22 0.667735 0.719384 0.673966
23 0.617199 0.750743 0.749392
24 0.638633 0.763450 0.715328
25 0.626621 0.757232 0.727494
26 0.604556 0.758583 0.744526
27 0.576851 0.750743 0.725061
28 0.625268 0.625034 0.605839
29 0.569690 0.771019 0.739659
30 0.615392 0.709922 0.661800
31 0.559156 0.780481 0.734793
32 0.567235 0.770749 0.751825
33 0.623535 0.748310 0.742092
34 0.611657 0.762909 0.732360
35 0.552187 0.696134 0.639903
36 0.569625 0.693971 0.642336
37 0.559851 0.728305 0.690998
38 0.519654 0.784536 0.732360
39 0.577170 0.776967 0.734793
40 0.564957 0.770208 0.715328
41 0.546904 0.752366 0.727494
42 0.509957 0.775345 0.732360
43 0.529270 0.750743 0.700730
44 0.543299 0.798324 0.746959
45 0.510361 0.753988 0.708029
46 0.506229 0.709381 0.649635
47 0.521634 0.780211 0.746959
48 0.475370 0.796431 0.742092
49 0.492271 0.768586 0.717762
50 0.464229 0.818870 0.761557
51 0.445838 0.795350 0.734793
52 0.461864 0.817789 0.751825
53 0.467580 0.815085 0.781022
54 0.459134 0.790754 0.744526
55 0.444490 0.787240 0.737226
56 0.473153 0.808327 0.756691
57 0.449503 0.820222 0.761557
58 0.459884 0.824277 0.776156
59 0.453865 0.788051 0.729927
60 0.477956 0.818600 0.759124
61 0.448921 0.813733 0.763990
62 0.442883 0.815356 0.766423
63 0.455522 0.810760 0.759124
64 0.444130 0.797783 0.739659
65 0.430012 0.792917 0.722628
66 0.433377 0.825899 0.761557
67 0.444512 0.813733 0.766423
68 0.436664 0.798594 0.744526
69 0.438030 0.838605 0.768856
70 0.442757 0.771830 0.717762
71 0.434806 0.847256 0.790754
72 0.427608 0.832387 0.759124
73 0.426547 0.842660 0.781022
74 0.435976 0.840227 0.756691
75 0.439038 0.829143 0.781022
76 0.427963 0.831035 0.768856
77 0.438706 0.842390 0.771290
78 0.439000 0.843201 0.773723
79 0.432199 0.835631 0.763990
80 0.405035 0.840497 0.795620
81 0.424623 0.838605 0.773723
82 0.421879 0.854285 0.783455
83 0.407033 0.846986 0.793187
84 0.412924 0.856448 0.768856
85 0.431850 0.839957 0.781022
86 0.425266 0.838335 0.795620
87 0.413871 0.853474 0.773723
88 0.437564 0.827251 0.761557
89 0.436322 0.849148 0.773723
90 0.395765 0.853744 0.766423
91 0.395329 0.838335 0.749392
92 0.419529 0.856718 0.785888
93 0.414400 0.852663 0.778589
94 0.414081 0.855907 0.790754
95 0.439342 0.839957 0.751825
96 0.401417 0.861584 0.768856
97 0.392885 0.854015 0.773723
98 0.405996 0.856988 0.761557
99 0.418796 0.836713 0.768856
100 0.403377 0.858340 0.778589
101 0.351277 0.872668 0.759124
102 0.353398 0.871317 0.798054
103 0.355077 0.874290 0.778589
104 0.343992 0.870506 0.759124
105 0.360574 0.877534 0.761557
106 0.348078 0.878616 0.793187
107 0.346051 0.878886 0.773723
108 0.351191 0.884563 0.788321
109 0.372423 0.876183 0.771290
110 0.359939 0.876453 0.781022
111 0.350388 0.868072 0.773723
112 0.331318 0.887808 0.768856
113 0.337813 0.894566 0.798054
114 0.344754 0.882671 0.800487
115 0.330343 0.881860 0.778589
116 0.319337 0.889430 0.795620
117 0.352675 0.868343 0.756691
118 0.363391 0.888619 0.800487
119 0.342915 0.889700 0.800487
120 0.332339 0.900514 0.783455
121 0.346191 0.876183 0.744526
122 0.361926 0.895647 0.790754
123 0.322253 0.890511 0.793187
124 0.324942 0.898081 0.788321
125 0.358475 0.891052 0.773723
126 0.346017 0.899973 0.788321
127 0.328722 0.892133 0.795620
128 0.311648 0.905921 0.800487
129 0.306817 0.892403 0.768856
130 0.332415 0.901865 0.795620
131 0.333645 0.900784 0.783455
132 0.335092 0.882401 0.768856
133 0.303810 0.894296 0.788321
134 0.324213 0.910246 0.788321
135 0.327684 0.873209 0.776156
136 0.319328 0.888619 0.776156
137 0.304191 0.906732 0.802920
138 0.314266 0.907813 0.778589
139 0.310199 0.906461 0.798054
140 0.310559 0.903487 0.800487
141 0.312080 0.898892 0.795620
142 0.305474 0.898351 0.795620
143 0.315726 0.905380 0.795620
144 0.301140 0.920249 0.776156
145 0.298989 0.904028 0.793187
146 0.327004 0.912409 0.783455
147 0.292872 0.863477 0.771290
148 0.300312 0.884563 0.773723
149 0.313779 0.906461 0.793187
150 0.284130 0.924034 0.810219
151 0.256766 0.925115 0.785888
152 0.263800 0.919978 0.800487
153 0.262583 0.932414 0.793187
154 0.250247 0.929711 0.805353
155 0.249670 0.931873 0.788321
156 0.263367 0.930792 0.815085
157 0.251456 0.925115 0.805353
158 0.263754 0.938091 0.800487
159 0.245982 0.926196 0.798054
160 0.245424 0.924304 0.793187
161 0.243491 0.931873 0.805353
162 0.242344 0.933496 0.798054
163 0.240040 0.941065 0.819951
164 0.248284 0.939173 0.807786
165 0.244439 0.934847 0.793187
166 0.240938 0.938632 0.810219
167 0.240656 0.931873 0.785888
168 0.238739 0.939173 0.783455
169 0.261423 0.928089 0.795620
170 0.229267 0.944850 0.788321
171 0.237796 0.940524 0.761557
172 0.258136 0.929711 0.785888
173 0.239113 0.942147 0.798054
174 0.258727 0.939173 0.807786
175 0.233407 0.937551 0.793187
176 0.247113 0.945931 0.812652
177 0.230480 0.937010 0.798054
178 0.226986 0.938632 0.788321
179 0.235220 0.942147 0.788321
180 0.223044 0.940795 0.790754
181 0.232975 0.944580 0.810219
182 0.254233 0.927278 0.795620
183 0.225219 0.942958 0.798054
184 0.218645 0.951338 0.800487
185 0.226944 0.954312 0.793187
186 0.226235 0.949986 0.802920
187 0.208477 0.945931 0.795620
188 0.224806 0.949986 0.798054
189 0.231697 0.941606 0.793187
190 0.224558 0.948094 0.812652
191 0.216839 0.951338 0.783455
192 0.208097 0.952960 0.802920
193 0.216733 0.950527 0.815085
194 0.223256 0.950527 0.807786
195 0.223864 0.946742 0.790754
196 0.224191 0.935118 0.781022
197 0.238669 0.945120 0.817518
198 0.221753 0.952149 0.807786
199 0.221259 0.951609 0.785888
200 0.209068 0.962422 0.802920
201 0.192169 0.961611 0.807786
202 0.203601 0.961882 0.790754
203 0.197663 0.965937 0.802920
204 0.198253 0.964855 0.795620
205 0.189115 0.964855 0.785888
206 0.189764 0.966477 0.827251
207 0.179619 0.963504 0.805353
208 0.196557 0.964315 0.810219
209 0.194798 0.967559 0.815085
210 0.200467 0.966207 0.793187
211 0.191720 0.969722 0.815085
212 0.186649 0.965126 0.805353
213 0.190515 0.966207 0.793187
214 0.183185 0.966477 0.805353
215 0.180509 0.970533 0.793187
216 0.186533 0.964044 0.802920
217 0.185588 0.963504 0.802920
218 0.186386 0.964315 0.793187
219 0.202810 0.965126 0.793187
220 0.180881 0.961341 0.785888
221 0.181130 0.970803 0.793187
222 0.189197 0.969181 0.790754
223 0.179748 0.968640 0.795620
224 0.179600 0.962963 0.800487
225 0.193124 0.962963 0.805353
226 0.193468 0.966207 0.795620
227 0.176364 0.965666 0.788321
228 0.181613 0.966477 0.798054
229 0.190702 0.969722 0.807786
230 0.181291 0.966748 0.788321
231 0.186676 0.967559 0.807786
232 0.172423 0.969992 0.798054
233 0.183299 0.969451 0.802920
234 0.164356 0.968099 0.807786
235 0.169436 0.968370 0.793187
236 0.187540 0.967018 0.790754
237 0.185119 0.972155 0.800487
238 0.171727 0.967018 0.812652
239 0.180285 0.968370 0.798054
240 0.198512 0.964855 0.800487
241 0.169458 0.972695 0.802920
242 0.179237 0.967829 0.802920
243 0.170129 0.970803 0.807786
244 0.172489 0.972425 0.800487
245 0.175592 0.971614 0.800487
246 0.172345 0.969722 0.805353
247 0.174087 0.971073 0.807786
248 0.174960 0.970262 0.802920
249 0.175345 0.973506 0.812652
250 0.166501 0.974588 0.805353
251 0.168092 0.973777 0.802920
252 0.151074 0.974858 0.805353
253 0.162082 0.975128 0.805353
254 0.163672 0.975939 0.805353
255 0.161397 0.975939 0.810219
256 0.159963 0.974858 0.800487
257 0.164364 0.973777 0.805353
258 0.165378 0.974588 0.810219
259 0.154995 0.976480 0.812652
260 0.156511 0.977021 0.800487
261 0.164453 0.977021 0.812652
262 0.162434 0.978102 0.800487
263 0.156213 0.976750 0.810219
264 0.155727 0.978102 0.795620
265 0.155593 0.976750 0.807786
266 0.154296 0.978643 0.800487
267 0.166225 0.977021 0.798054
268 0.155323 0.979454 0.798054
269 0.172278 0.977562 0.812652
270 0.158490 0.978643 0.802920
271 0.154574 0.977562 0.795620
272 0.155092 0.979454 0.805353
273 0.160594 0.977562 0.795620
274 0.163960 0.977832 0.810219
275 0.143476 0.977021 0.805353
276 0.157557 0.979724 0.802920
277 0.144725 0.976750 0.810219
278 0.152420 0.982157 0.802920
279 0.146678 0.978913 0.802920
280 0.158164 0.977562 0.805353
281 0.152072 0.976210 0.800487
282 0.152103 0.978373 0.800487
283 0.151230 0.980806 0.798054
284 0.154484 0.980265 0.810219
285 0.162800 0.981617 0.802920
286 0.146369 0.979184 0.810219
287 0.147385 0.979184 0.798054
288 0.153352 0.981346 0.798054
289 0.152019 0.979184 0.805353
290 0.143306 0.981076 0.798054
291 0.163691 0.978913 0.802920
292 0.143286 0.979184 0.798054
293 0.147079 0.977021 0.795620
294 0.148048 0.979454 0.810219
295 0.143241 0.980535 0.798054
296 0.150772 0.978373 0.805353
297 0.161720 0.978102 0.802920
298 0.143997 0.976480 0.798054
299 0.153185 0.977021 0.798054
300 0.162831 0.979454 0.802920
301 0.147023 0.980535 0.807786
302 0.152240 0.981617 0.810219
303 0.141458 0.983779 0.798054
304 0.147920 0.982428 0.805353
305 0.140067 0.983509 0.805353
306 0.145594 0.981346 0.805353
307 0.149281 0.982968 0.798054
308 0.151308 0.982428 0.798054
309 0.149349 0.982157 0.798054
310 0.142561 0.982698 0.800487
311 0.147416 0.983779 0.800487
312 0.142413 0.981887 0.805353
313 0.153737 0.983239 0.795620
314 0.141944 0.981617 0.805353
315 0.143613 0.982968 0.802920
316 0.143947 0.981076 0.802920
317 0.150448 0.980535 0.805353
318 0.145943 0.983239 0.807786
319 0.140298 0.981346 0.817518
320 0.142668 0.981617 0.807786
321 0.137737 0.982428 0.800487
322 0.152375 0.983779 0.793187
323 0.144628 0.983779 0.793187
324 0.142793 0.981076 0.790754
325 0.142140 0.983239 0.802920
326 0.142059 0.984590 0.802920
327 0.140292 0.983239 0.802920
328 0.138974 0.984320 0.800487
329 0.141722 0.984320 0.800487
330 0.141865 0.982428 0.795620
331 0.138629 0.983779 0.802920
332 0.139500 0.984050 0.807786
333 0.133440 0.982428 0.805353
334 0.140394 0.982968 0.807786
335 0.138645 0.982698 0.815085
336 0.137333 0.981346 0.810219
337 0.140204 0.984050 0.802920
338 0.137832 0.983509 0.815085
339 0.145148 0.982968 0.802920
340 0.138973 0.984320 0.805353
341 0.142086 0.983509 0.805353
342 0.139413 0.984050 0.800487
343 0.141712 0.984320 0.807786
344 0.140162 0.984050 0.810219
345 0.138958 0.983239 0.810219
346 0.140640 0.983509 0.802920
347 0.138558 0.982157 0.819951
348 0.142810 0.981076 0.802920
349 0.137957 0.982698 0.810219
350 0.145229 0.982157 0.807786
