1 3.505159 0.648911 0.598656
2 1.507523 0.627331 0.572269
3 1.471191 0.678963 0.563613
4 1.090477 0.672809 0.552437
5 0.979137 0.747404 0.590504
6 0.817287 0.734109 0.570252
7 0.685966 0.768707 0.578487
8 0.582387 0.788439 0.570000
9 0.501951 0.825230 0.595630
10 0.447687 0.787836 0.578235
11 0.450030 0.865313 0.598992
12 0.390235 0.853059 0.592857
13 0.353299 0.874011 0.587143
14 0.308416 0.885990 0.595966
15 0.301647 0.884668 0.596387
16 0.291873 0.895373 0.601681
17 0.242311 0.917618 0.598487
18 0.229225 0.918302 0.607479
19 0.211603 0.947027 0.610252
20 0.188835 0.940575 0.606975
21 0.200242 0.924723 0.586975
22 0.200470 0.934773 0.598655
23 0.151233 0.966083 0.607815
24 0.156191 0.941852 0.622185
25 0.201409 0.943753 0.584370
26 0.169195 0.956405 0.619496
27 0.152104 0.957071 0.598739
28 0.114869 0.950213 0.584706
29 0.121595 0.970616 0.607395
30 0.121674 0.951894 0.610168
31 0.191778 0.939618 0.616387
32 0.188179 0.954444 0.613361
33 0.110743 0.978039 0.622101
34 0.105016 0.984820 0.601681
35 0.099020 0.974496 0.627899
36 0.095062 0.983199 0.624706
37 0.110308 0.945121 0.604538
38 0.145343 0.960576 0.642437
39 0.144382 0.959630 0.612857
40 0.106731 0.972240 0.607479
41 0.104015 0.973839 0.624958
42 0.099571 0.977076 0.593109
43 0.113901 0.953795 0.610252
44 0.109772 0.977386 0.593025
45 0.101256 0.979956 0.616135
46 0.082701 0.977056 0.607731
47 0.092338 0.981250 0.622185
48 0.111014 0.959660 0.581597
49 0.099531 0.980943 0.584370
50 0.066700 0.993862 0.601681
51 0.044783 0.994509 0.598824
52 0.041522 0.994186 0.616219
53 0.046524 0.993864 0.610420
54 0.043461 0.994509 0.610420
55 0.042233 0.994509 0.610420
56 0.039572 0.994509 0.604370
57 0.036204 0.994509 0.592689
58 0.038342 0.994509 0.592689
59 0.038737 0.994185 0.598572
60 0.037812 0.994509 0.589916
61 0.037463 0.994509 0.595630
62 0.039713 0.994509 0.592941
63 0.042953 0.994509 0.601429
64 0.040528 0.994186 0.601429
65 0.041483 0.994186 0.610336
66 0.049123 0.989337 0.610336
67 0.050334 0.989021 0.613446
68 0.059402 0.990632 0.607563
69 0.055074 0.989332 0.630672
70 0.064894 0.986418 0.610420
71 0.042268 0.990313 0.624958
72 0.059541 0.993219 0.613445
73 0.043354 0.994186 0.601681
74 0.041702 0.989978 0.598908
75 0.049713 0.993214 0.604622
76 0.049494 0.991920 0.610336
77 0.038952 0.994185 0.598908
78 0.055205 0.985154 0.627731
79 0.074939 0.981928 0.581092
80 0.082462 0.983215 0.593025
81 0.069296 0.986749 0.595798
82 0.079232 0.989010 0.584370
83 0.086936 0.978353 0.581345
84 0.062380 0.987721 0.604622
85 0.079380 0.968694 0.589916
86 0.066042 0.987088 0.595714
87 0.049608 0.992893 0.595798
88 0.048325 0.990305 0.590000
89 0.052488 0.986747 0.601765
90 0.046691 0.994185 0.590084
91 0.040589 0.994509 0.581429
92 0.040855 0.994186 0.622353
93 0.045789 0.988377 0.625210
94 0.051193 0.990959 0.607563
95 0.051265 0.990307 0.610588
96 0.041813 0.994509 0.587311
97 0.044512 0.992243 0.619160
98 0.075710 0.985126 0.604454
99 0.058929 0.961539 0.604622
100 0.049495 0.994509 0.613277
101 0.033103 0.994509 0.613445
102 0.032942 0.994509 0.604538
103 0.033690 0.994509 0.598908
104 0.031241 0.994509 0.610420
105 0.031044 0.994509 0.604706
106 0.035616 0.994509 0.598992
107 0.033907 0.994509 0.601681
108 0.031088 0.994509 0.598992
109 0.033748 0.994509 0.604370
110 0.030170 0.994509 0.616471
111 0.032620 0.994509 0.616387
112 0.032812 0.994509 0.592773
113 0.031458 0.994509 0.610336
114 0.033503 0.994509 0.601765
115 0.031350 0.994509 0.619076
116 0.029926 0.994509 0.619076
117 0.029389 0.993219 0.622101
118 0.034518 0.994186 0.616050
119 0.034672 0.993219 0.610252
120 0.049414 0.990315 0.613361
121 0.037980 0.993538 0.607395
122 0.037779 0.989979 0.621849
123 0.040501 0.993214 0.630756
124 0.037897 0.994186 0.616134
125 0.033715 0.994509 0.619076
126 0.035785 0.993864 0.627899
127 0.054127 0.988045 0.607479
128 0.043143 0.988683 0.584202
129 0.037036 0.994509 0.604622
130 0.035732 0.993864 0.592857
131 0.052727 0.989022 0.601597
132 0.041973 0.993541 0.604454
133 0.041800 0.989336 0.613361
134 0.042126 0.994185 0.613277
135 0.036492 0.994509 0.604706
136 0.033554 0.994509 0.604706
137 0.035289 0.994509 0.593109
138 0.040994 0.991283 0.587479
139 0.041380 0.993541 0.599076
140 0.037415 0.993219 0.607479
141 0.041034 0.983182 0.601681
142 0.047706 0.990949 0.598908
143 0.051125 0.992573 0.619412
144 0.053794 0.992568 0.604622
145 0.041158 0.994185 0.613109
146 0.032271 0.994509 0.613361
147 0.034518 0.994509 0.613361
148 0.037203 0.992567 0.592689
149 0.043729 0.993538 0.595882
150 0.034107 0.994509 0.593025
151 0.028383 0.994509 0.595882
152 0.028025 0.994509 0.610504
153 0.027297 0.994509 0.604538
154 0.027619 0.994509 0.607563
155 0.027431 0.994509 0.607479
156 0.028641 0.994509 0.598656
157 0.026797 0.994509 0.604538
158 0.026802 0.994509 0.592857
159 0.027043 0.994509 0.607395
160 0.029220 0.994509 0.601513
161 0.029535 0.994509 0.604538
162 0.028183 0.994509 0.593025
163 0.026688 0.994509 0.598656
164 0.025422 0.994509 0.598740
165 0.025905 0.994509 0.610504
166 0.027529 0.994509 0.590084
167 0.027019 0.994509 0.590084
168 0.025079 0.994509 0.595798
169 0.026206 0.994509 0.598739
170 0.026638 0.994509 0.598740
171 0.027122 0.994509 0.613361
172 0.026647 0.994509 0.616134
173 0.028685 0.994509 0.610252
174 0.029604 0.994509 0.607479
175 0.028420 0.994509 0.598908
176 0.026452 0.994509 0.604538
177 0.024596 0.994509 0.610252
178 0.027011 0.994509 0.610420
179 0.027531 0.994509 0.613445
180 0.029036 0.994509 0.613445
181 0.027252 0.994509 0.595966
182 0.027277 0.994509 0.598656
183 0.024340 0.994509 0.604538
184 0.028723 0.994509 0.613361
185 0.027527 0.994509 0.601681
186 0.026044 0.994509 0.607563
187 0.027547 0.994509 0.613361
188 0.026664 0.994509 0.624790
189 0.026221 0.993538 0.619160
190 0.031586 0.992571 0.607479
191 0.032954 0.994509 0.607311
192 0.030665 0.994185 0.616050
193 0.027901 0.994509 0.595883
194 0.029944 0.994186 0.601849
195 0.031427 0.994509 0.610336
196 0.026732 0.994509 0.601429
197 0.027919 0.994509 0.610336
198 0.026468 0.994509 0.613109
199 0.029402 0.994509 0.613278
200 0.024289 0.994509 0.619076
201 0.024117 0.994509 0.604370
202 0.025735 0.994509 0.610168
203 0.024320 0.994509 0.610168
204 0.024344 0.994509 0.607311
205 0.022352 0.994509 0.607311
206 0.024196 0.994509 0.616050
207 0.023941 0.994509 0.610336
208 0.023095 0.994509 0.616135
209 0.025573 0.994509 0.610252
210 0.023451 0.994509 0.613109
211 0.023901 0.994509 0.607395
212 0.025959 0.994509 0.604538
213 0.024232 0.994509 0.613109
214 0.025526 0.994509 0.613193
215 0.025482 0.994509 0.607395
216 0.023255 0.994509 0.610252
217 0.023771 0.994509 0.610252
218 0.024877 0.994509 0.607311
219 0.024587 0.994509 0.613109
220 0.024526 0.994509 0.618991
221 0.022795 0.994509 0.619075
222 0.025880 0.994509 0.627815
223 0.025139 0.994509 0.621933
224 0.023636 0.994509 0.618991
225 0.022995 0.994509 0.616050
226 0.023965 0.994509 0.618991
227 0.023394 0.994509 0.621933
228 0.024975 0.994509 0.624874
229 0.024700 0.994509 0.621933
230 0.023457 0.994509 0.627815
231 0.025722 0.994509 0.622101
232 0.024253 0.994509 0.619076
233 0.023079 0.994509 0.619075
234 0.021890 0.994509 0.622017
235 0.022198 0.994509 0.610336
236 0.023041 0.994509 0.622017
237 0.024975 0.994509 0.619076
238 0.022080 0.994509 0.618992
239 0.021666 0.994509 0.627731
240 0.024192 0.994509 0.621933
241 0.023566 0.994509 0.621933
242 0.022974 0.994509 0.630756
243 0.020505 0.994509 0.616134
244 0.025378 0.994509 0.630672
245 0.022005 0.994509 0.624958
246 0.024831 0.994509 0.624874
247 0.021795 0.994509 0.624874
248 0.025040 0.994509 0.618992
249 0.022396 0.994509 0.621933
250 0.023378 0.994509 0.618992
251 0.022802 0.994509 0.613277
252 0.019885 0.994509 0.624874
253 0.020743 0.994509 0.627899
254 0.023235 0.994509 0.624874
255 0.020596 0.994509 0.621933
256 0.021952 0.994509 0.622101
257 0.020284 0.994509 0.622017
258 0.020724 0.994509 0.627731
259 0.022336 0.994509 0.624874
260 0.021735 0.994509 0.618992
261 0.024074 0.994509 0.622017
262 0.022023 0.994509 0.613277
263 0.021067 0.994509 0.613277
264 0.021581 0.994509 0.627899
265 0.023993 0.994509 0.621933
266 0.022686 0.994509 0.624874
267 0.023562 0.994509 0.627815
268 0.022717 0.994509 0.627815
269 0.022271 0.994509 0.621933
270 0.020303 0.994509 0.624874
271 0.021325 0.994509 0.624790
272 0.022486 0.994509 0.624790
273 0.023335 0.994509 0.622017
274 0.023431 0.994509 0.619075
275 0.020863 0.994509 0.621933
276 0.021859 0.994509 0.624874
277 0.021294 0.994509 0.624874
278 0.021359 0.994509 0.621933
279 0.023270 0.994509 0.622017
280 0.021101 0.994509 0.616050
281 0.024663 0.994509 0.616134
282 0.023712 0.994509 0.622017
283 0.021394 0.994509 0.619076
284 0.022082 0.994509 0.616050
285 0.021577 0.994509 0.619076
286 0.020790 0.994509 0.624874
287 0.023687 0.994509 0.627731
288 0.021439 0.994509 0.624874
289 0.022617 0.994509 0.627731
290 0.021418 0.994509 0.616050
291 0.021542 0.994509 0.624790
292 0.022081 0.994509 0.618992
293 0.021221 0.994509 0.621849
294 0.021853 0.994509 0.616050
295 0.022383 0.994509 0.618992
296 0.021303 0.994509 0.619076
297 0.023250 0.994509 0.616219
298 0.023055 0.994509 0.622017
299 0.020473 0.994509 0.618992
300 0.021248 0.994509 0.616050
301 0.021127 0.994509 0.621933
302 0.021115 0.994509 0.613277
303 0.022940 0.994509 0.616050
304 0.018743 0.994509 0.616218
305 0.020015 0.994509 0.624874
306 0.020236 0.994509 0.618991
307 0.021181 0.994509 0.622017
308 0.020418 0.994509 0.624958
309 0.021964 0.994509 0.624958
310 0.023091 0.994509 0.630672
311 0.021154 0.994509 0.622017
312 0.020807 0.994509 0.619076
313 0.020502 0.994509 0.619076
314 0.019231 0.994509 0.630756
315 0.020765 0.994509 0.616050
316 0.020820 0.994509 0.619160
317 0.022316 0.994509 0.630756
318 0.020511 0.994509 0.613277
319 0.022199 0.994509 0.627815
320 0.019492 0.994509 0.630756
321 0.020648 0.994509 0.627815
322 0.020099 0.994509 0.622017
323 0.020628 0.994509 0.627815
324 0.021858 0.994509 0.627815
325 0.021911 0.994509 0.621933
326 0.022324 0.994509 0.621933
327 0.019759 0.994509 0.621933
328 0.020923 0.994509 0.627731
329 0.021412 0.994509 0.619076
330 0.020783 0.994509 0.621933
331 0.020243 0.994509 0.627815
332 0.019846 0.994509 0.630756
333 0.019934 0.994509 0.627815
334 0.020477 0.994509 0.627815
335 0.020615 0.994509 0.627815
336 0.021137 0.994509 0.627815
337 0.020130 0.994509 0.621933
338 0.020394 0.994509 0.624874
339 0.021234 0.994509 0.618992
340 0.021971 0.994509 0.622017
341 0.019215 0.994509 0.630756
342 0.021812 0.994509 0.630672
343 0.021103 0.994509 0.627815
344 0.019605 0.994509 0.616218
345 0.021356 0.994509 0.619076
346 0.020414 0.994509 0.627815
347 0.021815 0.994509 0.630756
348 0.021418 0.994509 0.633613
349 0.019965 0.994509 0.624874
350 0.022942 0.994509 0.624874
