1 243.181630 0.260280 0.242000
2 74.784204 0.407202 0.402000
3 59.251573 0.306957 0.326000
4 41.286000 0.441431 0.440000
5 49.438982 0.381418 0.366000
6 51.731793 0.425872 0.420000
7 25.453715 0.440765 0.462000
8 39.778139 0.394754 0.380000
9 36.398606 0.362970 0.372000
10 15.874809 0.394977 0.394000
11 13.457702 0.406090 0.392000
12 15.942654 0.437653 0.432000
13 13.949776 0.419427 0.424000
14 13.979332 0.440987 0.420000
15 13.546279 0.479662 0.456000
16 10.049126 0.440320 0.400000
17 6.993736 0.482996 0.488000
18 8.935747 0.431874 0.436000
19 11.458454 0.444321 0.446000
20 6.979959 0.459213 0.456000
21 5.979398 0.415426 0.398000
22 5.675827 0.494332 0.466000
23 5.166449 0.502778 0.474000
24 4.162063 0.473439 0.464000
25 5.355542 0.440987 0.454000
26 3.502119 0.487664 0.466000
27 3.500585 0.429873 0.406000
28 4.329590 0.343632 0.352000
29 3.919472 0.414314 0.396000
30 3.396600 0.457657 0.476000
31 2.943691 0.400756 0.384000
32 3.232750 0.421649 0.426000
33 2.587224 0.388309 0.404000
34 2.828162 0.478995 0.480000
35 3.064777 0.422094 0.410000
36 2.606860 0.412536 0.410000
37 2.617481 0.488108 0.470000
38 2.388369 0.392309 0.394000
39 2.413518 0.403645 0.414000
40 2.208918 0.495443 0.486000
41 2.384735 0.482107 0.474000
42 3.106845 0.458324 0.454000
43 3.470461 0.481885 0.478000
44 2.462161 0.438097 0.438000
45 2.075816 0.455212 0.482000
46 2.151887 0.494999 0.450000
47 1.909375 0.430985 0.406000
48 2.070830 0.474328 0.494000
49 1.918433 0.404534 0.380000
50 1.717847 0.393865 0.366000
51 1.899789 0.511669 0.498000
52 1.606828 0.508557 0.482000
53 1.591666 0.448989 0.416000
54 1.610085 0.470994 0.436000
55 1.791766 0.384308 0.344000
56 1.784451 0.483441 0.468000
57 1.511007 0.497888 0.464000
58 1.552662 0.505001 0.474000
59 1.605191 0.496777 0.494000
60 1.675666 0.499444 0.498000
61 1.551434 0.408535 0.424000
62 1.640050 0.404534 0.390000
63 1.733546 0.484774 0.472000
64 1.573149 0.481885 0.454000
65 1.575689 0.454323 0.436000
66 1.568618 0.466993 0.448000
67 1.523112 0.496333 0.486000
68 1.596402 0.368749 0.380000
69 1.802253 0.423205 0.454000
70 1.770011 0.424317 0.438000
