1 6.240628 0.745111 0.748000
2 1.341728 0.758222 0.756000
3 1.037323 0.714889 0.718000
4 1.029368 0.734000 0.748000
5 1.207375 0.686222 0.676000
6 1.263849 0.747111 0.744000
7 0.819253 0.699778 0.682000
8 0.752587 0.768667 0.768000
9 0.712205 0.706444 0.710000
10 1.380474 0.747778 0.750000
11 0.766992 0.762000 0.750000
12 0.676057 0.776667 0.760000
13 0.660445 0.740222 0.728000
14 0.686937 0.771333 0.762000
15 0.590113 0.779111 0.770000
16 0.587360 0.754222 0.762000
17 0.556678 0.773111 0.782000
18 0.575448 0.787333 0.770000
19 0.560944 0.761778 0.740000
20 0.599379 0.791111 0.780000
21 0.568493 0.788222 0.792000
22 0.564958 0.748889 0.732000
23 0.568476 0.790889 0.796000
24 0.549692 0.798000 0.776000
25 0.529537 0.795778 0.786000
26 0.532586 0.800889 0.784000
27 0.532241 0.791778 0.762000
28 0.566887 0.796000 0.804000
29 0.521540 0.792667 0.764000
30 0.524651 0.779556 0.774000
