1 354.157320 0.371638 0.376000
2 173.768219 0.402534 0.372000
3 60.455620 0.427873 0.426000
4 39.629088 0.412314 0.388000
5 41.359266 0.454990 0.458000
6 30.504989 0.444321 0.466000
7 29.279363 0.421872 0.416000
8 22.205480 0.461214 0.454000
9 22.435130 0.436541 0.460000
10 16.282298 0.407646 0.408000
11 13.575459 0.512114 0.486000
12 11.450948 0.450545 0.430000
13 12.305234 0.397422 0.368000
14 9.817642 0.357190 0.342000
15 10.211445 0.400089 0.398000
16 8.809193 0.373861 0.388000
17 5.100563 0.426095 0.434000
18 6.091277 0.462547 0.446000
19 5.331196 0.362970 0.342000
20 5.215891 0.440987 0.420000
21 5.362038 0.371416 0.366000
22 4.324690 0.432096 0.428000
23 3.102606 0.285619 0.280000
24 2.807161 0.498555 0.466000
25 3.359352 0.466548 0.472000
26 2.323154 0.364081 0.342000
27 2.998980 0.494332 0.490000
28 3.015137 0.421205 0.388000
29 2.406243 0.498778 0.502000
30 1.995027 0.502778 0.488000
31 2.171507 0.513003 0.508000
32 2.550178 0.467215 0.466000
33 2.344594 0.390976 0.390000
34 2.484960 0.444766 0.444000
35 2.166781 0.480107 0.486000
36 1.990490 0.431874 0.454000
37 1.885473 0.399422 0.400000
38 2.319987 0.483885 0.478000
39 1.826168 0.340965 0.336000
40 1.941819 0.499667 0.508000
41 2.184870 0.423650 0.424000
42 1.884562 0.469660 0.460000
43 2.219032 0.441209 0.428000
44 1.771801 0.493888 0.492000
45 1.931196 0.423650 0.436000
46 1.855047 0.417648 0.442000
47 1.748771 0.425650 0.448000
48 2.220601 0.326072 0.326000
49 2.143235 0.517893 0.498000
50 1.551177 0.478551 0.494000
51 1.574537 0.498333 0.472000
52 1.614940 0.476550 0.498000
53 1.497466 0.482996 0.480000
54 1.469071 0.507002 0.504000
55 1.639311 0.420316 0.404000
56 1.546099 0.502556 0.502000
57 1.478279 0.511669 0.510000
58 1.552889 0.402312 0.396000
59 1.678292 0.416759 0.396000
60 1.564810 0.487664 0.486000
61 1.604581 0.510336 0.518000
62 1.643137 0.416759 0.434000
63 1.629338 0.468993 0.464000
64 1.592471 0.387197 0.404000
65 1.487650 0.429873 0.416000
66 1.496511 0.453656 0.438000
67 1.450546 0.488553 0.458000
68 1.554774 0.461436 0.452000
69 1.549915 0.456990 0.454000
70 1.587407 0.394532 0.396000
