1 3.759076 0.477037 0.526667
2 1.695332 0.503704 0.466667
3 2.338355 0.457037 0.433333
4 1.784327 0.454815 0.413333
5 1.638044 0.528889 0.466667
6 1.191105 0.452593 0.466667
7 1.247679 0.535556 0.540000
8 1.125154 0.527407 0.493333
9 1.225090 0.511852 0.486667
10 1.088960 0.479259 0.466667
11 1.048694 0.516296 0.526667
12 1.097874 0.539259 0.526667
13 1.066745 0.540000 0.533333
14 0.988005 0.537778 0.513333
15 1.092078 0.525185 0.500000
16 1.178978 0.548148 0.506667
17 1.069455 0.514074 0.473333
18 0.975254 0.558519 0.533333
19 0.958297 0.550370 0.533333
20 1.035635 0.548148 0.493333
21 0.946161 0.541481 0.520000
22 0.944520 0.552593 0.513333
23 1.073324 0.548889 0.540000
24 0.968575 0.562222 0.513333
25 0.997634 0.531852 0.460000
26 0.955790 0.552593 0.493333
27 0.950202 0.559259 0.520000
28 0.984893 0.560000 0.506667
29 0.975456 0.566667 0.553333
30 1.005048 0.554815 0.506667
31 0.984413 0.551852 0.500000
32 0.951840 0.571852 0.520000
33 0.925927 0.565926 0.486667
34 1.027344 0.565926 0.520000
35 1.080741 0.567407 0.506667
36 0.965798 0.536296 0.420000
37 0.922452 0.562222 0.493333
38 0.901132 0.571111 0.493333
39 0.910564 0.583704 0.460000
40 0.923417 0.582222 0.480000
41 0.907363 0.572593 0.500000
42 0.932594 0.585185 0.466667
43 0.903318 0.593333 0.473333
44 0.918324 0.564444 0.460000
45 0.922454 0.577778 0.486667
46 0.912321 0.576296 0.480000
47 0.896311 0.574815 0.486667
48 0.915357 0.588889 0.500000
49 0.959266 0.571852 0.446667
50 0.945952 0.580000 0.433333
51 0.894452 0.580741 0.493333
52 0.896375 0.578519 0.473333
53 0.889097 0.582222 0.500000
54 0.880465 0.585926 0.513333
55 0.874146 0.594815 0.493333
56 0.865705 0.592593 0.480000
57 0.858662 0.580000 0.493333
58 0.874020 0.594074 0.480000
59 0.854291 0.611111 0.486667
60 0.851201 0.604444 0.520000
61 0.856432 0.606667 0.506667
62 0.858173 0.599259 0.493333
63 0.887441 0.592593 0.493333
64 0.850566 0.607407 0.466667
65 0.840852 0.605185 0.520000
66 0.884278 0.598519 0.446667
67 0.857220 0.604444 0.493333
68 0.855487 0.607407 0.486667
69 0.855015 0.608889 0.453333
70 0.834687 0.620000 0.493333
