1 147.908149 0.711111 0.705000
2 62.342628 0.641667 0.645000
3 20.307979 0.716667 0.695000
4 13.180341 0.639444 0.625000
5 14.400964 0.588333 0.620000
6 14.606356 0.690556 0.680000
7 6.305485 0.625556 0.630000
8 5.869680 0.582778 0.605000
9 5.425398 0.655556 0.660000
10 3.349669 0.600556 0.625000
11 9.721926 0.687778 0.655000
12 3.548255 0.772222 0.780000
13 5.239447 0.595000 0.630000
14 2.889081 0.691111 0.665000
15 1.622760 0.696667 0.655000
16 3.675006 0.577778 0.605000
17 6.423486 0.767222 0.775000
18 2.162240 0.710556 0.690000
19 3.057687 0.709444 0.700000
20 3.015401 0.742222 0.740000
21 1.643055 0.693333 0.685000
22 1.127105 0.613889 0.635000
23 1.453262 0.769444 0.795000
24 1.212922 0.761667 0.780000
25 0.927667 0.536111 0.550000
26 1.813873 0.756667 0.750000
27 1.291583 0.637222 0.640000
28 0.937018 0.610000 0.625000
29 1.043924 0.726111 0.740000
30 1.294411 0.755556 0.765000
31 0.904267 0.763889 0.790000
32 0.832148 0.751667 0.770000
33 0.959649 0.723889 0.720000
34 0.735951 0.767778 0.800000
35 0.698962 0.747778 0.755000
36 0.902126 0.771111 0.795000
37 0.918658 0.776111 0.790000
38 2.891254 0.756111 0.770000
39 1.242558 0.772222 0.785000
40 1.179262 0.765000 0.785000
41 0.716051 0.740556 0.745000
42 0.790576 0.723889 0.720000
43 0.826666 0.765556 0.770000
44 0.932520 0.768333 0.775000
45 0.674076 0.771111 0.790000
46 0.715511 0.750556 0.760000
47 0.919052 0.747778 0.745000
48 0.743246 0.637778 0.675000
49 0.719306 0.770556 0.785000
50 0.613808 0.756667 0.775000
51 0.682813 0.750000 0.780000
52 0.672647 0.769444 0.800000
53 0.636509 0.732222 0.725000
54 0.706135 0.767222 0.800000
55 0.626041 0.754444 0.755000
56 0.707524 0.769444 0.795000
57 0.685425 0.732222 0.715000
58 0.603913 0.773333 0.790000
59 0.590337 0.768889 0.795000
60 0.711710 0.716667 0.710000
61 0.670400 0.738889 0.745000
62 0.636247 0.767222 0.780000
63 0.607551 0.771111 0.785000
64 0.653183 0.752778 0.770000
65 0.587579 0.763333 0.770000
66 0.611017 0.772222 0.795000
67 0.590336 0.783889 0.775000
68 0.672328 0.770556 0.785000
69 0.595184 0.652778 0.670000
70 0.716026 0.757778 0.775000
71 0.626755 0.768333 0.780000
72 0.638249 0.757222 0.745000
73 0.651239 0.754444 0.755000
74 0.649847 0.775000 0.785000
75 0.677642 0.761667 0.775000
76 0.628497 0.763333 0.785000
77 0.601112 0.756111 0.775000
78 0.589757 0.738333 0.740000
79 0.650023 0.755556 0.755000
80 0.702196 0.676111 0.685000
81 0.641567 0.751111 0.755000
82 0.597280 0.740000 0.740000
83 0.616806 0.785000 0.800000
84 0.600816 0.738333 0.735000
85 0.738585 0.770556 0.780000
86 0.577490 0.738889 0.740000
87 0.575285 0.789444 0.780000
88 0.678656 0.737778 0.735000
89 0.569576 0.778333 0.805000
90 0.700226 0.782778 0.785000
91 0.626174 0.785000 0.815000
92 0.610902 0.756111 0.775000
93 0.578842 0.786667 0.770000
94 0.579686 0.766667 0.785000
95 0.646553 0.792222 0.810000
96 0.694938 0.763889 0.795000
97 0.778421 0.764444 0.795000
98 0.663388 0.730000 0.715000
99 0.654500 0.776111 0.800000
100 0.555389 0.792222 0.805000
101 0.522700 0.776667 0.795000
102 0.570682 0.791667 0.785000
103 0.543763 0.793333 0.810000
104 0.552636 0.789444 0.805000
105 0.569819 0.796667 0.795000
106 0.582526 0.782778 0.780000
107 0.606191 0.795000 0.770000
108 0.583988 0.799444 0.780000
109 0.555698 0.797222 0.810000
110 0.522434 0.792222 0.805000
111 0.554652 0.748889 0.755000
112 0.614789 0.758333 0.780000
113 0.546517 0.795000 0.805000
114 0.544641 0.762222 0.790000
115 0.639205 0.762222 0.795000
116 0.545113 0.760000 0.790000
117 0.565470 0.787778 0.815000
118 0.548417 0.784444 0.795000
119 0.533329 0.788333 0.810000
120 0.525056 0.767222 0.785000
121 0.553608 0.792222 0.815000
122 0.532528 0.782222 0.800000
123 0.597016 0.792222 0.800000
124 0.569924 0.755556 0.785000
125 0.571448 0.783333 0.795000
126 0.533319 0.761667 0.785000
127 0.556910 0.747778 0.745000
128 0.531465 0.750000 0.760000
129 0.533992 0.791111 0.800000
130 0.558489 0.796111 0.815000
131 0.546518 0.800000 0.795000
132 0.586770 0.782222 0.740000
133 0.552341 0.775000 0.800000
134 0.537801 0.788333 0.805000
135 0.532188 0.798333 0.800000
136 0.545129 0.790000 0.805000
137 0.555002 0.756667 0.755000
138 0.625168 0.787222 0.805000
139 0.586397 0.764444 0.795000
140 0.566635 0.755556 0.775000
141 0.545982 0.807222 0.780000
142 0.562319 0.797778 0.820000
143 0.563996 0.806111 0.805000
144 0.571613 0.741111 0.740000
145 0.533228 0.740000 0.735000
146 0.560752 0.798889 0.795000
147 0.542858 0.740000 0.755000
148 0.588361 0.800000 0.795000
149 0.544512 0.803889 0.785000
150 0.534616 0.801667 0.795000
151 0.516011 0.786111 0.800000
152 0.556118 0.800000 0.795000
153 0.511551 0.756111 0.775000
154 0.536192 0.768333 0.800000
155 0.511152 0.770000 0.800000
156 0.525135 0.797222 0.790000
157 0.515790 0.778333 0.805000
158 0.515137 0.802222 0.790000
159 0.520082 0.803889 0.780000
160 0.530891 0.778333 0.810000
161 0.520935 0.755556 0.745000
162 0.517530 0.780556 0.815000
163 0.555008 0.748889 0.755000
164 0.564134 0.797778 0.765000
165 0.519022 0.783889 0.800000
166 0.525292 0.792778 0.825000
167 0.524625 0.783333 0.805000
168 0.520302 0.802778 0.810000
169 0.513321 0.777222 0.810000
170 0.511535 0.796667 0.820000
171 0.514959 0.799444 0.795000
172 0.504371 0.758889 0.780000
173 0.517526 0.768889 0.800000
174 0.533037 0.783333 0.760000
175 0.528431 0.805556 0.785000
176 0.529264 0.804444 0.800000
177 0.536186 0.756111 0.770000
178 0.556027 0.797778 0.815000
179 0.536314 0.753333 0.755000
180 0.533023 0.776667 0.810000
181 0.547518 0.801111 0.815000
182 0.535626 0.762778 0.795000
183 0.524147 0.802778 0.810000
184 0.536476 0.737778 0.730000
185 0.517886 0.772222 0.795000
186 0.521167 0.796111 0.785000
187 0.512774 0.758889 0.790000
188 0.501965 0.790000 0.805000
189 0.510071 0.707222 0.675000
190 0.538606 0.741667 0.740000
191 0.524665 0.805000 0.795000
192 0.502742 0.768333 0.800000
193 0.525332 0.805556 0.795000
194 0.511983 0.802778 0.800000
195 0.507584 0.790556 0.785000
196 0.533984 0.802222 0.795000
197 0.555184 0.782778 0.805000
198 0.534928 0.795000 0.830000
199 0.516917 0.751111 0.755000
200 0.518105 0.793889 0.825000
201 0.521125 0.791667 0.815000
202 0.510549 0.778889 0.805000
203 0.501431 0.780000 0.805000
204 0.522658 0.779444 0.805000
205 0.492475 0.798333 0.805000
206 0.507978 0.784444 0.800000
207 0.507175 0.776111 0.810000
208 0.501223 0.759444 0.780000
209 0.516122 0.790556 0.815000
210 0.501400 0.750000 0.740000
211 0.498918 0.765000 0.790000
212 0.505278 0.756111 0.770000
213 0.515576 0.756111 0.755000
214 0.503539 0.786111 0.810000
215 0.532984 0.802222 0.785000
216 0.517741 0.793889 0.785000
217 0.504922 0.774444 0.800000
218 0.501786 0.793889 0.825000
219 0.504084 0.778889 0.805000
220 0.496158 0.796111 0.800000
221 0.500187 0.795000 0.800000
222 0.521979 0.806667 0.790000
223 0.513117 0.765556 0.770000
224 0.507822 0.773889 0.810000
225 0.509284 0.786667 0.805000
226 0.502262 0.808333 0.795000
227 0.504973 0.757222 0.760000
228 0.531362 0.777778 0.800000
229 0.506693 0.797778 0.820000
230 0.499187 0.757222 0.770000
231 0.522879 0.755556 0.755000
232 0.510072 0.742222 0.730000
233 0.505827 0.786667 0.800000
234 0.523164 0.783333 0.795000
235 0.528107 0.796667 0.815000
236 0.506907 0.785000 0.795000
237 0.502409 0.753333 0.765000
238 0.501986 0.786667 0.785000
239 0.498597 0.808333 0.810000
240 0.488785 0.759444 0.760000
241 0.514573 0.767778 0.795000
242 0.518129 0.760000 0.770000
243 0.499156 0.776111 0.805000
244 0.500138 0.798333 0.815000
245 0.519910 0.788333 0.800000
246 0.506443 0.793889 0.825000
247 0.507085 0.760000 0.750000
248 0.535785 0.781111 0.795000
249 0.518170 0.782778 0.810000
250 0.507718 0.760000 0.760000
251 0.528029 0.798889 0.805000
252 0.519637 0.775556 0.805000
253 0.490789 0.756667 0.765000
254 0.508601 0.785000 0.800000
255 0.519609 0.791111 0.810000
256 0.486830 0.781667 0.815000
257 0.512491 0.801111 0.805000
258 0.498986 0.784444 0.810000
259 0.538126 0.789444 0.805000
260 0.504014 0.785556 0.790000
261 0.507953 0.785556 0.810000
262 0.496392 0.800000 0.800000
263 0.493482 0.781111 0.805000
264 0.511115 0.781111 0.805000
265 0.496483 0.772222 0.800000
266 0.503890 0.768889 0.800000
267 0.494148 0.786111 0.810000
268 0.510766 0.784444 0.805000
269 0.493195 0.762778 0.790000
270 0.493411 0.802222 0.825000
271 0.506651 0.799444 0.785000
272 0.510964 0.776111 0.795000
273 0.495429 0.757778 0.755000
274 0.501679 0.785000 0.805000
275 0.506159 0.773333 0.795000
276 0.477436 0.784444 0.800000
277 0.499815 0.775556 0.790000
278 0.493392 0.779444 0.790000
279 0.513931 0.776667 0.805000
280 0.494254 0.800556 0.820000
281 0.493080 0.766111 0.795000
282 0.508029 0.770556 0.795000
283 0.519655 0.783333 0.805000
284 0.506963 0.795000 0.810000
285 0.484902 0.760000 0.780000
286 0.504657 0.786111 0.805000
287 0.498900 0.773333 0.805000
288 0.499339 0.795556 0.810000
289 0.483254 0.791111 0.805000
290 0.487174 0.803889 0.815000
291 0.494390 0.777222 0.800000
292 0.479417 0.806667 0.825000
293 0.486432 0.817222 0.810000
294 0.496978 0.762778 0.795000
295 0.475257 0.781667 0.800000
296 0.493855 0.759444 0.775000
297 0.484966 0.757222 0.770000
298 0.487779 0.790556 0.805000
299 0.491901 0.784444 0.805000
300 0.488786 0.782778 0.795000
301 0.477726 0.752778 0.760000
302 0.494639 0.768333 0.780000
303 0.492095 0.773889 0.795000
304 0.476623 0.782778 0.795000
305 0.481653 0.786667 0.800000
306 0.478881 0.771111 0.795000
307 0.478579 0.787222 0.800000
308 0.483774 0.778333 0.795000
309 0.497724 0.787778 0.790000
310 0.489187 0.763889 0.770000
311 0.475116 0.777222 0.800000
312 0.479061 0.779444 0.785000
313 0.477747 0.770000 0.790000
314 0.485257 0.795000 0.800000
315 0.471695 0.796111 0.785000
316 0.464865 0.786667 0.790000
317 0.463620 0.781111 0.785000
318 0.484143 0.805556 0.810000
319 0.487281 0.762778 0.765000
320 0.482541 0.808889 0.805000
321 0.482824 0.751667 0.770000
322 0.472117 0.785000 0.785000
323 0.474564 0.812222 0.810000
324 0.494393 0.775000 0.795000
325 0.480396 0.793333 0.805000
326 0.470509 0.790000 0.790000
327 0.461858 0.804444 0.820000
328 0.478943 0.806667 0.810000
329 0.463350 0.818889 0.805000
330 0.464533 0.797222 0.800000
331 0.461624 0.809444 0.805000
332 0.458029 0.783889 0.785000
333 0.456259 0.807222 0.810000
334 0.438273 0.810556 0.805000
335 0.451541 0.813889 0.810000
336 0.463050 0.814444 0.800000
337 0.439591 0.819444 0.815000
338 0.449246 0.815000 0.805000
339 0.479272 0.791667 0.805000
340 0.456359 0.806111 0.805000
341 0.459196 0.823889 0.805000
342 0.451437 0.810000 0.820000
343 0.456690 0.796111 0.820000
344 0.450991 0.837222 0.805000
345 0.446434 0.794444 0.815000
346 0.531292 0.812222 0.795000
347 0.458389 0.820556 0.835000
348 0.455733 0.804444 0.815000
349 0.469431 0.787222 0.790000
350 0.439056 0.834444 0.830000
