1 3.173010 0.600000 0.588235
2 1.403148 0.541935 0.500000
3 1.582380 0.596774 0.558824
4 1.437098 0.687097 0.647059
5 1.083396 0.754839 0.647059
6 0.918462 0.716129 0.676471
7 0.640503 0.803226 0.617647
8 0.515717 0.816129 0.617647
9 0.439851 0.796774 0.676471
10 0.461337 0.664516 0.588235
11 0.533915 0.845161 0.558824
12 0.356817 0.890323 0.647059
13 0.353512 0.919355 0.617647
14 0.312308 0.916129 0.588235
15 0.190130 0.896774 0.617647
16 0.291046 0.912903 0.558824
17 0.193459 0.903226 0.617647
18 0.345086 0.816129 0.588235
19 0.216043 0.964516 0.588235
20 0.156835 0.977419 0.617647
21 0.197404 0.941935 0.558824
22 0.180324 0.935484 0.558824
23 0.188863 0.974194 0.529412
24 0.216065 0.983871 0.676471
25 0.145333 0.990323 0.617647
26 0.124287 0.990323 0.529412
27 0.115839 0.919355 0.500000
28 0.127764 0.987097 0.558824
29 0.082889 0.993548 0.558824
30 0.085440 0.941935 0.617647
31 0.199844 0.974194 0.588235
32 0.146886 0.983871 0.529412
33 0.059734 0.993548 0.617647
34 0.060089 0.993548 0.617647
35 0.067067 0.993548 0.617647
36 0.061891 0.993548 0.529412
37 0.084459 0.967742 0.558824
38 0.175006 0.890323 0.617647
39 0.268645 0.961290 0.558824
40 0.112834 0.987097 0.558824
41 0.089914 0.990323 0.558824
42 0.079777 0.974194 0.558824
43 0.126638 0.925806 0.617647
44 0.134104 0.980645 0.500000
45 0.162431 0.974194 0.647059
46 0.080739 0.964516 0.588235
47 0.119902 0.987097 0.588235
48 0.076509 0.993548 0.617647
49 0.056081 0.993548 0.558824
50 0.050024 0.993548 0.588235
51 0.046451 0.993548 0.558824
52 0.043915 0.993548 0.558824
53 0.047053 0.993548 0.529412
54 0.044815 0.993548 0.558824
55 0.044810 0.993548 0.500000
56 0.042128 0.993548 0.529412
57 0.041994 0.993548 0.500000
58 0.040884 0.993548 0.500000
59 0.047429 0.993548 0.529412
60 0.045167 0.993548 0.500000
61 0.041259 0.993548 0.500000
62 0.039624 0.993548 0.529412
63 0.040005 0.993548 0.500000
64 0.044223 0.993548 0.500000
65 0.043304 0.993548 0.558824
66 0.042585 0.993548 0.558824
67 0.039159 0.993548 0.588235
68 0.040849 0.993548 0.558824
69 0.040096 0.993548 0.529412
70 0.044562 0.993548 0.617647
71 0.041940 0.993548 0.588235
72 0.037711 0.993548 0.588235
73 0.037717 0.993548 0.558824
74 0.042429 0.993548 0.558824
75 0.041316 0.993548 0.529412
76 0.040922 0.993548 0.529412
77 0.031998 0.993548 0.588235
78 0.038159 0.993548 0.588235
79 0.040305 0.964516 0.529412
80 0.174674 0.935484 0.558824
81 0.204118 0.977419 0.588235
82 0.069029 0.993548 0.500000
83 0.059914 0.993548 0.529412
84 0.048033 0.993548 0.529412
85 0.044320 0.993548 0.529412
86 0.047014 0.993548 0.500000
87 0.046287 0.993548 0.558824
88 0.047674 0.993548 0.529412
89 0.041325 0.993548 0.588235
90 0.039455 0.993548 0.529412
91 0.038168 0.993548 0.558824
92 0.041483 0.993548 0.647059
93 0.058599 0.951613 0.588235
94 0.168063 0.961290 0.588235
95 0.110072 0.977419 0.676471
96 0.057718 0.993548 0.529412
97 0.055479 0.993548 0.558824
98 0.043622 0.993548 0.529412
99 0.050151 0.993548 0.588235
100 0.040107 0.993548 0.558824
101 0.034177 0.993548 0.588235
102 0.035707 0.993548 0.558824
103 0.037825 0.993548 0.558824
104 0.034483 0.993548 0.558824
105 0.036184 0.993548 0.588235
106 0.034498 0.993548 0.588235
107 0.033533 0.993548 0.558824
108 0.035005 0.993548 0.588235
109 0.037242 0.993548 0.558824
110 0.032847 0.993548 0.617647
111 0.038745 0.993548 0.558824
112 0.035139 0.993548 0.529412
113 0.037649 0.993548 0.558824
114 0.037302 0.993548 0.588235
115 0.031692 0.993548 0.558824
116 0.032230 0.993548 0.558824
117 0.031679 0.993548 0.588235
118 0.035907 0.993548 0.617647
119 0.033934 0.993548 0.617647
120 0.035523 0.993548 0.647059
121 0.032203 0.993548 0.617647
122 0.030439 0.993548 0.588235
123 0.033035 0.993548 0.617647
124 0.035761 0.990323 0.617647
125 0.044115 0.993548 0.617647
126 0.039629 0.993548 0.617647
127 0.032040 0.993548 0.588235
128 0.030734 0.993548 0.558824
129 0.032326 0.993548 0.558824
130 0.036319 0.993548 0.558824
131 0.030395 0.993548 0.617647
132 0.031278 0.993548 0.529412
133 0.040822 0.993548 0.617647
134 0.034570 0.993548 0.558824
135 0.037356 0.993548 0.588235
136 0.038696 0.993548 0.617647
137 0.035736 0.993548 0.529412
138 0.090352 0.967742 0.588235
139 0.107997 0.983871 0.617647
140 0.054350 0.987097 0.617647
141 0.050372 0.993548 0.588235
142 0.038841 0.993548 0.558824
143 0.037576 0.993548 0.588235
144 0.035299 0.993548 0.588235
145 0.039271 0.993548 0.617647
146 0.032046 0.993548 0.588235
147 0.035171 0.993548 0.617647
148 0.038467 0.993548 0.529412
149 0.035330 0.993548 0.588235
150 0.036208 0.993548 0.617647
151 0.030599 0.993548 0.617647
152 0.031735 0.993548 0.617647
153 0.028478 0.993548 0.588235
154 0.026869 0.993548 0.617647
155 0.025987 0.993548 0.617647
156 0.032222 0.993548 0.588235
157 0.026537 0.993548 0.617647
158 0.029477 0.993548 0.529412
159 0.028767 0.993548 0.558824
160 0.035651 0.993548 0.500000
161 0.033385 0.993548 0.558824
162 0.029293 0.993548 0.529412
163 0.027902 0.993548 0.558824
164 0.026898 0.993548 0.558824
165 0.025708 0.993548 0.529412
166 0.029032 0.993548 0.529412
167 0.028499 0.993548 0.529412
168 0.026417 0.993548 0.529412
169 0.029182 0.993548 0.588235
170 0.028138 0.993548 0.558824
171 0.030019 0.993548 0.588235
172 0.026644 0.993548 0.588235
173 0.030705 0.993548 0.558824
174 0.033487 0.993548 0.588235
175 0.029081 0.993548 0.588235
176 0.030117 0.993548 0.529412
177 0.030801 0.993548 0.558824
178 0.028122 0.993548 0.588235
179 0.029608 0.993548 0.617647
180 0.030931 0.993548 0.558824
181 0.032356 0.993548 0.588235
182 0.034413 0.993548 0.529412
183 0.027063 0.993548 0.558824
184 0.027879 0.993548 0.588235
185 0.029114 0.993548 0.558824
186 0.027330 0.993548 0.588235
187 0.029283 0.993548 0.558824
188 0.027535 0.993548 0.588235
189 0.027687 0.993548 0.617647
190 0.030387 0.993548 0.558824
191 0.030271 0.993548 0.588235
192 0.030135 0.993548 0.558824
193 0.028237 0.993548 0.558824
194 0.035141 0.990323 0.617647
195 0.035755 0.993548 0.617647
196 0.033417 0.993548 0.617647
197 0.033847 0.993548 0.617647
198 0.027886 0.993548 0.558824
199 0.032198 0.993548 0.647059
200 0.029723 0.993548 0.617647
201 0.026487 0.993548 0.588235
202 0.026537 0.993548 0.588235
203 0.028207 0.993548 0.588235
204 0.026056 0.993548 0.588235
205 0.024530 0.993548 0.588235
206 0.027271 0.993548 0.617647
207 0.027403 0.993548 0.588235
208 0.023707 0.993548 0.617647
209 0.027352 0.993548 0.588235
210 0.025219 0.993548 0.588235
211 0.024625 0.993548 0.558824
212 0.029090 0.993548 0.617647
213 0.024962 0.993548 0.558824
214 0.026720 0.993548 0.617647
215 0.025329 0.993548 0.617647
216 0.026372 0.993548 0.617647
217 0.026521 0.993548 0.588235
218 0.026413 0.993548 0.558824
219 0.026854 0.993548 0.588235
220 0.026634 0.993548 0.617647
221 0.024260 0.993548 0.588235
222 0.028955 0.993548 0.617647
223 0.027986 0.993548 0.617647
224 0.024111 0.993548 0.617647
225 0.023886 0.993548 0.588235
226 0.027499 0.993548 0.617647
227 0.026091 0.993548 0.617647
228 0.029654 0.993548 0.617647
229 0.027893 0.993548 0.588235
230 0.025705 0.993548 0.617647
231 0.028784 0.993548 0.617647
232 0.025919 0.993548 0.617647
233 0.025806 0.993548 0.588235
234 0.025034 0.993548 0.617647
235 0.023568 0.993548 0.588235
236 0.025529 0.993548 0.647059
237 0.029902 0.993548 0.617647
238 0.025111 0.993548 0.588235
239 0.021330 0.993548 0.588235
240 0.023825 0.993548 0.588235
241 0.026999 0.993548 0.617647
242 0.026746 0.993548 0.617647
243 0.022730 0.993548 0.588235
244 0.027232 0.993548 0.617647
245 0.023802 0.993548 0.617647
246 0.027127 0.993548 0.588235
247 0.023685 0.993548 0.617647
248 0.026426 0.993548 0.558824
249 0.024217 0.993548 0.588235
250 0.022770 0.993548 0.588235
251 0.025057 0.993548 0.588235
252 0.022168 0.993548 0.617647
253 0.021907 0.993548 0.617647
254 0.025801 0.993548 0.617647
255 0.023843 0.993548 0.588235
256 0.023114 0.993548 0.617647
257 0.023120 0.993548 0.588235
258 0.023027 0.993548 0.588235
259 0.024496 0.993548 0.588235
260 0.024908 0.993548 0.588235
261 0.026131 0.993548 0.588235
262 0.023382 0.993548 0.588235
263 0.023174 0.993548 0.588235
264 0.023503 0.993548 0.617647
265 0.027354 0.993548 0.588235
266 0.025691 0.993548 0.617647
267 0.025525 0.993548 0.617647
268 0.025204 0.993548 0.588235
269 0.026172 0.993548 0.588235
270 0.020812 0.993548 0.617647
271 0.023738 0.993548 0.588235
272 0.024808 0.993548 0.617647
273 0.025596 0.993548 0.617647
274 0.025208 0.993548 0.588235
275 0.022120 0.993548 0.588235
276 0.022578 0.993548 0.617647
277 0.024125 0.993548 0.617647
278 0.025082 0.993548 0.617647
279 0.027249 0.993548 0.617647
280 0.022816 0.993548 0.588235
281 0.026257 0.993548 0.588235
282 0.026859 0.993548 0.617647
283 0.021989 0.993548 0.617647
284 0.024022 0.993548 0.588235
285 0.023255 0.993548 0.588235
286 0.021754 0.993548 0.588235
287 0.025995 0.993548 0.617647
288 0.025536 0.993548 0.588235
289 0.026450 0.993548 0.588235
290 0.021148 0.993548 0.588235
291 0.023272 0.993548 0.558824
292 0.024383 0.993548 0.588235
293 0.022728 0.993548 0.558824
294 0.025918 0.993548 0.558824
295 0.023122 0.993548 0.558824
296 0.023828 0.993548 0.558824
297 0.028318 0.993548 0.558824
298 0.025631 0.993548 0.558824
299 0.024127 0.993548 0.558824
300 0.024740 0.993548 0.588235
301 0.023870 0.993548 0.588235
302 0.024024 0.993548 0.588235
303 0.023328 0.993548 0.558824
304 0.021502 0.993548 0.588235
305 0.021158 0.993548 0.617647
306 0.021723 0.993548 0.588235
307 0.023813 0.993548 0.588235
308 0.023013 0.993548 0.588235
309 0.024189 0.993548 0.617647
310 0.025249 0.993548 0.588235
311 0.022093 0.993548 0.588235
312 0.021997 0.993548 0.558824
313 0.021633 0.993548 0.558824
314 0.020970 0.993548 0.617647
315 0.023318 0.993548 0.529412
316 0.022100 0.993548 0.617647
317 0.025489 0.993548 0.617647
318 0.022897 0.993548 0.529412
319 0.023534 0.993548 0.588235
320 0.020140 0.993548 0.617647
321 0.022159 0.993548 0.617647
322 0.018597 0.993548 0.588235
323 0.023700 0.993548 0.617647
324 0.025817 0.993548 0.617647
325 0.023542 0.993548 0.588235
326 0.023640 0.993548 0.558824
327 0.020137 0.993548 0.558824
328 0.022009 0.993548 0.558824
329 0.024996 0.993548 0.558824
330 0.021557 0.993548 0.558824
331 0.021654 0.993548 0.588235
332 0.021076 0.993548 0.617647
333 0.022603 0.993548 0.588235
334 0.023371 0.993548 0.588235
335 0.022262 0.993548 0.617647
336 0.022713 0.993548 0.617647
337 0.020147 0.993548 0.588235
338 0.022710 0.993548 0.617647
339 0.022858 0.993548 0.558824
340 0.024140 0.993548 0.617647
341 0.021986 0.993548 0.617647
342 0.024280 0.993548 0.617647
343 0.022313 0.993548 0.617647
344 0.020922 0.993548 0.558824
345 0.024202 0.993548 0.588235
346 0.021776 0.993548 0.558824
347 0.023462 0.993548 0.617647
348 0.022243 0.993548 0.617647
349 0.023612 0.993548 0.617647
350 0.024528 0.993548 0.617647
