1 3.289812 0.443704 0.426667
2 1.834458 0.465926 0.453333
3 2.323380 0.437778 0.453333
4 1.588924 0.459259 0.413333
5 1.512265 0.405926 0.420000
6 1.561203 0.398519 0.406667
7 1.186463 0.549630 0.546667
8 1.018455 0.528148 0.513333
9 1.334894 0.517037 0.493333
10 1.135346 0.497778 0.386667
11 1.017326 0.541481 0.513333
12 1.005314 0.560000 0.540000
13 1.091330 0.534815 0.486667
14 1.069138 0.527407 0.493333
15 1.042437 0.538519 0.513333
16 1.156623 0.557037 0.493333
17 0.986549 0.499259 0.460000
18 1.033662 0.536296 0.493333
19 1.008526 0.545926 0.493333
20 0.997873 0.551111 0.493333
21 0.965946 0.525185 0.480000
22 0.933119 0.551852 0.500000
23 0.992162 0.548148 0.480000
24 0.958167 0.551852 0.480000
25 1.011013 0.542963 0.466667
26 0.926767 0.565185 0.486667
27 0.927622 0.537037 0.453333
28 0.933436 0.563704 0.493333
29 0.974555 0.564444 0.500000
30 0.934880 0.560000 0.446667
31 0.917806 0.565185 0.473333
32 0.910996 0.571852 0.540000
33 0.890115 0.571852 0.460000
34 0.931201 0.573333 0.466667
35 0.955354 0.580000 0.520000
36 0.923279 0.557778 0.466667
37 0.901459 0.587407 0.480000
38 0.874207 0.581481 0.513333
39 0.892284 0.583704 0.506667
40 0.901351 0.532593 0.466667
41 0.899784 0.582963 0.520000
42 0.898864 0.574074 0.440000
43 0.892289 0.568148 0.406667
44 0.916208 0.575556 0.446667
45 0.932036 0.587407 0.493333
46 0.895983 0.588889 0.466667
47 0.886813 0.577037 0.473333
48 0.899791 0.600000 0.513333
49 0.915462 0.585926 0.493333
50 0.871167 0.605926 0.433333
51 0.875185 0.595556 0.460000
52 0.874753 0.612593 0.466667
53 0.856104 0.600741 0.473333
54 0.841350 0.605185 0.520000
55 0.838000 0.613333 0.466667
56 0.830889 0.613333 0.480000
57 0.832698 0.608148 0.473333
58 0.856413 0.611111 0.513333
59 0.836928 0.617778 0.486667
60 0.825488 0.617037 0.460000
61 0.839585 0.611111 0.506667
62 0.829149 0.623704 0.493333
63 0.825528 0.621481 0.520000
64 0.815006 0.611852 0.460000
65 0.819049 0.617037 0.473333
66 0.824496 0.634815 0.453333
67 0.815465 0.627407 0.480000
68 0.819189 0.633333 0.486667
69 0.825186 0.620000 0.486667
70 0.835596 0.631852 0.493333
