1 6.580023 0.718444 0.710000
2 1.351215 0.726889 0.712000
3 1.146217 0.566222 0.584000
4 1.243526 0.753556 0.754000
5 1.129468 0.747556 0.742000
6 0.894123 0.747111 0.750000
7 1.351631 0.768000 0.782000
8 0.977404 0.733111 0.722000
9 0.824884 0.765556 0.760000
10 0.707430 0.761333 0.760000
11 0.658271 0.786222 0.792000
12 0.632586 0.781778 0.792000
13 0.624389 0.779111 0.766000
14 0.570015 0.789111 0.764000
15 0.584910 0.780889 0.770000
16 0.581947 0.786889 0.772000
17 0.564854 0.784000 0.762000
18 0.566505 0.797111 0.768000
19 0.544515 0.789778 0.772000
20 0.569107 0.799778 0.788000
21 0.557180 0.784000 0.766000
22 0.571500 0.778667 0.764000
23 0.526467 0.798667 0.770000
24 0.560172 0.761333 0.734000
25 0.573588 0.802000 0.768000
26 0.570404 0.784667 0.760000
27 0.543358 0.792000 0.800000
28 0.522323 0.802444 0.786000
29 0.545710 0.792222 0.774000
30 0.527150 0.803778 0.790000
