1 7.801087 0.624750 0.594595
2 5.042635 0.724551 0.702703
3 3.110629 0.720559 0.675676
4 2.800210 0.670659 0.648649
5 2.379209 0.741517 0.675676
6 1.984310 0.647705 0.648649
7 1.574371 0.757485 0.729730
8 1.383869 0.728543 0.711712
9 1.393554 0.710579 0.684685
10 1.264258 0.706587 0.693694
11 1.109846 0.721557 0.675676
12 1.026989 0.659681 0.693694
13 0.895114 0.752495 0.747748
14 0.855067 0.724551 0.729730
15 0.796780 0.754491 0.738739
16 0.758068 0.671657 0.666667
17 0.697060 0.746507 0.729730
18 0.613002 0.749501 0.729730
19 0.682863 0.688623 0.648649
20 0.673110 0.718563 0.711712
21 0.637263 0.723553 0.675676
22 0.591896 0.761477 0.738739
23 0.581865 0.762475 0.738739
24 0.548267 0.758483 0.729730
25 0.584978 0.708583 0.675676
26 0.564356 0.740519 0.693694
27 0.563955 0.760479 0.720721
28 0.554370 0.777445 0.711712
29 0.541255 0.721557 0.684685
30 0.605776 0.759481 0.693694
31 0.570528 0.749501 0.729730
32 0.535961 0.766467 0.720721
33 0.576463 0.734531 0.693694
34 0.543246 0.754491 0.738739
35 0.532864 0.758483 0.684685
36 0.525410 0.773453 0.720721
37 0.530988 0.729541 0.657658
38 0.524392 0.770459 0.729730
39 0.568306 0.771457 0.693694
40 0.536383 0.757485 0.684685
41 0.516553 0.775449 0.711712
42 0.525252 0.781437 0.747748
43 0.547424 0.764471 0.711712
44 0.533252 0.760479 0.756757
45 0.549102 0.679641 0.621622
46 0.544403 0.779441 0.711712
47 0.537665 0.773453 0.711712
48 0.504062 0.772455 0.738739
49 0.527949 0.776447 0.756757
50 0.514275 0.775449 0.720721
51 0.501935 0.774451 0.720721
52 0.487476 0.775449 0.720721
53 0.485475 0.769461 0.693694
54 0.488279 0.780439 0.702703
55 0.486613 0.749501 0.684685
56 0.501342 0.775449 0.720721
57 0.492222 0.778443 0.675676
58 0.487402 0.790419 0.693694
59 0.492893 0.772455 0.711712
60 0.471882 0.771457 0.711712
61 0.482255 0.777445 0.693694
62 0.477271 0.777445 0.702703
63 0.462346 0.777445 0.693694
64 0.477612 0.791417 0.702703
65 0.484006 0.787425 0.747748
66 0.456730 0.808383 0.747748
67 0.456673 0.793413 0.693694
68 0.446706 0.779441 0.684685
69 0.472981 0.804391 0.720721
70 0.458036 0.779441 0.702703
71 0.485269 0.773453 0.684685
72 0.483514 0.794411 0.711712
73 0.468622 0.788423 0.684685
74 0.476562 0.775449 0.675676
75 0.457144 0.787425 0.729730
76 0.462089 0.797405 0.666667
77 0.451742 0.798403 0.729730
78 0.458551 0.775449 0.693694
79 0.446659 0.809381 0.720721
80 0.439222 0.799401 0.720721
81 0.425384 0.801397 0.711712
82 0.448374 0.778443 0.693694
83 0.452986 0.779441 0.702703
84 0.451567 0.803393 0.738739
85 0.435299 0.786427 0.720721
86 0.465421 0.790419 0.720721
87 0.436859 0.797405 0.738739
88 0.446761 0.799401 0.729730
89 0.458445 0.797405 0.720721
90 0.452978 0.809381 0.675676
91 0.457579 0.805389 0.675676
92 0.446175 0.792415 0.702703
93 0.400071 0.834331 0.729730
94 0.424878 0.802395 0.711712
95 0.479998 0.790419 0.702703
96 0.442086 0.803393 0.729730
97 0.417128 0.830339 0.720721
98 0.397071 0.846307 0.675676
99 0.444887 0.812375 0.693694
100 0.407827 0.809381 0.711712
101 0.395727 0.862275 0.765766
102 0.387142 0.821357 0.720721
103 0.379328 0.847305 0.720721
104 0.384204 0.850299 0.684685
105 0.350315 0.864271 0.684685
106 0.366003 0.847305 0.684685
107 0.375259 0.881238 0.747748
108 0.352451 0.869261 0.666667
109 0.376976 0.847305 0.693694
110 0.367842 0.881238 0.738739
111 0.349687 0.866267 0.675676
112 0.349509 0.836327 0.675676
113 0.345118 0.868263 0.666667
114 0.346127 0.847305 0.675676
115 0.344867 0.877246 0.756757
116 0.352304 0.832335 0.648649
117 0.386167 0.866267 0.675676
118 0.383102 0.857285 0.666667
119 0.325706 0.891218 0.711712
120 0.330797 0.888224 0.702703
121 0.337269 0.877246 0.693694
122 0.351772 0.838323 0.711712
123 0.334224 0.887226 0.675676
124 0.339375 0.877246 0.729730
125 0.327743 0.883234 0.666667
126 0.333941 0.890220 0.693694
127 0.331218 0.894212 0.693694
128 0.306099 0.889222 0.675676
129 0.322259 0.902196 0.693694
130 0.314534 0.892216 0.648649
131 0.307269 0.865269 0.720721
132 0.320285 0.894212 0.738739
133 0.324188 0.901198 0.666667
134 0.315789 0.910180 0.702703
135 0.294261 0.909182 0.648649
136 0.310574 0.911178 0.711712
137 0.282295 0.910180 0.657658
138 0.298004 0.914172 0.711712
139 0.308879 0.906188 0.693694
140 0.298050 0.902196 0.720721
141 0.291751 0.909182 0.675676
142 0.298021 0.929142 0.702703
143 0.291832 0.914172 0.657658
144 0.269299 0.937126 0.639640
145 0.277951 0.926148 0.675676
146 0.254046 0.915170 0.666667
147 0.311932 0.897206 0.675676
148 0.288717 0.899202 0.639640
149 0.284458 0.923154 0.675676
150 0.238922 0.934132 0.702703
151 0.249954 0.945110 0.648649
152 0.266576 0.940120 0.666667
153 0.256285 0.933134 0.693694
154 0.237910 0.951098 0.693694
155 0.219925 0.950100 0.702703
156 0.223991 0.957086 0.720721
157 0.219519 0.946108 0.702703
158 0.231850 0.943114 0.693694
159 0.222027 0.960080 0.684685
160 0.220766 0.960080 0.648649
161 0.213253 0.953094 0.711712
162 0.216750 0.964072 0.675676
163 0.209949 0.944112 0.657658
164 0.212396 0.973054 0.702703
165 0.215240 0.949102 0.693694
166 0.209509 0.957086 0.657658
167 0.205159 0.953094 0.693694
168 0.233672 0.949102 0.720721
169 0.210029 0.960080 0.666667
170 0.232336 0.948104 0.657658
171 0.218044 0.962076 0.648649
172 0.205984 0.967066 0.675676
173 0.195414 0.975050 0.684685
174 0.203042 0.974052 0.693694
175 0.192710 0.975050 0.693694
176 0.219926 0.973054 0.711712
177 0.222117 0.962076 0.630631
178 0.261028 0.943114 0.693694
179 0.228180 0.961078 0.675676
180 0.209367 0.972056 0.639640
181 0.180689 0.972056 0.666667
182 0.202139 0.968064 0.693694
183 0.184602 0.972056 0.711712
184 0.197377 0.973054 0.684685
185 0.185149 0.970060 0.666667
186 0.196284 0.970060 0.657658
187 0.170312 0.973054 0.702703
188 0.189484 0.973054 0.693694
189 0.211084 0.973054 0.702703
190 0.188278 0.974052 0.684685
191 0.189948 0.977046 0.648649
192 0.175023 0.977046 0.684685
193 0.194891 0.978044 0.675676
194 0.189867 0.975050 0.666667
195 0.236790 0.966068 0.675676
196 0.208521 0.975050 0.693694
197 0.178197 0.980040 0.666667
198 0.178570 0.981038 0.639640
199 0.177019 0.977046 0.657658
200 0.166487 0.983034 0.648649
201 0.158222 0.982036 0.639640
202 0.167181 0.983034 0.666667
203 0.157733 0.985030 0.675676
204 0.160855 0.982036 0.684685
205 0.151059 0.984032 0.684685
206 0.148726 0.987026 0.666667
207 0.156522 0.983034 0.675676
208 0.151018 0.986028 0.666667
209 0.161749 0.985030 0.675676
210 0.167446 0.987026 0.666667
211 0.160304 0.986028 0.666667
212 0.146627 0.985030 0.684685
213 0.143625 0.982036 0.675676
214 0.153661 0.987026 0.648649
215 0.166267 0.984032 0.648649
216 0.147603 0.985030 0.711712
217 0.143659 0.987026 0.675676
218 0.144090 0.987026 0.684685
219 0.148794 0.984032 0.657658
220 0.148047 0.987026 0.675676
221 0.174028 0.984032 0.684685
222 0.156419 0.978044 0.702703
223 0.147097 0.981038 0.648649
224 0.155683 0.979042 0.648649
225 0.147250 0.986028 0.675676
226 0.142790 0.987026 0.693694
227 0.149068 0.983034 0.675676
228 0.148091 0.989022 0.648649
229 0.147751 0.988024 0.648649
230 0.149225 0.990020 0.666667
231 0.138418 0.983034 0.702703
232 0.148850 0.988024 0.702703
233 0.141882 0.983034 0.693694
234 0.135994 0.983034 0.657658
235 0.148062 0.985030 0.693694
236 0.128421 0.987026 0.666667
237 0.143328 0.981038 0.639640
238 0.141061 0.983034 0.675676
239 0.153313 0.987026 0.648649
240 0.135280 0.987026 0.693694
241 0.130239 0.990020 0.684685
242 0.152121 0.979042 0.630631
243 0.136512 0.988024 0.693694
244 0.133240 0.989022 0.702703
245 0.129366 0.988024 0.666667
246 0.142095 0.984032 0.702703
247 0.129842 0.991018 0.666667
248 0.143331 0.987026 0.693694
249 0.134298 0.986028 0.684685
250 0.136113 0.988024 0.702703
251 0.124376 0.988024 0.693694
252 0.124405 0.991018 0.702703
253 0.123869 0.992016 0.684685
254 0.127475 0.991018 0.693694
255 0.120508 0.991018 0.702703
256 0.124290 0.991018 0.702703
257 0.124869 0.990020 0.684685
258 0.133360 0.992016 0.738739
259 0.124094 0.993014 0.675676
260 0.124785 0.986028 0.693694
261 0.124637 0.990020 0.693694
262 0.128364 0.992016 0.693694
263 0.120806 0.989022 0.693694
264 0.127952 0.992016 0.711712
265 0.139837 0.987026 0.693694
266 0.126145 0.991018 0.666667
267 0.133354 0.990020 0.648649
268 0.126578 0.991018 0.684685
269 0.122357 0.991018 0.675676
270 0.138459 0.985030 0.684685
271 0.137162 0.990020 0.684685
272 0.128603 0.989022 0.693694
273 0.117306 0.992016 0.693694
274 0.125701 0.989022 0.693694
275 0.134238 0.991018 0.693694
276 0.126741 0.991018 0.702703
277 0.125661 0.988024 0.693694
278 0.123921 0.987026 0.711712
279 0.134167 0.990020 0.675676
280 0.111708 0.990020 0.666667
281 0.124315 0.994012 0.693694
282 0.130826 0.990020 0.684685
283 0.109874 0.991018 0.684685
284 0.135394 0.991018 0.684685
285 0.133389 0.990020 0.693694
286 0.125907 0.992016 0.711712
287 0.123675 0.991018 0.693694
288 0.113453 0.992016 0.711712
289 0.118744 0.990020 0.675676
290 0.123681 0.991018 0.702703
291 0.121484 0.994012 0.666667
292 0.113822 0.991018 0.684685
293 0.129410 0.993014 0.684685
294 0.120815 0.992016 0.693694
295 0.124565 0.991018 0.702703
296 0.108513 0.993014 0.693694
297 0.125149 0.994012 0.702703
298 0.116894 0.991018 0.702703
299 0.123307 0.992016 0.693694
300 0.121852 0.993014 0.702703
301 0.120565 0.993014 0.693694
302 0.123383 0.993014 0.675676
303 0.129044 0.993014 0.702703
304 0.115554 0.992016 0.684685
305 0.112457 0.993014 0.720721
306 0.110490 0.993014 0.702703
307 0.120561 0.994012 0.729730
308 0.103176 0.993014 0.711712
309 0.112086 0.992016 0.693694
310 0.111812 0.994012 0.684685
311 0.122732 0.994012 0.666667
312 0.120682 0.994012 0.720721
313 0.110225 0.992016 0.702703
314 0.107210 0.993014 0.711712
315 0.116696 0.993014 0.684685
316 0.105120 0.993014 0.702703
317 0.115329 0.994012 0.729730
318 0.117348 0.993014 0.720721
319 0.108043 0.993014 0.702703
320 0.118595 0.994012 0.702703
321 0.108892 0.995010 0.693694
322 0.120289 0.994012 0.693694
323 0.111970 0.993014 0.702703
324 0.116774 0.995010 0.684685
325 0.118057 0.993014 0.702703
326 0.112057 0.994012 0.702703
327 0.112761 0.995010 0.711712
328 0.113249 0.993014 0.693694
329 0.114415 0.994012 0.702703
330 0.113632 0.994012 0.711712
331 0.114179 0.994012 0.702703
332 0.121735 0.992016 0.711712
333 0.108269 0.994012 0.684685
334 0.104359 0.994012 0.711712
335 0.109375 0.993014 0.693694
336 0.122345 0.994012 0.684685
337 0.120779 0.994012 0.729730
338 0.109804 0.991018 0.720721
339 0.103819 0.994012 0.720721
340 0.110295 0.993014 0.729730
341 0.122565 0.992016 0.711712
342 0.108446 0.994012 0.720721
343 0.125744 0.994012 0.720721
344 0.112200 0.993014 0.711712
345 0.115146 0.993014 0.702703
346 0.108039 0.994012 0.684685
347 0.107119 0.993014 0.684685
348 0.106985 0.993014 0.702703
349 0.111789 0.993014 0.702703
350 0.113497 0.993014 0.711712
