1 126.521932 0.637222 0.580000
2 45.530621 0.622778 0.585000
3 15.549214 0.655556 0.605000
4 14.727107 0.694444 0.680000
5 8.671083 0.691111 0.675000
6 11.389933 0.772222 0.730000
7 6.723370 0.756667 0.725000
8 8.597907 0.757778 0.725000
9 4.942797 0.713889 0.715000
10 6.763533 0.679444 0.665000
11 5.244149 0.786111 0.725000
12 6.070136 0.742222 0.700000
13 3.639152 0.700556 0.680000
14 6.137423 0.728333 0.735000
15 2.387290 0.592778 0.580000
16 2.592240 0.773333 0.715000
17 3.098118 0.715000 0.725000
18 2.027846 0.706667 0.670000
19 2.581595 0.769444 0.725000
20 2.547994 0.728889 0.660000
21 1.102083 0.647222 0.625000
22 1.528038 0.712222 0.690000
23 1.964997 0.767222 0.740000
24 2.242184 0.730556 0.735000
25 1.936049 0.690556 0.675000
26 1.470005 0.659444 0.655000
27 1.483863 0.721111 0.660000
28 1.571606 0.767778 0.730000
29 0.778682 0.720000 0.675000
30 3.529661 0.710556 0.715000
31 0.844279 0.778333 0.740000
32 1.333982 0.777222 0.745000
33 1.846404 0.770556 0.735000
34 1.394813 0.582222 0.570000
35 0.842588 0.774444 0.735000
36 0.805068 0.763889 0.720000
37 0.743612 0.771667 0.735000
38 0.825569 0.718889 0.710000
39 0.786060 0.752222 0.715000
40 0.745087 0.746667 0.750000
41 1.158045 0.696111 0.625000
42 1.058749 0.717778 0.695000
43 1.047653 0.703333 0.645000
44 1.133575 0.758889 0.730000
45 0.858483 0.743333 0.700000
46 0.869979 0.761667 0.720000
47 0.798116 0.781667 0.740000
48 0.957584 0.590000 0.565000
49 0.695238 0.748889 0.740000
50 1.129994 0.768333 0.730000
51 0.840432 0.778333 0.760000
52 0.777739 0.745000 0.710000
53 0.710930 0.710556 0.660000
54 0.628922 0.682778 0.625000
55 0.663173 0.780000 0.755000
56 0.611727 0.776667 0.725000
57 0.651381 0.782222 0.760000
58 0.630704 0.767222 0.730000
59 0.873924 0.783889 0.765000
60 0.623093 0.684444 0.650000
61 0.714991 0.775556 0.750000
62 0.757182 0.752778 0.740000
63 0.663352 0.738889 0.735000
64 0.844792 0.725000 0.715000
65 0.885098 0.769444 0.725000
66 0.977233 0.772222 0.735000
67 0.724943 0.733333 0.740000
68 0.732761 0.746667 0.715000
69 0.821534 0.758889 0.715000
70 0.788590 0.650556 0.625000
71 0.740639 0.783333 0.725000
72 0.639413 0.662222 0.630000
73 0.801776 0.758333 0.730000
74 0.887718 0.721111 0.720000
75 0.709311 0.781667 0.740000
76 0.725250 0.777222 0.740000
77 0.653784 0.778333 0.740000
78 0.621288 0.750000 0.695000
79 0.700335 0.761111 0.730000
80 0.797948 0.773889 0.755000
81 0.676193 0.784444 0.765000
82 0.611194 0.775000 0.750000
83 0.752327 0.761111 0.740000
84 0.632389 0.763889 0.735000
85 0.686589 0.756667 0.695000
86 0.660326 0.741111 0.680000
87 0.696336 0.715556 0.655000
88 0.657548 0.767222 0.755000
89 0.677091 0.765556 0.740000
90 0.627067 0.773889 0.750000
91 0.620230 0.615000 0.620000
92 0.604269 0.789444 0.765000
93 0.618035 0.768889 0.725000
94 0.737781 0.760556 0.745000
95 0.716243 0.783333 0.780000
96 0.652017 0.778333 0.755000
97 0.776079 0.791667 0.760000
98 0.901214 0.762778 0.760000
99 0.748644 0.780556 0.760000
100 0.577921 0.792778 0.770000
101 0.591321 0.777778 0.760000
102 0.601602 0.603333 0.595000
103 0.597845 0.801667 0.760000
104 0.550681 0.778333 0.770000
105 0.550016 0.793333 0.745000
106 0.906912 0.743333 0.755000
107 0.579654 0.777222 0.740000
108 0.559652 0.798333 0.750000
109 0.613702 0.757222 0.765000
110 0.577970 0.688333 0.685000
111 0.597004 0.742222 0.755000
112 0.690576 0.775000 0.725000
113 0.555770 0.765556 0.760000
114 0.614823 0.801111 0.740000
115 0.566218 0.763333 0.765000
116 0.567538 0.791111 0.755000
117 0.539130 0.750556 0.760000
118 0.594656 0.764444 0.760000
119 0.618225 0.787778 0.770000
120 0.550938 0.800000 0.750000
121 0.588365 0.771111 0.755000
122 0.586451 0.778889 0.760000
123 0.580773 0.764444 0.745000
124 0.631919 0.796111 0.750000
125 0.571030 0.790556 0.755000
126 0.542151 0.772222 0.750000
127 0.550882 0.787778 0.750000
128 0.532076 0.775000 0.750000
129 0.589509 0.801667 0.745000
130 0.667205 0.751667 0.725000
131 0.589518 0.754444 0.760000
132 0.590524 0.796667 0.755000
133 0.578444 0.775556 0.755000
134 0.566759 0.790556 0.785000
135 0.561881 0.742778 0.750000
136 0.581893 0.785000 0.745000
137 0.709277 0.786111 0.775000
138 0.612853 0.791111 0.775000
139 0.618832 0.698333 0.710000
140 0.572338 0.763333 0.760000
141 0.576134 0.762778 0.775000
142 0.582899 0.772222 0.755000
143 0.554861 0.763333 0.765000
144 0.618121 0.790000 0.760000
145 0.569559 0.773333 0.730000
146 0.581505 0.787778 0.775000
147 0.537912 0.767222 0.755000
148 0.547404 0.800000 0.760000
149 0.565257 0.758889 0.775000
150 0.548048 0.791111 0.770000
151 0.552693 0.793333 0.780000
152 0.546725 0.788333 0.740000
153 0.657092 0.772778 0.760000
154 0.585315 0.801667 0.750000
155 0.527901 0.774444 0.760000
156 0.529155 0.793889 0.765000
157 0.528439 0.786667 0.755000
158 0.540951 0.775000 0.765000
159 0.536232 0.787222 0.760000
160 0.538824 0.748333 0.750000
161 0.615579 0.791667 0.765000
162 0.614758 0.776111 0.765000
163 0.548972 0.772778 0.755000
164 0.553255 0.798889 0.755000
165 0.548847 0.770000 0.760000
166 0.532978 0.769444 0.755000
167 0.522902 0.779444 0.765000
168 0.528696 0.786111 0.765000
169 0.542077 0.763333 0.755000
170 0.525701 0.790556 0.755000
171 0.526945 0.751111 0.750000
172 0.511783 0.787222 0.755000
173 0.537077 0.777778 0.750000
174 0.535315 0.792778 0.755000
175 0.525139 0.776667 0.760000
176 0.537629 0.796111 0.765000
177 0.541807 0.769444 0.740000
178 0.555944 0.805000 0.755000
179 0.538147 0.755000 0.755000
180 0.539669 0.783889 0.765000
181 0.547625 0.781111 0.755000
182 0.538832 0.776111 0.750000
183 0.547205 0.706667 0.725000
184 0.552347 0.756667 0.755000
185 0.534767 0.801111 0.770000
186 0.562619 0.765556 0.755000
187 0.532330 0.752222 0.755000
188 0.528741 0.775000 0.745000
189 0.532160 0.793333 0.755000
190 0.532388 0.790556 0.770000
191 0.534026 0.773333 0.740000
192 0.514962 0.768889 0.755000
193 0.519976 0.773333 0.765000
194 0.528582 0.779444 0.775000
195 0.556659 0.775556 0.755000
196 0.532249 0.783333 0.760000
197 0.532560 0.770556 0.755000
198 0.542269 0.771667 0.750000
199 0.542672 0.741111 0.750000
200 0.519851 0.804444 0.780000
201 0.525881 0.771111 0.755000
202 0.518307 0.788333 0.765000
203 0.518089 0.764444 0.760000
204 0.533914 0.750000 0.745000
205 0.548544 0.787222 0.765000
206 0.518269 0.796667 0.760000
207 0.537786 0.791667 0.775000
208 0.523973 0.793333 0.765000
209 0.526836 0.773333 0.740000
210 0.522794 0.749444 0.750000
211 0.513161 0.765000 0.745000
212 0.519220 0.748333 0.745000
213 0.526775 0.775556 0.750000
214 0.510954 0.771667 0.745000
215 0.523370 0.780556 0.755000
216 0.509802 0.771667 0.745000
217 0.517073 0.750556 0.750000
218 0.498965 0.771667 0.740000
219 0.509750 0.772778 0.740000
220 0.502779 0.768333 0.745000
221 0.512867 0.758889 0.760000
222 0.512565 0.778889 0.780000
223 0.504675 0.794444 0.760000
224 0.523375 0.767222 0.745000
225 0.521818 0.751667 0.740000
226 0.547711 0.786667 0.775000
227 0.515829 0.751667 0.750000
228 0.513157 0.773889 0.800000
229 0.508824 0.790556 0.795000
230 0.500831 0.758333 0.735000
231 0.524852 0.765556 0.740000
232 0.498538 0.749444 0.735000
233 0.499455 0.762222 0.735000
234 0.515053 0.772222 0.745000
235 0.523044 0.781111 0.760000
236 0.518304 0.760556 0.740000
237 0.513340 0.770000 0.750000
238 0.524122 0.792778 0.775000
239 0.499955 0.770000 0.750000
240 0.514297 0.772222 0.750000
241 0.515506 0.764444 0.735000
242 0.523389 0.788333 0.800000
243 0.518305 0.766667 0.730000
244 0.513821 0.781111 0.775000
245 0.527369 0.773333 0.745000
246 0.516691 0.775556 0.790000
247 0.512295 0.748889 0.750000
248 0.508424 0.774444 0.745000
249 0.506677 0.758333 0.730000
250 0.507209 0.750000 0.745000
251 0.519291 0.780556 0.760000
252 0.520710 0.765000 0.745000
253 0.504893 0.777778 0.780000
254 0.500820 0.768889 0.755000
255 0.508564 0.762222 0.740000
256 0.531090 0.790000 0.755000
257 0.533850 0.769444 0.745000
258 0.510722 0.775000 0.750000
259 0.581595 0.792778 0.785000
260 0.516212 0.777778 0.755000
261 0.506037 0.778333 0.745000
262 0.526253 0.789444 0.780000
263 0.532981 0.788333 0.770000
264 0.538209 0.753889 0.750000
265 0.516220 0.770000 0.750000
266 0.515927 0.786667 0.790000
267 0.527834 0.781667 0.760000
268 0.553774 0.778889 0.750000
269 0.504529 0.782778 0.775000
270 0.512752 0.777778 0.740000
271 0.521735 0.786111 0.760000
272 0.515363 0.789444 0.800000
273 0.519260 0.761667 0.735000
274 0.537578 0.782222 0.765000
275 0.503807 0.757222 0.735000
276 0.520838 0.768333 0.740000
277 0.693613 0.773889 0.745000
278 0.542793 0.772222 0.745000
279 0.497708 0.778333 0.760000
280 0.509733 0.765000 0.740000
281 0.518412 0.757222 0.730000
282 0.496715 0.757778 0.740000
283 0.513814 0.758333 0.735000
284 0.509011 0.780556 0.760000
285 0.503334 0.755000 0.730000
286 0.524191 0.758333 0.745000
287 0.516466 0.754444 0.735000
288 0.503142 0.775000 0.755000
289 0.517052 0.755000 0.735000
290 0.503530 0.758889 0.735000
291 0.520873 0.752222 0.735000
292 0.509336 0.753889 0.735000
293 0.498525 0.775000 0.760000
294 0.531376 0.775556 0.760000
295 0.513071 0.751111 0.730000
296 0.511481 0.763333 0.740000
297 0.490596 0.752222 0.735000
298 0.499831 0.780000 0.790000
299 0.512704 0.775556 0.770000
300 0.522850 0.776667 0.755000
301 0.501960 0.753889 0.730000
302 0.511281 0.771111 0.760000
303 0.500532 0.773889 0.755000
304 0.502781 0.784444 0.765000
305 0.498730 0.771667 0.740000
306 0.504571 0.781111 0.785000
307 0.502834 0.769444 0.750000
308 0.511753 0.765556 0.735000
309 0.513840 0.761667 0.740000
310 0.523978 0.775000 0.740000
311 0.505660 0.783333 0.775000
312 0.505995 0.766667 0.740000
313 0.501912 0.762222 0.735000
314 0.510171 0.757222 0.735000
315 0.507528 0.763889 0.745000
316 0.513896 0.766111 0.750000
317 0.512009 0.766111 0.760000
318 0.501920 0.761111 0.735000
319 0.496953 0.781111 0.790000
320 0.518079 0.770000 0.745000
321 0.511236 0.751667 0.750000
322 0.505868 0.751667 0.740000
323 0.504441 0.766111 0.775000
324 0.516490 0.751667 0.735000
325 0.480834 0.753889 0.740000
326 0.505302 0.760000 0.750000
327 0.522599 0.753889 0.740000
328 0.510251 0.762778 0.740000
329 0.511255 0.768333 0.740000
330 0.493981 0.756667 0.735000
331 0.519385 0.763333 0.745000
332 0.497199 0.755000 0.740000
333 0.511709 0.765000 0.735000
334 0.487195 0.764444 0.765000
335 0.505201 0.762778 0.750000
336 0.493969 0.765000 0.740000
337 0.485241 0.756667 0.740000
338 0.533190 0.783333 0.755000
339 0.512187 0.777222 0.765000
340 0.504177 0.757778 0.745000
341 0.498728 0.766111 0.745000
342 0.503011 0.778889 0.755000
343 0.490231 0.762222 0.740000
344 0.503701 0.776111 0.755000
345 0.509729 0.781667 0.765000
346 0.514127 0.757778 0.750000
347 0.509942 0.748333 0.735000
348 0.513826 0.753889 0.735000
349 0.498236 0.761667 0.745000
350 0.487077 0.752778 0.735000
