1 132.517708 0.503333 0.505000
2 41.089286 0.636111 0.665000
3 19.226248 0.578333 0.620000
4 15.327556 0.683889 0.695000
5 14.734819 0.753889 0.780000
6 14.140481 0.732778 0.755000
7 9.068034 0.650000 0.640000
8 11.880034 0.695556 0.710000
9 10.462608 0.765000 0.765000
10 3.098651 0.727778 0.750000
11 6.828633 0.766111 0.785000
12 3.634481 0.757778 0.770000
13 2.168422 0.640556 0.635000
14 2.924904 0.767778 0.770000
15 1.968037 0.716111 0.720000
16 1.369709 0.700000 0.720000
17 3.256854 0.628889 0.655000
18 3.158676 0.731111 0.735000
19 1.861616 0.708889 0.735000
20 1.992629 0.741111 0.760000
21 1.915451 0.678889 0.675000
22 1.542098 0.713333 0.720000
23 1.219330 0.733333 0.740000
24 1.537920 0.660000 0.675000
25 1.851242 0.757778 0.765000
26 1.210484 0.546111 0.560000
27 0.930880 0.728889 0.730000
28 1.097130 0.625556 0.625000
29 1.152627 0.752222 0.760000
30 1.261084 0.761111 0.785000
31 1.696204 0.647778 0.685000
32 1.541833 0.742778 0.765000
33 1.266915 0.723889 0.730000
34 1.142769 0.706667 0.730000
35 1.007359 0.753889 0.770000
36 1.084653 0.674444 0.705000
37 0.850490 0.721667 0.770000
38 1.076642 0.731111 0.750000
39 1.818533 0.743333 0.775000
40 0.968067 0.754444 0.790000
41 1.060503 0.692222 0.730000
42 0.866930 0.732222 0.750000
43 0.856958 0.771111 0.785000
44 1.155033 0.715000 0.750000
45 1.016501 0.720556 0.730000
46 0.954795 0.727222 0.755000
47 0.802369 0.763333 0.765000
48 0.977987 0.777778 0.780000
49 1.289349 0.735000 0.765000
50 0.691958 0.780000 0.785000
51 0.937030 0.730000 0.740000
52 0.680474 0.663333 0.725000
53 0.607840 0.786667 0.810000
54 0.646579 0.671111 0.730000
55 0.630461 0.692778 0.750000
56 0.642035 0.724444 0.785000
57 0.670790 0.716111 0.750000
58 0.740334 0.781111 0.795000
59 0.715262 0.780556 0.790000
60 0.602877 0.746111 0.755000
61 0.597950 0.737778 0.760000
62 0.690865 0.776111 0.810000
63 0.686235 0.746111 0.790000
64 0.656130 0.770000 0.795000
65 0.650365 0.758333 0.815000
66 0.568472 0.762778 0.820000
67 0.570592 0.772222 0.800000
68 0.805684 0.736111 0.760000
69 0.729036 0.762222 0.810000
70 0.658826 0.765000 0.780000
71 0.701803 0.798889 0.795000
72 0.862515 0.780000 0.835000
73 0.838496 0.737778 0.760000
74 0.691263 0.784444 0.800000
75 0.660744 0.749444 0.770000
76 1.010248 0.747778 0.765000
77 0.735587 0.770000 0.800000
78 0.601897 0.750000 0.775000
79 0.759324 0.779444 0.810000
80 0.656114 0.793889 0.805000
81 0.693539 0.795000 0.815000
82 0.632061 0.757222 0.815000
83 0.839316 0.748333 0.800000
84 0.697367 0.745000 0.765000
85 0.624168 0.775000 0.815000
86 0.575246 0.753333 0.775000
87 0.602171 0.788889 0.800000
88 0.651782 0.785556 0.825000
89 0.809726 0.743333 0.765000
90 1.176392 0.750000 0.780000
91 0.709418 0.738889 0.790000
92 0.672665 0.737778 0.760000
93 0.693390 0.786111 0.795000
94 0.604137 0.737778 0.760000
95 0.803899 0.743889 0.760000
96 0.970402 0.736667 0.795000
97 0.717269 0.787778 0.815000
98 0.605421 0.779444 0.800000
99 0.665113 0.783889 0.805000
100 0.566368 0.790000 0.830000
101 0.595193 0.745000 0.775000
102 0.707233 0.743333 0.770000
103 0.558923 0.787222 0.805000
104 0.547163 0.798889 0.815000
105 0.559435 0.768333 0.795000
106 0.559342 0.746667 0.775000
107 0.770390 0.685556 0.735000
108 0.705655 0.755556 0.785000
109 0.585817 0.738889 0.765000
110 0.557278 0.787778 0.815000
111 0.559276 0.757778 0.770000
112 0.598919 0.759444 0.775000
113 0.539262 0.742222 0.760000
114 0.656811 0.742222 0.755000
115 0.535157 0.751667 0.775000
116 0.564211 0.735556 0.755000
117 0.571292 0.763889 0.770000
118 0.593644 0.760556 0.790000
119 0.798185 0.796667 0.835000
120 0.576143 0.793889 0.830000
121 0.902066 0.793889 0.820000
122 0.548326 0.791111 0.805000
123 0.640691 0.767222 0.790000
124 0.580507 0.763889 0.785000
125 0.612067 0.729444 0.785000
126 0.568463 0.791667 0.815000
127 0.617755 0.766667 0.800000
128 0.580694 0.746111 0.770000
129 0.593842 0.770000 0.800000
130 0.592523 0.718333 0.775000
131 0.671369 0.757222 0.785000
132 0.592551 0.753889 0.780000
133 0.606432 0.716667 0.780000
134 0.815803 0.782778 0.825000
135 0.582978 0.789444 0.815000
136 0.569161 0.773889 0.780000
137 0.741823 0.791111 0.820000
138 0.592156 0.763889 0.770000
139 0.683435 0.770556 0.785000
140 0.561578 0.740000 0.765000
141 0.528629 0.787222 0.795000
142 0.580639 0.777778 0.795000
143 0.536716 0.756667 0.770000
144 0.558274 0.738889 0.750000
145 0.548931 0.777778 0.810000
146 0.590870 0.753889 0.770000
147 0.584667 0.731111 0.765000
148 0.644129 0.797222 0.825000
149 0.560741 0.787222 0.825000
150 0.542569 0.802778 0.825000
151 0.596346 0.762222 0.780000
152 0.605705 0.787222 0.800000
153 0.542735 0.751667 0.770000
154 0.547718 0.776111 0.795000
155 0.540652 0.735556 0.760000
156 0.552493 0.785556 0.805000
157 0.526040 0.767778 0.785000
158 0.534044 0.773333 0.790000
159 0.559520 0.802222 0.835000
160 0.651125 0.734444 0.765000
161 0.628058 0.794444 0.815000
162 0.538538 0.793889 0.810000
163 0.540836 0.798333 0.825000
164 0.544465 0.725000 0.780000
165 0.564899 0.761111 0.770000
166 0.582837 0.782778 0.805000
167 0.535777 0.746111 0.775000
168 0.562833 0.761667 0.785000
169 0.616793 0.800000 0.830000
170 0.535620 0.752222 0.775000
171 0.550354 0.741111 0.755000
172 0.543196 0.753333 0.785000
173 0.533853 0.738889 0.755000
174 0.540054 0.796111 0.810000
175 0.528901 0.763889 0.805000
176 0.543945 0.751667 0.780000
177 0.543621 0.758889 0.785000
178 0.592895 0.767222 0.775000
179 0.546693 0.739444 0.755000
180 0.558240 0.802778 0.810000
181 0.573047 0.776111 0.785000
182 0.550141 0.788333 0.805000
183 0.643086 0.795000 0.800000
184 0.550077 0.732778 0.755000
185 0.544440 0.773333 0.795000
186 0.549730 0.798889 0.805000
187 0.544703 0.755000 0.760000
188 0.541359 0.761111 0.780000
189 0.558147 0.798333 0.830000
190 0.544467 0.741667 0.775000
191 0.543304 0.765000 0.815000
192 0.519835 0.792778 0.825000
193 0.532433 0.798889 0.810000
194 0.524404 0.798333 0.830000
195 0.538237 0.768333 0.765000
196 0.529231 0.802778 0.820000
197 0.524278 0.769444 0.790000
198 0.559643 0.782222 0.795000
199 0.582042 0.741111 0.760000
200 0.537237 0.782778 0.810000
201 0.542553 0.781667 0.785000
202 0.678363 0.796667 0.820000
203 0.580627 0.755000 0.785000
204 0.522040 0.773333 0.800000
205 0.599844 0.785556 0.795000
206 0.538392 0.803889 0.825000
207 0.509782 0.781111 0.790000
208 0.524339 0.761111 0.765000
209 0.531311 0.806111 0.820000
210 0.545086 0.765000 0.765000
211 0.530603 0.739444 0.770000
212 0.525447 0.742778 0.760000
213 0.536338 0.755556 0.775000
214 0.525910 0.780000 0.795000
215 0.555788 0.800556 0.815000
216 0.524960 0.769444 0.805000
217 0.523529 0.738333 0.760000
218 0.522204 0.775556 0.805000
219 0.515585 0.751667 0.765000
220 0.523677 0.749444 0.780000
221 0.529642 0.790000 0.815000
222 0.521023 0.765556 0.790000
223 0.544658 0.804444 0.815000
224 0.529160 0.740556 0.760000
225 0.542228 0.750000 0.775000
226 0.535468 0.787778 0.820000
227 0.518772 0.739444 0.760000
228 0.521590 0.790556 0.805000
229 0.522666 0.761111 0.775000
230 0.516029 0.751667 0.785000
231 0.558005 0.740000 0.755000
232 0.524367 0.753333 0.765000
233 0.533001 0.797222 0.815000
234 0.555956 0.815556 0.810000
235 0.536345 0.746111 0.780000
236 0.527926 0.793889 0.805000
237 0.526974 0.766111 0.795000
238 0.544596 0.771667 0.810000
239 0.518868 0.794444 0.810000
240 0.541699 0.751667 0.780000
241 0.527636 0.758333 0.795000
242 0.526887 0.753889 0.770000
243 0.521886 0.741667 0.775000
244 0.529358 0.767222 0.790000
245 0.538791 0.745556 0.775000
246 0.529510 0.792222 0.805000
247 0.526883 0.754444 0.785000
248 0.525172 0.800556 0.800000
249 0.514464 0.752778 0.765000
250 0.515328 0.749444 0.770000
251 0.518274 0.790556 0.820000
252 0.533245 0.748889 0.780000
253 0.517878 0.762222 0.780000
254 0.516492 0.747222 0.770000
255 0.521528 0.758889 0.795000
256 0.513122 0.748333 0.775000
257 0.521700 0.764444 0.790000
258 0.513939 0.781111 0.825000
259 0.521269 0.792778 0.810000
260 0.526909 0.763889 0.800000
261 0.527941 0.799444 0.815000
262 0.531595 0.758333 0.790000
263 0.515236 0.743333 0.765000
264 0.515368 0.758889 0.785000
265 0.517016 0.768889 0.800000
266 0.515520 0.778889 0.810000
267 0.515624 0.797222 0.820000
268 0.534770 0.762222 0.805000
269 0.509943 0.741111 0.770000
270 0.498178 0.746111 0.780000
271 0.533324 0.772222 0.805000
272 0.514935 0.748333 0.775000
273 0.508263 0.752222 0.780000
274 0.505252 0.771667 0.810000
275 0.512303 0.756667 0.795000
276 0.522428 0.773333 0.815000
277 0.527219 0.758333 0.780000
278 0.506760 0.741667 0.775000
279 0.514801 0.755556 0.785000
280 0.511735 0.748333 0.770000
281 0.527821 0.741111 0.770000
282 0.521872 0.748889 0.775000
283 0.513931 0.777778 0.815000
284 0.518983 0.805556 0.830000
285 0.515512 0.743889 0.785000
286 0.520828 0.765556 0.800000
287 0.511286 0.748333 0.775000
288 0.513819 0.747222 0.775000
289 0.511137 0.765000 0.810000
290 0.511439 0.782222 0.810000
291 0.524647 0.739444 0.770000
292 0.515023 0.761111 0.790000
293 0.507610 0.741111 0.770000
294 0.513084 0.748889 0.785000
295 0.554307 0.756111 0.800000
296 0.515914 0.755556 0.795000
297 0.508458 0.739444 0.775000
298 0.515689 0.789444 0.800000
299 0.526159 0.763333 0.800000
300 0.519362 0.793333 0.815000
301 0.513758 0.748889 0.775000
302 0.519399 0.755000 0.790000
303 0.507667 0.768333 0.800000
304 0.517075 0.789444 0.810000
305 0.512371 0.760000 0.790000
306 0.516684 0.783889 0.815000
307 0.508466 0.776111 0.820000
308 0.525770 0.780000 0.810000
309 0.531208 0.756111 0.790000
310 0.526071 0.751111 0.790000
311 0.514080 0.759444 0.800000
312 0.518726 0.746667 0.775000
313 0.511915 0.744444 0.775000
314 0.507150 0.766111 0.805000
315 0.504485 0.771111 0.800000
316 0.512708 0.753889 0.795000
317 0.511753 0.760000 0.790000
318 0.515009 0.770556 0.815000
319 0.514564 0.747778 0.780000
320 0.517264 0.781111 0.825000
321 0.513155 0.753889 0.800000
322 0.510561 0.748333 0.775000
323 0.536841 0.761111 0.790000
324 0.523726 0.775556 0.815000
325 0.509788 0.785000 0.805000
326 0.510223 0.771111 0.800000
327 0.516386 0.778333 0.815000
328 0.509367 0.748333 0.790000
329 0.510638 0.771111 0.795000
330 0.518150 0.749444 0.775000
331 0.503401 0.740000 0.775000
332 0.499890 0.751111 0.780000
333 0.514717 0.764444 0.815000
334 0.510097 0.748889 0.770000
335 0.511712 0.753889 0.780000
336 0.503716 0.772778 0.810000
337 0.502708 0.754444 0.775000
338 0.519657 0.789444 0.820000
339 0.507551 0.768889 0.815000
340 0.505424 0.761111 0.795000
341 0.517025 0.755000 0.780000
342 0.506538 0.805000 0.825000
343 0.503544 0.741111 0.765000
344 0.502126 0.777778 0.820000
345 0.503700 0.752222 0.770000
346 0.506756 0.769444 0.800000
347 0.503554 0.756111 0.785000
348 0.521836 0.783889 0.795000
349 0.515748 0.772222 0.800000
350 0.517745 0.757222 0.775000
