1 362.582276 0.230051 0.222000
2 169.512793 0.347411 0.368000
3 38.058227 0.411425 0.400000
4 38.463755 0.475661 0.458000
5 33.096039 0.471216 0.434000
6 28.364337 0.464992 0.438000
7 23.273620 0.460769 0.438000
8 18.817069 0.411869 0.398000
9 14.778519 0.376528 0.368000
10 11.514467 0.490331 0.452000
11 7.967377 0.459658 0.438000
12 8.544270 0.482552 0.482000
13 7.146169 0.518115 0.460000
14 7.303690 0.449878 0.430000
15 7.253021 0.378306 0.350000
16 7.060310 0.438542 0.428000
17 5.195701 0.489664 0.462000
18 5.010280 0.433874 0.438000
19 3.697220 0.382974 0.380000
20 3.858135 0.441654 0.388000
21 3.490973 0.450545 0.434000
22 3.149855 0.456990 0.450000
23 2.823659 0.510558 0.458000
24 3.434127 0.499000 0.460000
25 3.210830 0.441431 0.428000
26 3.568380 0.376750 0.374000
27 2.934709 0.474328 0.428000
28 2.663398 0.481885 0.450000
29 3.069340 0.489442 0.444000
30 2.640953 0.396977 0.394000
31 2.858838 0.489442 0.472000
32 2.281313 0.502556 0.498000
33 2.345203 0.384752 0.382000
34 2.376417 0.488553 0.462000
35 2.206588 0.452990 0.444000
36 2.065313 0.435208 0.422000
37 2.109319 0.468104 0.456000
38 2.434103 0.485663 0.458000
39 1.958030 0.424983 0.414000
40 2.073432 0.474994 0.444000
41 1.930151 0.454101 0.434000
42 2.235435 0.458769 0.456000
43 2.018618 0.469438 0.466000
44 2.177269 0.445877 0.426000
45 1.972617 0.472105 0.456000
46 1.961865 0.445877 0.440000
47 2.021492 0.448766 0.438000
48 2.006985 0.454768 0.446000
49 2.245902 0.490331 0.464000
50 1.596359 0.478551 0.448000
51 1.515464 0.504112 0.456000
52 1.494401 0.430762 0.418000
53 1.656507 0.446988 0.438000
54 1.563718 0.468104 0.468000
55 1.633507 0.427206 0.406000
56 1.657821 0.484552 0.474000
57 1.569252 0.477217 0.460000
58 1.548314 0.516115 0.480000
59 1.566323 0.507224 0.488000
60 1.533869 0.450989 0.434000
61 1.736995 0.467215 0.440000
62 1.630568 0.403201 0.384000
63 1.614924 0.505001 0.490000
64 1.741074 0.515892 0.476000
65 1.548657 0.474328 0.458000
66 3.935654 0.448766 0.424000
67 1.685708 0.515892 0.490000
68 1.554033 0.499222 0.478000
69 1.647255 0.450100 0.412000
70 1.586968 0.503890 0.506000
