1 364.289413 0.281123 0.284458
2 157.937354 0.365628 0.368677
3 57.691922 0.423150 0.429706
4 35.889760 0.423218 0.427690
5 33.709867 0.428175 0.425884
6 30.500542 0.427219 0.426083
7 25.538566 0.428130 0.429090
8 22.171087 0.422863 0.416683
9 18.356844 0.438577 0.438683
10 14.910353 0.441510 0.436290
11 13.621010 0.441843 0.439904
12 12.402818 0.437844 0.433682
13 10.251247 0.434954 0.421286
14 8.532106 0.425750 0.426506
15 8.254035 0.443888 0.441903
16 7.020970 0.443223 0.439480
17 6.132342 0.437355 0.443283
18 5.247714 0.430621 0.430672
19 5.002326 0.421039 0.415093
20 4.334817 0.467938 0.457505
21 4.298603 0.436043 0.434483
22 3.888952 0.427198 0.427074
23 3.130197 0.463380 0.459509
24 3.197521 0.453846 0.455900
25 3.277853 0.418462 0.421678
26 2.953733 0.446621 0.446507
27 2.940961 0.456092 0.445894
28 2.928324 0.420328 0.420898
29 2.606655 0.436467 0.433074
30 2.355225 0.437200 0.436273
31 2.281152 0.475895 0.482303
32 2.412003 0.452068 0.453102
33 2.271290 0.410460 0.409084
34 2.340039 0.460404 0.455083
35 2.216421 0.448579 0.445493
36 2.176699 0.417085 0.423273
37 2.264243 0.417105 0.419097
38 2.170796 0.475428 0.473705
39 2.016923 0.455601 0.450307
40 2.027238 0.467027 0.469703
41 1.985812 0.455470 0.448088
42 2.167436 0.443022 0.440489
43 2.276229 0.442245 0.442479
44 2.082227 0.431041 0.433300
45 2.159893 0.421594 0.422305
46 2.070025 0.454602 0.451497
47 1.909550 0.440732 0.446095
48 1.944589 0.419816 0.425495
49 2.006945 0.431709 0.423879
50 1.623842 0.465070 0.469707
51 1.528400 0.466182 0.463301
52 1.548226 0.474962 0.474690
53 1.530845 0.475228 0.472099
54 1.505361 0.482319 0.482695
55 1.582654 0.420194 0.417301
56 1.597916 0.476362 0.476096
57 1.524181 0.475274 0.472489
58 1.502557 0.480384 0.475712
59 1.586884 0.460648 0.454696
60 1.549940 0.483874 0.481103
61 1.744731 0.462381 0.454900
62 1.727559 0.440376 0.438501
63 1.753433 0.496099 0.499510
64 1.667401 0.476451 0.473897
65 1.676910 0.463070 0.461301
66 1.882181 0.463048 0.451096
67 1.600637 0.474029 0.463487
68 1.637835 0.458872 0.457674
69 1.657415 0.467493 0.467095
70 1.696926 0.459714 0.458900
