1 3.564651 0.648387 0.647059
2 1.513587 0.696774 0.647059
3 2.059147 0.709677 0.647059
4 1.402779 0.706452 0.588235
5 0.946136 0.767742 0.676471
6 0.887555 0.629032 0.617647
7 0.807645 0.774194 0.588235
8 0.708157 0.751613 0.647059
9 0.608561 0.712903 0.676471
10 0.656639 0.751613 0.647059
11 0.595078 0.803226 0.617647
12 0.580304 0.745161 0.588235
13 0.600444 0.816129 0.588235
14 0.424828 0.783871 0.647059
15 0.411473 0.819355 0.617647
16 0.477912 0.835484 0.735294
17 0.383972 0.812903 0.647059
18 0.427836 0.822581 0.647059
19 0.316343 0.861290 0.558824
20 0.408766 0.890323 0.705882
21 0.428295 0.867742 0.529412
22 0.359486 0.832258 0.617647
23 0.292689 0.900000 0.617647
24 0.247981 0.877419 0.617647
25 0.294709 0.816129 0.705882
26 0.450321 0.777419 0.617647
27 0.264676 0.883871 0.617647
28 0.241705 0.896774 0.676471
29 0.224591 0.896774 0.558824
30 0.266364 0.909677 0.529412
31 0.189974 0.967742 0.558824
32 0.192844 0.919355 0.735294
33 0.181000 0.890323 0.617647
34 0.253492 0.964516 0.617647
35 0.389520 0.912903 0.735294
36 0.309821 0.922581 0.558824
37 0.214849 0.951613 0.558824
38 0.181148 0.906452 0.588235
39 0.148315 0.990323 0.558824
40 0.256339 0.925806 0.617647
41 0.192055 0.970968 0.617647
42 0.132585 0.964516 0.676471
43 0.335256 0.954839 0.617647
44 0.218526 0.974194 0.558824
45 0.189043 0.964516 0.617647
46 0.144398 0.903226 0.558824
47 0.347117 0.774194 0.529412
48 0.280801 0.977419 0.647059
49 0.125274 0.983871 0.647059
50 0.088501 0.980645 0.588235
51 0.085320 0.993548 0.588235
52 0.086435 0.993548 0.676471
53 0.076652 0.996774 0.588235
54 0.067580 0.996774 0.588235
55 0.080196 0.993548 0.617647
56 0.074576 0.996774 0.617647
57 0.065024 0.967742 0.588235
58 0.071507 0.983871 0.617647
59 0.075374 0.987097 0.617647
60 0.078761 0.996774 0.588235
61 0.072143 0.993548 0.588235
62 0.061344 0.996774 0.647059
63 0.074270 0.990323 0.588235
64 0.116581 0.980645 0.647059
65 0.100423 0.974194 0.647059
66 0.079309 0.993548 0.588235
67 0.090291 0.990323 0.647059
68 0.096272 0.990323 0.529412
69 0.082600 0.990323 0.676471
70 0.066134 0.996774 0.617647
71 0.100452 0.996774 0.676471
72 0.067892 0.996774 0.647059
73 0.057561 0.996774 0.676471
74 0.060653 0.996774 0.588235
75 0.063284 0.993548 0.647059
76 0.063045 0.996774 0.617647
77 0.057982 0.993548 0.617647
78 0.081135 0.996774 0.617647
79 0.084149 0.954839 0.617647
80 0.125051 0.977419 0.705882
81 0.140592 0.790323 0.558824
82 0.144382 0.987097 0.588235
83 0.077379 0.996774 0.647059
84 0.062934 0.996774 0.617647
85 0.055852 0.996774 0.588235
86 0.077358 0.987097 0.529412
87 0.141111 0.977419 0.647059
88 0.110990 0.967742 0.647059
89 0.084674 0.996774 0.588235
90 0.057247 0.996774 0.588235
91 0.054283 0.987097 0.558824
92 0.067432 0.983871 0.500000
93 0.080841 0.977419 0.617647
94 0.073772 0.987097 0.676471
95 0.084521 0.970968 0.558824
96 0.061494 0.996774 0.617647
97 0.067340 0.996774 0.617647
98 0.066166 0.996774 0.617647
99 0.086734 0.906452 0.617647
100 0.074508 0.996774 0.676471
101 0.041524 0.996774 0.676471
102 0.044282 0.996774 0.647059
103 0.044108 0.996774 0.676471
104 0.041146 0.996774 0.647059
105 0.042370 0.996774 0.676471
106 0.050287 0.996774 0.647059
107 0.043293 0.996774 0.676471
108 0.045024 0.996774 0.558824
109 0.041986 0.996774 0.617647
110 0.039648 0.996774 0.617647
111 0.043520 0.996774 0.617647
112 0.048507 0.996774 0.647059
113 0.046389 0.996774 0.647059
114 0.049219 0.996774 0.647059
115 0.048775 0.996774 0.647059
116 0.051374 0.996774 0.588235
117 0.041185 0.996774 0.617647
118 0.044059 0.996774 0.647059
119 0.037238 0.996774 0.617647
120 0.044321 0.996774 0.647059
121 0.049833 0.996774 0.617647
122 0.051549 0.996774 0.588235
123 0.046412 0.996774 0.558824
124 0.043079 0.996774 0.617647
125 0.041937 0.996774 0.617647
126 0.043406 0.996774 0.647059
127 0.043155 0.996774 0.617647
128 0.039615 0.996774 0.617647
129 0.045647 0.990323 0.617647
130 0.137570 0.935484 0.617647
131 0.159856 0.958065 0.617647
132 0.171415 0.967742 0.617647
133 0.084962 0.996774 0.647059
134 0.047209 0.996774 0.676471
135 0.045823 0.996774 0.647059
136 0.047901 0.996774 0.676471
137 0.056140 0.996774 0.647059
138 0.040183 0.996774 0.617647
139 0.046560 0.996774 0.676471
140 0.041862 0.996774 0.647059
141 0.042924 0.996774 0.588235
142 0.054363 0.996774 0.617647
143 0.038911 0.990323 0.647059
144 0.041818 0.996774 0.647059
145 0.043968 0.996774 0.588235
146 0.039873 0.996774 0.647059
147 0.040692 0.996774 0.676471
148 0.043797 0.996774 0.647059
149 0.042286 0.996774 0.676471
150 0.041509 0.996774 0.676471
151 0.038780 0.996774 0.676471
152 0.036005 0.996774 0.617647
153 0.034666 0.996774 0.617647
154 0.035628 0.996774 0.647059
155 0.038714 0.996774 0.647059
156 0.038367 0.996774 0.676471
157 0.034459 0.996774 0.676471
158 0.035947 0.996774 0.647059
159 0.039023 0.996774 0.647059
160 0.041103 0.996774 0.647059
161 0.040119 0.996774 0.676471
162 0.036861 0.996774 0.647059
163 0.036983 0.996774 0.647059
164 0.037720 0.996774 0.617647
165 0.032189 0.996774 0.676471
166 0.037532 0.996774 0.617647
167 0.035754 0.996774 0.647059
168 0.038805 0.996774 0.647059
169 0.035422 0.996774 0.617647
170 0.037978 0.996774 0.647059
171 0.038882 0.996774 0.617647
172 0.045330 0.996774 0.617647
173 0.041606 0.996774 0.676471
174 0.035733 0.996774 0.676471
175 0.038053 0.996774 0.676471
176 0.043102 0.996774 0.647059
177 0.034981 0.996774 0.647059
178 0.034620 0.996774 0.676471
179 0.037516 0.996774 0.676471
180 0.041783 0.996774 0.676471
181 0.033936 0.996774 0.617647
182 0.040346 0.996774 0.617647
183 0.033771 0.996774 0.676471
184 0.042646 0.996774 0.647059
185 0.033847 0.996774 0.647059
186 0.036009 0.996774 0.647059
187 0.039398 0.996774 0.676471
188 0.036900 0.996774 0.676471
189 0.035297 0.996774 0.617647
190 0.035216 0.996774 0.676471
191 0.042337 0.993548 0.647059
192 0.063034 0.993548 0.647059
193 0.059753 0.996774 0.617647
194 0.041566 0.996774 0.617647
195 0.043101 0.996774 0.647059
196 0.034300 0.996774 0.676471
197 0.033977 0.996774 0.647059
198 0.036302 0.996774 0.647059
199 0.041556 0.996774 0.676471
200 0.031521 0.996774 0.676471
201 0.033701 0.996774 0.676471
202 0.035829 0.996774 0.647059
203 0.033177 0.996774 0.676471
204 0.033070 0.996774 0.676471
205 0.031162 0.996774 0.676471
206 0.032247 0.996774 0.676471
207 0.030638 0.996774 0.676471
208 0.035866 0.996774 0.676471
209 0.035135 0.996774 0.647059
210 0.031578 0.996774 0.647059
211 0.031893 0.996774 0.647059
212 0.035228 0.996774 0.676471
213 0.031452 0.996774 0.647059
214 0.034113 0.996774 0.676471
215 0.031415 0.996774 0.676471
216 0.032932 0.996774 0.647059
217 0.030764 0.996774 0.676471
218 0.033504 0.996774 0.676471
219 0.032866 0.996774 0.676471
220 0.031311 0.996774 0.647059
221 0.029499 0.996774 0.676471
222 0.032073 0.996774 0.676471
223 0.033305 0.996774 0.676471
224 0.030194 0.996774 0.617647
225 0.031518 0.996774 0.676471
226 0.032270 0.996774 0.676471
227 0.031672 0.996774 0.676471
228 0.030520 0.996774 0.617647
229 0.032626 0.996774 0.676471
230 0.032429 0.996774 0.676471
231 0.032433 0.996774 0.676471
232 0.034191 0.996774 0.676471
233 0.039809 0.996774 0.588235
234 0.029011 0.996774 0.647059
235 0.031642 0.996774 0.647059
236 0.028241 0.996774 0.647059
237 0.032655 0.996774 0.647059
238 0.028733 0.996774 0.647059
239 0.031218 0.996774 0.617647
240 0.031350 0.996774 0.617647
241 0.032616 0.996774 0.617647
242 0.031829 0.996774 0.676471
243 0.028984 0.996774 0.617647
244 0.035703 0.996774 0.647059
245 0.027816 0.996774 0.647059
246 0.034165 0.996774 0.647059
247 0.027418 0.996774 0.647059
248 0.032050 0.996774 0.647059
249 0.031651 0.996774 0.647059
250 0.029710 0.996774 0.647059
251 0.028785 0.996774 0.647059
252 0.029187 0.996774 0.647059
253 0.027668 0.996774 0.676471
254 0.030036 0.996774 0.647059
255 0.028498 0.996774 0.676471
256 0.029394 0.996774 0.617647
257 0.027127 0.996774 0.676471
258 0.030268 0.996774 0.647059
259 0.030563 0.996774 0.617647
260 0.027674 0.996774 0.647059
261 0.030949 0.996774 0.617647
262 0.031272 0.996774 0.617647
263 0.030829 0.996774 0.676471
264 0.031259 0.996774 0.617647
265 0.029781 0.996774 0.617647
266 0.030102 0.996774 0.617647
267 0.030339 0.996774 0.617647
268 0.031300 0.996774 0.617647
269 0.026946 0.996774 0.647059
270 0.030868 0.996774 0.617647
271 0.030855 0.996774 0.617647
272 0.030748 0.996774 0.617647
273 0.028923 0.996774 0.588235
274 0.031567 0.996774 0.617647
275 0.027252 0.996774 0.617647
276 0.029736 0.996774 0.617647
277 0.028006 0.996774 0.617647
278 0.028566 0.996774 0.647059
279 0.029114 0.996774 0.647059
280 0.027069 0.996774 0.617647
281 0.033857 0.996774 0.617647
282 0.028460 0.996774 0.588235
283 0.028325 0.996774 0.617647
284 0.028171 0.996774 0.647059
285 0.028505 0.996774 0.647059
286 0.025914 0.996774 0.617647
287 0.030095 0.996774 0.647059
288 0.028214 0.996774 0.588235
289 0.031105 0.996774 0.647059
290 0.032607 0.996774 0.617647
291 0.026265 0.996774 0.617647
292 0.026518 0.996774 0.617647
293 0.029533 0.996774 0.617647
294 0.028060 0.996774 0.617647
295 0.031309 0.996774 0.617647
296 0.029081 0.996774 0.647059
297 0.029876 0.996774 0.617647
298 0.028452 0.996774 0.617647
299 0.029175 0.996774 0.617647
300 0.029396 0.996774 0.617647
301 0.028398 0.996774 0.647059
302 0.030226 0.996774 0.617647
303 0.032271 0.996774 0.617647
304 0.026405 0.996774 0.647059
305 0.028586 0.996774 0.617647
306 0.027421 0.996774 0.617647
307 0.028056 0.996774 0.647059
308 0.025392 0.996774 0.617647
309 0.028197 0.996774 0.647059
310 0.031522 0.996774 0.617647
311 0.028470 0.996774 0.617647
312 0.027081 0.996774 0.617647
313 0.027394 0.996774 0.617647
314 0.025717 0.996774 0.617647
315 0.029577 0.996774 0.617647
316 0.027552 0.996774 0.647059
317 0.028505 0.996774 0.647059
318 0.026566 0.996774 0.617647
319 0.028545 0.996774 0.588235
320 0.025899 0.996774 0.588235
321 0.027647 0.996774 0.617647
322 0.027325 0.996774 0.588235
323 0.025636 0.996774 0.617647
324 0.026588 0.996774 0.647059
325 0.029307 0.996774 0.647059
326 0.027514 0.996774 0.647059
327 0.026151 0.996774 0.647059
328 0.026637 0.996774 0.647059
329 0.027749 0.996774 0.617647
330 0.027728 0.996774 0.647059
331 0.026622 0.996774 0.647059
332 0.028059 0.996774 0.647059
333 0.027322 0.996774 0.617647
334 0.026512 0.996774 0.588235
335 0.026827 0.996774 0.617647
336 0.025653 0.996774 0.617647
337 0.026298 0.996774 0.617647
338 0.029236 0.996774 0.588235
339 0.028623 0.996774 0.617647
340 0.028277 0.996774 0.588235
341 0.026583 0.996774 0.588235
342 0.028885 0.996774 0.588235
343 0.028322 0.996774 0.588235
344 0.026564 0.996774 0.588235
345 0.029388 0.996774 0.617647
346 0.027915 0.996774 0.588235
347 0.028749 0.996774 0.617647
348 0.029755 0.996774 0.617647
349 0.027467 0.996774 0.617647
350 0.030427 0.996774 0.617647
