1 6.658933 0.746889 0.748000
2 1.568770 0.709333 0.712000
3 1.339902 0.716222 0.728000
4 1.168943 0.734222 0.734000
5 1.237939 0.748222 0.742000
6 0.827099 0.736222 0.730000
7 1.089014 0.764222 0.778000
8 0.831998 0.747778 0.742000
9 0.736999 0.766222 0.770000
10 0.651635 0.745556 0.734000
11 0.600729 0.772222 0.772000
12 0.611268 0.774889 0.760000
13 0.633170 0.767778 0.758000
14 0.585198 0.765778 0.750000
15 0.619304 0.771333 0.764000
16 0.675978 0.751778 0.750000
17 0.653792 0.775333 0.754000
18 0.571123 0.791333 0.764000
19 0.556061 0.791556 0.772000
20 0.560763 0.792667 0.786000
21 0.542216 0.776667 0.748000
22 0.575867 0.782222 0.764000
23 0.548513 0.802889 0.780000
24 0.548548 0.799111 0.768000
25 0.573399 0.796000 0.774000
26 0.580237 0.791111 0.782000
27 0.548295 0.779111 0.770000
28 0.539767 0.807333 0.770000
29 0.526769 0.796444 0.776000
30 0.526969 0.814667 0.782000
