1 3.182400 0.484444 0.500000
2 1.722499 0.460000 0.480000
3 1.805929 0.454815 0.346667
4 1.658608 0.530370 0.480000
5 2.096672 0.474074 0.433333
6 2.247674 0.491111 0.446667
7 1.208787 0.527407 0.473333
8 1.298265 0.523704 0.486667
9 1.093356 0.529630 0.480000
10 1.196754 0.531852 0.453333
11 1.208490 0.540000 0.493333
12 1.051166 0.542222 0.473333
13 1.004608 0.554074 0.500000
14 1.041277 0.540741 0.473333
15 0.972084 0.541481 0.500000
16 0.955546 0.554815 0.500000
17 1.201689 0.537778 0.453333
18 1.232923 0.493333 0.466667
19 1.024576 0.551111 0.526667
20 1.009706 0.542963 0.500000
21 1.136384 0.545185 0.493333
22 0.972001 0.544444 0.493333
23 0.978968 0.523704 0.500000
24 1.060935 0.549630 0.506667
25 1.002294 0.555556 0.486667
26 0.942395 0.559259 0.500000
27 0.935948 0.560741 0.440000
28 0.918914 0.558519 0.493333
29 0.927139 0.568889 0.500000
30 0.955845 0.561481 0.486667
31 0.940673 0.570370 0.486667
32 0.918404 0.554815 0.460000
33 0.924263 0.567407 0.506667
34 0.915113 0.576296 0.473333
35 0.958333 0.554074 0.486667
36 0.922438 0.538519 0.453333
37 0.939699 0.570370 0.526667
38 0.907393 0.588148 0.526667
39 0.900459 0.552593 0.500000
40 0.896538 0.582963 0.486667
41 0.907382 0.556296 0.440000
42 0.924796 0.565185 0.460000
43 0.967156 0.550370 0.493333
44 0.935345 0.566667 0.466667
45 0.937450 0.573333 0.500000
46 0.932547 0.581481 0.513333
47 0.895304 0.584444 0.500000
48 0.898887 0.581481 0.486667
49 0.889943 0.590370 0.460000
50 0.871102 0.594815 0.500000
51 0.855078 0.592593 0.466667
52 0.861310 0.605926 0.480000
53 0.864626 0.602222 0.480000
54 0.869292 0.595556 0.493333
55 0.849645 0.604444 0.480000
56 0.843492 0.610370 0.460000
57 0.855895 0.599259 0.486667
58 0.858765 0.607407 0.486667
59 0.852601 0.620000 0.473333
60 0.827320 0.620000 0.486667
61 0.828131 0.617778 0.480000
62 0.850140 0.622963 0.460000
63 0.846464 0.611852 0.493333
64 0.834293 0.604444 0.473333
65 0.846133 0.606667 0.480000
66 0.868870 0.596296 0.486667
67 0.850497 0.623704 0.486667
68 0.822292 0.622963 0.486667
69 0.823356 0.625185 0.493333
70 0.826148 0.626667 0.473333
