1 3.459054 0.452593 0.406667
2 2.206405 0.529630 0.446667
3 1.578605 0.537778 0.486667
4 1.389772 0.531111 0.520000
5 1.054918 0.517037 0.520000
6 1.117229 0.458519 0.453333
7 1.027562 0.545926 0.506667
8 1.136184 0.547407 0.520000
9 1.085375 0.537778 0.480000
10 1.099773 0.531111 0.466667
11 1.030452 0.510370 0.446667
12 1.141165 0.545926 0.500000
13 1.034529 0.537037 0.440000
14 0.967365 0.549630 0.520000
15 0.982078 0.542222 0.506667
16 1.055974 0.534074 0.500000
17 0.995023 0.502963 0.460000
18 0.966980 0.540741 0.493333
19 0.968488 0.550370 0.473333
20 0.948419 0.555556 0.473333
21 1.005824 0.536296 0.440000
22 0.965349 0.536296 0.480000
23 0.947671 0.541481 0.453333
24 0.969041 0.551111 0.466667
25 0.966872 0.551111 0.526667
26 0.931913 0.554815 0.500000
27 0.954539 0.542222 0.440000
28 0.965941 0.554815 0.466667
29 0.943495 0.557037 0.526667
30 0.961292 0.523704 0.473333
31 0.965007 0.553333 0.520000
32 0.997478 0.497778 0.486667
33 0.987546 0.541481 0.440000
34 0.947153 0.549630 0.520000
35 0.934376 0.560000 0.506667
36 0.939264 0.553333 0.486667
37 0.923197 0.563704 0.506667
38 0.926934 0.558519 0.486667
39 0.908901 0.551852 0.480000
40 0.917977 0.571852 0.520000
41 0.918231 0.549630 0.453333
42 0.916855 0.560000 0.513333
43 0.919651 0.565926 0.500000
44 0.911396 0.541481 0.453333
45 0.919107 0.568889 0.500000
46 0.933462 0.568889 0.520000
47 0.914830 0.568148 0.533333
48 0.918883 0.551111 0.493333
49 0.934845 0.555556 0.486667
50 0.907560 0.567407 0.526667
51 0.903799 0.574815 0.520000
52 0.889284 0.569630 0.500000
53 0.896452 0.558519 0.480000
54 0.898292 0.572593 0.473333
55 0.905201 0.568148 0.506667
56 0.914547 0.573333 0.500000
57 0.887724 0.571852 0.473333
58 0.891055 0.577778 0.500000
59 0.890145 0.570370 0.460000
60 0.896362 0.577037 0.480000
61 0.881789 0.576296 0.493333
62 0.888078 0.580000 0.506667
63 0.882141 0.583704 0.506667
64 0.879729 0.584444 0.500000
65 0.877185 0.585926 0.500000
66 0.880185 0.580000 0.486667
67 0.889344 0.582963 0.533333
68 0.883112 0.579259 0.513333
69 0.884648 0.579259 0.486667
70 0.887470 0.594074 0.513333
