1 4.049701 0.564207 0.559611
2 1.972978 0.652609 0.649635
3 1.519443 0.691538 0.710462
4 1.105851 0.715599 0.744526
5 1.264105 0.590160 0.579075
6 1.095737 0.693431 0.705596
7 1.204712 0.693160 0.722628
8 1.141332 0.640173 0.664234
9 1.021093 0.723979 0.742092
10 0.923925 0.726683 0.761557
11 0.898732 0.707759 0.695864
12 0.835215 0.741822 0.771290
13 0.714037 0.754258 0.756691
14 0.718327 0.751825 0.742092
15 0.697299 0.698297 0.725061
16 0.814001 0.718032 0.710462
17 0.689059 0.768316 0.768856
18 0.654960 0.754799 0.729927
19 0.586132 0.736956 0.722628
20 0.604616 0.741281 0.729927
21 0.614835 0.755880 0.768856
22 0.558135 0.727764 0.749392
23 0.533344 0.793728 0.778589
24 0.512154 0.689646 0.700730
25 0.525600 0.778318 0.754258
26 0.529495 0.808327 0.788321
27 0.499830 0.802920 0.742092
28 0.523015 0.742903 0.715328
29 0.501225 0.758854 0.739659
30 0.476870 0.803190 0.778589
31 0.469372 0.824547 0.783455
32 0.490689 0.815896 0.795620
33 0.451815 0.811571 0.781022
34 0.474267 0.819140 0.785888
35 0.447602 0.834550 0.824818
36 0.463979 0.828332 0.800487
37 0.445255 0.808327 0.781022
38 0.439297 0.841579 0.822384
39 0.434528 0.826980 0.817518
40 0.420377 0.822655 0.783455
41 0.449316 0.827521 0.785888
42 0.440610 0.794809 0.756691
43 0.446507 0.844553 0.829684
44 0.455446 0.819951 0.783455
45 0.432408 0.832928 0.798054
46 0.404349 0.804812 0.781022
47 0.420688 0.848608 0.827251
48 0.415589 0.849419 0.824818
49 0.383087 0.833469 0.785888
50 0.396821 0.849419 0.815085
51 0.358475 0.879968 0.824818
52 0.361257 0.872128 0.824818
53 0.372105 0.860232 0.812652
54 0.352069 0.885915 0.815085
55 0.347444 0.890511 0.829684
56 0.336279 0.889970 0.817518
57 0.365990 0.876994 0.839416
58 0.337484 0.874290 0.819951
59 0.352759 0.869965 0.807786
60 0.372006 0.874290 0.819951
61 0.343259 0.891322 0.812652
62 0.345009 0.891592 0.824818
63 0.342556 0.865369 0.807786
64 0.334906 0.889159 0.817518
65 0.301978 0.901054 0.856448
66 0.325735 0.887537 0.802920
67 0.325199 0.878345 0.841849
68 0.336838 0.889159 0.829684
69 0.308637 0.887808 0.817518
70 0.338712 0.884563 0.827251
71 0.311030 0.862936 0.795620
72 0.306597 0.872128 0.790754
73 0.337252 0.898351 0.824818
74 0.316674 0.892674 0.824818
75 0.302304 0.892403 0.849148
76 0.305752 0.903758 0.834550
77 0.309912 0.911868 0.834550
78 0.290679 0.906732 0.827251
79 0.306151 0.900243 0.829684
80 0.324304 0.893214 0.812652
81 0.286806 0.907002 0.822384
82 0.296291 0.884834 0.827251
83 0.292445 0.902676 0.824818
84 0.290717 0.877264 0.810219
85 0.287769 0.897540 0.839416
86 0.273336 0.876994 0.805353
87 0.275504 0.903217 0.822384
88 0.299669 0.899973 0.817518
89 0.336780 0.921330 0.836983
90 0.279742 0.908354 0.815085
91 0.290988 0.919438 0.819951
92 0.285742 0.904839 0.817518
93 0.289697 0.915112 0.817518
94 0.268334 0.910516 0.822384
95 0.315653 0.892944 0.824818
96 0.297222 0.908624 0.827251
97 0.269177 0.917275 0.832117
98 0.270504 0.872128 0.783455
99 0.280883 0.889430 0.805353
100 0.240180 0.936199 0.851582
101 0.219559 0.929170 0.832117
102 0.210130 0.948364 0.832117
103 0.199832 0.953501 0.841849
104 0.200368 0.946742 0.832117
105 0.202134 0.952690 0.836983
106 0.201062 0.952149 0.834550
107 0.194300 0.949986 0.836983
108 0.208592 0.948094 0.844282
109 0.221530 0.945391 0.829684
110 0.194775 0.957826 0.834550
111 0.187559 0.955123 0.836983
112 0.188954 0.955934 0.841849
113 0.176791 0.959448 0.841849
114 0.192940 0.940524 0.827251
115 0.195541 0.951338 0.836983
116 0.177132 0.944850 0.817518
117 0.186477 0.955123 0.839416
118 0.206132 0.953231 0.839416
119 0.174278 0.957826 0.829684
120 0.193630 0.947553 0.839416
121 0.170007 0.958908 0.832117
122 0.173052 0.961611 0.836983
123 0.163416 0.943228 0.834550
124 0.163846 0.960260 0.844282
125 0.190589 0.959178 0.836983
126 0.170605 0.966748 0.832117
127 0.149900 0.956204 0.832117
128 0.162334 0.959719 0.829684
129 0.150996 0.954582 0.832117
130 0.177017 0.954312 0.839416
131 0.184570 0.951609 0.817518
132 0.169566 0.956745 0.841849
133 0.175140 0.960530 0.824818
134 0.167202 0.955123 0.834550
135 0.174187 0.963504 0.815085
136 0.166197 0.956475 0.836983
137 0.159151 0.966477 0.832117
138 0.175324 0.968640 0.844282
139 0.161322 0.963504 0.829684
140 0.158099 0.966207 0.834550
141 0.151735 0.968370 0.829684
142 0.155471 0.968370 0.836983
143 0.150227 0.971073 0.819951
144 0.142553 0.973506 0.841849
145 0.137942 0.960530 0.832117
146 0.164168 0.959719 0.841849
147 0.160761 0.971884 0.841849
148 0.136942 0.971884 0.846715
149 0.140410 0.976480 0.839416
150 0.117582 0.980806 0.844282
151 0.117238 0.979184 0.827251
152 0.125242 0.980806 0.839416
153 0.102824 0.984320 0.834550
154 0.096007 0.986212 0.839416
155 0.100895 0.984050 0.844282
156 0.100555 0.985131 0.832117
157 0.112106 0.985672 0.841849
158 0.098425 0.987294 0.832117
159 0.098202 0.988916 0.836983
160 0.097820 0.987835 0.841849
161 0.101688 0.985131 0.836983
162 0.099716 0.985672 0.834550
163 0.104656 0.982428 0.836983
164 0.103883 0.986753 0.841849
165 0.094927 0.988375 0.829684
166 0.096519 0.988375 0.824818
167 0.096203 0.987835 0.834550
168 0.090058 0.986483 0.832117
169 0.096733 0.986212 0.819951
170 0.086506 0.988105 0.829684
171 0.090604 0.988105 0.829684
172 0.097167 0.983779 0.827251
173 0.105017 0.981887 0.819951
174 0.094945 0.982698 0.815085
175 0.093631 0.982698 0.832117
176 0.099685 0.985401 0.815085
177 0.094448 0.988916 0.817518
178 0.092032 0.987835 0.817518
179 0.092279 0.987294 0.822384
180 0.090035 0.987294 0.805353
181 0.088428 0.990268 0.836983
182 0.089873 0.988916 0.822384
183 0.089949 0.984320 0.834550
184 0.092959 0.991079 0.832117
185 0.084086 0.991349 0.822384
186 0.083197 0.989997 0.819951
187 0.094167 0.987564 0.834550
188 0.084836 0.990538 0.832117
189 0.094419 0.985401 0.824818
190 0.086679 0.978643 0.817518
191 0.087835 0.985401 0.834550
192 0.091388 0.986483 0.829684
193 0.089362 0.988916 0.839416
194 0.085632 0.987835 0.841849
195 0.083797 0.988916 0.829684
196 0.092638 0.988105 0.827251
197 0.099391 0.982428 0.832117
198 0.089261 0.987835 0.819951
199 0.098051 0.984590 0.829684
200 0.085933 0.990268 0.827251
201 0.074387 0.992160 0.829684
202 0.069149 0.993512 0.819951
203 0.071743 0.991890 0.824818
204 0.072763 0.993512 0.824818
205 0.068409 0.994323 0.819951
206 0.073021 0.993782 0.829684
207 0.068100 0.994052 0.810219
208 0.067370 0.995675 0.824818
209 0.062462 0.995134 0.822384
210 0.064540 0.994593 0.824818
211 0.064775 0.995134 0.827251
212 0.070384 0.994593 0.829684
213 0.068144 0.994593 0.819951
214 0.071828 0.994863 0.824818
215 0.062288 0.995675 0.844282
216 0.065121 0.995134 0.819951
217 0.061645 0.994323 0.819951
218 0.065168 0.994323 0.827251
219 0.070313 0.995134 0.819951
220 0.060848 0.994863 0.819951
221 0.060200 0.995134 0.805353
222 0.067934 0.995404 0.819951
223 0.062877 0.994863 0.822384
224 0.066081 0.994863 0.810219
225 0.067549 0.994863 0.829684
226 0.058402 0.995404 0.819951
227 0.067915 0.995404 0.819951
228 0.067619 0.994323 0.822384
229 0.064501 0.993782 0.815085
230 0.061080 0.994323 0.817518
231 0.070304 0.994323 0.827251
232 0.062199 0.995134 0.829684
233 0.071464 0.992971 0.819951
234 0.063173 0.995134 0.819951
235 0.055856 0.994323 0.817518
236 0.062011 0.994863 0.824818
237 0.068660 0.994863 0.817518
238 0.059550 0.995675 0.812652
239 0.059289 0.995134 0.834550
240 0.055549 0.994593 0.822384
241 0.068172 0.992430 0.815085
242 0.076050 0.993512 0.810219
243 0.061078 0.996486 0.817518
244 0.068805 0.993782 0.805353
245 0.057433 0.994052 0.810219
246 0.073361 0.993512 0.819951
247 0.055920 0.995675 0.815085
248 0.083507 0.994863 0.815085
249 0.060191 0.995134 0.812652
250 0.065478 0.995945 0.817518
251 0.056940 0.996215 0.817518
252 0.050440 0.995945 0.819951
253 0.051210 0.996486 0.817518
254 0.057391 0.995675 0.815085
255 0.052366 0.996486 0.817518
256 0.057421 0.995675 0.812652
257 0.051568 0.996486 0.812652
258 0.056484 0.995675 0.817518
259 0.051613 0.995945 0.824818
260 0.058381 0.995945 0.817518
261 0.055824 0.996486 0.812652
262 0.059796 0.996756 0.817518
263 0.049454 0.996486 0.819951
264 0.052889 0.996486 0.817518
265 0.056861 0.995945 0.807786
266 0.052252 0.996215 0.817518
267 0.051400 0.995675 0.817518
268 0.054017 0.997026 0.817518
269 0.052813 0.996486 0.812652
270 0.050127 0.996215 0.815085
271 0.053857 0.996215 0.819951
272 0.054115 0.996756 0.817518
273 0.055655 0.996486 0.827251
274 0.051904 0.996486 0.822384
275 0.053663 0.996756 0.824818
276 0.050498 0.996486 0.817518
277 0.050402 0.995675 0.817518
278 0.050702 0.996215 0.815085
279 0.056426 0.996486 0.819951
280 0.049401 0.995945 0.812652
281 0.054873 0.996215 0.817518
282 0.055566 0.995945 0.812652
283 0.051261 0.995945 0.815085
284 0.055374 0.996486 0.815085
285 0.056343 0.996486 0.812652
286 0.046273 0.997026 0.817518
287 0.056255 0.996215 0.805353
288 0.052632 0.996215 0.815085
289 0.057413 0.996215 0.812652
290 0.046426 0.995945 0.817518
291 0.054442 0.996486 0.824818
292 0.050704 0.996215 0.822384
293 0.053769 0.996486 0.815085
294 0.046902 0.996215 0.819951
295 0.055064 0.996215 0.827251
296 0.055056 0.995675 0.817518
297 0.056043 0.995404 0.819951
298 0.048963 0.996756 0.824818
299 0.046412 0.996756 0.817518
300 0.052910 0.996756 0.827251
301 0.047820 0.997026 0.817518
302 0.045175 0.997026 0.822384
303 0.050154 0.996756 0.822384
304 0.047086 0.996486 0.822384
305 0.050832 0.996756 0.817518
306 0.051883 0.996486 0.815085
307 0.051096 0.997026 0.815085
308 0.042863 0.996486 0.815085
309 0.049055 0.996486 0.819951
310 0.053592 0.996756 0.817518
311 0.055075 0.997026 0.819951
312 0.044388 0.997026 0.819951
313 0.049845 0.996756 0.817518
314 0.049956 0.997026 0.815085
315 0.048144 0.996756 0.815085
316 0.046141 0.996756 0.819951
317 0.050972 0.996215 0.819951
318 0.045175 0.996486 0.822384
319 0.051519 0.996756 0.829684
320 0.054396 0.996756 0.822384
321 0.048985 0.997026 0.815085
322 0.048187 0.997026 0.827251
323 0.047478 0.996756 0.824818
324 0.048049 0.997026 0.817518
325 0.047705 0.997297 0.819951
326 0.047173 0.997026 0.822384
327 0.053117 0.997026 0.827251
328 0.046747 0.997026 0.819951
329 0.048067 0.996756 0.819951
330 0.047577 0.996756 0.817518
331 0.051393 0.996215 0.819951
332 0.051494 0.996756 0.819951
333 0.048322 0.997026 0.822384
334 0.052311 0.997297 0.824818
335 0.051506 0.996756 0.819951
336 0.044517 0.997297 0.817518
337 0.048176 0.996756 0.812652
338 0.049661 0.996756 0.819951
339 0.045080 0.996756 0.829684
340 0.047998 0.997297 0.817518
341 0.042483 0.997026 0.815085
342 0.051377 0.997567 0.822384
343 0.046315 0.997026 0.819951
344 0.042859 0.997026 0.819951
345 0.050850 0.996756 0.836983
346 0.047448 0.996756 0.832117
347 0.049323 0.997026 0.829684
348 0.048976 0.996756 0.822384
349 0.050521 0.996756 0.817518
350 0.045928 0.996756 0.824818
