1 7.358206 0.675649 0.639640
2 4.454911 0.697605 0.639640
3 3.025596 0.733533 0.693694
4 2.589824 0.733533 0.612613
5 1.589189 0.705589 0.666667
6 1.465514 0.698603 0.675676
7 1.313083 0.732535 0.747748
8 1.142978 0.709581 0.666667
9 0.969659 0.739521 0.684685
10 0.839401 0.742515 0.702703
11 0.684001 0.757485 0.720721
12 0.591324 0.759481 0.711712
13 0.856333 0.734531 0.702703
14 0.738436 0.730539 0.666667
15 0.606666 0.763473 0.693694
16 0.559778 0.746507 0.675676
17 0.560824 0.770459 0.720721
18 0.548307 0.770459 0.711712
19 0.559093 0.719561 0.630631
20 0.559081 0.773453 0.720721
21 0.577824 0.707585 0.639640
22 0.558141 0.777445 0.702703
23 0.597724 0.745509 0.666667
24 0.547354 0.747505 0.729730
25 0.531139 0.776447 0.711712
26 0.543729 0.762475 0.720721
27 0.524877 0.779441 0.684685
28 0.527975 0.775449 0.702703
29 0.502891 0.702595 0.585586
30 0.521239 0.784431 0.675676
31 0.553750 0.774451 0.702703
32 0.543129 0.767465 0.720721
33 0.546618 0.769461 0.711712
34 0.513930 0.776447 0.702703
35 0.485074 0.781437 0.720721
36 0.505809 0.780439 0.675676
37 0.528171 0.765469 0.702703
38 0.582473 0.744511 0.612613
39 0.531037 0.800399 0.720721
40 0.503701 0.793413 0.747748
41 0.505253 0.792415 0.693694
42 0.557058 0.767465 0.675676
43 0.506983 0.801397 0.720721
44 0.468368 0.795409 0.666667
45 0.490593 0.807385 0.648649
46 0.493570 0.798403 0.693694
47 0.467032 0.807385 0.639640
48 0.454001 0.827345 0.693694
49 0.437879 0.816367 0.675676
50 0.414490 0.847305 0.594595
51 0.395370 0.850299 0.612613
52 0.377112 0.874251 0.684685
53 0.367886 0.861277 0.585586
54 0.357276 0.884232 0.639640
55 0.359118 0.838323 0.603604
56 0.351736 0.866267 0.666667
57 0.348929 0.867265 0.648649
58 0.319140 0.898204 0.621622
59 0.332099 0.882236 0.621622
60 0.346787 0.850299 0.630631
61 0.383552 0.882236 0.630631
62 0.360372 0.851297 0.675676
63 0.351577 0.873253 0.603604
64 0.290742 0.928144 0.666667
65 0.288284 0.925150 0.648649
66 0.328369 0.894212 0.603604
67 0.262653 0.825349 0.576577
68 0.301223 0.926148 0.558559
69 0.273225 0.897206 0.648649
70 0.274109 0.893214 0.558559
71 0.309438 0.908184 0.639640
72 0.234527 0.896208 0.612613
73 0.265250 0.900200 0.657658
74 0.218150 0.936128 0.567568
75 0.251433 0.942116 0.585586
76 0.258023 0.939122 0.630631
77 0.237978 0.927146 0.621622
78 0.208818 0.934132 0.549550
79 0.200522 0.957086 0.639640
80 0.194554 0.949102 0.648649
81 0.248202 0.932136 0.558559
82 0.183873 0.947106 0.639640
83 0.189740 0.895210 0.648649
84 0.235411 0.949102 0.639640
85 0.235929 0.938124 0.630631
86 0.187465 0.959082 0.639640
87 0.189815 0.960080 0.630631
88 0.192320 0.940120 0.567568
89 0.243325 0.942116 0.648649
90 0.175620 0.957086 0.639640
91 0.168535 0.964072 0.594595
92 0.210213 0.913174 0.621622
93 0.248901 0.959082 0.585586
94 0.151303 0.973054 0.621622
95 0.163781 0.953094 0.639640
96 0.153018 0.953094 0.630631
97 0.171509 0.952096 0.585586
98 0.150338 0.966068 0.612613
99 0.175511 0.964072 0.621622
100 0.145686 0.982036 0.621622
101 0.096789 0.982036 0.585586
102 0.100101 0.980040 0.612613
103 0.090494 0.989022 0.531532
104 0.081188 0.986028 0.558559
105 0.086785 0.987026 0.675676
106 0.091642 0.990020 0.594595
107 0.070191 0.992016 0.603604
108 0.083511 0.986028 0.603604
109 0.140354 0.979042 0.648649
110 0.092236 0.990020 0.576577
111 0.103142 0.978044 0.621622
112 0.087044 0.989022 0.612613
113 0.073799 0.993014 0.630631
114 0.069556 0.990020 0.603604
115 0.141095 0.979042 0.585586
116 0.122889 0.976048 0.630631
117 0.087068 0.991018 0.675676
118 0.076794 0.992016 0.657658
119 0.104686 0.983034 0.657658
120 0.100094 0.987026 0.594595
121 0.090456 0.989022 0.612613
122 0.082617 0.989022 0.657658
123 0.068888 0.992016 0.603604
124 0.086341 0.991018 0.630631
125 0.065235 0.992016 0.630631
126 0.080343 0.991018 0.639640
127 0.134367 0.949102 0.639640
128 0.109606 0.992016 0.639640
129 0.080685 0.994012 0.612613
130 0.064343 0.993014 0.621622
131 0.061364 0.992016 0.603604
132 0.057613 0.995010 0.639640
133 0.064551 0.994012 0.621622
134 0.082549 0.977046 0.648649
135 0.103373 0.988024 0.603604
136 0.117041 0.978044 0.621622
137 0.140971 0.990020 0.594595
138 0.078481 0.992016 0.621622
139 0.078787 0.995010 0.630631
140 0.083364 0.989022 0.621622
141 0.070120 0.996008 0.603604
142 0.070257 0.992016 0.603604
143 0.059990 0.996008 0.612613
144 0.049459 0.993014 0.621622
145 0.089157 0.983034 0.630631
146 0.085476 0.990020 0.612613
147 0.084140 0.994012 0.639640
148 0.074861 0.992016 0.639640
149 0.069412 0.996008 0.576577
150 0.071209 0.993014 0.612613
151 0.049721 0.997006 0.603604
152 0.047521 0.997006 0.639640
153 0.041193 0.997006 0.612613
154 0.057463 0.997006 0.621622
155 0.049327 0.997006 0.639640
156 0.069645 0.995010 0.639640
157 0.056439 0.996008 0.603604
158 0.047411 0.997006 0.639640
159 0.046485 0.997006 0.612613
160 0.045334 0.997006 0.621622
161 0.048965 0.997006 0.621622
162 0.036956 0.997006 0.612613
163 0.041069 0.997006 0.639640
164 0.043537 0.997006 0.639640
165 0.038400 0.997006 0.621622
166 0.037371 0.997006 0.621622
167 0.039666 0.997006 0.621622
168 0.037650 0.997006 0.576577
169 0.037858 0.997006 0.621622
170 0.040703 0.997006 0.630631
171 0.050075 0.997006 0.594595
172 0.051188 0.997006 0.621622
173 0.057959 0.996008 0.630631
174 0.043183 0.997006 0.648649
175 0.040257 0.997006 0.639640
176 0.040181 0.997006 0.621622
177 0.034763 0.997006 0.630631
178 0.038639 0.997006 0.639640
179 0.039974 0.997006 0.648649
180 0.047797 0.997006 0.648649
181 0.047203 0.996008 0.639640
182 0.039247 0.997006 0.630631
183 0.036285 0.997006 0.639640
184 0.041944 0.997006 0.648649
185 0.034365 0.997006 0.630631
186 0.039334 0.997006 0.612613
187 0.078309 0.987026 0.603604
188 0.085869 0.994012 0.612613
189 0.057275 0.997006 0.657658
190 0.078943 0.997006 0.630631
191 0.046814 0.997006 0.648649
192 0.040372 0.997006 0.612613
193 0.041381 0.997006 0.648649
194 0.043372 0.997006 0.621622
195 0.040494 0.997006 0.630631
196 0.029829 0.997006 0.639640
197 0.042305 0.996008 0.612613
198 0.038849 0.996008 0.666667
199 0.040770 0.997006 0.675676
200 0.031224 0.997006 0.657658
201 0.030469 0.997006 0.639640
202 0.044883 0.997006 0.675676
203 0.032316 0.997006 0.657658
204 0.035452 0.997006 0.639640
205 0.033895 0.997006 0.639640
206 0.034738 0.997006 0.630631
207 0.031795 0.997006 0.639640
208 0.039202 0.997006 0.648649
209 0.030439 0.997006 0.630631
210 0.033445 0.997006 0.630631
211 0.027527 0.997006 0.621622
212 0.029767 0.997006 0.621622
213 0.031521 0.997006 0.621622
214 0.030755 0.997006 0.612613
215 0.030542 0.997006 0.630631
216 0.028177 0.997006 0.621622
217 0.028594 0.997006 0.630631
218 0.038871 0.997006 0.630631
219 0.029827 0.997006 0.648649
220 0.029198 0.997006 0.612613
221 0.026627 0.997006 0.630631
222 0.037208 0.997006 0.639640
223 0.034285 0.997006 0.603604
224 0.030546 0.997006 0.639640
225 0.032177 0.997006 0.630631
226 0.036785 0.997006 0.648649
227 0.031091 0.997006 0.639640
228 0.036522 0.997006 0.630631
229 0.033399 0.997006 0.630631
230 0.036737 0.997006 0.639640
231 0.032328 0.997006 0.648649
232 0.032389 0.997006 0.630631
233 0.029857 0.997006 0.648649
234 0.030339 0.997006 0.657658
235 0.032830 0.997006 0.648649
236 0.032220 0.997006 0.666667
237 0.038106 0.997006 0.657658
238 0.031966 0.997006 0.594595
239 0.032159 0.997006 0.630631
240 0.034709 0.997006 0.603604
241 0.037412 0.997006 0.639640
242 0.029915 0.997006 0.657658
243 0.025920 0.997006 0.630631
244 0.034642 0.997006 0.612613
245 0.026289 0.997006 0.603604
246 0.031140 0.997006 0.630631
247 0.029709 0.997006 0.603604
248 0.035666 0.996008 0.666667
249 0.035117 0.997006 0.666667
250 0.030994 0.997006 0.684685
251 0.032642 0.997006 0.621622
252 0.033663 0.997006 0.567568
253 0.030215 0.997006 0.612613
254 0.031256 0.997006 0.594595
255 0.031793 0.997006 0.594595
256 0.029619 0.997006 0.612613
257 0.024970 0.997006 0.630631
258 0.027717 0.997006 0.612613
259 0.031467 0.997006 0.612613
260 0.025956 0.997006 0.648649
261 0.032113 0.997006 0.630631
262 0.028779 0.997006 0.630631
263 0.023650 0.997006 0.639640
264 0.023638 0.997006 0.630631
265 0.033444 0.997006 0.630631
266 0.024199 0.997006 0.630631
267 0.029572 0.997006 0.630631
268 0.025408 0.997006 0.603604
269 0.028108 0.997006 0.630631
270 0.025608 0.997006 0.612613
271 0.030997 0.997006 0.657658
272 0.029334 0.997006 0.603604
273 0.030303 0.997006 0.621622
274 0.028481 0.997006 0.576577
275 0.025999 0.997006 0.603604
276 0.029317 0.997006 0.657658
277 0.025862 0.997006 0.657658
278 0.028903 0.997006 0.630631
279 0.026794 0.997006 0.639640
280 0.033871 0.997006 0.639640
281 0.028230 0.997006 0.621622
282 0.027822 0.997006 0.630631
283 0.025718 0.997006 0.603604
284 0.026748 0.997006 0.630631
285 0.027769 0.997006 0.630631
286 0.027863 0.997006 0.639640
287 0.030064 0.997006 0.621622
288 0.024625 0.997006 0.630631
289 0.028391 0.997006 0.648649
290 0.026824 0.997006 0.639640
291 0.029716 0.997006 0.657658
292 0.027602 0.997006 0.657658
293 0.026878 0.997006 0.648649
294 0.027352 0.997006 0.639640
295 0.024527 0.997006 0.630631
296 0.027200 0.997006 0.639640
297 0.026227 0.997006 0.639640
298 0.028815 0.997006 0.576577
299 0.030934 0.997006 0.594595
300 0.028593 0.997006 0.603604
301 0.028732 0.997006 0.603604
302 0.029189 0.997006 0.612613
303 0.030173 0.997006 0.621622
304 0.023880 0.997006 0.621622
305 0.029732 0.997006 0.621622
306 0.024874 0.997006 0.630631
307 0.026042 0.997006 0.594595
308 0.025959 0.997006 0.612613
309 0.025598 0.997006 0.612613
310 0.028152 0.997006 0.621622
311 0.025030 0.997006 0.621622
312 0.025928 0.997006 0.612613
313 0.027196 0.997006 0.594595
314 0.024024 0.997006 0.603604
315 0.022110 0.997006 0.603604
316 0.022686 0.997006 0.585586
317 0.028490 0.997006 0.603604
318 0.022007 0.997006 0.612613
319 0.025169 0.997006 0.603604
320 0.025539 0.997006 0.594595
321 0.023170 0.997006 0.603604
322 0.025991 0.997006 0.603604
323 0.025849 0.997006 0.612613
324 0.024831 0.997006 0.621622
325 0.025348 0.997006 0.612613
326 0.027549 0.997006 0.603604
327 0.030655 0.997006 0.621622
328 0.027845 0.997006 0.621622
329 0.027266 0.997006 0.612613
330 0.026436 0.997006 0.603604
331 0.026071 0.997006 0.621622
332 0.027143 0.997006 0.648649
333 0.026660 0.997006 0.612613
334 0.025301 0.997006 0.612613
335 0.027295 0.997006 0.612613
336 0.023262 0.997006 0.621622
337 0.027922 0.997006 0.603604
338 0.028289 0.997006 0.612613
339 0.027682 0.997006 0.621622
340 0.025419 0.997006 0.603604
341 0.023790 0.997006 0.585586
342 0.029536 0.997006 0.603604
343 0.028216 0.997006 0.612613
344 0.025783 0.997006 0.594595
345 0.024204 0.997006 0.603604
346 0.023970 0.997006 0.630631
347 0.026198 0.997006 0.603604
348 0.028159 0.997006 0.612613
349 0.026651 0.997006 0.594595
350 0.024729 0.997006 0.639640
