1 4.905448 0.762667 0.736000
2 1.717221 0.731778 0.696000
3 1.281560 0.737556 0.690000
4 1.313160 0.755778 0.726000
5 0.855520 0.756222 0.706000
6 0.856748 0.708000 0.668000
7 1.137462 0.743333 0.726000
8 0.844984 0.774000 0.710000
9 0.676511 0.775111 0.736000
10 0.701495 0.729111 0.704000
11 0.800659 0.711778 0.676000
12 0.830672 0.785778 0.742000
13 0.699089 0.769333 0.742000
14 0.853539 0.765556 0.730000
15 0.707727 0.773778 0.720000
16 0.680063 0.756667 0.738000
17 0.612922 0.786667 0.760000
18 0.571103 0.764444 0.700000
19 0.554928 0.794222 0.748000
20 0.571474 0.761111 0.706000
21 0.581772 0.801111 0.786000
22 0.557797 0.786444 0.738000
23 0.566122 0.792222 0.736000
24 0.551755 0.802000 0.762000
25 0.569090 0.780000 0.764000
26 0.554049 0.812667 0.782000
27 0.545332 0.804667 0.762000
28 0.549377 0.794667 0.746000
29 0.538034 0.778667 0.744000
30 0.564492 0.804000 0.748000
