1 3.928451 0.641935 0.617647
2 1.804196 0.622581 0.529412
3 1.922420 0.629032 0.735294
4 1.217697 0.654839 0.470588
5 1.039644 0.732258 0.529412
6 0.892549 0.741935 0.588235
7 0.950284 0.751613 0.588235
8 0.571538 0.777419 0.617647
9 0.613243 0.780645 0.529412
10 0.625267 0.738710 0.647059
11 0.673975 0.838710 0.676471
12 0.421272 0.822581 0.617647
13 0.479512 0.848387 0.529412
14 0.563097 0.829032 0.588235
15 0.553904 0.829032 0.617647
16 0.385458 0.870968 0.647059
17 0.371559 0.919355 0.647059
18 0.393684 0.709677 0.529412
19 0.439030 0.890323 0.529412
20 0.323213 0.880645 0.529412
21 0.338681 0.819355 0.500000
22 0.282303 0.880645 0.588235
23 0.266314 0.932258 0.647059
24 0.225113 0.900000 0.617647
25 0.297187 0.903226 0.588235
26 0.331780 0.761290 0.529412
27 0.360347 0.848387 0.500000
28 0.250636 0.854839 0.588235
29 0.251516 0.906452 0.617647
30 0.165904 0.980645 0.647059
31 0.149785 0.980645 0.647059
32 0.323962 0.861290 0.588235
33 0.340751 0.848387 0.558824
34 0.239612 0.841935 0.470588
35 0.258933 0.925806 0.647059
36 0.256656 0.938710 0.705882
37 0.224433 0.958065 0.588235
38 0.162930 0.954839 0.588235
39 0.206236 0.929032 0.617647
40 0.216340 0.964516 0.676471
41 0.190118 0.958065 0.617647
42 0.150858 0.987097 0.647059
43 0.211762 0.790323 0.470588
44 0.228402 0.961290 0.558824
45 0.152948 0.974194 0.588235
46 0.155247 0.954839 0.500000
47 0.135724 0.993548 0.588235
48 0.095246 0.993548 0.617647
49 0.100612 0.958065 0.647059
50 0.086398 0.990323 0.676471
51 0.075030 0.993548 0.617647
52 0.072680 0.993548 0.647059
53 0.076719 0.993548 0.617647
54 0.068573 0.993548 0.617647
55 0.076118 0.983871 0.588235
56 0.083838 0.987097 0.617647
57 0.067602 0.993548 0.588235
58 0.065375 0.993548 0.588235
59 0.072939 0.990323 0.676471
60 0.085684 0.993548 0.617647
61 0.069519 0.990323 0.617647
62 0.073453 0.990323 0.617647
63 0.067513 0.993548 0.617647
64 0.062381 0.993548 0.617647
65 0.067670 0.990323 0.617647
66 0.070742 0.983871 0.617647
67 0.118813 0.903226 0.588235
68 0.108448 0.974194 0.617647
69 0.257640 0.958065 0.647059
70 0.146043 0.990323 0.617647
71 0.076015 0.993548 0.588235
72 0.074922 0.993548 0.588235
73 0.070498 0.993548 0.558824
74 0.071034 0.993548 0.588235
75 0.066304 0.993548 0.617647
76 0.068036 0.993548 0.647059
77 0.092874 0.990323 0.529412
78 0.085673 0.993548 0.588235
79 0.110882 0.977419 0.617647
80 0.081892 0.977419 0.588235
81 0.067050 0.993548 0.647059
82 0.132706 0.961290 0.588235
83 0.137327 0.929032 0.588235
84 0.130816 0.983871 0.617647
85 0.222076 0.951613 0.588235
86 0.164446 0.961290 0.617647
87 0.107837 0.993548 0.676471
88 0.074833 0.993548 0.676471
89 0.069109 0.993548 0.617647
90 0.062411 0.990323 0.588235
91 0.064071 0.990323 0.588235
92 0.110251 0.896774 0.617647
93 0.136450 0.945161 0.705882
94 0.127357 0.919355 0.617647
95 0.109295 0.990323 0.617647
96 0.115681 0.990323 0.647059
97 0.080910 0.993548 0.647059
98 0.054064 0.993548 0.617647
99 0.073827 0.987097 0.588235
100 0.061949 0.993548 0.617647
101 0.053826 0.993548 0.617647
102 0.051389 0.993548 0.617647
103 0.050479 0.993548 0.617647
104 0.048456 0.993548 0.617647
105 0.052776 0.993548 0.617647
106 0.051433 0.993548 0.617647
107 0.053031 0.993548 0.588235
108 0.048684 0.993548 0.617647
109 0.052880 0.993548 0.676471
110 0.045146 0.993548 0.617647
111 0.051428 0.993548 0.617647
112 0.073872 0.974194 0.617647
113 0.063250 0.993548 0.617647
114 0.053315 0.993548 0.617647
115 0.053139 0.993548 0.676471
116 0.054314 0.993548 0.647059
117 0.048198 0.993548 0.617647
118 0.048505 0.993548 0.617647
119 0.051695 0.993548 0.647059
120 0.051821 0.993548 0.617647
121 0.057150 0.993548 0.647059
122 0.054060 0.993548 0.617647
123 0.060955 0.980645 0.588235
124 0.054129 0.993548 0.676471
125 0.051945 0.993548 0.617647
126 0.050544 0.993548 0.617647
127 0.047656 0.993548 0.588235
128 0.054743 0.990323 0.588235
129 0.051812 0.993548 0.676471
130 0.058970 0.993548 0.676471
131 0.047264 0.993548 0.617647
132 0.056428 0.954839 0.617647
133 0.167628 0.983871 0.617647
134 0.091184 0.993548 0.617647
135 0.065624 0.993548 0.588235
136 0.066439 0.993548 0.647059
137 0.056333 0.993548 0.647059
138 0.055582 0.993548 0.588235
139 0.057076 0.993548 0.647059
140 0.058597 0.993548 0.617647
141 0.055967 0.993548 0.617647
142 0.051051 0.993548 0.617647
143 0.047606 0.993548 0.617647
144 0.050813 0.993548 0.617647
145 0.058202 0.993548 0.617647
146 0.070754 0.993548 0.588235
147 0.060449 0.993548 0.588235
148 0.058162 0.993548 0.617647
149 0.049297 0.993548 0.588235
150 0.052412 0.993548 0.617647
151 0.044853 0.993548 0.617647
152 0.046334 0.993548 0.588235
153 0.043735 0.993548 0.617647
154 0.041118 0.993548 0.588235
155 0.041465 0.993548 0.617647
156 0.043856 0.993548 0.588235
157 0.039178 0.993548 0.617647
158 0.044549 0.993548 0.588235
159 0.042523 0.993548 0.588235
160 0.046237 0.993548 0.588235
161 0.045594 0.993548 0.588235
162 0.042121 0.993548 0.647059
163 0.041020 0.993548 0.617647
164 0.041704 0.993548 0.617647
165 0.039808 0.993548 0.617647
166 0.038985 0.993548 0.617647
167 0.044553 0.993548 0.588235
168 0.039814 0.993548 0.617647
169 0.042273 0.993548 0.617647
170 0.041534 0.993548 0.617647
171 0.049120 0.993548 0.588235
172 0.039061 0.993548 0.588235
173 0.043082 0.993548 0.617647
174 0.046811 0.993548 0.588235
175 0.043450 0.993548 0.617647
176 0.045387 0.993548 0.529412
177 0.044081 0.993548 0.588235
178 0.044493 0.993548 0.558824
179 0.042635 0.993548 0.588235
180 0.049837 0.993548 0.588235
181 0.045241 0.993548 0.588235
182 0.059790 0.993548 0.588235
183 0.048845 0.993548 0.617647
184 0.047524 0.993548 0.647059
185 0.065812 0.990323 0.617647
186 0.041473 0.993548 0.588235
187 0.046133 0.993548 0.588235
188 0.042196 0.993548 0.588235
189 0.041994 0.993548 0.558824
190 0.041190 0.993548 0.558824
191 0.041665 0.993548 0.588235
192 0.042478 0.993548 0.588235
193 0.050815 0.993548 0.617647
194 0.046593 0.993548 0.588235
195 0.043812 0.993548 0.588235
196 0.038496 0.993548 0.588235
197 0.055060 0.993548 0.588235
198 0.052843 0.993548 0.617647
199 0.049408 0.993548 0.617647
200 0.040569 0.993548 0.588235
201 0.038861 0.993548 0.617647
202 0.041087 0.993548 0.588235
203 0.039879 0.993548 0.617647
204 0.039801 0.993548 0.647059
205 0.039029 0.993548 0.617647
206 0.038795 0.993548 0.588235
207 0.037212 0.993548 0.588235
208 0.036692 0.993548 0.588235
209 0.039294 0.993548 0.588235
210 0.035523 0.993548 0.588235
211 0.036823 0.993548 0.588235
212 0.041586 0.993548 0.588235
213 0.040313 0.993548 0.617647
214 0.040745 0.993548 0.588235
215 0.040123 0.993548 0.588235
216 0.040233 0.993548 0.588235
217 0.037930 0.993548 0.588235
218 0.041993 0.993548 0.588235
219 0.040540 0.993548 0.588235
220 0.037172 0.993548 0.617647
221 0.035927 0.993548 0.617647
222 0.039745 0.993548 0.588235
223 0.040873 0.993548 0.617647
224 0.038618 0.993548 0.617647
225 0.035304 0.993548 0.588235
226 0.038663 0.993548 0.588235
227 0.038447 0.993548 0.588235
228 0.039228 0.993548 0.588235
229 0.038592 0.993548 0.588235
230 0.037624 0.993548 0.588235
231 0.037446 0.993548 0.558824
232 0.037660 0.993548 0.588235
233 0.037122 0.993548 0.588235
234 0.038300 0.990323 0.558824
235 0.046773 0.993548 0.617647
236 0.036767 0.993548 0.588235
237 0.042205 0.993548 0.588235
238 0.037743 0.993548 0.617647
239 0.036065 0.993548 0.647059
240 0.037434 0.993548 0.617647
241 0.038634 0.993548 0.588235
242 0.039116 0.993548 0.647059
243 0.035053 0.993548 0.647059
244 0.038180 0.993548 0.676471
245 0.035193 0.993548 0.676471
246 0.040387 0.993548 0.647059
247 0.035239 0.993548 0.647059
248 0.045870 0.993548 0.617647
249 0.037519 0.993548 0.647059
250 0.036339 0.993548 0.647059
251 0.036603 0.993548 0.647059
252 0.032568 0.993548 0.647059
253 0.032211 0.993548 0.647059
254 0.036477 0.993548 0.617647
255 0.035088 0.993548 0.617647
256 0.033921 0.993548 0.617647
257 0.032470 0.993548 0.647059
258 0.036049 0.993548 0.617647
259 0.035104 0.993548 0.647059
260 0.037168 0.993548 0.647059
261 0.037730 0.993548 0.647059
262 0.035391 0.993548 0.647059
263 0.033082 0.993548 0.617647
264 0.032904 0.993548 0.647059
265 0.038715 0.993548 0.617647
266 0.034011 0.993548 0.617647
267 0.037826 0.993548 0.647059
268 0.036077 0.993548 0.617647
269 0.039421 0.993548 0.647059
270 0.034332 0.993548 0.617647
271 0.036157 0.993548 0.617647
272 0.034963 0.993548 0.617647
273 0.038543 0.993548 0.617647
274 0.039860 0.993548 0.617647
275 0.031406 0.993548 0.617647
276 0.033766 0.993548 0.617647
277 0.035722 0.993548 0.617647
278 0.034363 0.993548 0.617647
279 0.037868 0.993548 0.647059
280 0.032915 0.993548 0.647059
281 0.038657 0.993548 0.617647
282 0.037569 0.993548 0.617647
283 0.030638 0.993548 0.617647
284 0.035059 0.993548 0.617647
285 0.036901 0.993548 0.647059
286 0.031835 0.993548 0.617647
287 0.039479 0.993548 0.617647
288 0.034303 0.993548 0.617647
289 0.040034 0.993548 0.647059
290 0.033912 0.993548 0.617647
291 0.033717 0.993548 0.617647
292 0.036348 0.993548 0.617647
293 0.034956 0.993548 0.617647
294 0.036362 0.993548 0.617647
295 0.034961 0.993548 0.617647
296 0.034203 0.993548 0.617647
297 0.038211 0.993548 0.617647
298 0.037831 0.993548 0.617647
299 0.034433 0.993548 0.617647
300 0.036667 0.993548 0.588235
301 0.034747 0.993548 0.617647
302 0.035054 0.993548 0.617647
303 0.035745 0.993548 0.588235
304 0.033805 0.993548 0.647059
305 0.035175 0.993548 0.617647
306 0.032971 0.993548 0.617647
307 0.035589 0.993548 0.647059
308 0.032570 0.993548 0.617647
309 0.033892 0.993548 0.617647
310 0.037952 0.993548 0.676471
311 0.033969 0.993548 0.588235
312 0.033749 0.993548 0.588235
313 0.030571 0.993548 0.588235
314 0.030683 0.993548 0.617647
315 0.034407 0.993548 0.617647
316 0.032803 0.993548 0.647059
317 0.037343 0.993548 0.588235
318 0.034035 0.993548 0.588235
319 0.034693 0.993548 0.588235
320 0.031418 0.993548 0.588235
321 0.032428 0.993548 0.617647
322 0.030579 0.993548 0.588235
323 0.032262 0.993548 0.588235
324 0.032902 0.993548 0.617647
325 0.034001 0.993548 0.588235
326 0.033956 0.993548 0.617647
327 0.032218 0.993548 0.617647
328 0.032135 0.993548 0.617647
329 0.035566 0.993548 0.617647
330 0.032140 0.993548 0.588235
331 0.032594 0.993548 0.588235
332 0.032187 0.993548 0.617647
333 0.031964 0.993548 0.647059
334 0.031798 0.993548 0.617647
335 0.031689 0.993548 0.617647
336 0.033495 0.993548 0.617647
337 0.031029 0.993548 0.617647
338 0.033362 0.993548 0.617647
339 0.032407 0.993548 0.617647
340 0.034592 0.993548 0.676471
341 0.032214 0.993548 0.617647
342 0.035701 0.993548 0.617647
343 0.032959 0.993548 0.647059
344 0.032872 0.993548 0.617647
345 0.034923 0.993548 0.617647
346 0.033058 0.993548 0.617647
347 0.032858 0.993548 0.617647
348 0.034169 0.993548 0.647059
349 0.034899 0.993548 0.617647
350 0.034589 0.993548 0.617647
