1 362.518743 0.287813 0.285055
2 155.152633 0.376300 0.377860
3 60.652551 0.404592 0.408885
4 39.478400 0.423017 0.428302
5 31.839972 0.429375 0.419484
6 27.381610 0.439933 0.431685
7 24.240880 0.430664 0.424485
8 22.101243 0.424463 0.422085
9 17.445327 0.380408 0.379694
10 16.013874 0.413572 0.413685
11 12.902714 0.418373 0.412082
12 11.928025 0.451424 0.457897
13 9.301807 0.456625 0.454096
14 8.323812 0.447533 0.447906
15 7.592658 0.449445 0.449100
16 6.466429 0.417305 0.410490
17 5.705493 0.458515 0.454885
18 5.103305 0.456292 0.462691
19 4.554880 0.411370 0.411491
20 3.978018 0.436266 0.429083
21 3.926698 0.444712 0.434879
22 3.613410 0.414705 0.407289
23 3.227709 0.443292 0.445262
24 3.068350 0.430773 0.432511
25 3.094478 0.402685 0.401444
26 2.849588 0.424884 0.422497
27 2.771758 0.434487 0.425887
28 2.857669 0.431731 0.429096
29 2.544160 0.444602 0.441473
30 2.335650 0.441954 0.432100
31 2.264162 0.459603 0.454495
32 2.272248 0.463403 0.461903
33 2.173894 0.413793 0.416100
34 2.294753 0.435444 0.440877
35 2.109200 0.425952 0.422093
36 1.991630 0.449334 0.452294
37 2.150346 0.429954 0.431875
38 2.159592 0.440068 0.438866
39 2.156376 0.425017 0.427701
40 2.355900 0.457916 0.446272
41 2.028236 0.439956 0.433080
42 2.241203 0.450402 0.454887
43 2.169886 0.439266 0.437291
44 1.993795 0.437843 0.440895
45 2.391230 0.443932 0.444508
46 2.315899 0.454224 0.447298
47 2.012928 0.442600 0.447691
48 1.990988 0.443244 0.446297
49 2.134617 0.430708 0.424097
50 1.683118 0.456135 0.458503
51 1.567603 0.463270 0.457299
52 1.586960 0.460915 0.458291
53 1.547593 0.492876 0.493704
54 1.510727 0.484986 0.477495
55 1.595194 0.422972 0.420501
56 1.606922 0.478474 0.479100
57 1.513069 0.473517 0.482100
58 1.507891 0.474850 0.472509
59 1.636692 0.439934 0.429878
60 1.568701 0.462181 0.466502
61 1.580335 0.475561 0.478706
62 1.604800 0.450867 0.461110
63 1.617827 0.486609 0.490893
64 1.584781 0.483920 0.489295
65 1.571679 0.454601 0.458703
66 1.860187 0.454472 0.449665
67 1.607568 0.485477 0.474681
68 1.556662 0.433578 0.430269
69 1.621366 0.459647 0.461299
70 1.649802 0.457269 0.452696
