1 2.962263 0.468889 0.440000
2 1.475798 0.500000 0.446667
3 1.531645 0.527407 0.473333
4 1.594742 0.476296 0.480000
5 1.441859 0.511852 0.493333
6 1.676157 0.446667 0.413333
7 1.213286 0.527407 0.493333
8 1.566080 0.524444 0.520000
9 1.433020 0.521481 0.520000
10 1.079380 0.479259 0.460000
11 1.100596 0.531111 0.513333
12 1.198893 0.540741 0.486667
13 1.137916 0.535556 0.466667
14 1.036244 0.527407 0.500000
15 1.221523 0.540741 0.473333
16 1.145259 0.530370 0.493333
17 1.126467 0.457037 0.420000
18 0.990034 0.531111 0.493333
19 0.958558 0.534074 0.446667
20 1.186400 0.543704 0.466667
21 0.960693 0.557037 0.480000
22 0.967020 0.555556 0.480000
23 0.969585 0.561481 0.493333
24 0.993114 0.554074 0.480000
25 1.012948 0.554074 0.493333
26 0.953979 0.555556 0.460000
27 0.954994 0.565926 0.466667
28 0.934865 0.539259 0.486667
29 0.937798 0.521481 0.446667
30 0.965262 0.570370 0.486667
31 0.936978 0.566667 0.480000
32 0.929564 0.549630 0.466667
33 0.978259 0.569630 0.460000
34 0.987777 0.564444 0.493333
35 0.927367 0.574815 0.493333
36 0.932656 0.583704 0.480000
37 0.910712 0.582222 0.466667
38 0.887573 0.582963 0.446667
39 0.903580 0.575556 0.453333
40 0.915250 0.537778 0.420000
41 0.954954 0.556296 0.440000
42 0.944958 0.574815 0.453333
43 0.924239 0.584444 0.473333
44 0.916656 0.583704 0.446667
45 0.903288 0.585926 0.473333
46 0.942702 0.542963 0.466667
47 0.907496 0.592593 0.500000
48 0.895700 0.592593 0.486667
49 0.915866 0.602963 0.493333
50 0.874831 0.597037 0.446667
51 0.869955 0.602963 0.480000
52 0.869655 0.592593 0.486667
53 0.872043 0.592593 0.486667
54 0.865212 0.590370 0.473333
55 0.868479 0.599259 0.500000
56 0.866910 0.596296 0.453333
57 0.873848 0.603704 0.493333
58 0.850401 0.591111 0.480000
59 0.868423 0.603704 0.466667
60 0.849447 0.602963 0.466667
61 0.853204 0.602222 0.453333
62 0.851890 0.608889 0.480000
63 0.852863 0.617037 0.466667
64 0.844712 0.613333 0.480000
65 0.842793 0.614815 0.480000
66 0.831850 0.605185 0.480000
67 0.845983 0.604444 0.486667
68 0.846769 0.612593 0.460000
69 0.833299 0.614815 0.440000
70 0.835336 0.610370 0.480000
