1 3.185231 0.689320 0.685714
2 1.577259 0.682848 0.600000
3 1.479282 0.682848 0.571429
4 1.183669 0.663430 0.542857
5 0.837170 0.805825 0.600000
6 0.689642 0.689320 0.542857
7 0.726286 0.592233 0.428571
8 0.666899 0.809061 0.542857
9 0.461253 0.877023 0.628571
10 0.429757 0.776699 0.657143
11 0.526975 0.818770 0.514286
12 0.447336 0.867314 0.514286
13 0.432363 0.805825 0.657143
14 0.317248 0.915858 0.657143
15 0.278370 0.873786 0.542857
16 0.285932 0.919094 0.742857
17 0.246488 0.909385 0.628571
18 0.203491 0.932039 0.628571
19 0.195880 0.964401 0.657143
20 0.159122 0.954693 0.628571
21 0.186107 0.954693 0.571429
22 0.143646 0.944984 0.628571
23 0.179155 0.948220 0.600000
24 0.144396 0.954693 0.714286
25 0.187272 0.906149 0.600000
26 0.203293 0.925566 0.571429
27 0.097688 0.983819 0.600000
28 0.077562 0.970874 0.571429
29 0.089187 0.944984 0.628571
30 0.110747 0.948220 0.657143
31 0.175951 0.951456 0.657143
32 0.206511 0.974110 0.628571
33 0.110516 0.974110 0.657143
34 0.112795 0.993528 0.600000
35 0.068956 0.993528 0.657143
36 0.045147 0.993528 0.657143
37 0.062722 0.993528 0.657143
38 0.181618 0.851133 0.657143
39 0.287721 0.954693 0.657143
40 0.110027 0.987055 0.600000
41 0.078888 0.990291 0.571429
42 0.069562 0.993528 0.628571
43 0.059662 0.993528 0.600000
44 0.045643 0.993528 0.571429
45 0.138424 0.967638 0.657143
46 0.190540 0.915858 0.600000
47 0.254152 0.964401 0.657143
48 0.126259 0.990291 0.628571
49 0.062896 0.993528 0.600000
50 0.053694 0.993528 0.628571
51 0.042524 0.993528 0.628571
52 0.037242 0.993528 0.657143
53 0.042548 0.993528 0.628571
54 0.044137 0.993528 0.628571
55 0.041430 0.993528 0.628571
56 0.043511 0.993528 0.685714
57 0.039472 0.993528 0.628571
58 0.038583 0.993528 0.600000
59 0.041812 0.993528 0.628571
60 0.038170 0.993528 0.628571
61 0.040094 0.993528 0.628571
62 0.037616 0.993528 0.628571
63 0.038603 0.993528 0.657143
64 0.039335 0.993528 0.600000
65 0.042345 0.993528 0.657143
66 0.070414 0.964401 0.600000
67 0.071633 0.980583 0.571429
68 0.052861 0.993528 0.600000
69 0.046553 0.993528 0.657143
70 0.041853 0.993528 0.628571
71 0.037267 0.993528 0.600000
72 0.041326 0.993528 0.628571
73 0.038902 0.993528 0.600000
74 0.034534 0.993528 0.628571
75 0.036374 0.993528 0.600000
76 0.038145 0.993528 0.600000
77 0.033046 0.993528 0.600000
78 0.039540 0.993528 0.657143
79 0.036142 0.993528 0.628571
80 0.042024 0.993528 0.600000
81 0.103868 0.938511 0.628571
82 0.331593 0.948220 0.600000
83 0.280604 0.909385 0.571429
84 0.100575 0.993528 0.600000
85 0.059471 0.993528 0.628571
86 0.048597 0.993528 0.628571
87 0.049745 0.993528 0.571429
88 0.048898 0.993528 0.657143
89 0.049370 0.993528 0.657143
90 0.044827 0.993528 0.628571
91 0.047018 0.993528 0.600000
92 0.042427 0.993528 0.657143
93 0.080529 0.983819 0.657143
94 0.055812 0.990291 0.628571
95 0.105527 0.967638 0.628571
96 0.064765 0.993528 0.571429
97 0.057630 0.993528 0.628571
98 0.050604 0.990291 0.685714
99 0.063612 0.993528 0.685714
100 0.052938 0.993528 0.685714
101 0.034452 0.993528 0.628571
102 0.033996 0.993528 0.657143
103 0.037330 0.993528 0.600000
104 0.041548 0.993528 0.657143
105 0.037872 0.993528 0.600000
106 0.041040 0.993528 0.600000
107 0.035946 0.993528 0.628571
108 0.034364 0.993528 0.600000
109 0.041079 0.993528 0.685714
110 0.036474 0.993528 0.600000
111 0.037407 0.993528 0.657143
112 0.039801 0.993528 0.657143
113 0.031190 0.993528 0.685714
114 0.038626 0.993528 0.685714
115 0.042797 0.993528 0.685714
116 0.032105 0.993528 0.685714
117 0.030080 0.993528 0.685714
118 0.031975 0.993528 0.714286
119 0.036046 0.993528 0.714286
120 0.033683 0.993528 0.714286
121 0.029934 0.993528 0.714286
122 0.031522 0.993528 0.714286
123 0.029971 0.993528 0.714286
124 0.035334 0.993528 0.714286
125 0.032741 0.993528 0.714286
126 0.032867 0.993528 0.714286
127 0.031339 0.993528 0.685714
128 0.034071 0.993528 0.685714
129 0.034921 0.993528 0.685714
130 0.036263 0.993528 0.685714
131 0.031404 0.993528 0.685714
132 0.034723 0.993528 0.685714
133 0.048618 0.957929 0.685714
134 0.120124 0.990291 0.714286
135 0.069713 0.993528 0.657143
136 0.048305 0.993528 0.628571
137 0.045911 0.993528 0.628571
138 0.037808 0.993528 0.657143
139 0.040034 0.993528 0.628571
140 0.040436 0.993528 0.685714
141 0.038851 0.993528 0.657143
142 0.042151 0.993528 0.657143
143 0.036564 0.993528 0.571429
144 0.036946 0.993528 0.600000
145 0.034405 0.993528 0.657143
146 0.027963 0.993528 0.657143
147 0.033378 0.993528 0.657143
148 0.037828 0.993528 0.628571
149 0.037103 0.993528 0.628571
150 0.033577 0.993528 0.600000
151 0.025553 0.993528 0.657143
152 0.030830 0.993528 0.628571
153 0.030652 0.993528 0.657143
154 0.029038 0.993528 0.657143
155 0.029209 0.993528 0.657143
156 0.029845 0.993528 0.657143
157 0.026351 0.993528 0.657143
158 0.031501 0.993528 0.657143
159 0.029646 0.993528 0.657143
160 0.029127 0.993528 0.685714
161 0.029766 0.993528 0.657143
162 0.033743 0.993528 0.600000
163 0.027151 0.993528 0.600000
164 0.028279 0.993528 0.628571
165 0.030167 0.993528 0.600000
166 0.027642 0.993528 0.600000
167 0.028346 0.993528 0.600000
168 0.027579 0.993528 0.628571
169 0.029931 0.993528 0.628571
170 0.029298 0.993528 0.628571
171 0.028920 0.993528 0.628571
172 0.031326 0.993528 0.657143
173 0.038920 0.993528 0.742857
174 0.037395 0.993528 0.657143
175 0.034213 0.993528 0.628571
176 0.028744 0.993528 0.657143
177 0.026727 0.993528 0.685714
178 0.028719 0.993528 0.657143
179 0.031170 0.993528 0.657143
180 0.028107 0.993528 0.628571
181 0.026771 0.993528 0.600000
182 0.028244 0.993528 0.657143
183 0.025937 0.993528 0.657143
184 0.031090 0.993528 0.628571
185 0.027679 0.993528 0.685714
186 0.026195 0.993528 0.657143
187 0.031123 0.993528 0.628571
188 0.027566 0.993528 0.685714
189 0.033015 0.983819 0.600000
190 0.054573 0.987055 0.628571
191 0.050351 0.993528 0.657143
192 0.044558 0.990291 0.657143
193 0.037357 0.993528 0.571429
194 0.033656 0.993528 0.600000
195 0.036403 0.993528 0.657143
196 0.028156 0.993528 0.685714
197 0.031919 0.993528 0.657143
198 0.028765 0.993528 0.685714
199 0.027928 0.993528 0.657143
200 0.027104 0.993528 0.657143
201 0.028025 0.993528 0.657143
202 0.031598 0.993528 0.657143
203 0.028045 0.993528 0.657143
204 0.024152 0.993528 0.685714
205 0.025857 0.993528 0.657143
206 0.027265 0.993528 0.685714
207 0.028481 0.993528 0.628571
208 0.026862 0.993528 0.657143
209 0.027742 0.993528 0.685714
210 0.024687 0.993528 0.685714
211 0.027348 0.993528 0.657143
212 0.026752 0.993528 0.628571
213 0.025348 0.993528 0.685714
214 0.028017 0.993528 0.685714
215 0.030855 0.993528 0.657143
216 0.027977 0.993528 0.657143
217 0.022741 0.993528 0.657143
218 0.027629 0.993528 0.657143
219 0.026963 0.993528 0.685714
220 0.025243 0.993528 0.685714
221 0.025636 0.993528 0.685714
222 0.026205 0.993528 0.685714
223 0.030752 0.993528 0.685714
224 0.025814 0.993528 0.685714
225 0.026057 0.993528 0.685714
226 0.023684 0.993528 0.685714
227 0.024855 0.993528 0.685714
228 0.027954 0.993528 0.685714
229 0.025854 0.993528 0.685714
230 0.022885 0.993528 0.685714
231 0.029838 0.993528 0.657143
232 0.026969 0.993528 0.685714
233 0.024889 0.993528 0.685714
234 0.026514 0.993528 0.685714
235 0.025661 0.993528 0.657143
236 0.024707 0.993528 0.657143
237 0.024690 0.993528 0.685714
238 0.025959 0.993528 0.685714
239 0.023688 0.993528 0.685714
240 0.025730 0.993528 0.685714
241 0.026205 0.993528 0.685714
242 0.028138 0.993528 0.685714
243 0.023547 0.993528 0.685714
244 0.024529 0.993528 0.685714
245 0.027103 0.993528 0.685714
246 0.027353 0.993528 0.685714
247 0.024307 0.993528 0.685714
248 0.029698 0.993528 0.685714
249 0.027001 0.993528 0.685714
250 0.024653 0.993528 0.685714
251 0.024530 0.993528 0.685714
252 0.022720 0.993528 0.685714
253 0.021576 0.993528 0.685714
254 0.024830 0.993528 0.685714
255 0.021406 0.993528 0.685714
256 0.024687 0.993528 0.685714
257 0.021541 0.993528 0.685714
258 0.023508 0.993528 0.685714
259 0.024897 0.993528 0.685714
260 0.023802 0.993528 0.685714
261 0.024534 0.993528 0.657143
262 0.023942 0.993528 0.685714
263 0.024094 0.993528 0.685714
264 0.024199 0.993528 0.685714
265 0.027277 0.993528 0.685714
266 0.024567 0.993528 0.685714
267 0.022986 0.993528 0.685714
268 0.024118 0.993528 0.685714
269 0.023999 0.993528 0.685714
270 0.022291 0.993528 0.685714
271 0.023707 0.993528 0.685714
272 0.024948 0.993528 0.685714
273 0.027275 0.993528 0.685714
274 0.027175 0.993528 0.685714
275 0.021592 0.993528 0.685714
276 0.024101 0.993528 0.685714
277 0.023439 0.993528 0.685714
278 0.024408 0.993528 0.685714
279 0.025263 0.993528 0.685714
280 0.023151 0.993528 0.685714
281 0.025886 0.993528 0.685714
282 0.026135 0.993528 0.685714
283 0.024594 0.993528 0.685714
284 0.024778 0.993528 0.685714
285 0.023888 0.993528 0.685714
286 0.022601 0.993528 0.685714
287 0.024321 0.993528 0.685714
288 0.022256 0.993528 0.685714
289 0.025089 0.993528 0.685714
290 0.024623 0.993528 0.685714
291 0.025886 0.993528 0.685714
292 0.025964 0.993528 0.685714
293 0.024256 0.993528 0.685714
294 0.022706 0.993528 0.685714
295 0.025459 0.993528 0.685714
296 0.025393 0.993528 0.657143
297 0.025073 0.993528 0.657143
298 0.025843 0.993528 0.657143
299 0.021759 0.993528 0.685714
300 0.022636 0.993528 0.685714
301 0.022032 0.993528 0.685714
302 0.021782 0.993528 0.657143
303 0.027360 0.993528 0.685714
304 0.020256 0.993528 0.657143
305 0.023707 0.993528 0.685714
306 0.021150 0.993528 0.685714
307 0.026064 0.993528 0.685714
308 0.022294 0.993528 0.685714
309 0.023739 0.993528 0.685714
310 0.027813 0.993528 0.685714
311 0.024477 0.993528 0.685714
312 0.022816 0.993528 0.685714
313 0.021092 0.993528 0.685714
314 0.021187 0.993528 0.685714
315 0.022370 0.993528 0.685714
316 0.021515 0.993528 0.657143
317 0.021019 0.993528 0.685714
318 0.023763 0.993528 0.657143
319 0.025595 0.993528 0.685714
320 0.023192 0.993528 0.685714
321 0.021875 0.993528 0.685714
322 0.023624 0.993528 0.685714
323 0.020982 0.993528 0.685714
324 0.023310 0.993528 0.685714
325 0.027175 0.993528 0.685714
326 0.023633 0.993528 0.685714
327 0.022598 0.993528 0.685714
328 0.026064 0.993528 0.685714
329 0.023668 0.993528 0.685714
330 0.023839 0.993528 0.685714
331 0.021819 0.993528 0.657143
332 0.023357 0.993528 0.685714
333 0.021312 0.993528 0.685714
334 0.021429 0.993528 0.685714
335 0.023241 0.993528 0.685714
336 0.021978 0.993528 0.685714
337 0.023313 0.993528 0.685714
338 0.022248 0.993528 0.685714
339 0.022975 0.993528 0.685714
340 0.022355 0.993528 0.657143
341 0.021513 0.993528 0.685714
342 0.023249 0.993528 0.714286
343 0.022050 0.993528 0.685714
344 0.021328 0.993528 0.685714
345 0.021028 0.993528 0.685714
346 0.023601 0.993528 0.685714
347 0.025045 0.993528 0.685714
348 0.023552 0.993528 0.714286
349 0.021430 0.993528 0.685714
350 0.026602 0.993528 0.685714
