1 3.321850 0.460741 0.453333
2 1.501882 0.470370 0.446667
3 1.644832 0.459259 0.473333
4 1.703974 0.517037 0.533333
5 2.062006 0.431852 0.433333
6 1.446034 0.427407 0.446667
7 1.235403 0.457037 0.486667
8 1.131261 0.530370 0.553333
9 1.196682 0.528148 0.540000
10 1.010700 0.520000 0.540000
11 1.392245 0.533333 0.506667
12 1.102506 0.520741 0.553333
13 1.053822 0.528148 0.500000
14 1.016507 0.538519 0.560000
15 1.024403 0.546667 0.553333
16 1.015679 0.502222 0.473333
17 1.035928 0.503704 0.473333
18 1.048473 0.555556 0.566667
19 0.984022 0.551111 0.560000
20 0.987858 0.554815 0.546667
21 0.965163 0.548148 0.533333
22 1.040106 0.532593 0.520000
23 1.091794 0.545926 0.553333
24 1.154775 0.534074 0.506667
25 0.974513 0.541481 0.586667
26 0.964913 0.548889 0.526667
27 0.983366 0.554074 0.513333
28 0.933678 0.564444 0.540000
29 0.948686 0.560741 0.513333
30 0.961643 0.567407 0.546667
31 0.945565 0.559259 0.526667
32 0.948934 0.549630 0.580000
33 0.927528 0.568148 0.546667
34 0.988432 0.554815 0.593333
35 0.995327 0.533333 0.513333
36 1.058776 0.529630 0.553333
37 1.009541 0.538519 0.513333
38 0.995643 0.562963 0.560000
39 0.941700 0.564444 0.533333
40 0.959137 0.558519 0.546667
41 0.953106 0.551111 0.526667
42 0.925184 0.569630 0.526667
43 0.927179 0.571111 0.580000
44 0.925778 0.573333 0.533333
45 0.911856 0.577037 0.520000
46 0.938193 0.513333 0.486667
47 0.913326 0.562222 0.526667
48 0.903216 0.577037 0.520000
49 0.914327 0.568889 0.526667
50 0.885005 0.566667 0.573333
51 0.876709 0.591852 0.593333
52 0.870248 0.597037 0.546667
53 0.886762 0.585185 0.566667
54 0.867806 0.591852 0.560000
55 0.877414 0.591111 0.580000
56 0.854060 0.598519 0.560000
57 0.857409 0.582963 0.553333
58 0.879361 0.590370 0.560000
59 0.850137 0.600741 0.560000
60 0.843235 0.608148 0.560000
61 0.853600 0.604444 0.553333
62 0.857326 0.606667 0.553333
63 0.845233 0.614815 0.540000
64 0.841157 0.602963 0.566667
65 0.858282 0.604444 0.553333
66 0.840636 0.604444 0.526667
67 0.861426 0.602963 0.580000
68 0.855029 0.580000 0.533333
69 0.849518 0.625926 0.553333
70 0.831145 0.616296 0.520000
