1 6.434696 0.735333 0.748000
2 1.666033 0.659778 0.654000
3 1.464415 0.738222 0.736000
4 1.413785 0.732222 0.734000
5 0.874404 0.738667 0.736000
6 0.645237 0.739111 0.738000
7 0.648020 0.776222 0.780000
8 0.725576 0.770444 0.776000
9 0.751381 0.722000 0.714000
10 0.727865 0.763778 0.750000
11 0.793162 0.784667 0.796000
12 0.727363 0.776222 0.784000
13 0.603274 0.787111 0.784000
14 0.651422 0.753111 0.750000
15 0.623363 0.783778 0.786000
16 0.631185 0.781778 0.764000
17 0.668856 0.772667 0.766000
18 0.665913 0.783556 0.770000
19 0.669308 0.797778 0.796000
20 0.612129 0.797111 0.782000
21 0.571711 0.784889 0.776000
22 0.538236 0.792667 0.772000
23 0.527117 0.788444 0.790000
24 0.518873 0.798444 0.798000
25 0.524403 0.802222 0.784000
26 0.496987 0.809111 0.812000
27 0.516286 0.813556 0.804000
28 0.526241 0.812444 0.806000
29 0.518963 0.789556 0.786000
30 0.503820 0.804000 0.778000
