1 4.420481 0.614463 0.604380
2 1.733554 0.652284 0.646472
3 1.684885 0.634604 0.629440
4 1.444923 0.655610 0.654988
5 1.112823 0.656988 0.644525
6 1.051867 0.686402 0.677372
7 1.066213 0.670478 0.663260
8 1.093225 0.655475 0.639173
9 1.058699 0.662665 0.662530
10 0.895114 0.697107 0.683942
11 0.863971 0.723304 0.703163
12 0.822801 0.691295 0.690511
13 0.906548 0.706191 0.703163
14 0.836338 0.717681 0.698297
15 0.807741 0.692268 0.685401
16 0.786708 0.718302 0.705353
17 0.789498 0.726602 0.703406
18 0.710918 0.735280 0.723358
19 0.743770 0.694972 0.683942
20 0.745774 0.687510 0.679805
21 0.695862 0.721871 0.714355
22 0.659421 0.726629 0.709976
23 0.676283 0.737578 0.719951
24 0.630842 0.744174 0.734063
25 0.627852 0.741984 0.728224
26 0.627354 0.731360 0.702920
27 0.620794 0.738281 0.717031
28 0.613705 0.674344 0.659367
29 0.606022 0.754393 0.739416
30 0.610009 0.727251 0.700973
31 0.574926 0.740660 0.724331
32 0.582564 0.755042 0.735523
33 0.569258 0.752555 0.730414
34 0.572018 0.749959 0.724088
35 0.542480 0.767045 0.745499
36 0.551362 0.747688 0.724088
37 0.557740 0.762260 0.743066
38 0.537064 0.749824 0.723601
39 0.550290 0.736334 0.717518
40 0.537907 0.754745 0.726764
41 0.544844 0.756123 0.734307
42 0.527619 0.759746 0.742823
43 0.519340 0.772641 0.747202
44 0.535077 0.761395 0.745012
45 0.534085 0.745904 0.726034
46 0.513995 0.760043 0.732360
47 0.516470 0.783590 0.758638
48 0.501443 0.774020 0.743795
49 0.504245 0.774831 0.741362
50 0.482407 0.813112 0.781995
51 0.464448 0.810273 0.772993
52 0.460192 0.803596 0.767883
53 0.472110 0.811922 0.772263
54 0.457720 0.805758 0.765207
55 0.451256 0.813625 0.772263
56 0.448895 0.817113 0.778589
57 0.450903 0.822439 0.777129
58 0.448541 0.819357 0.785645
59 0.446834 0.815355 0.767883
60 0.448898 0.821519 0.778102
61 0.440230 0.818492 0.781752
62 0.442128 0.829602 0.781265
63 0.440071 0.821925 0.773479
64 0.432720 0.822168 0.773236
65 0.429115 0.817032 0.766423
66 0.440674 0.817707 0.777616
67 0.430648 0.832549 0.780535
68 0.432454 0.818248 0.777129
69 0.433162 0.834523 0.783942
70 0.444835 0.822898 0.774696
71 0.424345 0.834874 0.793188
72 0.419716 0.831333 0.782968
73 0.425376 0.824250 0.772263
74 0.430966 0.833523 0.783212
75 0.430513 0.819384 0.768370
76 0.423827 0.821222 0.771776
77 0.431473 0.831441 0.786618
78 0.432850 0.844580 0.788078
79 0.426921 0.839659 0.783455
80 0.417762 0.842309 0.786131
81 0.410428 0.839930 0.792458
82 0.412220 0.815626 0.777129
83 0.409775 0.839605 0.781995
84 0.407776 0.817437 0.762530
85 0.416793 0.823168 0.777859
86 0.405281 0.833577 0.782239
87 0.406158 0.838740 0.787348
88 0.419725 0.830846 0.774209
89 0.425672 0.852582 0.793431
90 0.396506 0.849040 0.794890
91 0.408104 0.850203 0.788321
92 0.399204 0.856096 0.799027
93 0.408458 0.850797 0.790511
94 0.395549 0.846526 0.787834
95 0.409333 0.846418 0.784428
96 0.399612 0.850527 0.780292
97 0.397376 0.846661 0.783212
98 0.393273 0.839822 0.787348
99 0.402834 0.850392 0.795864
100 0.373927 0.876453 0.812409
101 0.349361 0.876859 0.806570
102 0.342818 0.879048 0.806083
103 0.348360 0.876210 0.800000
104 0.347520 0.881941 0.809976
105 0.344312 0.881752 0.799270
106 0.345073 0.885672 0.804866
107 0.340912 0.884807 0.801703
108 0.336222 0.889132 0.803650
109 0.340287 0.883022 0.810219
110 0.349611 0.874993 0.802190
111 0.340723 0.881860 0.807543
112 0.332943 0.889240 0.811922
113 0.337383 0.889862 0.811922
114 0.337036 0.872425 0.806569
115 0.334234 0.888051 0.806326
116 0.329523 0.891836 0.811679
117 0.334983 0.886618 0.804380
118 0.341450 0.890051 0.814842
119 0.330384 0.893593 0.807786
120 0.333308 0.889403 0.806326
121 0.320552 0.889511 0.796107
122 0.323926 0.894377 0.807543
123 0.321045 0.891214 0.802433
124 0.321704 0.892917 0.797324
125 0.334448 0.895215 0.806570
126 0.325307 0.893998 0.803649
127 0.323439 0.894674 0.805110
128 0.313147 0.888970 0.804866
129 0.316130 0.903650 0.802920
130 0.319606 0.892539 0.801703
131 0.318298 0.899946 0.807543
132 0.315158 0.898703 0.805596
133 0.312671 0.894755 0.798784
134 0.317414 0.900460 0.805840
135 0.309682 0.890159 0.800730
136 0.317641 0.897702 0.808272
137 0.314611 0.900541 0.800487
138 0.308129 0.903406 0.808029
139 0.310151 0.905461 0.813869
140 0.309481 0.896864 0.802433
141 0.312483 0.902487 0.805110
142 0.304092 0.904353 0.805596
143 0.306916 0.908705 0.803893
144 0.289095 0.903893 0.799270
145 0.300709 0.903785 0.811922
146 0.304366 0.904812 0.805110
147 0.296810 0.895566 0.803406
148 0.303719 0.884023 0.796594
149 0.308885 0.907894 0.809732
150 0.274657 0.927467 0.817518
151 0.259660 0.923817 0.805596
152 0.256517 0.927521 0.824817
153 0.255222 0.930441 0.817032
154 0.254268 0.932468 0.816788
155 0.258685 0.932766 0.815085
156 0.258979 0.931522 0.809976
157 0.256375 0.931982 0.812652
158 0.249822 0.933658 0.813625
159 0.252182 0.930630 0.815085
160 0.250437 0.932630 0.813868
161 0.261293 0.930927 0.818978
162 0.246618 0.936578 0.814599
163 0.244212 0.937902 0.817275
164 0.245343 0.937605 0.817032
165 0.246005 0.938551 0.816302
166 0.245058 0.938524 0.817518
167 0.242660 0.935469 0.803163
168 0.236463 0.941281 0.811192
169 0.244399 0.935848 0.809002
170 0.237399 0.940687 0.817275
171 0.239021 0.937497 0.809732
172 0.238310 0.936199 0.811192
173 0.239497 0.941903 0.814599
174 0.239206 0.941200 0.809976
175 0.229728 0.943174 0.817518
176 0.237671 0.945796 0.815815
177 0.233894 0.941417 0.813382
178 0.232635 0.943498 0.811192
179 0.235274 0.943715 0.807299
180 0.233961 0.942201 0.809489
181 0.230513 0.943309 0.816788
182 0.234301 0.935577 0.813382
183 0.230262 0.945364 0.815815
184 0.225803 0.945499 0.815572
185 0.222426 0.943228 0.806813
186 0.225206 0.945472 0.811922
187 0.227132 0.945228 0.816302
188 0.225702 0.936523 0.813869
189 0.232987 0.945337 0.806569
190 0.225137 0.947634 0.813625
191 0.221314 0.949743 0.811679
192 0.222228 0.946310 0.813869
193 0.219654 0.946067 0.815329
194 0.217453 0.947607 0.814842
195 0.222109 0.945661 0.807786
196 0.223198 0.941876 0.800730
197 0.228946 0.940389 0.815329
198 0.219146 0.951284 0.811679
199 0.218663 0.948067 0.810706
200 0.205245 0.959178 0.814355
201 0.194010 0.959448 0.816545
202 0.198879 0.959530 0.812895
203 0.198332 0.962720 0.814842
204 0.196699 0.962152 0.810705
205 0.188230 0.961314 0.807786
206 0.194915 0.960233 0.816545
207 0.188910 0.962017 0.815572
208 0.197728 0.961503 0.819221
209 0.193690 0.964261 0.815329
210 0.192226 0.964720 0.808029
211 0.188548 0.964801 0.817275
212 0.191457 0.964504 0.811679
213 0.186830 0.964071 0.810949
214 0.187099 0.965883 0.813626
215 0.188321 0.965585 0.813139
216 0.189446 0.964909 0.808029
217 0.184192 0.965477 0.816058
218 0.188061 0.965666 0.810706
219 0.197053 0.966802 0.813139
220 0.186299 0.963693 0.809246
221 0.185799 0.967099 0.813869
222 0.186030 0.967721 0.813382
223 0.185290 0.966342 0.808516
224 0.179741 0.965261 0.814112
225 0.190540 0.965288 0.815085
226 0.185366 0.967532 0.808516
227 0.189197 0.964963 0.813869
228 0.184815 0.967180 0.809002
229 0.188283 0.966640 0.810219
230 0.181422 0.966937 0.813869
231 0.180723 0.967721 0.813139
232 0.180394 0.968181 0.812166
233 0.178974 0.968830 0.809732
234 0.172716 0.968370 0.809732
235 0.176340 0.968127 0.810949
236 0.174902 0.968316 0.810949
237 0.184682 0.969073 0.814355
238 0.179528 0.970154 0.814842
239 0.173596 0.969100 0.812166
240 0.179202 0.969478 0.808272
241 0.173825 0.970803 0.813382
242 0.175195 0.970587 0.811679
243 0.171520 0.971154 0.806812
244 0.171199 0.970019 0.812409
245 0.178929 0.971100 0.810949
246 0.171746 0.970965 0.810219
247 0.168825 0.970695 0.812409
248 0.178098 0.970695 0.812895
249 0.173276 0.970938 0.818005
250 0.171622 0.974155 0.812409
251 0.164297 0.974831 0.812165
252 0.162490 0.974804 0.811922
253 0.162287 0.976723 0.816545
254 0.162634 0.976210 0.811435
255 0.159549 0.975426 0.815815
256 0.162695 0.976751 0.812166
257 0.159572 0.976264 0.813139
258 0.160922 0.976129 0.811192
259 0.158988 0.977156 0.813139
260 0.160071 0.976507 0.810219
261 0.159769 0.976453 0.810219
262 0.164691 0.977534 0.811192
263 0.158505 0.976426 0.816302
264 0.156582 0.977643 0.810706
265 0.157714 0.976453 0.810462
266 0.156758 0.978048 0.808029
267 0.156607 0.977940 0.811679
268 0.158430 0.977805 0.810462
269 0.156483 0.978832 0.816059
270 0.160634 0.978048 0.816789
271 0.158204 0.977507 0.813625
272 0.159167 0.978940 0.810949
273 0.156286 0.978048 0.813139
274 0.158802 0.978210 0.808516
275 0.150231 0.978373 0.813869
276 0.153331 0.978427 0.814112
277 0.153283 0.977967 0.811192
278 0.153421 0.979643 0.813138
279 0.154748 0.978913 0.814598
280 0.152060 0.978940 0.811435
281 0.158432 0.977832 0.811192
282 0.155157 0.979021 0.812166
283 0.153719 0.979075 0.813139
284 0.157970 0.979346 0.813625
285 0.160758 0.979535 0.811192
286 0.151860 0.979048 0.813869
287 0.153520 0.980319 0.810219
288 0.160289 0.979643 0.811436
289 0.151201 0.979292 0.815329
290 0.152507 0.979995 0.808759
291 0.155780 0.978589 0.813625
292 0.154024 0.979075 0.808029
293 0.151054 0.979508 0.811922
294 0.150337 0.979346 0.812409
295 0.149160 0.980211 0.812652
296 0.151325 0.979914 0.812409
297 0.154465 0.980373 0.810705
298 0.149496 0.979021 0.812166
299 0.154114 0.979454 0.809002
300 0.149751 0.981130 0.810219
301 0.145186 0.981779 0.809732
302 0.147202 0.982022 0.809732
303 0.144479 0.982103 0.808759
304 0.146063 0.982401 0.808272
305 0.147528 0.983212 0.810219
306 0.145374 0.982482 0.809976
307 0.145520 0.983022 0.809489
308 0.141982 0.982374 0.810706
309 0.148196 0.982238 0.811922
310 0.149171 0.983239 0.815329
311 0.149291 0.983671 0.811192
312 0.141361 0.982644 0.814599
313 0.143623 0.983185 0.812652
314 0.141050 0.982888 0.810705
315 0.143528 0.983455 0.813382
316 0.141248 0.983239 0.814842
317 0.146066 0.982941 0.811679
318 0.140888 0.983131 0.814842
319 0.143431 0.983131 0.813382
320 0.142731 0.982860 0.814842
321 0.144255 0.984023 0.810706
322 0.146462 0.983158 0.809489
323 0.142182 0.982968 0.810705
324 0.142368 0.983049 0.809732
325 0.140731 0.983509 0.812895
326 0.141642 0.983239 0.813625
327 0.141920 0.983293 0.811922
328 0.144655 0.984185 0.810463
329 0.140920 0.983022 0.811922
330 0.142601 0.983023 0.810949
331 0.140773 0.984077 0.816058
332 0.144236 0.983266 0.811679
333 0.139520 0.983509 0.813139
334 0.139755 0.984185 0.810462
335 0.139040 0.984320 0.811679
336 0.143256 0.983860 0.811435
337 0.141955 0.983536 0.810462
338 0.143964 0.984131 0.813869
339 0.138963 0.983563 0.807543
340 0.138603 0.983698 0.812652
341 0.141931 0.983752 0.811679
342 0.140745 0.984104 0.809976
343 0.142918 0.984347 0.809976
344 0.141181 0.984212 0.810706
345 0.144236 0.983915 0.810949
346 0.137103 0.984482 0.813382
347 0.138249 0.983942 0.810949
348 0.141244 0.983861 0.813868
349 0.143512 0.983698 0.812409
350 0.140600 0.984590 0.812409
