1 4.297733 0.576052 0.571429
2 1.435727 0.724919 0.628571
3 1.315354 0.744337 0.542857
4 1.172643 0.705502 0.571429
5 1.289771 0.728155 0.571429
6 0.841738 0.779935 0.628571
7 0.768549 0.851133 0.514286
8 0.572340 0.828479 0.628571
9 0.626049 0.744337 0.628571
10 0.600313 0.828479 0.600000
11 0.578581 0.818770 0.571429
12 0.590892 0.822006 0.600000
13 0.698922 0.796117 0.600000
14 0.370768 0.770227 0.571429
15 0.453808 0.860841 0.514286
16 0.455721 0.899676 0.600000
17 0.447021 0.857605 0.514286
18 0.318494 0.925566 0.628571
19 0.305779 0.873786 0.571429
20 0.258724 0.893204 0.600000
21 0.311577 0.886731 0.600000
22 0.254428 0.880259 0.542857
23 0.282577 0.935275 0.571429
24 0.218377 0.906149 0.600000
25 0.294487 0.896440 0.542857
26 0.271714 0.857605 0.628571
27 0.319068 0.860841 0.600000
28 0.259904 0.944984 0.571429
29 0.199120 0.941748 0.600000
30 0.188142 0.974110 0.600000
31 0.265056 0.925566 0.600000
32 0.258117 0.851133 0.571429
33 0.164582 0.957929 0.628571
34 0.186013 0.944984 0.571429
35 0.222507 0.951456 0.600000
36 0.298117 0.944984 0.542857
37 0.175080 0.902913 0.600000
38 0.221374 0.932039 0.542857
39 0.214037 0.932039 0.600000
40 0.162372 0.909385 0.542857
41 0.171504 0.896440 0.571429
42 0.196598 0.928803 0.514286
43 0.311027 0.877023 0.542857
44 0.252285 0.919094 0.628571
45 0.175317 0.993528 0.571429
46 0.127511 0.977346 0.571429
47 0.146542 0.935275 0.600000
48 0.185040 0.932039 0.628571
49 0.122009 0.899676 0.571429
50 0.106062 0.996764 0.571429
51 0.076624 0.996764 0.600000
52 0.066306 0.996764 0.600000
53 0.073869 0.996764 0.571429
54 0.064811 0.996764 0.571429
55 0.058983 0.996764 0.571429
56 0.061926 0.996764 0.571429
57 0.066568 0.993528 0.571429
58 0.070307 0.996764 0.571429
59 0.092814 0.980583 0.514286
60 0.075444 0.977346 0.542857
61 0.099575 0.987055 0.600000
62 0.092218 0.990291 0.571429
63 0.105472 0.980583 0.571429
64 0.079569 0.996764 0.542857
65 0.061109 0.996764 0.542857
66 0.059556 0.996764 0.571429
67 0.067057 0.983819 0.600000
68 0.074551 0.996764 0.571429
69 0.083786 0.987055 0.600000
70 0.076035 0.987055 0.628571
71 0.072284 0.889968 0.571429
72 0.179928 0.948220 0.514286
73 0.100740 0.993528 0.600000
74 0.078532 0.996764 0.600000
75 0.068376 0.970874 0.657143
76 0.103816 0.987055 0.571429
77 0.069403 0.996764 0.600000
78 0.066075 0.990291 0.600000
79 0.066121 0.993528 0.571429
80 0.069901 0.993528 0.571429
81 0.051868 0.996764 0.571429
82 0.063668 0.996764 0.600000
83 0.057833 0.993528 0.600000
84 0.063875 0.996764 0.600000
85 0.087256 0.993528 0.571429
86 0.074193 0.993528 0.571429
87 0.161583 0.902913 0.571429
88 0.189949 0.922330 0.542857
89 0.100020 0.996764 0.542857
90 0.077241 0.957929 0.542857
91 0.108295 0.983819 0.657143
92 0.076315 0.996764 0.571429
93 0.059668 0.977346 0.571429
94 0.135344 0.990291 0.571429
95 0.128944 0.987055 0.571429
96 0.078695 0.996764 0.571429
97 0.051362 0.996764 0.571429
98 0.051445 0.996764 0.571429
99 0.064550 0.902913 0.600000
100 0.069601 0.996764 0.571429
101 0.047815 0.996764 0.600000
102 0.046787 0.996764 0.571429
103 0.047024 0.996764 0.571429
104 0.043161 0.996764 0.600000
105 0.044101 0.996764 0.542857
106 0.050961 0.996764 0.571429
107 0.055428 0.996764 0.571429
108 0.045555 0.996764 0.571429
109 0.044688 0.996764 0.571429
110 0.039672 0.996764 0.571429
111 0.044860 0.996764 0.571429
112 0.046634 0.996764 0.571429
113 0.042261 0.996764 0.600000
114 0.043220 0.996764 0.571429
115 0.041720 0.996764 0.600000
116 0.041595 0.996764 0.600000
117 0.037104 0.996764 0.571429
118 0.042935 0.996764 0.571429
119 0.045449 0.996764 0.600000
120 0.046180 0.996764 0.600000
121 0.050483 0.996764 0.542857
122 0.041186 0.996764 0.571429
123 0.037128 0.996764 0.571429
124 0.041364 0.996764 0.571429
125 0.040505 0.996764 0.600000
126 0.040634 0.996764 0.600000
127 0.044310 0.996764 0.657143
128 0.042633 0.996764 0.600000
129 0.041193 0.996764 0.571429
130 0.041806 0.996764 0.600000
131 0.046318 0.996764 0.600000
132 0.054547 0.964401 0.600000
133 0.062194 0.996764 0.571429
134 0.047680 0.996764 0.600000
135 0.040591 0.996764 0.542857
136 0.047409 0.996764 0.571429
137 0.051576 0.993528 0.514286
138 0.103800 0.957929 0.628571
139 0.127550 0.993528 0.600000
140 0.067767 0.996764 0.571429
141 0.063390 0.996764 0.600000
142 0.047660 0.996764 0.600000
143 0.045174 0.996764 0.628571
144 0.050034 0.996764 0.571429
145 0.049275 0.996764 0.600000
146 0.043676 0.996764 0.571429
147 0.042356 0.996764 0.571429
148 0.039395 0.996764 0.571429
149 0.038953 0.996764 0.628571
150 0.040972 0.996764 0.542857
151 0.038269 0.996764 0.600000
152 0.038292 0.996764 0.600000
153 0.038786 0.996764 0.600000
154 0.037423 0.996764 0.600000
155 0.035564 0.996764 0.600000
156 0.036141 0.996764 0.542857
157 0.035076 0.996764 0.571429
158 0.037593 0.996764 0.600000
159 0.039451 0.996764 0.657143
160 0.039061 0.996764 0.628571
161 0.039073 0.996764 0.600000
162 0.038459 0.996764 0.600000
163 0.030934 0.996764 0.628571
164 0.034033 0.996764 0.628571
165 0.034558 0.996764 0.600000
166 0.038581 0.996764 0.600000
167 0.036973 0.996764 0.571429
168 0.032634 0.996764 0.571429
169 0.045011 0.996764 0.628571
170 0.044003 0.996764 0.600000
171 0.039346 0.996764 0.542857
172 0.038617 0.996764 0.571429
173 0.050378 0.990291 0.628571
174 0.049994 0.996764 0.600000
175 0.047257 0.996764 0.600000
176 0.043266 0.996764 0.542857
177 0.045161 0.996764 0.571429
178 0.038621 0.996764 0.628571
179 0.038732 0.996764 0.600000
180 0.040640 0.996764 0.600000
181 0.037595 0.996764 0.628571
182 0.039353 0.996764 0.600000
183 0.035910 0.996764 0.628571
184 0.037287 0.996764 0.571429
185 0.039882 0.996764 0.600000
186 0.041597 0.996764 0.600000
187 0.035314 0.996764 0.600000
188 0.034501 0.996764 0.628571
189 0.036583 0.996764 0.600000
190 0.034529 0.996764 0.571429
191 0.037759 0.996764 0.657143
192 0.036559 0.996764 0.571429
193 0.033247 0.996764 0.628571
194 0.036314 0.996764 0.600000
195 0.042836 0.993528 0.600000
196 0.034467 0.996764 0.571429
197 0.034740 0.996764 0.628571
198 0.035683 0.996764 0.628571
199 0.035063 0.996764 0.600000
200 0.031852 0.996764 0.628571
201 0.032566 0.996764 0.600000
202 0.035003 0.996764 0.600000
203 0.032996 0.996764 0.600000
204 0.032956 0.996764 0.600000
205 0.032787 0.996764 0.628571
206 0.030426 0.996764 0.628571
207 0.031381 0.996764 0.628571
208 0.033605 0.996764 0.571429
209 0.032732 0.996764 0.628571
210 0.031630 0.996764 0.600000
211 0.031640 0.996764 0.628571
212 0.034870 0.996764 0.628571
213 0.033828 0.996764 0.628571
214 0.036495 0.996764 0.657143
215 0.033730 0.996764 0.600000
216 0.031539 0.996764 0.600000
217 0.032219 0.996764 0.628571
218 0.035163 0.996764 0.600000
219 0.033843 0.996764 0.600000
220 0.029591 0.996764 0.628571
221 0.031543 0.996764 0.600000
222 0.034057 0.996764 0.600000
223 0.035156 0.996764 0.628571
224 0.031377 0.996764 0.628571
225 0.028820 0.996764 0.628571
226 0.032866 0.996764 0.600000
227 0.031025 0.996764 0.600000
228 0.033023 0.996764 0.600000
229 0.032417 0.996764 0.600000
230 0.033020 0.996764 0.628571
231 0.033721 0.996764 0.628571
232 0.031705 0.996764 0.600000
233 0.032542 0.996764 0.571429
234 0.028346 0.996764 0.600000
235 0.027176 0.996764 0.600000
236 0.029997 0.996764 0.600000
237 0.031808 0.996764 0.628571
238 0.032001 0.996764 0.628571
239 0.030845 0.996764 0.600000
240 0.033770 0.996764 0.628571
241 0.030184 0.996764 0.628571
242 0.028438 0.996764 0.600000
243 0.027828 0.996764 0.600000
244 0.034281 0.996764 0.628571
245 0.028592 0.996764 0.628571
246 0.033374 0.996764 0.628571
247 0.029490 0.996764 0.600000
248 0.032692 0.996764 0.628571
249 0.029521 0.996764 0.628571
250 0.031977 0.996764 0.628571
251 0.030303 0.996764 0.600000
252 0.028987 0.996764 0.600000
253 0.027673 0.996764 0.628571
254 0.028234 0.996764 0.628571
255 0.025528 0.996764 0.628571
256 0.030248 0.996764 0.628571
257 0.026979 0.996764 0.628571
258 0.028778 0.996764 0.628571
259 0.030055 0.996764 0.600000
260 0.030452 0.996764 0.628571
261 0.030786 0.996764 0.628571
262 0.030821 0.996764 0.628571
263 0.027817 0.996764 0.628571
264 0.028065 0.996764 0.600000
265 0.028241 0.996764 0.628571
266 0.030442 0.996764 0.600000
267 0.027059 0.996764 0.628571
268 0.028221 0.996764 0.628571
269 0.027494 0.990291 0.628571
270 0.032545 0.996764 0.600000
271 0.027857 0.996764 0.600000
272 0.027841 0.996764 0.600000
273 0.029487 0.996764 0.600000
274 0.033399 0.996764 0.600000
275 0.028467 0.996764 0.600000
276 0.031003 0.996764 0.600000
277 0.029056 0.996764 0.600000
278 0.027185 0.996764 0.600000
279 0.030825 0.996764 0.600000
280 0.028487 0.996764 0.600000
281 0.033166 0.996764 0.600000
282 0.031414 0.996764 0.600000
283 0.026729 0.996764 0.600000
284 0.028220 0.996764 0.600000
285 0.030123 0.996764 0.600000
286 0.027468 0.996764 0.600000
287 0.029730 0.996764 0.600000
288 0.027982 0.996764 0.600000
289 0.030851 0.996764 0.600000
290 0.029396 0.996764 0.600000
291 0.027481 0.996764 0.600000
292 0.026869 0.996764 0.600000
293 0.028866 0.996764 0.600000
294 0.028605 0.996764 0.600000
295 0.027950 0.996764 0.600000
296 0.025648 0.996764 0.571429
297 0.030311 0.996764 0.600000
298 0.028239 0.996764 0.600000
299 0.026626 0.996764 0.600000
300 0.026771 0.996764 0.600000
301 0.025984 0.996764 0.600000
302 0.028067 0.996764 0.600000
303 0.031121 0.996764 0.600000
304 0.024401 0.996764 0.600000
305 0.028639 0.996764 0.600000
306 0.027813 0.996764 0.600000
307 0.029043 0.996764 0.600000
308 0.027755 0.996764 0.600000
309 0.028849 0.996764 0.600000
310 0.029113 0.996764 0.600000
311 0.027741 0.996764 0.600000
312 0.026692 0.996764 0.600000
313 0.028468 0.996764 0.600000
314 0.026109 0.996764 0.600000
315 0.024399 0.996764 0.600000
316 0.028054 0.996764 0.600000
317 0.027547 0.996764 0.600000
318 0.025556 0.996764 0.600000
319 0.026214 0.996764 0.600000
320 0.026986 0.996764 0.600000
321 0.026021 0.996764 0.600000
322 0.028232 0.996764 0.600000
323 0.026289 0.996764 0.600000
324 0.025450 0.996764 0.600000
325 0.030576 0.996764 0.600000
326 0.028419 0.996764 0.600000
327 0.028277 0.996764 0.600000
328 0.027077 0.996764 0.600000
329 0.027118 0.996764 0.600000
330 0.026044 0.996764 0.600000
331 0.026356 0.996764 0.600000
332 0.027393 0.996764 0.600000
333 0.027944 0.996764 0.600000
334 0.028697 0.996764 0.600000
335 0.027350 0.996764 0.600000
336 0.027754 0.996764 0.600000
337 0.027137 0.996764 0.600000
338 0.025971 0.996764 0.600000
339 0.027958 0.996764 0.600000
340 0.026883 0.996764 0.600000
341 0.024622 0.996764 0.600000
342 0.030844 0.996764 0.600000
343 0.026449 0.996764 0.600000
344 0.026466 0.996764 0.600000
345 0.028301 0.996764 0.600000
346 0.028474 0.996764 0.600000
347 0.027255 0.996764 0.600000
348 0.029414 0.996764 0.600000
349 0.025702 0.996764 0.600000
350 0.029364 0.996764 0.600000
