1 4.118806 0.629514 0.593109
2 1.645941 0.668002 0.540420
3 1.433200 0.677598 0.576555
4 1.183709 0.700567 0.555210
5 1.060685 0.742527 0.581513
6 0.887944 0.713538 0.587143
7 0.907743 0.781620 0.564370
8 0.696635 0.760955 0.587395
9 0.653516 0.777134 0.587311
10 0.638090 0.765840 0.604454
11 0.688137 0.801996 0.604874
12 0.554071 0.788129 0.598655
13 0.544240 0.821699 0.584370
14 0.448858 0.829775 0.584034
15 0.503948 0.836901 0.587563
16 0.458298 0.860137 0.602101
17 0.403946 0.858171 0.592605
18 0.396502 0.838847 0.560672
19 0.353484 0.884352 0.587311
20 0.357969 0.871761 0.587059
21 0.378632 0.880162 0.554622
22 0.310765 0.854017 0.595882
23 0.310772 0.903072 0.593109
24 0.277107 0.919895 0.607563
25 0.341459 0.874382 0.587395
26 0.319367 0.862457 0.563445
27 0.301825 0.870476 0.595714
28 0.282315 0.900503 0.572857
29 0.256940 0.917312 0.563782
30 0.245261 0.927311 0.604538
31 0.229608 0.945403 0.604622
32 0.273883 0.916023 0.651597
33 0.236164 0.930252 0.572521
34 0.222916 0.924774 0.558151
35 0.266859 0.927976 0.613613
36 0.242692 0.915349 0.575630
37 0.203513 0.922769 0.578235
38 0.187477 0.950266 0.566975
39 0.187152 0.924747 0.586975
40 0.214613 0.946698 0.607395
41 0.179965 0.938627 0.601849
42 0.154067 0.941137 0.590504
43 0.223682 0.928933 0.587143
44 0.168120 0.944440 0.572437
45 0.199754 0.936370 0.599412
46 0.185506 0.913484 0.552269
47 0.253033 0.923801 0.581345
48 0.186381 0.935715 0.618824
49 0.138295 0.941506 0.607815
50 0.102972 0.985144 0.578319
51 0.083234 0.993541 0.590168
52 0.076132 0.994186 0.599160
53 0.075602 0.993540 0.584370
54 0.075057 0.991602 0.584454
55 0.072762 0.991606 0.581597
56 0.071672 0.992248 0.613698
57 0.069061 0.987723 0.587143
58 0.070179 0.992895 0.596134
59 0.078425 0.990310 0.601933
60 0.074641 0.990632 0.607899
61 0.079819 0.989340 0.598992
62 0.090635 0.990303 0.596135
63 0.082093 0.991923 0.587311
64 0.075555 0.989012 0.610588
65 0.079954 0.989668 0.590420
66 0.074172 0.989348 0.595714
67 0.090961 0.976097 0.601429
68 0.109843 0.969000 0.578656
69 0.117247 0.971921 0.587395
70 0.112180 0.971904 0.587227
71 0.088423 0.977700 0.607731
72 0.096880 0.983182 0.590336
73 0.077731 0.990636 0.590000
74 0.081536 0.988051 0.578823
75 0.073156 0.980948 0.593025
76 0.085920 0.982862 0.596135
77 0.082662 0.986420 0.595966
78 0.078487 0.984810 0.593109
79 0.097435 0.972225 0.596303
80 0.114707 0.978042 0.607647
81 0.123251 0.933862 0.596051
82 0.159861 0.974495 0.590000
83 0.108352 0.976741 0.601681
84 0.100122 0.990635 0.598824
85 0.091531 0.985140 0.561092
86 0.083258 0.983214 0.578572
87 0.100687 0.977366 0.595966
88 0.098139 0.970249 0.593362
89 0.084028 0.989666 0.590336
90 0.078662 0.984173 0.569664
91 0.086858 0.977374 0.595630
92 0.079697 0.981924 0.552269
93 0.079990 0.982556 0.584370
94 0.088883 0.972878 0.593193
95 0.111400 0.957397 0.569664
96 0.106801 0.977685 0.590252
97 0.101503 0.975468 0.575798
98 0.089025 0.989344 0.584370
99 0.079460 0.971252 0.593109
100 0.063916 0.994509 0.610924
101 0.048932 0.994509 0.607983
102 0.049520 0.994509 0.605042
103 0.050961 0.994509 0.613698
104 0.047968 0.994509 0.596135
105 0.048566 0.994509 0.602269
106 0.052398 0.994509 0.602101
107 0.050549 0.994509 0.605042
108 0.048574 0.994509 0.587311
109 0.048777 0.994509 0.610840
110 0.046152 0.994509 0.590420
111 0.049638 0.994509 0.593277
112 0.056045 0.989667 0.578571
113 0.050440 0.994509 0.601933
114 0.053000 0.994185 0.587479
115 0.048769 0.994509 0.610756
116 0.050382 0.994509 0.598823
117 0.044506 0.994509 0.596050
118 0.046943 0.994509 0.604958
119 0.047009 0.994509 0.598908
120 0.051566 0.994509 0.601849
121 0.053536 0.994185 0.602101
122 0.053772 0.992243 0.598739
123 0.059506 0.983519 0.581345
124 0.056726 0.993864 0.587311
125 0.054171 0.993214 0.604622
126 0.054679 0.992569 0.587479
127 0.053359 0.993864 0.593109
128 0.051597 0.993539 0.587395
129 0.048771 0.993541 0.593277
130 0.059274 0.987087 0.601849
131 0.074912 0.976437 0.607563
132 0.079935 0.970288 0.613361
133 0.091888 0.985458 0.602017
134 0.076265 0.985798 0.604874
135 0.065660 0.989008 0.605042
136 0.079296 0.986119 0.590336
137 0.076179 0.992570 0.610504
138 0.057223 0.990303 0.593109
139 0.061592 0.993218 0.610840
140 0.054474 0.992891 0.604874
141 0.051875 0.994509 0.604874
142 0.051929 0.993214 0.610840
143 0.046161 0.993864 0.619580
144 0.049356 0.992572 0.599244
145 0.055583 0.992891 0.584454
146 0.052958 0.994186 0.610672
147 0.053321 0.993219 0.599160
148 0.062589 0.985140 0.607815
149 0.068991 0.988701 0.601849
150 0.049842 0.994509 0.602101
151 0.042134 0.994509 0.602017
152 0.042147 0.994509 0.590336
153 0.041451 0.994186 0.610756
154 0.040496 0.994509 0.604790
155 0.041285 0.994509 0.613697
156 0.041964 0.994509 0.607899
157 0.039238 0.994509 0.604958
158 0.039464 0.994509 0.610840
159 0.040453 0.994186 0.619412
160 0.043100 0.994509 0.602017
161 0.044077 0.994509 0.604958
162 0.040977 0.994509 0.610840
163 0.038371 0.994509 0.596134
164 0.039368 0.994509 0.607899
165 0.038959 0.994509 0.602017
166 0.041007 0.994509 0.599076
167 0.041242 0.994509 0.602101
168 0.038671 0.994509 0.602017
169 0.040272 0.994509 0.607815
170 0.040622 0.994509 0.607899
171 0.041221 0.994509 0.593361
172 0.039934 0.994509 0.590336
173 0.043100 0.993862 0.601933
174 0.042692 0.994509 0.616555
175 0.042417 0.994509 0.602017
176 0.043155 0.994509 0.587311
177 0.039664 0.994509 0.596135
178 0.040078 0.994509 0.604790
179 0.041612 0.994509 0.596135
180 0.046115 0.994186 0.593025
181 0.041352 0.994185 0.598991
182 0.048144 0.994509 0.596134
183 0.041162 0.994509 0.613697
184 0.042832 0.994509 0.593361
185 0.042385 0.994186 0.587395
186 0.040273 0.994509 0.602017
187 0.041871 0.994509 0.596134
188 0.039293 0.994509 0.601849
189 0.040416 0.994185 0.584286
190 0.039986 0.994509 0.590252
191 0.045617 0.994186 0.625126
192 0.045131 0.993864 0.616471
193 0.047994 0.993215 0.604538
194 0.045803 0.994185 0.590000
195 0.048283 0.993863 0.604454
196 0.041135 0.993864 0.598908
197 0.043655 0.992896 0.613277
198 0.045606 0.989670 0.619328
199 0.045413 0.994509 0.596050
200 0.037031 0.994509 0.604706
201 0.036334 0.994509 0.607731
202 0.039204 0.994509 0.590168
203 0.035722 0.994509 0.596134
204 0.037105 0.994509 0.616471
205 0.035574 0.994509 0.613613
206 0.036791 0.994509 0.604706
207 0.034117 0.994509 0.604622
208 0.035932 0.994509 0.598992
209 0.037545 0.994509 0.598823
210 0.035458 0.994509 0.595966
211 0.035856 0.994509 0.601849
212 0.039148 0.994509 0.601765
213 0.035658 0.994509 0.610672
214 0.038882 0.994509 0.613361
215 0.037216 0.994509 0.610672
216 0.035164 0.994509 0.598907
217 0.036937 0.994509 0.610504
218 0.038780 0.994509 0.599076
219 0.037861 0.994185 0.593193
220 0.035667 0.994509 0.610756
221 0.035133 0.994509 0.607899
222 0.037689 0.994509 0.598992
223 0.037822 0.994509 0.613445
224 0.035210 0.994509 0.595966
225 0.034658 0.994509 0.613445
226 0.035977 0.994509 0.604790
227 0.034850 0.994509 0.616471
228 0.036202 0.994509 0.598823
229 0.035480 0.994509 0.607731
230 0.034973 0.994509 0.607647
231 0.036449 0.994509 0.601933
232 0.036225 0.994509 0.613698
233 0.034833 0.994509 0.601849
234 0.033995 0.994186 0.587227
235 0.035617 0.994509 0.604874
236 0.033901 0.994509 0.598908
237 0.037050 0.994509 0.598823
238 0.034442 0.994509 0.593193
239 0.034544 0.994509 0.599160
240 0.037242 0.994509 0.601933
241 0.034557 0.994185 0.596134
242 0.034355 0.994509 0.613782
243 0.032101 0.994509 0.613614
244 0.036944 0.994509 0.602017
245 0.033275 0.994509 0.604874
246 0.037739 0.994509 0.598908
247 0.032716 0.994509 0.604958
248 0.037657 0.994509 0.604622
249 0.035439 0.994509 0.610672
250 0.035302 0.994509 0.602017
251 0.033781 0.994509 0.599160
252 0.031604 0.994509 0.604790
253 0.031345 0.994509 0.604874
254 0.033835 0.994509 0.601933
255 0.031248 0.994509 0.596050
256 0.032585 0.994509 0.590252
257 0.030387 0.994509 0.595966
258 0.032881 0.994509 0.607647
259 0.033887 0.994509 0.607647
260 0.033427 0.994509 0.610672
261 0.034728 0.994509 0.610672
262 0.033858 0.994509 0.604790
263 0.031394 0.994509 0.610420
264 0.032057 0.994509 0.596050
265 0.034702 0.994509 0.616302
266 0.033145 0.994509 0.601765
267 0.033066 0.994509 0.599075
268 0.032932 0.994509 0.596134
269 0.032656 0.993862 0.604874
270 0.031840 0.994509 0.596051
271 0.032811 0.994509 0.596135
272 0.032510 0.994509 0.587311
273 0.034413 0.994509 0.596050
274 0.036124 0.994509 0.596135
275 0.031211 0.994509 0.604874
276 0.032734 0.994509 0.607815
277 0.032313 0.994509 0.602017
278 0.031589 0.994509 0.596134
279 0.033846 0.994509 0.604958
280 0.030540 0.994509 0.604874
281 0.036088 0.994509 0.610588
282 0.034674 0.994509 0.601849
283 0.030922 0.994509 0.598992
284 0.033179 0.994509 0.604790
285 0.032829 0.994509 0.613614
286 0.030561 0.994509 0.601849
287 0.034172 0.994509 0.607815
288 0.031421 0.994509 0.590252
289 0.034343 0.994509 0.596051
290 0.032801 0.994509 0.604706
291 0.031881 0.994509 0.598908
292 0.032299 0.994509 0.590252
293 0.032215 0.994509 0.595966
294 0.032340 0.994509 0.601849
295 0.032456 0.994509 0.601765
296 0.031602 0.994509 0.584454
297 0.033989 0.994509 0.598908
298 0.032922 0.994509 0.601849
299 0.031966 0.994509 0.601933
300 0.032652 0.994509 0.593025
301 0.031260 0.994509 0.593193
302 0.032106 0.994509 0.595966
303 0.034056 0.994509 0.593025
304 0.029131 0.994509 0.607731
305 0.031079 0.994509 0.604874
306 0.030953 0.994509 0.593109
307 0.032309 0.994509 0.610672
308 0.029658 0.994509 0.596135
309 0.031872 0.994509 0.601849
310 0.033884 0.994509 0.610588
311 0.031605 0.994509 0.601933
312 0.030222 0.994509 0.598908
313 0.030158 0.994509 0.587227
314 0.028666 0.994509 0.604790
315 0.030214 0.994509 0.596219
316 0.030672 0.994509 0.596050
317 0.032695 0.994509 0.596050
318 0.030038 0.994509 0.599075
319 0.031918 0.994509 0.595966
320 0.029470 0.994509 0.598908
321 0.030706 0.994509 0.596134
322 0.030088 0.994509 0.590336
323 0.029960 0.994509 0.604790
324 0.030378 0.994509 0.598992
325 0.032712 0.994509 0.596135
326 0.031794 0.994509 0.602017
327 0.030976 0.994509 0.601933
328 0.030778 0.994509 0.598992
329 0.031360 0.994509 0.601933
330 0.031248 0.994509 0.590252
331 0.029842 0.994509 0.590168
332 0.030577 0.994509 0.596051
333 0.030411 0.994509 0.601933
334 0.030015 0.994509 0.601765
335 0.030107 0.994509 0.601765
336 0.031303 0.994509 0.601765
337 0.029170 0.994509 0.607731
338 0.030548 0.994509 0.593109
339 0.031271 0.994509 0.598907
340 0.032098 0.994509 0.593193
341 0.028536 0.994509 0.590252
342 0.031580 0.994509 0.595966
343 0.030568 0.994509 0.593193
344 0.030220 0.994509 0.587395
345 0.030946 0.994509 0.590252
346 0.030984 0.994509 0.584370
347 0.031640 0.994509 0.593109
348 0.032472 0.994509 0.596050
349 0.030175 0.994509 0.593193
350 0.032985 0.994509 0.593109
