1 1.036628 0.856422 0.829532
2 0.375943 0.897790 0.823684
3 0.284891 0.915493 0.849708
4 0.243496 0.901928 0.855556
5 0.224015 0.924918 0.845614
6 0.174492 0.940923 0.866374
7 0.171647 0.928507 0.844737
8 0.133553 0.961570 0.888012
9 0.123291 0.942621 0.877193
10 0.132162 0.947417 0.851170
11 0.114693 0.950961 0.877485
12 0.092443 0.956321 0.882164
13 0.127000 0.956826 0.861111
14 0.082147 0.957473 0.855848
15 0.064420 0.968698 0.866667
16 0.083812 0.969255 0.856140
17 0.086109 0.947988 0.866667
18 0.068723 0.985823 0.866959
19 0.051303 0.972203 0.882748
20 0.054188 0.941424 0.840058
21 0.079565 0.936746 0.877485
22 0.075201 0.952760 0.850000
23 0.054068 0.965694 0.850585
24 0.048043 0.964508 0.856433
25 0.046572 0.946746 0.850877
26 0.032032 0.992311 0.872514
27 0.041538 0.978117 0.855848
28 0.047126 0.959196 0.840643
29 0.045654 0.987578 0.871930
30 0.043034 0.968681 0.877485
31 0.050506 0.970435 0.872222
32 0.050607 0.966923 0.839766
33 0.042265 0.941458 0.840643
34 0.062712 0.955635 0.839474
35 0.057006 0.976941 0.845614
36 0.041275 0.981072 0.845029
37 0.037509 0.966272 0.835088
38 0.033889 0.979294 0.861403
39 0.032846 0.978726 0.850877
40 0.032666 0.984633 0.856725
41 0.031842 0.982318 0.850000
42 0.039137 0.971051 0.844737
43 0.042012 0.976366 0.839766
44 0.050572 0.989360 0.845322
45 0.030565 0.986390 0.856140
46 0.030462 0.985848 0.834211
47 0.037146 0.984041 0.856433
48 0.035679 0.981079 0.840351
49 0.037501 0.971016 0.840058
50 0.023875 1.000000 0.856433
51 0.017132 1.000000 0.872222
52 0.016205 0.998817 0.850877
53 0.018360 0.999408 0.866959
54 0.016940 0.998817 0.850877
55 0.016471 1.000000 0.861403
56 0.016139 1.000000 0.850877
57 0.015763 1.000000 0.861403
58 0.016517 0.999408 0.861403
59 0.015075 1.000000 0.855848
60 0.014363 1.000000 0.861696
61 0.015778 1.000000 0.866959
62 0.015913 1.000000 0.861696
63 0.016344 1.000000 0.861696
64 0.014633 0.998823 0.866959
65 0.015886 1.000000 0.856140
66 0.014618 0.998823 0.856140
67 0.015329 0.998225 0.855848
68 0.017185 0.999408 0.866667
69 0.016020 0.997048 0.856433
70 0.017790 1.000000 0.845614
