1 7.524975 0.679641 0.675676
2 3.876773 0.710579 0.720721
3 1.899722 0.700599 0.675676
4 2.040396 0.718563 0.711712
5 2.045105 0.733533 0.720721
6 1.178756 0.706587 0.675676
7 1.122451 0.727545 0.684685
8 0.753015 0.760479 0.702703
9 0.817049 0.714571 0.684685
10 0.875003 0.760479 0.738739
11 0.658053 0.727545 0.702703
12 0.674223 0.746507 0.747748
13 0.601815 0.732535 0.720721
14 0.605501 0.755489 0.747748
15 0.609394 0.778443 0.729730
16 0.604660 0.786427 0.711712
17 0.555020 0.764471 0.738739
18 0.521370 0.788423 0.738739
19 0.552985 0.762475 0.702703
20 0.595793 0.744511 0.657658
21 0.633550 0.775449 0.738739
22 0.563676 0.781437 0.711712
23 0.547176 0.779441 0.747748
24 0.578000 0.745509 0.684685
25 0.560649 0.755489 0.702703
26 0.565856 0.759481 0.684685
27 0.550115 0.780439 0.729730
28 0.550976 0.780439 0.711712
29 0.616888 0.748503 0.729730
30 0.651090 0.763473 0.711712
31 0.619274 0.759481 0.729730
32 0.537683 0.762475 0.747748
33 0.571020 0.763473 0.675676
34 0.519028 0.783433 0.738739
35 0.512613 0.783433 0.720721
36 0.496866 0.788423 0.711712
37 0.495944 0.795409 0.702703
38 0.484186 0.785429 0.666667
39 0.503557 0.790419 0.720721
40 0.507549 0.736527 0.648649
41 0.476117 0.795409 0.711712
42 0.487223 0.800399 0.720721
43 0.492685 0.763473 0.675676
44 0.485424 0.791417 0.648649
45 0.488649 0.754491 0.612613
46 0.484505 0.796407 0.675676
47 0.489318 0.801397 0.693694
48 0.460000 0.800399 0.639640
49 0.468918 0.772455 0.675676
50 0.444024 0.798403 0.612613
51 0.435045 0.827345 0.711712
52 0.443621 0.805389 0.567568
53 0.416606 0.818363 0.657658
54 0.414979 0.828343 0.630631
55 0.404475 0.810379 0.639640
56 0.413146 0.845309 0.630631
57 0.415605 0.842315 0.666667
58 0.406483 0.834331 0.585586
59 0.414744 0.825349 0.621622
60 0.394267 0.830339 0.612613
61 0.398888 0.839321 0.666667
62 0.388949 0.835329 0.657658
63 0.364110 0.863273 0.621622
64 0.385208 0.852295 0.702703
65 0.383620 0.821357 0.621622
66 0.379165 0.856287 0.666667
67 0.386759 0.840319 0.639640
68 0.398304 0.849301 0.729730
69 0.371835 0.851297 0.666667
70 0.361133 0.822355 0.567568
71 0.388212 0.884232 0.621622
72 0.373784 0.886228 0.675676
73 0.338196 0.879242 0.648649
74 0.345779 0.901198 0.666667
75 0.354768 0.877246 0.684685
76 0.360517 0.863273 0.702703
77 0.347222 0.904192 0.693694
78 0.349739 0.853293 0.675676
79 0.321462 0.911178 0.666667
80 0.298961 0.905190 0.666667
81 0.280843 0.887226 0.702703
82 0.305459 0.893214 0.657658
83 0.340847 0.798403 0.675676
84 0.361866 0.891218 0.630631
85 0.299965 0.895210 0.693694
86 0.300047 0.909182 0.675676
87 0.284336 0.908184 0.675676
88 0.327928 0.900200 0.666667
89 0.291951 0.919162 0.675676
90 0.237154 0.909182 0.693694
91 0.281044 0.919162 0.693694
92 0.287716 0.896208 0.729730
93 0.243869 0.917166 0.684685
94 0.283729 0.932136 0.675676
95 0.253568 0.935130 0.711712
96 0.243972 0.924152 0.702703
97 0.234068 0.918164 0.702703
98 0.211562 0.947106 0.738739
99 0.257680 0.937126 0.693694
100 0.183345 0.960080 0.738739
101 0.167687 0.969062 0.729730
102 0.153475 0.972056 0.702703
103 0.167921 0.960080 0.720721
104 0.197588 0.978044 0.684685
105 0.162700 0.956088 0.684685
106 0.168349 0.968064 0.711712
107 0.189321 0.967066 0.711712
108 0.132328 0.979042 0.702703
109 0.137273 0.979042 0.702703
110 0.150812 0.969062 0.693694
111 0.135002 0.983034 0.702703
112 0.156372 0.980040 0.693694
113 0.143132 0.980040 0.693694
114 0.137137 0.980040 0.729730
115 0.130254 0.985030 0.684685
116 0.143062 0.960080 0.702703
117 0.159184 0.970060 0.657658
118 0.165630 0.932136 0.675676
119 0.143440 0.983034 0.684685
120 0.121704 0.981038 0.720721
121 0.109037 0.985030 0.693694
122 0.119690 0.964072 0.720721
123 0.137568 0.982036 0.711712
124 0.113920 0.983034 0.648649
125 0.098005 0.987026 0.675676
126 0.088025 0.989022 0.666667
127 0.102372 0.987026 0.675676
128 0.111192 0.984032 0.702703
129 0.144327 0.979042 0.711712
130 0.151287 0.979042 0.684685
131 0.126139 0.975050 0.675676
132 0.120673 0.985030 0.711712
133 0.107229 0.988024 0.684685
134 0.110090 0.988024 0.666667
135 0.119953 0.986028 0.693694
136 0.100723 0.986028 0.729730
137 0.092197 0.991018 0.720721
138 0.092450 0.986028 0.693694
139 0.114817 0.989022 0.693694
140 0.129435 0.993014 0.675676
141 0.099774 0.995010 0.693694
142 0.099491 0.984032 0.675676
143 0.137538 0.971058 0.702703
144 0.121807 0.989022 0.702703
145 0.099024 0.984032 0.729730
146 0.100466 0.986028 0.729730
147 0.127996 0.981038 0.666667
148 0.109964 0.992016 0.720721
149 0.111548 0.994012 0.675676
150 0.074430 0.997006 0.693694
151 0.080625 0.994012 0.702703
152 0.068207 0.996008 0.702703
153 0.064634 0.996008 0.702703
154 0.067170 0.996008 0.693694
155 0.060498 0.996008 0.702703
156 0.057989 0.996008 0.702703
157 0.049839 0.996008 0.693694
158 0.055172 0.997006 0.675676
159 0.059234 0.996008 0.711712
160 0.094254 0.996008 0.684685
161 0.062539 0.997006 0.693694
162 0.055366 0.996008 0.693694
163 0.053002 0.996008 0.684685
164 0.061288 0.996008 0.684685
165 0.059861 0.989022 0.657658
166 0.059300 0.995010 0.666667
167 0.062931 0.995010 0.684685
168 0.059855 0.997006 0.684685
169 0.048125 0.996008 0.693694
170 0.058966 0.996008 0.693694
171 0.057071 0.997006 0.693694
172 0.050022 0.998004 0.684685
173 0.054741 0.997006 0.693694
174 0.050006 0.998004 0.675676
175 0.048010 0.998004 0.684685
176 0.057302 0.998004 0.693694
177 0.060964 0.994012 0.675676
178 0.055146 0.998004 0.693694
179 0.055886 0.997006 0.684685
180 0.049070 0.998004 0.702703
181 0.039273 0.998004 0.675676
182 0.075168 0.998004 0.711712
183 0.065711 0.996008 0.702703
184 0.058855 0.998004 0.675676
185 0.050890 0.997006 0.684685
186 0.048592 0.998004 0.693694
187 0.064242 0.984032 0.684685
188 0.066675 0.996008 0.693694
189 0.084372 0.996008 0.702703
190 0.056459 0.994012 0.684685
191 0.085564 0.996008 0.675676
192 0.054976 0.997006 0.675676
193 0.056528 0.997006 0.684685
194 0.059052 0.996008 0.684685
195 0.065259 0.998004 0.675676
196 0.096287 0.996008 0.711712
197 0.065457 0.998004 0.693694
198 0.060952 0.996008 0.702703
199 0.048234 0.998004 0.675676
200 0.048147 0.998004 0.693694
201 0.043206 0.997006 0.693694
202 0.046345 0.998004 0.702703
203 0.038147 0.998004 0.702703
204 0.043086 0.998004 0.684685
205 0.038990 0.998004 0.720721
206 0.049377 0.998004 0.702703
207 0.039596 0.998004 0.675676
208 0.040832 0.998004 0.684685
209 0.038036 0.998004 0.702703
210 0.041981 0.998004 0.684685
211 0.036488 0.998004 0.684685
212 0.041139 0.998004 0.675676
213 0.039026 0.998004 0.657658
214 0.037358 0.998004 0.666667
215 0.038101 0.998004 0.684685
216 0.036894 0.998004 0.675676
217 0.032095 0.998004 0.666667
218 0.031533 0.997006 0.675676
219 0.034906 0.998004 0.675676
220 0.032942 0.998004 0.639640
221 0.074327 0.996008 0.711712
222 0.047815 0.998004 0.666667
223 0.034681 0.998004 0.675676
224 0.039254 0.998004 0.648649
225 0.036217 0.998004 0.657658
226 0.036477 0.998004 0.684685
227 0.045696 0.998004 0.675676
228 0.037826 0.998004 0.666667
229 0.034563 0.998004 0.684685
230 0.035398 0.998004 0.675676
231 0.041291 0.998004 0.675676
232 0.042404 0.998004 0.684685
233 0.033121 0.998004 0.675676
234 0.031110 0.998004 0.675676
235 0.032017 0.998004 0.675676
236 0.032468 0.998004 0.675676
237 0.031070 0.998004 0.684685
238 0.033169 0.998004 0.684685
239 0.040600 0.998004 0.675676
240 0.034634 0.998004 0.675676
241 0.028998 0.998004 0.693694
242 0.039364 0.998004 0.693694
243 0.032839 0.998004 0.684685
244 0.036177 0.998004 0.675676
245 0.034074 0.998004 0.684685
246 0.042814 0.998004 0.666667
247 0.034517 0.998004 0.675676
248 0.038111 0.998004 0.657658
249 0.029741 0.998004 0.666667
250 0.032830 0.998004 0.666667
251 0.032929 0.998004 0.666667
252 0.029570 0.998004 0.666667
253 0.028805 0.998004 0.675676
254 0.033829 0.998004 0.675676
255 0.029738 0.998004 0.693694
256 0.039186 0.998004 0.657658
257 0.030788 0.998004 0.666667
258 0.032084 0.998004 0.666667
259 0.036643 0.998004 0.684685
260 0.035013 0.998004 0.666667
261 0.031161 0.998004 0.666667
262 0.037745 0.998004 0.639640
263 0.028880 0.998004 0.657658
264 0.032799 0.998004 0.639640
265 0.039330 0.998004 0.657658
266 0.030238 0.998004 0.666667
267 0.034024 0.998004 0.648649
268 0.029809 0.998004 0.657658
269 0.030624 0.998004 0.657658
270 0.027927 0.998004 0.675676
271 0.032589 0.998004 0.657658
272 0.030203 0.998004 0.648649
273 0.030055 0.998004 0.675676
274 0.032500 0.998004 0.666667
275 0.036852 0.998004 0.675676
276 0.030444 0.998004 0.666667
277 0.031197 0.998004 0.684685
278 0.030004 0.998004 0.666667
279 0.038001 0.998004 0.648649
280 0.026776 0.998004 0.657658
281 0.032273 0.998004 0.648649
282 0.030109 0.998004 0.675676
283 0.024638 0.998004 0.666667
284 0.032131 0.998004 0.666667
285 0.030890 0.998004 0.702703
286 0.030016 0.998004 0.675676
287 0.034471 0.998004 0.666667
288 0.033529 0.998004 0.675676
289 0.032875 0.998004 0.666667
290 0.034269 0.998004 0.657658
291 0.037374 0.998004 0.675676
292 0.031376 0.998004 0.657658
293 0.028810 0.998004 0.657658
294 0.029992 0.998004 0.666667
295 0.025902 0.998004 0.666667
296 0.027889 0.998004 0.666667
297 0.031985 0.998004 0.666667
298 0.028501 0.998004 0.675676
299 0.030002 0.998004 0.666667
300 0.032219 0.998004 0.666667
301 0.027630 0.998004 0.666667
302 0.028368 0.998004 0.657658
303 0.032674 0.998004 0.675676
304 0.030501 0.998004 0.657658
305 0.028867 0.998004 0.657658
306 0.025836 0.998004 0.657658
307 0.028565 0.998004 0.666667
308 0.028701 0.998004 0.666667
309 0.027621 0.998004 0.657658
310 0.028775 0.998004 0.666667
311 0.028750 0.998004 0.666667
312 0.029054 0.998004 0.666667
313 0.026301 0.998004 0.666667
314 0.024529 0.998004 0.666667
315 0.050597 0.998004 0.684685
316 0.030750 0.998004 0.684685
317 0.029411 0.998004 0.675676
318 0.024982 0.998004 0.675676
319 0.029076 0.998004 0.675676
320 0.027085 0.998004 0.675676
321 0.025225 0.998004 0.675676
322 0.027521 0.998004 0.675676
323 0.028525 0.998004 0.675676
324 0.026760 0.998004 0.684685
325 0.033218 0.998004 0.693694
326 0.032849 0.998004 0.702703
327 0.033225 0.998004 0.684685
328 0.027912 0.998004 0.684685
329 0.029227 0.998004 0.684685
330 0.028226 0.998004 0.693694
331 0.027469 0.998004 0.693694
332 0.034629 0.998004 0.684685
333 0.026224 0.998004 0.666667
334 0.026254 0.998004 0.675676
335 0.028319 0.998004 0.657658
336 0.028580 0.998004 0.657658
337 0.029143 0.998004 0.666667
338 0.025187 0.998004 0.675676
339 0.029673 0.998004 0.666667
340 0.032016 0.998004 0.657658
341 0.028623 0.998004 0.675676
342 0.028581 0.998004 0.675676
343 0.029895 0.998004 0.657658
344 0.026625 0.998004 0.657658
345 0.037187 0.998004 0.666667
346 0.025030 0.998004 0.666667
347 0.024672 0.998004 0.666667
348 0.033116 0.998004 0.648649
349 0.036886 0.998004 0.648649
350 0.030960 0.998004 0.657658
