1 3.252528 0.494815 0.513333
2 1.580367 0.480000 0.520000
3 1.672995 0.443704 0.420000
4 1.549403 0.521481 0.480000
5 1.588756 0.458519 0.440000
6 1.362608 0.465926 0.513333
7 1.084099 0.538519 0.573333
8 1.115717 0.525926 0.566667
9 1.108107 0.526667 0.526667
10 1.075420 0.501481 0.540000
11 1.316191 0.534074 0.546667
12 1.016928 0.531852 0.546667
13 0.996215 0.540741 0.540000
14 0.977001 0.522222 0.580000
15 0.968109 0.540741 0.560000
16 1.015952 0.538519 0.560000
17 0.994999 0.516296 0.526667
18 0.963823 0.542963 0.553333
19 0.971210 0.532593 0.573333
20 0.990841 0.548889 0.560000
21 1.002210 0.550370 0.540000
22 0.978707 0.535556 0.526667
23 0.987810 0.512593 0.506667
24 1.083279 0.505185 0.493333
25 0.978060 0.536296 0.553333
26 0.960652 0.545926 0.506667
27 0.949545 0.542963 0.533333
28 0.934734 0.526667 0.486667
29 0.973686 0.557037 0.526667
30 0.946544 0.549630 0.540000
31 0.956379 0.558519 0.540000
32 0.956339 0.555556 0.533333
33 0.943460 0.545185 0.520000
34 0.960933 0.551111 0.540000
35 0.971355 0.555556 0.546667
36 0.939045 0.551111 0.553333
37 0.953757 0.564444 0.520000
38 0.950161 0.554815 0.553333
39 0.924502 0.562963 0.520000
40 0.935112 0.541481 0.533333
41 0.936548 0.562222 0.526667
42 0.937223 0.561481 0.540000
43 0.934950 0.532593 0.520000
44 0.929614 0.563704 0.506667
45 0.923619 0.562222 0.520000
46 0.942982 0.512593 0.466667
47 0.938144 0.570370 0.546667
48 0.917988 0.569630 0.533333
49 0.932971 0.551852 0.526667
50 0.896822 0.552593 0.540000
51 0.904310 0.581481 0.560000
52 0.896253 0.584444 0.513333
53 0.932473 0.569630 0.520000
54 0.901182 0.573333 0.526667
55 0.917647 0.568889 0.540000
56 0.883964 0.579259 0.520000
57 0.896220 0.573333 0.546667
58 0.903561 0.571852 0.520000
59 0.878362 0.580000 0.506667
60 0.885489 0.588148 0.526667
61 0.887949 0.580000 0.553333
62 0.898265 0.589630 0.533333
63 0.880578 0.586667 0.526667
64 0.888933 0.586667 0.546667
65 0.889636 0.592593 0.526667
66 0.888664 0.581481 0.540000
67 0.879070 0.583704 0.540000
68 0.889091 0.585185 0.553333
69 0.885678 0.586667 0.520000
70 0.887018 0.589630 0.553333
