1 1.628840 0.698889 0.710000
2 0.722248 0.761111 0.770000
3 0.678863 0.757778 0.780000
4 0.502360 0.786667 0.740000
5 0.492538 0.810000 0.730000
6 0.452775 0.787778 0.760000
7 0.484593 0.800000 0.750000
8 0.433672 0.817778 0.680000
9 0.449290 0.811111 0.750000
10 0.406637 0.826667 0.730000
11 0.393269 0.813333 0.720000
12 0.382326 0.843333 0.710000
13 0.378580 0.808889 0.700000
14 0.353268 0.856667 0.710000
15 0.347830 0.855556 0.730000
16 0.329084 0.855556 0.720000
17 0.365802 0.862222 0.720000
18 0.366804 0.872222 0.720000
19 0.357929 0.873333 0.710000
20 0.329434 0.877778 0.660000
21 0.350487 0.848889 0.670000
22 0.348033 0.861111 0.670000
23 0.314194 0.872222 0.700000
24 0.302717 0.878889 0.660000
25 0.297528 0.871111 0.720000
26 0.290753 0.862222 0.720000
27 0.294332 0.882222 0.670000
28 0.284450 0.890000 0.720000
29 0.321817 0.883333 0.690000
30 1.416200 0.823333 0.700000
31 0.523163 0.846667 0.720000
32 0.358150 0.862222 0.710000
33 0.332357 0.864444 0.700000
34 0.338680 0.877778 0.700000
35 0.338160 0.842222 0.690000
36 0.317381 0.878889 0.690000
37 0.306310 0.876667 0.710000
38 0.284057 0.900000 0.720000
39 0.288769 0.862222 0.650000
40 0.278680 0.886667 0.640000
41 0.292090 0.907778 0.670000
42 0.313400 0.884444 0.690000
43 0.280316 0.894444 0.700000
44 0.271722 0.892222 0.710000
45 0.301135 0.895556 0.670000
46 0.268700 0.896667 0.670000
47 0.261006 0.891111 0.670000
48 0.270124 0.898889 0.720000
49 0.267044 0.887778 0.690000
50 0.256673 0.904444 0.680000
51 0.237808 0.916667 0.660000
52 0.227308 0.922222 0.660000
53 0.240069 0.920000 0.670000
54 0.228754 0.910000 0.680000
55 0.231150 0.914444 0.690000
56 0.214670 0.920000 0.670000
57 0.220065 0.916667 0.650000
58 0.200361 0.925556 0.680000
59 0.221206 0.921111 0.690000
60 0.214381 0.910000 0.700000
61 0.209801 0.922222 0.680000
62 0.206919 0.931111 0.680000
63 0.199779 0.926667 0.670000
64 0.208924 0.915556 0.700000
65 0.213669 0.931111 0.710000
66 0.204872 0.928889 0.700000
67 0.196882 0.927778 0.700000
68 0.207776 0.927778 0.690000
69 0.201015 0.926667 0.690000
70 0.751205 0.871111 0.730000
71 0.336201 0.895556 0.690000
72 0.297618 0.905556 0.700000
73 0.262090 0.907778 0.720000
74 0.249052 0.918889 0.680000
75 0.246853 0.921111 0.660000
76 0.232591 0.914444 0.670000
77 0.217603 0.926667 0.680000
78 0.220102 0.920000 0.700000
79 0.214317 0.921111 0.680000
80 0.209334 0.925556 0.680000
81 0.226400 0.923333 0.680000
82 0.198163 0.925556 0.690000
83 0.204399 0.927778 0.650000
84 0.209873 0.930000 0.650000
85 0.202624 0.926667 0.630000
86 0.225498 0.925556 0.640000
87 0.198872 0.926667 0.660000
88 0.202457 0.916667 0.690000
89 0.202928 0.930000 0.680000
90 0.243965 0.927778 0.700000
91 0.220326 0.935556 0.710000
92 0.197812 0.935556 0.730000
93 1.194367 0.923333 0.690000
94 0.329733 0.921111 0.690000
95 0.327021 0.916667 0.690000
96 0.227694 0.931111 0.710000
97 0.217383 0.931111 0.690000
98 0.200154 0.940000 0.680000
99 0.201533 0.933333 0.680000
100 0.181880 0.937778 0.640000
101 0.172320 0.936667 0.660000
102 0.173435 0.937778 0.630000
103 0.164787 0.937778 0.710000
104 0.177375 0.930000 0.690000
105 0.184644 0.940000 0.670000
106 0.347059 0.927778 0.650000
107 0.184574 0.927778 0.680000
108 0.184706 0.933333 0.670000
109 0.179753 0.932222 0.670000
110 0.167112 0.938889 0.660000
111 0.161453 0.940000 0.680000
112 0.180794 0.940000 0.690000
113 0.170123 0.940000 0.680000
114 0.160073 0.937778 0.680000
115 0.166011 0.937778 0.700000
116 0.170596 0.940000 0.690000
117 0.165575 0.936667 0.680000
118 0.153226 0.937778 0.700000
119 0.159179 0.938889 0.690000
120 0.161447 0.936667 0.690000
121 0.155882 0.940000 0.690000
122 0.161962 0.930000 0.670000
123 0.167511 0.941111 0.680000
124 0.155888 0.938889 0.680000
125 0.161230 0.940000 0.690000
126 0.153000 0.935556 0.660000
127 0.161203 0.934444 0.700000
128 0.158609 0.940000 0.700000
129 0.165788 0.940000 0.670000
130 0.168143 0.936667 0.670000
131 0.151097 0.944444 0.660000
132 0.166484 0.940000 0.680000
133 0.150380 0.937778 0.700000
134 0.148711 0.938889 0.710000
135 0.183362 0.940000 0.700000
136 0.162793 0.937778 0.660000
137 0.166014 0.934444 0.680000
138 0.157967 0.940000 0.700000
139 0.157247 0.943333 0.680000
140 0.155559 0.943333 0.720000
141 0.162326 0.937778 0.690000
142 0.150516 0.941111 0.690000
143 0.144457 0.943333 0.710000
144 0.164190 0.942222 0.700000
145 0.139008 0.937778 0.670000
146 0.160556 0.943333 0.680000
147 0.148004 0.946667 0.690000
148 0.154305 0.940000 0.680000
149 0.149078 0.945556 0.660000
150 0.148660 0.944444 0.700000
151 0.139437 0.940000 0.690000
152 0.132091 0.945556 0.660000
153 0.151533 0.942222 0.700000
154 0.136166 0.943333 0.680000
155 0.142284 0.944444 0.670000
156 0.138918 0.943333 0.670000
157 0.141764 0.944444 0.680000
158 0.136956 0.946667 0.690000
159 0.134222 0.945556 0.660000
160 0.139272 0.945556 0.640000
161 0.142798 0.944444 0.650000
162 0.141717 0.945556 0.670000
163 0.143664 0.946667 0.670000
164 0.141882 0.945556 0.650000
165 0.140416 0.944444 0.680000
166 0.153419 0.942222 0.720000
167 0.145604 0.942222 0.680000
168 0.145711 0.942222 0.680000
169 0.134561 0.945556 0.690000
170 0.136547 0.946667 0.690000
171 0.142682 0.942222 0.660000
172 0.142514 0.944444 0.670000
173 0.136475 0.943333 0.680000
174 0.133962 0.944444 0.690000
175 0.140716 0.942222 0.700000
176 0.145787 0.947778 0.700000
177 0.133061 0.944444 0.670000
178 0.130650 0.945556 0.680000
179 0.133796 0.946667 0.670000
180 0.136493 0.944444 0.670000
181 0.139212 0.945556 0.690000
182 0.132032 0.944444 0.680000
183 0.137266 0.943333 0.680000
184 0.128175 0.944444 0.680000
185 0.137371 0.941111 0.690000
186 0.134648 0.944444 0.690000
187 0.140359 0.946667 0.670000
188 0.133239 0.943333 0.680000
189 0.137173 0.946667 0.680000
190 0.132938 0.943333 0.670000
191 0.137558 0.945556 0.670000
192 0.128276 0.945556 0.650000
193 0.131477 0.947778 0.690000
194 0.128941 0.948889 0.680000
195 0.132984 0.945556 0.680000
196 0.132614 0.947778 0.710000
197 0.142926 0.941111 0.680000
198 0.128147 0.944444 0.670000
199 0.134626 0.942222 0.670000
200 0.126978 0.945556 0.670000
201 0.127676 0.945556 0.680000
202 0.128415 0.947778 0.680000
203 0.135607 0.947778 0.660000
204 0.123905 0.945556 0.660000
205 0.123322 0.945556 0.680000
206 0.119195 0.947778 0.650000
207 0.130040 0.948889 0.660000
208 0.126206 0.946667 0.670000
209 0.126341 0.947778 0.670000
210 0.121279 0.948889 0.670000
211 0.116138 0.946667 0.680000
212 0.128851 0.944444 0.670000
213 0.124138 0.947778 0.680000
214 0.122439 0.945556 0.670000
215 0.130780 0.947778 0.690000
216 0.124734 0.947778 0.680000
217 0.119957 0.947778 0.680000
218 0.126401 0.947778 0.680000
219 0.127780 0.944444 0.670000
220 0.128016 0.947778 0.650000
221 0.120910 0.947778 0.670000
222 0.120437 0.946667 0.680000
223 0.122768 0.946667 0.660000
224 0.118347 0.945556 0.660000
225 0.127945 0.946667 0.660000
226 0.128283 0.947778 0.660000
227 0.114765 0.945556 0.650000
228 0.126074 0.948889 0.660000
229 0.123065 0.947778 0.680000
230 0.132486 0.946667 0.660000
231 0.126563 0.946667 0.680000
232 0.121331 0.947778 0.650000
233 0.122186 0.944444 0.680000
234 0.126821 0.947778 0.660000
235 0.123647 0.948889 0.690000
236 0.127581 0.946667 0.660000
237 0.127244 0.948889 0.660000
238 0.120455 0.947778 0.670000
239 0.127165 0.947778 0.670000
240 0.137424 0.946667 0.650000
241 0.331358 0.947778 0.690000
242 0.118861 0.946667 0.680000
243 0.124498 0.948889 0.650000
244 0.122837 0.947778 0.680000
245 0.130315 0.948889 0.670000
246 0.124604 0.948889 0.680000
247 0.124711 0.948889 0.680000
248 0.128290 0.947778 0.690000
249 0.117347 0.948889 0.680000
250 0.125816 0.947778 0.680000
251 0.117844 0.948889 0.680000
252 0.123737 0.948889 0.680000
253 0.122392 0.947778 0.670000
254 0.118234 0.946667 0.660000
255 0.126136 0.947778 0.670000
256 0.123557 0.947778 0.680000
257 0.123235 0.948889 0.670000
258 0.121740 0.947778 0.670000
259 0.121256 0.948889 0.690000
260 0.118983 0.946667 0.670000
261 0.121300 0.947778 0.680000
262 0.118875 0.948889 0.680000
263 0.123774 0.947778 0.670000
264 0.113621 0.948889 0.680000
265 0.119067 0.948889 0.670000
266 0.118175 0.947778 0.670000
267 0.126908 0.948889 0.680000
268 0.118703 0.948889 0.680000
269 0.111415 0.948889 0.670000
270 0.118789 0.948889 0.680000
271 0.120825 0.947778 0.680000
272 0.112788 0.947778 0.700000
273 0.119333 0.946667 0.680000
274 0.119859 0.948889 0.690000
275 0.361107 0.946667 0.670000
276 0.111824 0.948889 0.670000
277 0.127676 0.948889 0.670000
278 0.125343 0.947778 0.660000
279 0.115751 0.947778 0.680000
280 0.119635 0.947778 0.680000
281 0.115109 0.948889 0.680000
282 0.120327 0.946667 0.670000
283 0.122619 0.948889 0.660000
284 0.122756 0.947778 0.680000
285 0.122405 0.947778 0.680000
286 0.124906 0.948889 0.680000
287 0.118242 0.947778 0.680000
288 0.115710 0.946667 0.670000
289 0.110027 0.947778 0.680000
290 0.114155 0.947778 0.670000
291 0.113278 0.948889 0.670000
292 0.115716 0.948889 0.680000
293 0.106802 0.947778 0.660000
294 0.121729 0.948889 0.670000
295 0.110712 0.948889 0.690000
296 0.118096 0.947778 0.680000
297 0.111549 0.948889 0.670000
298 0.118265 0.948889 0.700000
299 0.111378 0.947778 0.690000
300 0.118902 0.948889 0.670000
301 0.109148 0.948889 0.680000
302 0.108102 0.948889 0.680000
303 0.117722 0.947778 0.680000
304 0.109873 0.948889 0.680000
305 0.111016 0.947778 0.680000
306 0.106783 0.948889 0.680000
307 0.116179 0.948889 0.680000
308 0.114716 0.948889 0.680000
309 0.110084 0.946667 0.690000
310 0.111842 0.948889 0.690000
311 0.111986 0.948889 0.680000
312 0.105939 0.948889 0.690000
313 0.108666 0.948889 0.690000
314 0.110569 0.947778 0.680000
315 0.108388 0.948889 0.680000
316 0.112582 0.948889 0.670000
317 0.110314 0.948889 0.690000
318 0.110559 0.948889 0.670000
319 0.111685 0.948889 0.680000
320 0.111312 0.947778 0.690000
321 0.107674 0.948889 0.660000
322 0.106993 0.948889 0.670000
323 0.114541 0.948889 0.670000
324 0.113556 0.947778 0.660000
325 0.109435 0.948889 0.670000
326 0.107383 0.947778 0.680000
327 0.108198 0.948889 0.670000
328 0.106469 0.948889 0.680000
329 0.108686 0.948889 0.690000
330 0.112524 0.948889 0.680000
331 0.106166 0.947778 0.680000
332 0.102336 0.948889 0.670000
333 0.110595 0.948889 0.690000
334 0.107801 0.948889 0.670000
335 0.105882 0.947778 0.670000
336 0.108701 0.948889 0.690000
337 0.110453 0.948889 0.670000
338 0.108359 0.948889 0.690000
339 0.108320 0.947778 0.660000
340 0.118926 0.948889 0.670000
341 0.116917 0.948889 0.670000
342 0.113204 0.948889 0.650000
343 0.108944 0.948889 0.660000
344 0.108989 0.947778 0.660000
345 0.113359 0.948889 0.660000
346 0.122826 0.948889 0.680000
347 0.108429 0.947778 0.670000
348 0.106631 0.948889 0.670000
349 0.110463 0.948889 0.680000
350 0.114132 0.948889 0.650000
