1 1.710954 0.743333 0.720000
2 0.740089 0.757778 0.780000
3 0.533328 0.763333 0.770000
4 0.508356 0.766667 0.730000
5 0.500361 0.785556 0.760000
6 0.461886 0.776667 0.730000
7 0.488262 0.755556 0.720000
8 0.452939 0.805556 0.730000
9 0.471697 0.787778 0.740000
10 0.430623 0.816667 0.740000
11 0.410935 0.780000 0.700000
12 0.393759 0.820000 0.760000
13 0.408684 0.785556 0.710000
14 0.370827 0.834444 0.700000
15 0.368301 0.836667 0.730000
16 0.347923 0.842222 0.750000
17 0.361064 0.835556 0.730000
18 0.375106 0.846667 0.690000
19 0.352995 0.860000 0.740000
20 0.336713 0.854444 0.740000
21 0.329850 0.852222 0.710000
22 0.337001 0.854444 0.700000
23 0.325137 0.860000 0.700000
24 0.325154 0.863333 0.650000
25 0.306259 0.870000 0.760000
26 0.315332 0.837778 0.730000
27 0.297563 0.871111 0.670000
28 0.306053 0.871111 0.680000
29 0.300360 0.881111 0.670000
30 1.247078 0.786667 0.680000
31 0.460395 0.817778 0.780000
32 0.392812 0.820000 0.740000
33 0.345980 0.855556 0.710000
34 0.446177 0.862222 0.710000
35 0.366583 0.873333 0.700000
36 0.330445 0.864444 0.710000
37 0.315133 0.854444 0.740000
38 0.299217 0.883333 0.680000
39 0.308228 0.840000 0.690000
40 0.284073 0.881111 0.700000
41 0.297490 0.875556 0.690000
42 0.280853 0.892222 0.720000
43 0.281863 0.887778 0.700000
44 0.316848 0.845556 0.730000
45 0.309764 0.875556 0.710000
46 0.306706 0.881111 0.710000
47 0.275501 0.877778 0.690000
48 0.276916 0.895556 0.700000
49 0.262365 0.886667 0.680000
50 0.252914 0.895556 0.720000
51 0.234710 0.904444 0.660000
52 0.243522 0.891111 0.690000
53 0.237565 0.897778 0.680000
54 0.221102 0.906667 0.680000
55 0.228089 0.897778 0.730000
56 0.234373 0.902222 0.700000
57 0.222466 0.906667 0.670000
58 0.232201 0.903333 0.690000
59 0.227754 0.914444 0.700000
60 0.209386 0.912222 0.700000
61 0.246741 0.915556 0.700000
62 0.227456 0.913333 0.660000
63 0.220894 0.921111 0.660000
64 0.217260 0.916667 0.710000
65 0.209814 0.924444 0.680000
66 0.210637 0.922222 0.670000
67 0.219999 0.921111 0.710000
68 0.219534 0.897778 0.740000
69 0.205325 0.924444 0.690000
70 0.208685 0.918889 0.700000
71 0.211930 0.920000 0.720000
72 0.256270 0.891111 0.700000
73 0.210671 0.916667 0.710000
74 0.202101 0.933333 0.720000
75 0.200279 0.916667 0.740000
76 0.207596 0.901111 0.700000
77 0.209009 0.924444 0.720000
78 0.199321 0.924444 0.740000
79 0.198656 0.923333 0.730000
80 0.188961 0.931111 0.730000
81 0.191620 0.918889 0.710000
82 0.179665 0.915556 0.760000
83 0.192017 0.928889 0.730000
84 0.199334 0.914444 0.730000
85 0.198898 0.912222 0.700000
86 0.231661 0.934444 0.730000
87 0.185012 0.931111 0.730000
88 0.187464 0.932222 0.730000
89 0.178903 0.925556 0.710000
90 0.192099 0.934444 0.720000
91 0.163181 0.928889 0.740000
92 0.181395 0.933333 0.720000
93 0.228803 0.906667 0.730000
94 0.250215 0.914444 0.720000
95 0.457454 0.841111 0.690000
96 0.347504 0.916667 0.710000
97 0.252658 0.920000 0.720000
98 0.233776 0.917778 0.700000
99 0.217817 0.917778 0.730000
100 0.188941 0.933333 0.720000
101 0.175504 0.927778 0.730000
102 0.192994 0.933333 0.710000
103 0.176245 0.934444 0.720000
104 0.198839 0.935556 0.710000
105 0.176631 0.930000 0.730000
106 0.622807 0.911111 0.730000
107 0.183659 0.932222 0.710000
108 0.184981 0.934444 0.740000
109 0.183660 0.938889 0.730000
110 0.176429 0.931111 0.740000
111 0.169664 0.936667 0.720000
112 0.178778 0.937778 0.720000
113 0.169592 0.940000 0.750000
114 0.161402 0.926667 0.740000
115 0.162782 0.938889 0.720000
116 0.174611 0.937778 0.720000
117 0.158489 0.937778 0.710000
118 0.160098 0.938889 0.700000
119 0.150980 0.937778 0.720000
120 0.158531 0.938889 0.710000
121 0.159902 0.938889 0.710000
122 0.159230 0.938889 0.690000
123 0.165972 0.940000 0.710000
124 0.160893 0.936667 0.720000
125 0.162484 0.934444 0.730000
126 0.166360 0.940000 0.720000
127 0.160312 0.940000 0.740000
128 0.155340 0.938889 0.740000
129 0.160736 0.944444 0.740000
130 0.157642 0.937778 0.750000
131 0.148589 0.941111 0.740000
132 0.163253 0.941111 0.730000
133 0.147960 0.936667 0.730000
134 0.138335 0.938889 0.730000
135 0.148978 0.941111 0.720000
136 0.144574 0.943333 0.730000
137 0.145265 0.937778 0.740000
138 0.160209 0.937778 0.740000
139 0.165054 0.938889 0.730000
140 0.158121 0.933333 0.730000
141 0.155112 0.937778 0.710000
142 0.146725 0.944444 0.730000
143 0.138394 0.940000 0.740000
144 0.164588 0.936667 0.700000
145 0.143562 0.938889 0.720000
146 0.171241 0.935556 0.710000
147 0.145040 0.941111 0.710000
148 0.142474 0.941111 0.740000
149 0.139230 0.942222 0.730000
150 0.139106 0.942222 0.720000
151 0.135296 0.942222 0.710000
152 0.131168 0.944444 0.730000
153 0.142057 0.944444 0.710000
154 0.137345 0.940000 0.720000
155 0.147044 0.943333 0.700000
156 0.137692 0.943333 0.710000
157 0.132986 0.941111 0.700000
158 0.129468 0.945556 0.710000
159 0.134796 0.944444 0.720000
160 0.133207 0.941111 0.710000
161 0.137962 0.940000 0.710000
162 0.127122 0.942222 0.710000
163 0.134374 0.941111 0.730000
164 0.141304 0.942222 0.720000
165 0.149569 0.943333 0.750000
166 0.142125 0.943333 0.730000
167 0.134310 0.940000 0.740000
168 0.132116 0.941111 0.730000
169 0.125512 0.944444 0.730000
170 0.131334 0.943333 0.720000
171 0.135505 0.942222 0.720000
172 0.127918 0.943333 0.730000
173 0.129895 0.944444 0.720000
174 0.129888 0.946667 0.720000
175 0.133362 0.942222 0.730000
176 0.141645 0.944444 0.730000
177 0.126635 0.946667 0.720000
178 0.124253 0.945556 0.720000
179 0.122700 0.946667 0.710000
180 0.136793 0.946667 0.710000
181 0.135718 0.944444 0.720000
182 0.131801 0.943333 0.740000
183 0.128173 0.941111 0.720000
184 0.125561 0.941111 0.740000
185 0.126905 0.943333 0.710000
186 0.125787 0.945556 0.700000
187 0.129954 0.945556 0.730000
188 0.126119 0.944444 0.700000
189 0.126314 0.945556 0.690000
190 0.129709 0.942222 0.690000
191 0.127656 0.946667 0.730000
192 0.117019 0.944444 0.680000
193 0.127802 0.943333 0.670000
194 0.128972 0.946667 0.720000
195 0.121070 0.945556 0.710000
196 0.217914 0.945556 0.700000
197 0.139033 0.942222 0.710000
198 0.121657 0.941111 0.710000
199 0.138294 0.946667 0.680000
200 0.125104 0.946667 0.710000
201 0.117281 0.944444 0.710000
202 0.124548 0.946667 0.710000
203 0.124878 0.944444 0.710000
204 0.122640 0.944444 0.710000
205 0.118640 0.945556 0.690000
206 0.115559 0.946667 0.720000
207 0.131616 0.945556 0.700000
208 0.119737 0.944444 0.710000
209 0.122605 0.945556 0.720000
210 0.114381 0.945556 0.710000
211 0.115147 0.945556 0.710000
212 0.117624 0.946667 0.720000
213 0.116915 0.944444 0.720000
214 0.115490 0.946667 0.710000
215 0.124639 0.947778 0.710000
216 0.118579 0.944444 0.720000
217 0.109619 0.945556 0.720000
218 0.123103 0.946667 0.700000
219 0.133518 0.945556 0.730000
220 0.122662 0.946667 0.700000
221 0.112644 0.945556 0.720000
222 0.114178 0.945556 0.730000
223 0.114557 0.946667 0.710000
224 0.113192 0.946667 0.720000
225 0.121936 0.946667 0.720000
226 0.118489 0.947778 0.710000
227 0.110407 0.946667 0.720000
228 0.119224 0.945556 0.700000
229 0.119401 0.946667 0.720000
230 0.128856 0.943333 0.710000
231 0.119682 0.947778 0.730000
232 0.116408 0.946667 0.700000
233 0.111740 0.946667 0.710000
234 0.119615 0.946667 0.720000
235 0.114378 0.946667 0.710000
236 0.122023 0.943333 0.710000
237 0.119562 0.946667 0.730000
238 0.115254 0.945556 0.730000
239 0.121770 0.947778 0.730000
240 0.116010 0.946667 0.720000
241 0.133999 0.945556 0.710000
242 0.111944 0.947778 0.710000
243 0.117841 0.946667 0.690000
244 0.118046 0.948889 0.710000
245 0.121593 0.946667 0.720000
246 0.116202 0.945556 0.720000
247 0.118163 0.946667 0.710000
248 0.117593 0.945556 0.740000
249 0.110372 0.946667 0.700000
250 0.117027 0.947778 0.700000
251 0.108919 0.947778 0.710000
252 0.134997 0.945556 0.720000
253 0.113418 0.946667 0.710000
254 0.111668 0.945556 0.710000
255 0.115211 0.946667 0.720000
256 0.112174 0.947778 0.720000
257 0.114636 0.946667 0.700000
258 0.116775 0.946667 0.720000
259 0.115748 0.945556 0.730000
260 0.109833 0.945556 0.730000
261 0.112075 0.945556 0.710000
262 0.110633 0.948889 0.720000
263 0.114543 0.946667 0.720000
264 0.109906 0.947778 0.710000
265 0.106334 0.946667 0.720000
266 0.104808 0.948889 0.710000
267 0.114896 0.946667 0.720000
268 0.115929 0.945556 0.710000
269 0.106933 0.946667 0.720000
270 0.110556 0.946667 0.710000
271 0.111937 0.947778 0.710000
272 0.106118 0.947778 0.720000
273 0.108934 0.946667 0.700000
274 0.117326 0.946667 0.710000
275 0.118643 0.948889 0.710000
276 0.107635 0.947778 0.710000
277 0.118087 0.945556 0.710000
278 0.119611 0.945556 0.710000
279 0.110733 0.946667 0.720000
280 0.109054 0.948889 0.710000
281 0.110806 0.945556 0.710000
282 0.117368 0.947778 0.720000
283 0.115935 0.948889 0.710000
284 0.113954 0.946667 0.710000
285 0.111541 0.946667 0.720000
286 0.120268 0.946667 0.700000
287 0.111875 0.946667 0.710000
288 0.108914 0.947778 0.710000
289 0.111455 0.946667 0.710000
290 0.113459 0.946667 0.710000
291 0.107730 0.948889 0.710000
292 0.116096 0.946667 0.690000
293 0.103412 0.948889 0.710000
294 0.119705 0.947778 0.710000
295 0.114742 0.946667 0.710000
296 0.111499 0.947778 0.700000
297 0.106025 0.948889 0.720000
298 0.112816 0.948889 0.710000
299 0.106091 0.947778 0.730000
300 0.113797 0.950000 0.720000
301 0.111119 0.950000 0.720000
302 0.106199 0.948889 0.710000
303 0.116650 0.946667 0.710000
304 0.102804 0.947778 0.710000
305 0.110648 0.947778 0.720000
306 0.108397 0.946667 0.710000
307 0.111115 0.947778 0.710000
308 0.110098 0.946667 0.710000
309 0.107645 0.950000 0.700000
310 0.119032 0.948889 0.710000
311 0.111855 0.948889 0.720000
312 0.111559 0.947778 0.720000
313 0.108000 0.947778 0.700000
314 0.107292 0.948889 0.720000
315 0.103768 0.947778 0.720000
316 0.110778 0.947778 0.720000
317 0.107500 0.946667 0.720000
318 0.110552 0.947778 0.720000
319 0.112105 0.948889 0.700000
320 0.109294 0.948889 0.710000
321 0.104658 0.950000 0.710000
322 0.105480 0.948889 0.700000
323 0.109702 0.947778 0.720000
324 0.118604 0.948889 0.720000
325 0.108027 0.948889 0.710000
326 0.107886 0.948889 0.720000
327 0.108844 0.948889 0.710000
328 0.108512 0.947778 0.700000
329 0.107806 0.948889 0.710000
330 0.112188 0.948889 0.720000
331 0.107498 0.948889 0.720000
332 0.105552 0.945556 0.720000
333 0.109277 0.947778 0.700000
334 0.106972 0.947778 0.710000
335 0.104709 0.946667 0.710000
336 0.111272 0.948889 0.710000
337 0.112195 0.947778 0.720000
338 0.113007 0.948889 0.710000
339 0.107318 0.947778 0.680000
340 0.113336 0.947778 0.720000
341 0.117648 0.946667 0.710000
342 0.107432 0.948889 0.720000
343 0.106493 0.948889 0.710000
344 0.108980 0.948889 0.700000
345 0.112454 0.947778 0.700000
346 0.114785 0.947778 0.700000
347 0.107054 0.948889 0.710000
348 0.106329 0.947778 0.710000
349 0.109597 0.947778 0.710000
350 0.112379 0.948889 0.690000
