1 148.892345 0.518889 0.540000
2 65.907729 0.652778 0.650000
3 16.335764 0.752222 0.755000
4 12.597694 0.641111 0.620000
5 6.045613 0.755556 0.780000
6 8.496206 0.685000 0.695000
7 7.400744 0.731111 0.720000
8 7.958446 0.696667 0.705000
9 3.296229 0.760000 0.770000
10 6.578109 0.739444 0.715000
11 5.185975 0.565000 0.575000
12 3.101769 0.713333 0.695000
13 3.784857 0.695556 0.705000
14 3.264713 0.762778 0.775000
15 1.389813 0.690000 0.705000
16 4.628224 0.782778 0.785000
17 1.572033 0.721667 0.730000
18 1.302115 0.768333 0.780000
19 1.313288 0.615556 0.610000
20 1.612498 0.706111 0.725000
21 2.570815 0.766111 0.800000
22 1.256454 0.770556 0.760000
23 1.614724 0.710556 0.720000
24 1.413228 0.755556 0.740000
25 2.729547 0.715000 0.725000
26 2.093412 0.727222 0.720000
27 0.818302 0.764444 0.790000
28 0.823691 0.726111 0.750000
29 0.873981 0.712778 0.695000
30 0.867441 0.747222 0.715000
31 0.706216 0.769444 0.795000
32 1.836432 0.756111 0.730000
33 0.812503 0.773889 0.780000
34 1.055140 0.765556 0.795000
35 0.711123 0.769444 0.760000
36 0.932736 0.627778 0.630000
37 0.763183 0.740000 0.725000
38 2.067891 0.763333 0.735000
39 1.036719 0.736667 0.720000
40 1.067344 0.705556 0.710000
41 1.018065 0.772778 0.785000
42 0.817682 0.758889 0.740000
43 0.692235 0.768889 0.780000
44 0.837819 0.769444 0.780000
45 0.833564 0.771111 0.790000
46 0.946427 0.770000 0.760000
47 1.079470 0.734444 0.720000
48 0.811376 0.778333 0.790000
49 0.732536 0.727222 0.710000
50 0.602989 0.770556 0.765000
51 0.608688 0.772778 0.770000
52 0.604549 0.754444 0.750000
53 0.677228 0.775000 0.765000
54 0.693229 0.772222 0.795000
55 0.671414 0.735556 0.735000
56 0.577835 0.777222 0.780000
57 0.612207 0.719444 0.730000
58 0.700747 0.760556 0.740000
59 0.645004 0.728889 0.755000
60 0.655171 0.752778 0.740000
61 0.593666 0.767778 0.755000
62 0.612366 0.774444 0.770000
63 0.590862 0.769444 0.780000
64 0.717101 0.740000 0.715000
65 0.732217 0.774444 0.770000
66 0.636526 0.768333 0.735000
67 0.594206 0.772778 0.775000
68 0.604079 0.779444 0.780000
69 0.588313 0.750556 0.735000
70 0.669730 0.753333 0.775000
71 0.689877 0.758333 0.745000
72 0.658515 0.733333 0.745000
73 0.674952 0.782222 0.790000
74 0.713479 0.773333 0.770000
75 0.636732 0.776111 0.790000
76 0.638797 0.773333 0.775000
77 0.612892 0.761667 0.740000
78 0.700300 0.719444 0.720000
79 0.658019 0.767778 0.760000
80 0.645984 0.756111 0.740000
81 0.633617 0.775000 0.780000
82 0.589017 0.775556 0.790000
83 0.724075 0.723333 0.730000
84 0.785532 0.761667 0.740000
85 0.656441 0.777222 0.760000
86 0.694107 0.774444 0.745000
87 0.617227 0.776667 0.770000
88 0.639056 0.778889 0.780000
89 0.660999 0.774444 0.775000
90 0.652335 0.778889 0.775000
91 0.676676 0.728333 0.710000
92 0.877951 0.743333 0.725000
93 0.670723 0.776667 0.785000
94 0.600630 0.777778 0.770000
95 0.607411 0.779444 0.780000
96 0.702574 0.764444 0.755000
97 0.688699 0.749444 0.740000
98 0.648851 0.775556 0.750000
99 0.605066 0.776111 0.780000
100 0.561361 0.781111 0.770000
101 0.578678 0.751667 0.735000
102 0.584965 0.770556 0.770000
103 0.524431 0.773889 0.750000
104 0.550146 0.782778 0.780000
105 0.634961 0.773889 0.740000
106 0.583074 0.790556 0.785000
107 0.568635 0.791667 0.780000
108 0.542706 0.768889 0.745000
109 0.568784 0.762222 0.745000
110 0.533054 0.785000 0.775000
111 0.550781 0.757222 0.745000
112 0.552647 0.783333 0.780000
113 0.549672 0.785556 0.770000
114 0.593870 0.753889 0.740000
115 0.892455 0.780556 0.785000
116 0.615090 0.784444 0.770000
117 0.587912 0.772222 0.750000
118 0.624767 0.776667 0.775000
119 0.565447 0.785556 0.775000
120 0.527565 0.776111 0.760000
121 0.577237 0.782222 0.760000
122 0.552404 0.736111 0.760000
123 0.642473 0.752222 0.740000
124 0.566738 0.789444 0.780000
125 0.551058 0.751111 0.765000
126 0.532648 0.772222 0.775000
127 0.557284 0.753889 0.760000
128 0.606321 0.756111 0.745000
129 0.546696 0.792222 0.760000
130 0.588562 0.673333 0.715000
131 0.646321 0.801111 0.775000
132 0.562467 0.800000 0.785000
133 0.533392 0.772222 0.765000
134 0.586487 0.797778 0.780000
135 0.548553 0.746111 0.720000
136 0.604192 0.801111 0.775000
137 0.589203 0.795556 0.775000
138 0.623363 0.751111 0.750000
139 0.551515 0.800556 0.770000
140 0.558045 0.781667 0.775000
141 0.565145 0.796667 0.765000
142 0.520117 0.791667 0.765000
143 0.528291 0.790556 0.775000
144 0.525368 0.792778 0.780000
145 0.537139 0.767778 0.775000
146 0.576465 0.795000 0.775000
147 0.544380 0.745556 0.720000
148 0.553363 0.781667 0.790000
149 0.550798 0.778333 0.770000
150 0.506899 0.795556 0.765000
151 0.510950 0.786111 0.770000
152 0.531814 0.797222 0.770000
153 0.508600 0.757222 0.755000
154 0.516820 0.765556 0.775000
155 0.519461 0.742222 0.715000
156 0.528414 0.797778 0.785000
157 0.510097 0.801111 0.805000
158 0.497083 0.782778 0.765000
159 0.526709 0.798889 0.810000
160 0.517575 0.764444 0.770000
161 0.516676 0.800556 0.810000
162 0.538540 0.780000 0.770000
163 0.508648 0.785556 0.765000
164 0.535662 0.790556 0.770000
165 0.507802 0.765000 0.770000
166 0.535750 0.759444 0.755000
167 0.533846 0.791667 0.765000
168 0.518127 0.796667 0.780000
169 0.536245 0.739444 0.725000
170 0.530178 0.778889 0.770000
171 0.507462 0.773889 0.775000
172 0.502157 0.778333 0.765000
173 0.520213 0.769444 0.775000
174 0.515418 0.791667 0.770000
175 0.507229 0.794444 0.765000
176 0.530514 0.806667 0.775000
177 0.524257 0.779444 0.765000
178 0.576093 0.761667 0.785000
179 0.533398 0.746111 0.725000
180 0.515812 0.794444 0.765000
181 0.530030 0.776111 0.770000
182 0.518782 0.773889 0.780000
183 0.529348 0.784444 0.795000
184 0.547613 0.735556 0.725000
185 0.549623 0.760556 0.765000
186 0.513336 0.785000 0.800000
187 0.534776 0.781111 0.760000
188 0.513632 0.765000 0.765000
189 0.502816 0.796667 0.760000
190 0.507840 0.757222 0.750000
191 0.518315 0.765556 0.795000
192 0.540337 0.752778 0.745000
193 0.523536 0.797778 0.820000
194 0.514064 0.785000 0.790000
195 0.519275 0.792778 0.770000
196 0.507808 0.801667 0.780000
197 0.500690 0.760556 0.755000
198 0.524509 0.750556 0.740000
199 0.533887 0.753889 0.740000
200 0.508804 0.803889 0.810000
201 0.509923 0.792778 0.755000
202 0.517114 0.802778 0.805000
203 0.505966 0.765000 0.765000
204 0.494112 0.790000 0.770000
205 0.497551 0.778889 0.775000
206 0.503520 0.802222 0.780000
207 0.501580 0.790556 0.770000
208 0.496782 0.769444 0.770000
209 0.511566 0.791667 0.765000
210 0.488772 0.757222 0.755000
211 0.496977 0.768889 0.765000
212 0.489357 0.782222 0.775000
213 0.525838 0.743333 0.720000
214 0.533602 0.780000 0.765000
215 0.539318 0.802222 0.770000
216 0.505721 0.782778 0.775000
217 0.506831 0.768333 0.765000
218 0.490233 0.805000 0.795000
219 0.533634 0.801111 0.770000
220 0.500910 0.758889 0.755000
221 0.507238 0.807778 0.785000
222 0.499096 0.806111 0.775000
223 0.505384 0.798333 0.765000
224 0.487196 0.788889 0.775000
225 0.511931 0.797222 0.785000
226 0.514909 0.779444 0.760000
227 0.499248 0.759444 0.750000
228 0.488135 0.802222 0.780000
229 0.483697 0.803889 0.795000
230 0.469399 0.795000 0.775000
231 0.493796 0.778889 0.770000
232 0.498908 0.770556 0.770000
233 0.540262 0.810556 0.800000
234 0.491898 0.787222 0.775000
235 0.497884 0.768889 0.760000
236 0.496849 0.798333 0.835000
237 0.486616 0.770000 0.740000
238 0.495480 0.811111 0.790000
239 0.476681 0.791111 0.765000
240 0.480462 0.785556 0.765000
241 0.482599 0.800000 0.810000
242 0.481757 0.816667 0.820000
243 0.479486 0.819444 0.805000
244 0.473502 0.798889 0.780000
245 0.461791 0.809444 0.840000
246 0.466723 0.772222 0.760000
247 0.486624 0.769444 0.735000
248 0.487988 0.815000 0.805000
249 0.470731 0.825556 0.845000
250 0.459234 0.770000 0.735000
251 0.452644 0.831111 0.830000
252 0.478050 0.828333 0.830000
253 0.457620 0.826111 0.835000
254 0.466976 0.825556 0.835000
255 0.468012 0.783889 0.780000
256 0.448106 0.822222 0.825000
257 0.472048 0.827778 0.840000
258 0.455213 0.826111 0.825000
259 0.460861 0.825556 0.845000
260 0.464450 0.797222 0.770000
261 0.464975 0.825000 0.810000
262 0.456106 0.814444 0.825000
263 0.459612 0.825556 0.800000
264 0.446480 0.812222 0.815000
265 0.441714 0.815000 0.805000
266 0.467486 0.827222 0.850000
267 0.452700 0.832222 0.845000
268 0.462174 0.822778 0.805000
269 0.452331 0.821111 0.810000
270 0.452462 0.827222 0.820000
271 0.443733 0.812222 0.820000
272 0.440945 0.829444 0.815000
273 0.447901 0.824444 0.810000
274 0.452461 0.797222 0.775000
275 0.451657 0.824444 0.825000
276 0.453859 0.817778 0.830000
277 0.459679 0.827222 0.845000
278 0.473246 0.828889 0.835000
279 0.443885 0.828889 0.830000
280 0.440215 0.834444 0.845000
281 0.457708 0.824444 0.825000
282 0.450433 0.777222 0.780000
283 0.463712 0.822778 0.830000
284 0.444838 0.827778 0.830000
285 0.443817 0.826111 0.835000
286 0.439238 0.826111 0.835000
287 0.451030 0.833333 0.830000
288 0.437878 0.832778 0.835000
289 0.433154 0.831111 0.820000
290 0.451009 0.832222 0.840000
291 0.443044 0.825556 0.820000
292 0.446401 0.823333 0.830000
293 0.444753 0.822778 0.835000
294 0.456809 0.830000 0.825000
295 0.448564 0.818333 0.790000
296 0.458899 0.825556 0.815000
297 0.429007 0.801667 0.780000
298 0.434842 0.828889 0.815000
299 0.451883 0.826667 0.805000
300 0.449748 0.822222 0.800000
301 0.437021 0.808889 0.780000
302 0.442978 0.823889 0.805000
303 0.449667 0.830000 0.815000
304 0.431324 0.836667 0.835000
305 0.442705 0.835556 0.840000
306 0.434565 0.836111 0.830000
307 0.427127 0.814444 0.770000
308 0.445020 0.835556 0.840000
309 0.444599 0.815000 0.795000
310 0.454091 0.838889 0.845000
311 0.438761 0.840000 0.840000
312 0.445298 0.837222 0.835000
313 0.435420 0.822778 0.795000
314 0.429435 0.832778 0.810000
315 0.441512 0.838333 0.830000
316 0.440230 0.837778 0.840000
317 0.436822 0.838333 0.835000
318 0.437113 0.838889 0.855000
319 0.430599 0.837222 0.855000
320 0.433523 0.838889 0.835000
321 0.436755 0.811111 0.790000
322 0.440796 0.833889 0.830000
323 0.435171 0.833889 0.810000
324 0.446907 0.837222 0.845000
325 0.443593 0.840556 0.855000
326 0.464983 0.810556 0.795000
327 0.448349 0.839444 0.845000
328 0.442796 0.837778 0.845000
329 0.428300 0.832222 0.835000
330 0.427966 0.835000 0.825000
331 0.440341 0.834444 0.840000
332 0.433208 0.817222 0.795000
333 0.441301 0.826111 0.825000
334 0.428732 0.842778 0.840000
335 0.432232 0.829444 0.805000
336 0.443873 0.840000 0.830000
337 0.437300 0.839444 0.835000
338 0.438456 0.821667 0.830000
339 0.450222 0.837778 0.830000
340 0.427103 0.839444 0.835000
341 0.434840 0.841111 0.830000
342 0.436911 0.841667 0.840000
343 0.444565 0.817222 0.795000
344 0.446775 0.838889 0.835000
345 0.419629 0.828333 0.800000
346 0.431990 0.835000 0.825000
347 0.432172 0.827222 0.810000
348 0.440283 0.841667 0.845000
349 0.429464 0.833889 0.830000
350 0.436265 0.839444 0.845000
