1 3.902525 0.654231 0.608273
2 1.373527 0.680454 0.678832
3 1.652019 0.694782 0.720195
4 1.231061 0.642606 0.618005
5 1.013942 0.616653 0.618005
6 1.182735 0.703704 0.683698
7 0.985749 0.731279 0.759124
8 1.197268 0.680995 0.664234
9 1.030466 0.716139 0.732360
10 0.860941 0.665585 0.693431
11 0.749897 0.696134 0.686131
12 0.663117 0.731279 0.742092
13 0.682040 0.768856 0.744526
14 0.573682 0.784266 0.749392
15 0.571921 0.676940 0.686131
16 0.595245 0.749662 0.742092
17 0.665008 0.749392 0.729927
18 0.629987 0.759935 0.756691
19 0.615598 0.743985 0.725061
20 0.577424 0.757502 0.742092
21 0.592366 0.775885 0.761557
22 0.532216 0.766694 0.768856
23 0.525110 0.769938 0.754258
24 0.525698 0.747229 0.727494
25 0.541069 0.800757 0.761557
26 0.593762 0.780211 0.766423
27 0.545532 0.777237 0.773723
28 0.591749 0.753447 0.734793
29 0.543671 0.793998 0.756691
30 0.483021 0.775885 0.771290
31 0.539584 0.735334 0.705596
32 0.544371 0.812652 0.788321
33 0.523222 0.771560 0.742092
34 0.473514 0.776156 0.746959
35 0.478248 0.769938 0.771290
36 0.503729 0.773993 0.756691
37 0.479525 0.673966 0.642336
38 0.484598 0.815896 0.795620
39 0.464729 0.828332 0.781022
40 0.433677 0.817248 0.761557
41 0.462239 0.792106 0.776156
42 0.471636 0.647202 0.671533
43 0.475055 0.828062 0.812652
44 0.491078 0.756691 0.754258
45 0.489820 0.806434 0.768856
46 0.444749 0.830224 0.788321
47 0.436345 0.811030 0.781022
48 0.452254 0.791565 0.768856
49 0.430891 0.802379 0.759124
50 0.417357 0.855907 0.805353
51 0.390760 0.865099 0.822384
52 0.399659 0.828062 0.812652
53 0.398095 0.864017 0.824818
54 0.386376 0.856718 0.815085
55 0.386517 0.862125 0.795620
56 0.373782 0.864828 0.810219
57 0.379113 0.860232 0.810219
58 0.369913 0.854826 0.819951
59 0.374639 0.814815 0.761557
60 0.392233 0.846175 0.802920
61 0.386355 0.863206 0.793187
62 0.369840 0.867532 0.795620
63 0.366622 0.866721 0.800487
64 0.373841 0.868343 0.810219
65 0.349564 0.864288 0.807786
66 0.378328 0.873479 0.805353
67 0.361179 0.873750 0.817518
68 0.358196 0.872939 0.798054
69 0.345673 0.867532 0.802920
70 0.368299 0.858881 0.812652
71 0.353022 0.873750 0.815085
72 0.344944 0.869424 0.798054
73 0.363199 0.877264 0.798054
74 0.356057 0.866991 0.802920
75 0.343006 0.872668 0.802920
76 0.343990 0.876453 0.810219
77 0.348144 0.868613 0.800487
78 0.346638 0.890511 0.815085
79 0.331790 0.876183 0.802920
80 0.341490 0.884834 0.781022
81 0.335873 0.884293 0.788321
82 0.334367 0.798865 0.749392
83 0.332274 0.878075 0.778589
84 0.343346 0.884563 0.795620
85 0.314783 0.884834 0.788321
86 0.329450 0.875372 0.810219
87 0.337676 0.874561 0.785888
88 0.332897 0.871857 0.798054
89 0.362063 0.891052 0.800487
90 0.313142 0.883752 0.800487
91 0.323741 0.883212 0.802920
92 0.309599 0.890781 0.807786
93 0.322551 0.886185 0.802920
94 0.303454 0.876723 0.795620
95 0.339870 0.878616 0.815085
96 0.321306 0.904569 0.795620
97 0.302928 0.886456 0.795620
98 0.322035 0.879427 0.815085
99 0.309344 0.883482 0.781022
100 0.280021 0.921060 0.802920
101 0.254250 0.921600 0.805353
102 0.255099 0.927278 0.805353
103 0.243545 0.924845 0.807786
104 0.244706 0.923763 0.793187
105 0.249265 0.934307 0.800487
106 0.243158 0.929170 0.798054
107 0.240066 0.929170 0.802920
108 0.241506 0.933766 0.795620
109 0.263342 0.931603 0.815085
110 0.243364 0.926467 0.802920
111 0.236970 0.929981 0.800487
112 0.222702 0.929711 0.822384
113 0.226511 0.930251 0.788321
114 0.234562 0.918897 0.776156
115 0.240508 0.932414 0.785888
116 0.223330 0.925656 0.795620
117 0.229573 0.942958 0.798054
118 0.225512 0.934577 0.807786
119 0.207501 0.938632 0.800487
120 0.227451 0.935658 0.793187
121 0.205011 0.940795 0.802920
122 0.215429 0.949175 0.802920
123 0.212857 0.930792 0.798054
124 0.206081 0.940795 0.790754
125 0.212071 0.945391 0.805353
126 0.219383 0.946742 0.790754
127 0.191494 0.945661 0.793187
128 0.186661 0.951609 0.798054
129 0.185503 0.944850 0.810219
130 0.201501 0.941876 0.802920
131 0.195692 0.954582 0.815085
132 0.187438 0.954582 0.807786
133 0.204297 0.951068 0.793187
134 0.195661 0.948905 0.800487
135 0.191175 0.934307 0.798054
136 0.188572 0.952960 0.817518
137 0.195282 0.958097 0.815085
138 0.180067 0.959719 0.819951
139 0.179428 0.960260 0.815085
140 0.190277 0.958097 0.815085
141 0.177747 0.945120 0.805353
142 0.189522 0.959448 0.790754
143 0.188991 0.949446 0.817518
144 0.173944 0.964315 0.815085
145 0.162163 0.964044 0.802920
146 0.169581 0.959448 0.790754
147 0.164938 0.955393 0.805353
148 0.162479 0.958097 0.810219
149 0.167772 0.961611 0.805353
150 0.159431 0.975399 0.788321
151 0.131935 0.978643 0.815085
152 0.122407 0.979184 0.800487
153 0.129398 0.977291 0.807786
154 0.112104 0.979454 0.822384
155 0.130034 0.977291 0.800487
156 0.124193 0.974858 0.812652
157 0.127600 0.977832 0.802920
158 0.108550 0.977832 0.819951
159 0.110718 0.982428 0.812652
160 0.110092 0.980265 0.810219
161 0.119098 0.979454 0.802920
162 0.129557 0.979184 0.790754
163 0.122042 0.980265 0.815085
164 0.107234 0.978643 0.793187
165 0.110004 0.979724 0.812652
166 0.111295 0.982968 0.819951
167 0.111453 0.979724 0.802920
168 0.103784 0.980535 0.800487
169 0.114602 0.983239 0.812652
170 0.111118 0.985942 0.805353
171 0.102755 0.987564 0.795620
172 0.097683 0.986483 0.815085
173 0.111453 0.982157 0.819951
174 0.102804 0.981346 0.812652
175 0.097682 0.985672 0.807786
176 0.103262 0.987024 0.817518
177 0.098100 0.988105 0.812652
178 0.102187 0.984590 0.815085
179 0.094002 0.981887 0.807786
180 0.103820 0.985942 0.822384
181 0.109723 0.982698 0.807786
182 0.110838 0.980535 0.827251
183 0.105582 0.985401 0.807786
184 0.107446 0.978102 0.805353
185 0.098292 0.977562 0.819951
186 0.097292 0.980535 0.805353
187 0.100124 0.985942 0.800487
188 0.101129 0.978913 0.802920
189 0.103122 0.986212 0.800487
190 0.084359 0.989727 0.802920
191 0.086974 0.987835 0.805353
192 0.088773 0.985942 0.802920
193 0.086860 0.990538 0.798054
194 0.081946 0.992971 0.802920
195 0.089229 0.987835 0.819951
196 0.103048 0.985942 0.805353
197 0.102252 0.985942 0.805353
198 0.100976 0.987024 0.807786
199 0.085183 0.988105 0.815085
200 0.078096 0.991349 0.815085
201 0.070873 0.992701 0.810219
202 0.069995 0.992701 0.807786
203 0.069158 0.994323 0.800487
204 0.067462 0.994052 0.800487
205 0.059821 0.995404 0.802920
206 0.070498 0.994323 0.800487
207 0.065111 0.994323 0.810219
208 0.069136 0.993241 0.798054
209 0.059763 0.992701 0.798054
210 0.063855 0.993782 0.807786
211 0.063264 0.993512 0.812652
212 0.071685 0.991349 0.800487
213 0.072166 0.994593 0.802920
214 0.063296 0.996486 0.807786
215 0.061616 0.995404 0.805353
216 0.067619 0.994052 0.805353
217 0.061718 0.994863 0.795620
218 0.064647 0.994593 0.802920
219 0.071004 0.995675 0.800487
220 0.062404 0.995404 0.793187
221 0.062907 0.994593 0.805353
222 0.065234 0.995945 0.805353
223 0.064007 0.995675 0.810219
224 0.063837 0.995404 0.805353
225 0.072543 0.995404 0.802920
226 0.062258 0.995945 0.805353
227 0.066128 0.994052 0.805353
228 0.060862 0.995675 0.805353
229 0.064223 0.995945 0.800487
230 0.056344 0.995404 0.802920
231 0.066057 0.995134 0.810219
232 0.058515 0.996215 0.815085
233 0.055981 0.994323 0.795620
234 0.058007 0.994863 0.793187
235 0.062181 0.992701 0.802920
236 0.061413 0.991890 0.800487
237 0.072012 0.995675 0.795620
238 0.061172 0.996215 0.800487
239 0.065085 0.994052 0.807786
240 0.062132 0.994052 0.807786
241 0.065680 0.995134 0.805353
242 0.069942 0.994593 0.800487
243 0.062347 0.995404 0.802920
244 0.062898 0.994593 0.802920
245 0.054100 0.995675 0.812652
246 0.062385 0.996215 0.805353
247 0.058229 0.995404 0.802920
248 0.074231 0.988916 0.800487
249 0.069477 0.995134 0.815085
250 0.064223 0.996215 0.802920
251 0.054703 0.997297 0.807786
252 0.045416 0.996756 0.800487
253 0.050296 0.997297 0.795620
254 0.053393 0.997026 0.795620
255 0.047492 0.997567 0.798054
256 0.055238 0.996215 0.800487
257 0.049366 0.997297 0.795620
258 0.049400 0.996756 0.793187
259 0.049395 0.996756 0.795620
260 0.054319 0.996756 0.795620
261 0.051248 0.997297 0.798054
262 0.054593 0.997297 0.800487
263 0.051073 0.997297 0.793187
264 0.048600 0.997297 0.795620
265 0.048835 0.997026 0.802920
266 0.050679 0.997297 0.795620
267 0.048185 0.997567 0.795620
268 0.049886 0.996756 0.795620
269 0.047048 0.997026 0.798054
270 0.047433 0.997567 0.795620
271 0.056912 0.997026 0.790754
272 0.050549 0.997297 0.790754
273 0.052435 0.997297 0.793187
274 0.050793 0.997297 0.805353
275 0.054706 0.997026 0.800487
276 0.044960 0.997567 0.805353
277 0.046198 0.997026 0.793187
278 0.047836 0.997297 0.798054
279 0.054031 0.996756 0.793187
280 0.044864 0.997297 0.807786
281 0.048483 0.997026 0.805353
282 0.052423 0.996486 0.805353
283 0.052488 0.997567 0.795620
284 0.054025 0.996486 0.802920
285 0.053918 0.997567 0.807786
286 0.045818 0.996756 0.802920
287 0.049767 0.996756 0.805353
288 0.050108 0.996756 0.805353
289 0.055306 0.996756 0.805353
290 0.046210 0.997297 0.805353
291 0.049391 0.996486 0.807786
292 0.049786 0.997026 0.793187
293 0.049531 0.997026 0.798054
294 0.047246 0.997026 0.805353
295 0.050059 0.996486 0.805353
296 0.047034 0.997026 0.815085
297 0.046907 0.997026 0.805353
298 0.045923 0.997297 0.805353
299 0.045578 0.996215 0.805353
300 0.044363 0.997026 0.807786
301 0.044746 0.997567 0.805353
302 0.043525 0.997297 0.805353
303 0.049327 0.997297 0.802920
304 0.045168 0.997026 0.810219
305 0.047783 0.997297 0.805353
306 0.048337 0.997567 0.805353
307 0.048664 0.997297 0.807786
308 0.040648 0.997297 0.807786
309 0.048220 0.997567 0.805353
310 0.050073 0.997567 0.795620
311 0.048686 0.997297 0.807786
312 0.039868 0.997297 0.802920
313 0.045230 0.997837 0.810219
314 0.042695 0.997567 0.807786
315 0.041359 0.997567 0.810219
316 0.039255 0.997567 0.807786
317 0.047316 0.997567 0.802920
318 0.042338 0.997297 0.802920
319 0.047815 0.997297 0.815085
320 0.042708 0.997026 0.810219
321 0.044369 0.997567 0.810219
322 0.042771 0.997567 0.817518
323 0.043286 0.997567 0.810219
324 0.045846 0.997567 0.812652
325 0.046167 0.997297 0.817518
326 0.044515 0.997297 0.807786
327 0.045548 0.997026 0.815085
328 0.041854 0.997567 0.802920
329 0.042496 0.997567 0.810219
330 0.044769 0.997297 0.800487
331 0.046664 0.997026 0.817518
332 0.044261 0.997026 0.812652
333 0.039772 0.997567 0.807786
334 0.047377 0.997297 0.802920
335 0.047741 0.997837 0.810219
336 0.042903 0.997297 0.807786
337 0.045410 0.997026 0.802920
338 0.044193 0.997297 0.802920
339 0.041031 0.997297 0.805353
340 0.042899 0.997567 0.807786
341 0.039879 0.997567 0.805353
342 0.047706 0.997837 0.798054
343 0.043621 0.997837 0.802920
344 0.040255 0.996756 0.805353
345 0.047621 0.997297 0.802920
346 0.042541 0.997297 0.807786
347 0.044468 0.997567 0.800487
348 0.046578 0.997837 0.802920
349 0.045548 0.997837 0.800487
350 0.041332 0.997837 0.805353
