1 1.740492 0.739444 0.718000
2 0.689547 0.750555 0.708000
3 0.597656 0.741222 0.716000
4 0.566657 0.769444 0.722000
5 0.506423 0.777444 0.725000
6 0.553959 0.776778 0.713000
7 0.596424 0.769555 0.716000
8 0.486936 0.794222 0.723000
9 0.469307 0.792667 0.733000
10 0.461193 0.794111 0.731000
11 0.438153 0.796444 0.723000
12 0.457093 0.795889 0.729000
13 0.457052 0.799000 0.722000
14 0.433978 0.807000 0.730000
15 0.433442 0.803444 0.735000
16 0.423219 0.808333 0.717000
17 0.413736 0.817445 0.733000
18 0.413409 0.819111 0.722000
19 0.409944 0.817889 0.722000
20 0.442584 0.817889 0.712000
21 0.424883 0.816333 0.731000
22 0.409870 0.824222 0.719000
23 0.471587 0.814111 0.701000
24 0.436489 0.820444 0.723000
25 0.405889 0.824555 0.716000
26 0.412141 0.830889 0.722000
27 0.386215 0.821111 0.720000
28 0.391201 0.835333 0.721000
29 0.584495 0.817667 0.712000
30 0.527584 0.814000 0.716000
31 0.418339 0.833555 0.728000
32 0.463945 0.818556 0.722000
33 0.434356 0.829000 0.727000
34 0.576510 0.826111 0.715000
35 0.630252 0.825667 0.709000
36 0.389309 0.828333 0.718000
37 0.392862 0.830889 0.717000
38 0.379457 0.837889 0.722000
39 0.379568 0.839556 0.730000
40 0.426067 0.834556 0.716000
41 0.392158 0.835111 0.693000
42 0.374402 0.838445 0.718000
43 0.370375 0.847333 0.719000
44 0.370957 0.844445 0.725000
45 0.357466 0.846000 0.718000
46 0.358020 0.854111 0.719000
47 0.611745 0.836111 0.717000
48 0.376912 0.844000 0.719000
49 0.365294 0.841556 0.717000
50 0.348978 0.854667 0.729000
51 0.333090 0.855778 0.713000
52 0.335804 0.859667 0.723000
53 0.372750 0.861111 0.714000
54 0.380984 0.855000 0.720000
55 0.354818 0.859556 0.722000
56 0.331441 0.864333 0.706000
57 0.327400 0.863445 0.717000
58 0.328206 0.866555 0.723000
59 0.325321 0.867556 0.715000
60 0.320044 0.869111 0.714000
61 0.327710 0.870111 0.703000
62 0.317199 0.868889 0.712000
63 0.321015 0.870667 0.710000
64 0.316447 0.876111 0.709000
65 0.312836 0.871889 0.706000
66 0.319734 0.877333 0.709000
67 0.311579 0.873222 0.718000
68 0.308785 0.864556 0.706000
69 0.314833 0.870666 0.713000
70 0.420086 0.875333 0.713000
71 0.313106 0.874556 0.709000
72 0.304677 0.876889 0.717000
73 0.304724 0.872111 0.705000
74 0.310289 0.880667 0.706000
75 0.303089 0.877222 0.712000
76 0.296550 0.871333 0.713000
77 0.297622 0.874333 0.704000
78 0.302257 0.879222 0.710000
79 0.319394 0.877445 0.718000
80 0.301195 0.878889 0.712000
81 0.301383 0.875333 0.710000
82 0.292772 0.882000 0.709000
83 0.298600 0.882778 0.705000
84 0.297327 0.882445 0.711000
85 0.296415 0.882889 0.706000
86 0.292167 0.876778 0.695000
87 0.375512 0.878889 0.708000
88 0.318348 0.880000 0.720000
89 0.296079 0.883000 0.713000
90 0.292464 0.883889 0.693000
91 0.282810 0.887333 0.722000
92 0.286187 0.884111 0.709000
93 0.291432 0.883778 0.712000
94 0.290813 0.889222 0.707000
95 0.304006 0.880445 0.706000
96 0.296967 0.887556 0.702000
97 0.289169 0.874444 0.688000
98 0.287721 0.891556 0.715000
99 0.282907 0.886667 0.719000
100 0.273469 0.892889 0.701000
101 0.260332 0.893778 0.709000
102 0.261155 0.898889 0.697000
103 0.261003 0.896000 0.699000
104 0.263751 0.897778 0.708000
105 0.290148 0.897333 0.709000
106 0.260888 0.899889 0.713000
107 0.251600 0.898556 0.702000
108 0.257750 0.901000 0.709000
109 0.258591 0.897667 0.712000
110 0.252648 0.902333 0.692000
111 0.252988 0.899555 0.709000
112 0.256296 0.899667 0.695000
113 0.253361 0.902666 0.710000
114 0.249327 0.903778 0.696000
115 0.255257 0.901111 0.698000
116 0.261496 0.897111 0.701000
117 0.250108 0.901889 0.703000
118 0.247499 0.901222 0.701000
119 0.247086 0.904556 0.702000
120 0.244379 0.906333 0.706000
121 0.256208 0.902111 0.699000
122 0.247254 0.903555 0.710000
123 0.250543 0.905111 0.702000
124 0.245854 0.906889 0.703000
125 0.244002 0.904778 0.691000
126 0.243369 0.904778 0.697000
127 0.243774 0.906111 0.697000
128 0.247044 0.906667 0.702000
129 0.244332 0.906222 0.705000
130 0.246454 0.907889 0.704000
131 0.241399 0.906333 0.700000
132 0.246183 0.908111 0.702000
133 0.238924 0.909889 0.707000
134 0.249660 0.907111 0.701000
135 0.237961 0.909889 0.707000
136 0.234436 0.905444 0.698000
137 0.239483 0.908000 0.706000
138 0.233870 0.908667 0.701000
139 0.235893 0.907778 0.695000
140 0.239637 0.905444 0.692000
141 0.241801 0.908778 0.693000
142 0.237887 0.911000 0.697000
143 0.230872 0.909667 0.701000
144 0.244250 0.909556 0.708000
145 0.242967 0.913000 0.714000
146 0.239181 0.909111 0.692000
147 0.234045 0.912778 0.699000
148 0.229202 0.910889 0.706000
149 0.236011 0.906444 0.700000
150 0.227280 0.914555 0.687000
151 0.222470 0.913444 0.702000
152 0.247475 0.915555 0.704000
153 0.223375 0.917222 0.703000
154 0.219443 0.915778 0.698000
155 0.215790 0.916778 0.700000
156 0.219970 0.917444 0.699000
157 0.217450 0.918333 0.697000
158 0.214064 0.918333 0.694000
159 0.219217 0.916222 0.697000
160 0.212900 0.916556 0.699000
161 0.216377 0.916667 0.698000
162 0.220611 0.917444 0.703000
163 0.216872 0.916333 0.706000
164 0.215680 0.919667 0.696000
165 0.214286 0.914889 0.711000
166 0.214435 0.915666 0.704000
167 0.218101 0.917555 0.702000
168 0.215591 0.917555 0.698000
169 0.215747 0.919556 0.696000
170 0.213129 0.920333 0.689000
171 0.217357 0.919555 0.697000
172 0.209664 0.920889 0.701000
173 0.213488 0.920889 0.693000
174 0.212393 0.920000 0.699000
175 0.217135 0.919778 0.697000
176 0.215160 0.919222 0.690000
177 0.211350 0.919778 0.691000
178 0.210708 0.918333 0.681000
179 0.210258 0.922000 0.688000
180 0.216677 0.921667 0.691000
181 0.209994 0.919333 0.689000
182 0.275532 0.921778 0.688000
183 0.242008 0.922889 0.686000
184 0.211966 0.922000 0.693000
185 0.206741 0.920000 0.689000
186 0.211503 0.921333 0.688000
187 0.208359 0.922667 0.698000
188 0.211873 0.920444 0.694000
189 0.209897 0.922667 0.689000
190 0.206986 0.924333 0.687000
191 0.206107 0.920667 0.699000
192 0.204716 0.922889 0.697000
193 0.205451 0.920111 0.689000
194 0.206902 0.924889 0.695000
195 0.206792 0.920889 0.692000
196 0.211542 0.922555 0.697000
197 0.211809 0.922334 0.684000
198 0.203892 0.921444 0.698000
199 0.203815 0.921778 0.694000
200 0.201456 0.924555 0.690000
201 0.198955 0.925333 0.689000
202 0.200027 0.925667 0.697000
203 0.198150 0.926333 0.695000
204 0.193500 0.924778 0.694000
205 0.198780 0.924556 0.681000
206 0.197125 0.924000 0.699000
207 0.203432 0.927111 0.696000
208 0.194910 0.924889 0.688000
209 0.200110 0.927000 0.697000
210 0.196822 0.923667 0.689000
211 0.195761 0.925222 0.688000
212 0.199184 0.926889 0.692000
213 0.202952 0.925889 0.690000
214 0.197134 0.927000 0.693000
215 0.195060 0.925000 0.691000
216 0.195696 0.926889 0.690000
217 0.195716 0.926667 0.694000
218 0.201019 0.924445 0.695000
219 0.197204 0.925889 0.692000
220 0.196552 0.927222 0.692000
221 0.194800 0.925222 0.700000
222 0.195295 0.925556 0.692000
223 0.193769 0.926667 0.690000
224 0.195736 0.926778 0.690000
225 0.196633 0.926222 0.696000
226 0.193874 0.926889 0.700000
227 0.189592 0.926222 0.690000
228 0.195118 0.926333 0.692000
229 0.190304 0.928667 0.691000
230 0.197455 0.926000 0.686000
231 0.194668 0.925778 0.689000
232 0.192091 0.928222 0.690000
233 0.192114 0.925889 0.690000
234 0.197237 0.927000 0.692000
235 0.191672 0.927667 0.693000
236 0.195093 0.927333 0.697000
237 0.197437 0.928222 0.687000
238 0.188448 0.927111 0.693000
239 0.195385 0.926444 0.692000
240 0.195038 0.927778 0.696000
241 0.192047 0.926556 0.695000
242 0.188860 0.926778 0.695000
243 0.200815 0.928445 0.686000
244 0.191091 0.927445 0.690000
245 0.196089 0.928111 0.694000
246 0.193391 0.928000 0.698000
247 0.195407 0.928000 0.696000
248 0.194805 0.929444 0.688000
249 0.188013 0.927111 0.697000
250 0.193628 0.927556 0.695000
251 0.196460 0.929667 0.694000
252 0.187345 0.929778 0.699000
253 0.188137 0.928445 0.693000
254 0.186163 0.930000 0.691000
255 0.186038 0.928556 0.692000
256 0.189676 0.928889 0.693000
257 0.183761 0.930000 0.693000
258 0.190636 0.930778 0.693000
259 0.183882 0.929667 0.690000
260 0.186199 0.930889 0.690000
261 0.190258 0.929333 0.693000
262 0.189251 0.929000 0.689000
263 0.183609 0.930000 0.690000
264 0.188454 0.930111 0.685000
265 0.183722 0.932111 0.687000
266 0.193207 0.930333 0.691000
267 0.187844 0.928778 0.687000
268 0.190830 0.929667 0.694000
269 0.185073 0.930222 0.692000
270 0.192895 0.931000 0.690000
271 0.186921 0.929667 0.688000
272 0.183722 0.930667 0.686000
273 0.183682 0.930222 0.684000
274 0.188232 0.929778 0.687000
275 0.186757 0.929778 0.679000
276 0.185320 0.929556 0.694000
277 0.187404 0.928445 0.692000
278 0.186743 0.929667 0.683000
279 0.185761 0.930111 0.693000
280 0.183419 0.932333 0.688000
281 0.184638 0.931111 0.689000
282 0.193132 0.929444 0.690000
283 0.186172 0.929778 0.688000
284 0.188527 0.929445 0.697000
285 0.191277 0.930333 0.687000
286 0.198209 0.932333 0.692000
287 0.186379 0.931111 0.686000
288 0.189432 0.931111 0.688000
289 0.183111 0.930000 0.689000
290 0.185965 0.931778 0.694000
291 0.185723 0.933111 0.695000
292 0.185368 0.930111 0.682000
293 0.184769 0.931778 0.699000
294 0.184000 0.930778 0.692000
295 0.184053 0.931111 0.684000
296 0.182250 0.931000 0.693000
297 0.182497 0.931889 0.689000
298 0.185269 0.931556 0.685000
299 0.180714 0.930667 0.686000
300 0.180005 0.931889 0.686000
301 0.181322 0.932000 0.693000
302 0.184253 0.931556 0.694000
303 0.185122 0.932111 0.688000
304 0.177464 0.931555 0.686000
305 0.184511 0.932222 0.686000
306 0.178971 0.932222 0.687000
307 0.180625 0.931222 0.696000
308 0.180882 0.932000 0.697000
309 0.185603 0.931555 0.686000
310 0.183268 0.932778 0.689000
311 0.184359 0.932111 0.689000
312 0.180251 0.932889 0.690000
313 0.182883 0.932555 0.688000
314 0.179815 0.932667 0.693000
315 0.181064 0.933222 0.688000
316 0.182839 0.932667 0.690000
317 0.181078 0.931778 0.692000
318 0.182809 0.930333 0.682000
319 0.179578 0.932555 0.685000
320 0.180081 0.932556 0.694000
321 0.180383 0.930889 0.681000
322 0.181924 0.932333 0.689000
323 0.184912 0.931556 0.686000
324 0.181637 0.932000 0.688000
325 0.176786 0.931111 0.688000
326 0.181039 0.931111 0.688000
327 0.181574 0.932000 0.686000
328 0.182276 0.933778 0.690000
329 0.180824 0.932667 0.683000
330 0.180910 0.932111 0.686000
331 0.178782 0.931555 0.686000
332 0.181744 0.931333 0.695000
333 0.177889 0.932444 0.690000
334 0.181608 0.932445 0.693000
335 0.175844 0.933444 0.688000
336 0.181167 0.933111 0.687000
337 0.181235 0.930889 0.694000
338 0.185745 0.933111 0.694000
339 0.179742 0.930889 0.694000
340 0.184655 0.931889 0.694000
341 0.178027 0.931556 0.693000
342 0.182860 0.932222 0.700000
343 0.182714 0.932555 0.689000
344 0.182057 0.932667 0.685000
345 0.181369 0.934222 0.688000
346 0.185500 0.932444 0.701000
347 0.180006 0.932222 0.690000
348 0.181999 0.932000 0.683000
349 0.181386 0.932333 0.683000
350 0.181405 0.931889 0.689000
