1 6.604296 0.753556 0.746000
2 1.401756 0.719556 0.718000
3 0.977012 0.729111 0.670000
4 1.356981 0.620444 0.588000
5 1.300489 0.690222 0.694000
6 1.003712 0.752222 0.722000
7 0.788099 0.762444 0.742000
8 0.701923 0.751111 0.710000
9 0.695104 0.753111 0.710000
10 0.728788 0.734222 0.692000
11 0.649193 0.770444 0.758000
12 0.626442 0.786222 0.758000
13 0.594110 0.780222 0.756000
14 0.576823 0.793778 0.778000
15 0.613450 0.776667 0.744000
16 0.574861 0.758889 0.712000
17 0.572062 0.741556 0.702000
18 0.627525 0.782667 0.744000
19 0.572023 0.761111 0.726000
20 0.562731 0.783333 0.772000
21 0.531046 0.799778 0.774000
22 0.590496 0.764000 0.716000
23 0.573084 0.763778 0.738000
24 0.555978 0.786889 0.804000
25 0.539742 0.808444 0.784000
26 0.558977 0.800444 0.754000
27 0.554801 0.799778 0.784000
28 0.537019 0.805333 0.786000
29 0.519754 0.780222 0.758000
30 0.515143 0.795111 0.758000
