1 125.013396 0.593000 0.590000
2 42.391190 0.637889 0.637000
3 16.961112 0.667611 0.669000
4 11.208495 0.701333 0.698500
5 9.600592 0.674667 0.675500
6 10.206904 0.712389 0.709000
7 9.232548 0.668834 0.658500
8 9.789166 0.710944 0.697000
9 7.869861 0.719056 0.710500
10 4.932067 0.728945 0.727000
11 4.852673 0.722500 0.710000
12 4.204022 0.681667 0.674000
13 3.535590 0.681389 0.681000
14 4.467606 0.708444 0.707500
15 2.463871 0.704278 0.699000
16 3.393475 0.717389 0.723000
17 3.359658 0.694722 0.699500
18 2.394715 0.707834 0.702000
19 2.855241 0.741333 0.736000
20 2.632619 0.702778 0.696000
21 2.188295 0.696389 0.681500
22 1.643946 0.713944 0.720500
23 1.675598 0.721056 0.716000
24 1.670683 0.703056 0.701000
25 1.597086 0.712945 0.708500
26 1.742435 0.697556 0.701500
27 1.267497 0.740000 0.732500
28 1.292581 0.690056 0.684500
29 1.025391 0.701333 0.687500
30 1.644414 0.745500 0.746500
31 1.161608 0.721111 0.722000
32 1.216571 0.744056 0.740500
33 1.168656 0.713778 0.717000
34 1.029613 0.721556 0.727500
35 0.879768 0.726889 0.725500
36 0.954505 0.741500 0.746500
37 0.921501 0.750722 0.750000
38 1.468718 0.733500 0.742000
39 1.093561 0.750611 0.756500
40 1.058316 0.696667 0.704000
41 0.981851 0.707278 0.700000
42 0.923474 0.724222 0.733500
43 0.886476 0.706278 0.697000
44 1.081300 0.732667 0.729000
45 0.935558 0.700333 0.691000
46 0.909802 0.728445 0.727000
47 0.837814 0.742445 0.734500
48 0.872922 0.692944 0.687000
49 0.915705 0.701889 0.702500
50 0.906823 0.761333 0.752500
51 0.779623 0.767611 0.774000
52 0.762815 0.732611 0.722500
53 0.659589 0.738778 0.745500
54 0.660983 0.694556 0.682500
55 0.653308 0.738056 0.734000
56 0.675637 0.716278 0.712500
57 0.779429 0.746555 0.750000
58 0.727390 0.759278 0.751500
59 0.755466 0.760945 0.756000
60 0.676301 0.751056 0.741500
61 0.720498 0.748167 0.748000
62 0.701599 0.768556 0.765000
63 0.655765 0.762167 0.769000
64 0.661930 0.763111 0.756500
65 0.672176 0.748500 0.750000
66 0.680522 0.757389 0.760500
67 0.627930 0.764666 0.772000
68 0.665556 0.747944 0.744500
69 0.668767 0.758333 0.748500
70 0.687290 0.727278 0.730500
71 0.716009 0.768500 0.759500
72 0.691474 0.739889 0.743500
73 0.722975 0.757111 0.759500
74 0.733838 0.764944 0.766000
75 0.748330 0.761722 0.762000
76 0.736243 0.760722 0.753000
77 0.735560 0.769833 0.766500
78 0.676513 0.759222 0.752500
79 0.690661 0.765444 0.757000
80 0.731790 0.763444 0.761000
81 0.635587 0.765111 0.755000
82 0.625906 0.762222 0.765500
83 0.740234 0.752111 0.752500
84 0.676037 0.749444 0.743500
85 0.698835 0.763111 0.763000
86 0.612715 0.753333 0.746000
87 0.664462 0.768278 0.753500
88 0.662456 0.757555 0.756500
89 0.670981 0.762889 0.766000
90 0.764290 0.774611 0.776500
91 0.654095 0.760611 0.765000
92 0.669416 0.760555 0.761000
93 0.654421 0.777555 0.769000
94 0.694040 0.752889 0.750000
95 0.714207 0.776333 0.775500
96 0.731615 0.752333 0.753500
97 0.690172 0.766000 0.763000
98 0.656325 0.762167 0.760500
99 0.707370 0.776334 0.762000
100 0.588452 0.783445 0.779000
101 0.595094 0.763833 0.763500
102 0.584675 0.751833 0.750500
103 0.575395 0.785500 0.779000
104 0.539188 0.772333 0.779500
105 0.567123 0.768945 0.763500
106 0.611183 0.765000 0.770000
107 0.625902 0.756222 0.750000
108 0.575244 0.771333 0.761500
109 0.572576 0.774778 0.777000
110 0.570555 0.770889 0.766500
111 0.582760 0.759333 0.764000
112 0.598942 0.766667 0.759000
113 0.541815 0.770167 0.769000
114 0.588035 0.756389 0.748500
115 0.588732 0.774611 0.775500
116 0.571463 0.768056 0.760000
117 0.538995 0.780278 0.783000
118 0.581063 0.761722 0.758500
119 0.586864 0.775278 0.769000
120 0.547837 0.790111 0.786000
121 0.636138 0.783000 0.775500
122 0.571619 0.776556 0.771500
123 0.602072 0.773333 0.771500
124 0.574300 0.766889 0.761000
125 0.564239 0.752389 0.753500
126 0.544735 0.776944 0.772500
127 0.585218 0.772833 0.768500
128 0.587081 0.763945 0.762500
129 0.595505 0.773945 0.765000
130 0.590067 0.747055 0.747500
131 0.601699 0.764944 0.759500
132 0.583790 0.775945 0.770500
133 0.555866 0.766833 0.770000
134 0.599148 0.773334 0.771500
135 0.553090 0.770556 0.765000
136 0.565407 0.777389 0.771000
137 0.628362 0.761500 0.754500
138 0.593032 0.788000 0.787500
139 0.582112 0.762611 0.765000
140 0.570925 0.767000 0.769500
141 0.552631 0.786445 0.782500
142 0.556595 0.765611 0.761000
143 0.560095 0.783889 0.779500
144 0.555256 0.765722 0.758500
145 0.560613 0.758111 0.755500
146 0.566891 0.784111 0.783000
147 0.549902 0.759445 0.760500
148 0.562924 0.777389 0.772500
149 0.553709 0.783056 0.782500
150 0.530496 0.784500 0.773500
151 0.540877 0.787111 0.783000
152 0.543984 0.782278 0.765000
153 0.554282 0.770833 0.767500
154 0.547446 0.778333 0.776500
155 0.530094 0.767444 0.763500
156 0.535692 0.791556 0.778000
157 0.523483 0.788889 0.785500
158 0.527347 0.782278 0.787500
159 0.550107 0.794111 0.792500
160 0.544600 0.764333 0.767000
161 0.545424 0.781444 0.780000
162 0.570391 0.779667 0.776500
163 0.535957 0.780944 0.777000
164 0.545080 0.784000 0.773500
165 0.540081 0.782667 0.782500
166 0.543751 0.786611 0.788500
167 0.520949 0.777500 0.771000
168 0.531886 0.783333 0.781000
169 0.533632 0.788555 0.783500
170 0.531369 0.785945 0.785500
171 0.524757 0.769167 0.767500
172 0.522762 0.779722 0.782000
173 0.537660 0.759611 0.758500
174 0.548787 0.790611 0.772500
175 0.532786 0.773056 0.774000
176 0.529409 0.782722 0.780000
177 0.529840 0.757389 0.755000
178 0.573421 0.789722 0.776500
179 0.530645 0.763667 0.762000
180 0.526154 0.790667 0.789500
181 0.536666 0.780056 0.778000
182 0.540837 0.768056 0.765500
183 0.545536 0.775333 0.769000
184 0.537745 0.751611 0.750500
185 0.533189 0.784167 0.780000
186 0.524942 0.783444 0.776000
187 0.537710 0.767167 0.767000
188 0.521230 0.778889 0.779000
189 0.520031 0.780333 0.772500
190 0.527668 0.757944 0.759000
191 0.522005 0.786389 0.782500
192 0.517268 0.775056 0.778000
193 0.529626 0.787389 0.781000
194 0.524094 0.793222 0.784500
195 0.532771 0.788722 0.786500
196 0.521486 0.794333 0.788000
197 0.517122 0.762778 0.758500
198 0.532356 0.781889 0.777500
199 0.534809 0.755500 0.758000
200 0.509681 0.794333 0.787000
201 0.521069 0.781722 0.779500
202 0.526423 0.794111 0.793500
203 0.510844 0.769333 0.773500
204 0.511402 0.784944 0.791000
205 0.518926 0.799167 0.797000
206 0.514155 0.800389 0.797000
207 0.517858 0.790889 0.793500
208 0.506142 0.786444 0.783500
209 0.525149 0.796444 0.783000
210 0.511976 0.769167 0.766500
211 0.510614 0.772444 0.772000
212 0.501354 0.760111 0.761500
213 0.522330 0.777389 0.771500
214 0.506692 0.789389 0.785000
215 0.521892 0.791834 0.788500
216 0.513721 0.787222 0.782500
217 0.507735 0.772334 0.774000
218 0.505332 0.794111 0.793500
219 0.506143 0.785389 0.786000
220 0.505330 0.772222 0.770500
221 0.508335 0.779667 0.774500
222 0.510505 0.784444 0.784500
223 0.516376 0.797611 0.791000
224 0.506512 0.777167 0.775500
225 0.518398 0.771889 0.766000
226 0.513763 0.788500 0.788500
227 0.512466 0.759944 0.762000
228 0.516324 0.786556 0.786000
229 0.503604 0.798000 0.798000
230 0.501397 0.775444 0.778000
231 0.525395 0.766500 0.764000
232 0.504906 0.753722 0.748000
233 0.504946 0.787778 0.781500
234 0.522101 0.787945 0.778500
235 0.514323 0.774556 0.777000
236 0.512394 0.784722 0.773000
237 0.514030 0.770611 0.769000
238 0.517660 0.788444 0.789500
239 0.500212 0.782833 0.773500
240 0.502467 0.773389 0.770500
241 0.503718 0.782167 0.777500
242 0.514788 0.778944 0.784500
243 0.505591 0.775889 0.768500
244 0.504924 0.781833 0.778500
245 0.518880 0.788389 0.784500
246 0.509945 0.798611 0.791000
247 0.509701 0.767944 0.774500
248 0.510270 0.786889 0.778000
249 0.533622 0.774000 0.764500
250 0.520518 0.778111 0.780500
251 0.518256 0.799611 0.799000
252 0.526844 0.778500 0.785000
253 0.503067 0.784333 0.785500
254 0.498797 0.789944 0.787500
255 0.515007 0.784111 0.780500
256 0.498003 0.776333 0.776500
257 0.511042 0.790389 0.788500
258 0.502431 0.788444 0.797000
259 0.513625 0.789333 0.784500
260 0.510899 0.786611 0.785500
261 0.509219 0.787333 0.792000
262 0.506665 0.765667 0.770500
263 0.507026 0.778500 0.784000
264 0.507129 0.771667 0.775500
265 0.500452 0.782667 0.780500
266 0.504515 0.794778 0.797000
267 0.502949 0.792778 0.787000
268 0.512257 0.785000 0.789000
269 0.500143 0.789111 0.787500
270 0.498673 0.789111 0.789500
271 0.505932 0.799278 0.792500
272 0.504208 0.785667 0.790000
273 0.498929 0.761833 0.760000
274 0.508972 0.779722 0.780000
275 0.495807 0.774611 0.778000
276 0.498206 0.786778 0.785000
277 0.520663 0.781722 0.777000
278 0.502448 0.777556 0.777000
279 0.495713 0.774889 0.779500
280 0.495677 0.771333 0.772500
281 0.501248 0.772889 0.772500
282 0.500468 0.767000 0.767000
283 0.500037 0.786944 0.786000
284 0.498036 0.795445 0.794500
285 0.493328 0.773722 0.779000
286 0.503495 0.778667 0.776000
287 0.500711 0.775500 0.770500
288 0.493356 0.784722 0.787000
289 0.498030 0.764444 0.768500
290 0.492862 0.791611 0.793500
291 0.499533 0.770556 0.775000
292 0.493894 0.782889 0.788000
293 0.491310 0.786611 0.783000
294 0.505355 0.778389 0.778500
295 0.498256 0.778889 0.789500
296 0.497357 0.776944 0.781500
297 0.485246 0.760111 0.759500
298 0.490536 0.793722 0.798000
299 0.501147 0.792167 0.785500
300 0.499745 0.796444 0.796000
301 0.487712 0.773000 0.771500
302 0.498912 0.777722 0.787000
303 0.491092 0.790278 0.792000
304 0.488694 0.799111 0.795000
305 0.488313 0.790667 0.789000
306 0.494808 0.792389 0.801000
307 0.487842 0.787889 0.794500
308 0.495552 0.791556 0.794000
309 0.501859 0.781722 0.784000
310 0.501778 0.781778 0.780500
311 0.488539 0.785444 0.793500
312 0.492178 0.781556 0.783000
313 0.485642 0.779222 0.784500
314 0.489711 0.794000 0.793000
315 0.489621 0.791945 0.793500
316 0.487932 0.783278 0.779500
317 0.490636 0.788500 0.791500
318 0.492968 0.793667 0.795500
319 0.491030 0.790556 0.793000
320 0.493257 0.792222 0.786000
321 0.493682 0.771667 0.774000
322 0.486780 0.777722 0.774000
323 0.492809 0.784111 0.789000
324 0.498190 0.790778 0.792500
325 0.480416 0.795000 0.798500
326 0.485927 0.790944 0.792000
327 0.485852 0.778111 0.782000
328 0.489508 0.787944 0.785000
329 0.492097 0.775667 0.768500
330 0.484922 0.787667 0.791000
331 0.486344 0.783667 0.778500
332 0.481110 0.780000 0.783500
333 0.494747 0.801667 0.798000
334 0.480192 0.792167 0.791000
335 0.486797 0.787167 0.788000
336 0.484709 0.795167 0.794500
337 0.479184 0.769389 0.773500
338 0.494612 0.802833 0.805000
339 0.490646 0.798667 0.799500
340 0.482822 0.792778 0.794500
341 0.491297 0.796833 0.794500
342 0.484210 0.805222 0.806500
343 0.483027 0.767944 0.767500
344 0.488602 0.798389 0.801500
345 0.484984 0.793556 0.798000
346 0.489243 0.796500 0.797500
347 0.481555 0.781611 0.780000
348 0.493518 0.794944 0.792000
349 0.487035 0.794833 0.792500
350 0.482011 0.789333 0.785500
