1 5.559224 0.697778 0.672000
2 1.538396 0.754000 0.738000
3 1.096187 0.768222 0.742000
4 0.878475 0.747556 0.734000
5 0.922325 0.766000 0.710000
6 0.940520 0.758000 0.722000
7 1.043627 0.713556 0.698000
8 0.896766 0.775333 0.734000
9 0.693293 0.762444 0.736000
10 0.730439 0.775778 0.732000
11 0.638910 0.736222 0.688000
12 0.664473 0.726889 0.692000
13 0.611037 0.784889 0.740000
14 0.594970 0.784667 0.756000
15 0.590867 0.746889 0.718000
16 0.630094 0.788222 0.764000
17 0.590570 0.785556 0.732000
18 0.582249 0.741111 0.700000
19 0.581010 0.768667 0.750000
20 0.582795 0.792000 0.750000
21 0.557198 0.799556 0.766000
22 0.540117 0.781556 0.742000
23 0.534566 0.791778 0.744000
24 0.536425 0.794444 0.750000
25 0.527205 0.796000 0.788000
26 0.544652 0.806444 0.772000
27 0.523338 0.810889 0.766000
28 0.531215 0.768000 0.740000
29 0.546778 0.770222 0.746000
30 0.537326 0.804444 0.754000
31 0.521025 0.806444 0.764000
32 0.531940 0.804000 0.742000
33 0.532056 0.783556 0.742000
34 0.580203 0.814000 0.766000
35 0.525463 0.803556 0.784000
36 0.525910 0.800000 0.744000
37 0.584221 0.803111 0.770000
38 0.554453 0.791778 0.764000
39 0.547402 0.804444 0.772000
40 0.546705 0.809778 0.778000
41 0.537940 0.804000 0.760000
42 0.531425 0.814667 0.758000
43 0.506953 0.801111 0.760000
44 0.532921 0.817111 0.772000
45 0.509524 0.822222 0.796000
46 0.493169 0.813111 0.798000
47 0.506317 0.815778 0.766000
48 0.536866 0.812000 0.774000
49 0.535586 0.812000 0.758000
50 0.487573 0.812889 0.776000
