1 1.131608 0.858824 0.944444
2 0.473190 0.794118 0.777778
3 0.296304 0.847059 0.777778
4 0.203282 0.935294 0.888889
5 0.194098 0.941176 0.833333
6 0.156741 0.876471 0.777778
7 0.150878 0.923529 0.777778
8 0.105106 0.988235 0.944444
9 0.124306 0.982353 0.944444
10 0.102813 0.982353 0.944444
11 0.113583 0.964706 0.888889
12 0.089023 0.882353 0.833333
13 0.074399 1.000000 0.833333
14 0.060224 0.923529 0.833333
15 0.064501 0.905882 0.888889
16 0.079799 0.964706 0.944444
17 0.132488 0.923529 0.888889
18 0.182379 0.988235 0.944444
19 0.053927 1.000000 0.944444
20 0.048238 0.994118 0.833333
21 0.059423 1.000000 0.888889
22 0.119791 0.852941 0.777778
23 0.084222 0.982353 0.833333
24 0.040866 0.982353 0.888889
25 0.042035 1.000000 0.833333
26 0.032118 0.994118 0.944444
27 0.035848 0.988235 0.833333
28 0.038629 1.000000 0.944444
29 0.042580 0.994118 0.888889
30 0.032484 1.000000 0.888889
31 0.041426 0.976471 0.888889
32 0.107445 0.923529 0.777778
33 0.055382 0.935294 0.944444
34 0.062798 0.982353 0.722222
35 0.040500 0.982353 0.833333
36 0.028934 1.000000 0.833333
37 0.023253 1.000000 0.833333
38 0.018037 1.000000 0.833333
39 0.022597 1.000000 0.888889
40 0.021226 1.000000 0.888889
41 0.036980 0.911765 0.777778
42 0.054711 0.952941 0.722222
43 0.032740 0.964706 0.833333
44 0.027455 1.000000 0.833333
45 0.021159 1.000000 0.888889
46 0.057789 0.917647 0.722222
47 0.079633 0.970588 0.944444
48 0.042452 0.976471 0.888889
49 0.023401 0.982353 0.833333
50 0.018169 1.000000 0.944444
51 0.017806 1.000000 0.944444
52 0.014788 1.000000 0.888889
53 0.016612 1.000000 0.944444
54 0.015072 1.000000 0.888889
55 0.013123 1.000000 0.888889
56 0.018442 1.000000 0.888889
57 0.018435 1.000000 0.888889
58 0.021768 1.000000 0.888889
59 0.013032 1.000000 0.833333
60 0.013108 1.000000 0.944444
61 0.016063 1.000000 0.888889
62 0.018678 1.000000 0.888889
63 0.013679 1.000000 0.944444
64 0.016534 0.988235 0.944444
65 0.014968 1.000000 0.888889
66 0.015589 0.988235 0.888889
67 0.013115 1.000000 0.833333
68 0.017136 1.000000 0.888889
69 0.012743 0.988235 0.944444
70 0.014684 1.000000 0.833333
