1 372.089659 0.261836 0.288000
2 145.347654 0.396977 0.404000
3 60.227068 0.377639 0.382000
4 34.259085 0.472549 0.480000
5 28.957775 0.461436 0.482000
6 37.172297 0.484774 0.482000
7 24.905537 0.448544 0.456000
8 24.426228 0.378306 0.366000
9 16.230956 0.455212 0.464000
10 13.896502 0.498111 0.514000
11 16.370618 0.457880 0.448000
12 14.861937 0.424761 0.438000
13 9.348163 0.370971 0.360000
14 13.608539 0.334519 0.322000
15 6.169460 0.492554 0.502000
16 8.031917 0.487442 0.480000
17 6.321527 0.476106 0.496000
18 5.678624 0.472549 0.448000
19 7.178331 0.465881 0.456000
20 5.206782 0.477217 0.470000
21 3.551955 0.508335 0.512000
22 4.362978 0.439876 0.450000
23 2.659949 0.451656 0.446000
24 3.532524 0.440542 0.470000
25 3.631264 0.398978 0.394000
26 3.133157 0.499000 0.518000
27 2.854510 0.441654 0.410000
28 3.633183 0.373416 0.358000
29 2.966868 0.390087 0.412000
30 2.729051 0.502112 0.490000
31 2.406252 0.486997 0.514000
32 2.853978 0.446544 0.458000
33 2.420980 0.429206 0.420000
34 2.689973 0.505223 0.498000
35 2.642934 0.495443 0.486000
36 2.226902 0.402756 0.414000
37 2.391790 0.456768 0.462000
38 2.225994 0.386975 0.396000
39 2.429759 0.464770 0.450000
40 2.213506 0.476106 0.490000
41 2.113597 0.494554 0.520000
42 2.163942 0.462547 0.442000
43 2.161664 0.485886 0.484000
44 2.615562 0.396977 0.410000
45 2.044381 0.352745 0.344000
46 2.106204 0.426317 0.414000
47 2.109728 0.461436 0.464000
48 2.100458 0.446544 0.466000
49 1.961115 0.425872 0.412000
50 1.747379 0.505223 0.510000
51 1.577899 0.422761 0.404000
52 1.617087 0.440987 0.442000
53 1.602651 0.499444 0.492000
54 1.483852 0.498555 0.496000
55 1.655604 0.362970 0.380000
56 1.572699 0.480551 0.474000
57 1.655083 0.468993 0.486000
58 1.535489 0.440542 0.436000
59 1.659727 0.415426 0.380000
60 1.626986 0.422761 0.426000
61 1.690951 0.490553 0.494000
62 1.573359 0.497222 0.506000
63 1.539678 0.478551 0.472000
64 1.705012 0.487886 0.498000
65 1.541724 0.503890 0.502000
66 1.528783 0.422316 0.418000
67 1.564556 0.487219 0.478000
68 1.597768 0.517448 0.518000
69 1.691987 0.493665 0.514000
70 1.743291 0.414537 0.402000
