1 1.633491 0.754444 0.760000
2 0.602912 0.761111 0.710000
3 0.601108 0.708889 0.730000
4 0.621452 0.757778 0.690000
5 0.487950 0.772222 0.740000
6 0.502544 0.784444 0.740000
7 0.526583 0.783333 0.770000
8 0.464027 0.800000 0.750000
9 0.454634 0.784444 0.740000
10 0.453233 0.784444 0.760000
11 0.457898 0.796667 0.700000
12 0.446935 0.804444 0.760000
13 0.499856 0.803333 0.770000
14 0.447158 0.794444 0.710000
15 0.433016 0.793333 0.780000
16 0.416897 0.811111 0.710000
17 0.406354 0.816667 0.740000
18 0.403225 0.828889 0.690000
19 0.407785 0.822222 0.740000
20 0.396975 0.820000 0.730000
21 0.394025 0.808889 0.730000
22 0.391768 0.826667 0.720000
23 0.393634 0.828889 0.710000
24 0.390864 0.818889 0.780000
25 0.374823 0.832222 0.740000
26 0.368974 0.853333 0.730000
27 0.366000 0.837778 0.730000
28 0.374256 0.853333 0.740000
29 0.395660 0.817778 0.730000
30 0.384652 0.831111 0.760000
31 0.354497 0.851111 0.760000
32 0.438390 0.830000 0.740000
33 0.667404 0.818889 0.760000
34 0.413417 0.824444 0.750000
35 2.238253 0.802222 0.730000
36 0.456965 0.792222 0.710000
37 0.418332 0.806667 0.760000
38 0.410121 0.825556 0.750000
39 0.394103 0.825556 0.780000
40 0.402969 0.824444 0.780000
41 0.387643 0.832222 0.720000
42 0.365507 0.834444 0.740000
43 0.375409 0.832222 0.740000
44 0.373598 0.840000 0.790000
45 0.347327 0.816667 0.780000
46 0.359892 0.844444 0.800000
47 0.378788 0.833333 0.750000
48 0.373917 0.810000 0.790000
49 0.366149 0.840000 0.780000
50 0.354956 0.856667 0.790000
51 0.328583 0.843333 0.780000
52 0.349599 0.860000 0.770000
53 0.340861 0.860000 0.720000
54 0.322765 0.825556 0.740000
55 0.334395 0.846667 0.760000
56 0.334287 0.861111 0.730000
57 0.322796 0.867778 0.740000
58 0.316523 0.858889 0.730000
59 0.327809 0.867778 0.760000
60 0.318468 0.868889 0.790000
61 0.315885 0.871111 0.790000
62 0.308979 0.871111 0.760000
63 0.335755 0.867778 0.750000
64 0.322041 0.876667 0.760000
65 0.326742 0.876667 0.770000
66 0.316505 0.873333 0.780000
67 0.320450 0.871111 0.760000
68 0.323293 0.865556 0.790000
69 0.320567 0.873333 0.770000
70 0.319779 0.883333 0.770000
71 0.320565 0.865556 0.740000
72 0.309646 0.866667 0.750000
73 0.311230 0.873333 0.710000
74 0.297476 0.863333 0.760000
75 0.318043 0.884444 0.750000
76 0.305650 0.873333 0.750000
77 0.298251 0.873333 0.760000
78 0.299912 0.884444 0.720000
79 0.296428 0.886667 0.750000
80 0.299593 0.887778 0.770000
81 0.290758 0.875556 0.740000
82 0.279181 0.880000 0.750000
83 0.296287 0.886667 0.750000
84 0.312968 0.878889 0.750000
85 0.303456 0.881111 0.750000
86 0.283050 0.888889 0.740000
87 0.295709 0.875556 0.780000
88 0.319049 0.884444 0.800000
89 0.298077 0.878889 0.780000
90 0.333998 0.874444 0.720000
91 0.285792 0.895556 0.770000
92 0.287218 0.887778 0.750000
93 0.293910 0.868889 0.740000
94 0.282515 0.867778 0.750000
95 0.295454 0.875556 0.740000
96 0.300839 0.878889 0.730000
97 0.297273 0.856667 0.760000
98 0.289630 0.896667 0.740000
99 0.294806 0.896667 0.780000
100 0.268785 0.892222 0.790000
101 0.268475 0.887778 0.790000
102 0.273362 0.892222 0.810000
103 0.272254 0.900000 0.790000
104 0.271634 0.900000 0.780000
105 0.265545 0.900000 0.770000
106 0.258612 0.898889 0.770000
107 0.256389 0.903333 0.750000
108 0.266705 0.896667 0.800000
109 0.263076 0.895556 0.780000
110 0.251328 0.905556 0.730000
111 0.259975 0.894444 0.740000
112 0.266761 0.895556 0.750000
113 0.263190 0.901111 0.790000
114 0.245530 0.906667 0.760000
115 0.253603 0.908889 0.760000
116 0.268302 0.891111 0.760000
117 0.258676 0.893333 0.740000
118 0.247561 0.900000 0.760000
119 0.262840 0.907778 0.740000
120 0.237603 0.910000 0.770000
121 0.260157 0.907778 0.740000
122 0.249877 0.906667 0.780000
123 0.253588 0.903333 0.790000
124 0.249807 0.907778 0.780000
125 0.251029 0.902222 0.770000
126 0.237569 0.906667 0.770000
127 0.237680 0.914444 0.750000
128 0.247104 0.908889 0.750000
129 0.256125 0.905556 0.770000
130 0.247005 0.906667 0.760000
131 0.236636 0.911111 0.760000
132 0.242707 0.910000 0.760000
133 0.236781 0.916667 0.760000
134 0.258491 0.915556 0.770000
135 0.235289 0.903333 0.780000
136 0.250363 0.906667 0.770000
137 0.246981 0.906667 0.750000
138 0.239327 0.902222 0.770000
139 0.246718 0.903333 0.740000
140 0.254707 0.908889 0.780000
141 0.250633 0.900000 0.770000
142 0.232265 0.916667 0.730000
143 0.243825 0.907778 0.760000
144 0.241682 0.913333 0.750000
145 0.238971 0.915556 0.790000
146 0.244160 0.912222 0.760000
147 0.230229 0.920000 0.780000
148 0.238738 0.918889 0.770000
149 0.243541 0.896667 0.740000
150 0.229960 0.915556 0.740000
151 0.224854 0.906667 0.760000
152 0.505664 0.913333 0.760000
153 0.232064 0.918889 0.780000
154 0.226095 0.912222 0.770000
155 0.219224 0.924444 0.770000
156 0.232890 0.911111 0.770000
157 0.220430 0.914444 0.800000
158 0.220074 0.913333 0.770000
159 0.224063 0.920000 0.780000
160 0.221669 0.916667 0.770000
161 0.211709 0.924444 0.770000
162 0.226471 0.921111 0.770000
163 0.227756 0.915556 0.780000
164 0.210625 0.923333 0.770000
165 0.224690 0.915556 0.790000
166 0.221434 0.921111 0.760000
167 0.222006 0.911111 0.780000
168 0.225010 0.922222 0.770000
169 0.216566 0.922222 0.770000
170 0.222818 0.917778 0.750000
171 0.218993 0.920000 0.790000
172 0.204676 0.915556 0.780000
173 0.214315 0.922222 0.760000
174 0.214563 0.915556 0.780000
175 0.218387 0.912222 0.780000
176 0.220868 0.912222 0.770000
177 0.202745 0.916667 0.750000
178 0.204415 0.922222 0.750000
179 0.213055 0.914444 0.760000
180 0.209162 0.927778 0.780000
181 0.212165 0.916667 0.790000
182 0.213223 0.918889 0.770000
183 0.515620 0.921111 0.760000
184 0.227220 0.918889 0.780000
185 0.213960 0.920000 0.770000
186 0.214426 0.920000 0.760000
187 0.214673 0.922222 0.790000
188 0.220661 0.913333 0.780000
189 0.226198 0.920000 0.760000
190 0.209280 0.925556 0.760000
191 0.213795 0.922222 0.790000
192 0.206960 0.926667 0.760000
193 0.209237 0.922222 0.740000
194 0.214970 0.926667 0.790000
195 0.205064 0.920000 0.770000
196 0.217700 0.918889 0.740000
197 0.220251 0.918889 0.750000
198 0.203491 0.925556 0.760000
199 0.210400 0.931111 0.780000
200 0.202081 0.923333 0.750000
201 0.207071 0.924444 0.760000
202 0.214081 0.928889 0.780000
203 0.202891 0.927778 0.740000
204 0.195088 0.925556 0.780000
205 0.202200 0.918889 0.760000
206 0.206341 0.917778 0.760000
207 0.209675 0.927778 0.770000
208 0.198733 0.924444 0.760000
209 0.212844 0.931111 0.750000
210 0.203547 0.922222 0.780000
211 0.199514 0.923333 0.750000
212 0.198491 0.924444 0.780000
213 0.274971 0.920000 0.790000
214 0.205309 0.927778 0.780000
215 0.198427 0.927778 0.780000
216 0.202417 0.927778 0.770000
217 0.205900 0.926667 0.770000
218 0.206789 0.914444 0.770000
219 0.203701 0.922222 0.760000
220 0.201241 0.923333 0.760000
221 0.198781 0.921111 0.770000
222 0.190819 0.927778 0.780000
223 0.195874 0.925556 0.790000
224 0.198602 0.920000 0.770000
225 0.213638 0.926667 0.790000
226 0.208293 0.920000 0.770000
227 0.206463 0.925556 0.770000
228 0.200342 0.923333 0.760000
229 0.193345 0.927778 0.790000
230 0.204599 0.924444 0.760000
231 0.203145 0.924444 0.780000
232 0.201484 0.927778 0.780000
233 0.198711 0.927778 0.780000
234 0.197122 0.926667 0.800000
235 0.189164 0.925556 0.780000
236 0.195424 0.931111 0.760000
237 0.209712 0.927778 0.770000
238 0.190855 0.926667 0.770000
239 0.208503 0.923333 0.780000
240 0.198915 0.926667 0.760000
241 0.202000 0.927778 0.800000
242 0.196833 0.926667 0.770000
243 0.207913 0.928889 0.750000
244 0.198843 0.927778 0.760000
245 0.203691 0.922222 0.780000
246 0.206959 0.930000 0.770000
247 0.208122 0.924444 0.780000
248 0.200197 0.931111 0.800000
249 0.194078 0.926667 0.770000
250 0.206932 0.924444 0.790000
251 0.200491 0.925556 0.790000
252 0.198717 0.926667 0.760000
253 0.195288 0.924444 0.790000
254 0.187551 0.924444 0.780000
255 0.194086 0.924444 0.780000
256 0.191185 0.922222 0.780000
257 0.194417 0.924444 0.790000
258 0.197556 0.931111 0.770000
259 0.187250 0.926667 0.770000
260 0.189451 0.922222 0.790000
261 0.204373 0.926667 0.800000
262 0.200230 0.927778 0.760000
263 0.183667 0.926667 0.780000
264 0.194409 0.923333 0.770000
265 0.190522 0.931111 0.790000
266 0.192677 0.923333 0.790000
267 0.205139 0.926667 0.760000
268 0.198127 0.924444 0.770000
269 0.184524 0.927778 0.790000
270 0.200680 0.924444 0.770000
271 0.194824 0.922222 0.750000
272 0.195377 0.926667 0.780000
273 0.184085 0.926667 0.750000
274 0.199301 0.932222 0.760000
275 0.192393 0.923333 0.770000
276 0.198325 0.925556 0.790000
277 0.200821 0.923333 0.770000
278 0.196874 0.927778 0.780000
279 0.197477 0.928889 0.770000
280 0.189685 0.928889 0.770000
281 0.212737 0.932222 0.770000
282 0.194065 0.932222 0.770000
283 0.195448 0.928889 0.780000
284 0.205980 0.923333 0.780000
285 0.197296 0.931111 0.770000
286 0.200985 0.931111 0.760000
287 0.193944 0.930000 0.770000
288 0.197066 0.926667 0.790000
289 0.193552 0.930000 0.770000
290 0.190525 0.933333 0.790000
291 0.189150 0.930000 0.790000
292 0.186081 0.927778 0.760000
293 0.189597 0.933333 0.800000
294 0.189728 0.931111 0.780000
295 0.186922 0.931111 0.770000
296 0.196562 0.931111 0.800000
297 0.184284 0.928889 0.800000
298 0.181471 0.928889 0.780000
299 0.191818 0.926667 0.750000
300 0.184631 0.927778 0.790000
301 0.185526 0.930000 0.790000
302 0.204530 0.932222 0.780000
303 0.188831 0.931111 0.770000
304 0.180386 0.928889 0.790000
305 0.183266 0.932222 0.770000
306 0.174157 0.933333 0.790000
307 0.178618 0.927778 0.790000
308 0.177434 0.926667 0.790000
309 0.189638 0.930000 0.790000
310 0.192236 0.934444 0.780000
311 0.193642 0.931111 0.790000
312 0.180210 0.924444 0.790000
313 0.197064 0.931111 0.780000
314 0.185016 0.926667 0.780000
315 0.182767 0.927778 0.800000
316 0.191049 0.931111 0.800000
317 0.194502 0.926667 0.780000
318 0.195147 0.930000 0.760000
319 0.182492 0.926667 0.770000
320 0.188856 0.931111 0.800000
321 0.187424 0.930000 0.770000
322 0.183889 0.926667 0.790000
323 0.184912 0.927778 0.750000
324 0.185600 0.927778 0.780000
325 0.186292 0.930000 0.770000
326 0.193029 0.928889 0.790000
327 0.190370 0.926667 0.780000
328 0.189789 0.934444 0.760000
329 0.189850 0.932222 0.760000
330 0.184126 0.923333 0.790000
331 0.187616 0.924444 0.780000
332 0.189020 0.927778 0.760000
333 0.190641 0.932222 0.780000
334 0.189626 0.925556 0.800000
335 0.183468 0.934444 0.790000
336 0.180737 0.931111 0.760000
337 0.187834 0.931111 0.800000
338 0.193883 0.934444 0.790000
339 0.189610 0.926667 0.790000
340 0.191675 0.930000 0.810000
341 0.192544 0.931111 0.800000
342 0.184452 0.930000 0.790000
343 0.196376 0.930000 0.780000
344 0.190851 0.930000 0.750000
345 0.194167 0.934444 0.780000
346 0.185943 0.932222 0.780000
347 0.188360 0.932222 0.780000
348 0.189711 0.931111 0.780000
349 0.188629 0.933333 0.790000
350 0.188291 0.927778 0.790000
