1 4.261689 0.526358 0.506083
2 1.898291 0.724790 0.664234
3 1.665287 0.593404 0.571776
4 1.049783 0.703704 0.652068
5 0.986917 0.635307 0.598540
6 0.997939 0.744255 0.708029
7 0.997561 0.589078 0.583942
8 0.980656 0.607461 0.593674
9 0.934911 0.545823 0.542579
10 0.961752 0.700460 0.698297
11 0.864817 0.740741 0.700730
12 0.825272 0.615301 0.630170
13 1.035795 0.695053 0.688564
14 0.878754 0.739930 0.678832
15 0.672867 0.741552 0.688564
16 0.735483 0.766153 0.734793
17 0.729115 0.764261 0.710462
18 0.678709 0.704785 0.671533
19 0.732223 0.602595 0.581509
20 0.699124 0.668018 0.644769
21 0.697093 0.726953 0.703163
22 0.631033 0.708029 0.698297
23 0.672724 0.758854 0.703163
24 0.637062 0.710192 0.681265
25 0.649711 0.759665 0.703163
26 0.628774 0.751554 0.700730
27 0.597736 0.727224 0.700730
28 0.576529 0.718032 0.688564
29 0.541979 0.768856 0.717762
30 0.571214 0.766964 0.722628
31 0.575596 0.754528 0.720195
32 0.595056 0.771830 0.715328
33 0.562082 0.782374 0.725061
34 0.538773 0.777507 0.737226
35 0.508762 0.780481 0.751825
36 0.526990 0.795350 0.756691
37 0.541456 0.768586 0.725061
38 0.517681 0.786699 0.727494
39 0.507058 0.777507 0.720195
40 0.528667 0.789132 0.732360
41 0.535890 0.794269 0.739659
42 0.521018 0.780211 0.712895
43 0.489165 0.805353 0.763990
44 0.514012 0.731279 0.673966
45 0.516276 0.762639 0.720195
46 0.491913 0.783725 0.708029
47 0.545013 0.789943 0.744526
48 0.475388 0.803190 0.756691
49 0.514097 0.780211 0.729927
50 0.455223 0.826710 0.751825
51 0.458880 0.788592 0.742092
52 0.448503 0.773182 0.715328
53 0.463484 0.825629 0.788321
54 0.435373 0.832928 0.800487
55 0.433846 0.838335 0.783455
56 0.438150 0.801298 0.771290
57 0.454953 0.834280 0.776156
58 0.435655 0.831035 0.798054
59 0.426505 0.828602 0.759124
60 0.432903 0.806434 0.732360
61 0.407262 0.836983 0.795620
62 0.413238 0.836442 0.795620
63 0.426135 0.819411 0.766423
64 0.421377 0.834550 0.781022
65 0.437000 0.842390 0.778589
66 0.446623 0.809678 0.771290
67 0.433059 0.833198 0.768856
68 0.424444 0.803190 0.739659
69 0.433883 0.828873 0.773723
70 0.439857 0.844012 0.778589
71 0.423044 0.834280 0.778589
72 0.424558 0.843471 0.766423
73 0.415469 0.840497 0.778589
74 0.434789 0.821303 0.790754
75 0.428106 0.832387 0.790754
76 0.406504 0.808597 0.751825
77 0.420289 0.839957 0.788321
78 0.428476 0.849959 0.781022
79 0.439775 0.833469 0.746959
80 0.419662 0.846445 0.785888
81 0.396479 0.862395 0.790754
82 0.406632 0.779129 0.742092
83 0.414690 0.793998 0.737226
84 0.399738 0.822384 0.756691
85 0.422733 0.774263 0.732360
86 0.410071 0.851582 0.776156
87 0.411152 0.842119 0.778589
88 0.403167 0.846986 0.798054
89 0.411623 0.861855 0.781022
90 0.382877 0.828062 0.781022
91 0.416404 0.846715 0.771290
92 0.411485 0.856177 0.790754
93 0.409530 0.851041 0.795620
94 0.397594 0.845093 0.763990
95 0.396180 0.854015 0.761557
96 0.385127 0.865910 0.795620
97 0.389620 0.845364 0.771290
98 0.379895 0.854285 0.785888
99 0.400503 0.872128 0.807786
100 0.367473 0.887808 0.798054
101 0.358895 0.871587 0.756691
102 0.347927 0.882941 0.785888
103 0.337500 0.879697 0.771290
104 0.333537 0.881319 0.795620
105 0.327138 0.888078 0.773723
106 0.334210 0.878886 0.783455
107 0.327481 0.895377 0.790754
108 0.338746 0.894025 0.785888
109 0.334951 0.867261 0.763990
110 0.341002 0.882671 0.783455
111 0.332785 0.890241 0.795620
112 0.328539 0.890781 0.800487
113 0.340202 0.895107 0.793187
114 0.327556 0.896999 0.819951
115 0.326078 0.894296 0.800487
116 0.335464 0.897540 0.793187
117 0.314726 0.896999 0.788321
118 0.322517 0.899703 0.800487
119 0.321980 0.899973 0.778589
120 0.318687 0.885915 0.776156
121 0.309212 0.899162 0.795620
122 0.316291 0.897540 0.788321
123 0.332624 0.897810 0.785888
124 0.310594 0.902947 0.783455
125 0.324640 0.899703 0.785888
126 0.310100 0.903487 0.790754
127 0.316764 0.909705 0.788321
128 0.304739 0.883482 0.810219
129 0.328428 0.905650 0.785888
130 0.319627 0.895918 0.793187
131 0.325445 0.888078 0.763990
132 0.322756 0.914301 0.790754
133 0.308568 0.892403 0.768856
134 0.319904 0.909165 0.783455
135 0.300518 0.912138 0.788321
136 0.297754 0.910787 0.802920
137 0.309284 0.898351 0.773723
138 0.295304 0.909435 0.783455
139 0.304228 0.916464 0.798054
140 0.292036 0.907813 0.781022
141 0.309386 0.905109 0.783455
142 0.289815 0.918627 0.805353
143 0.271811 0.919438 0.781022
144 0.287479 0.872128 0.756691
145 0.301481 0.906732 0.776156
146 0.283977 0.916734 0.798054
147 0.305229 0.914031 0.805353
148 0.286828 0.921330 0.798054
149 0.287962 0.918356 0.795620
150 0.263106 0.934577 0.785888
151 0.256241 0.931603 0.800487
152 0.248564 0.927278 0.812652
153 0.242201 0.936469 0.807786
154 0.249836 0.941606 0.798054
155 0.243416 0.944309 0.807786
156 0.244178 0.939984 0.798054
157 0.256176 0.924845 0.800487
158 0.242162 0.935388 0.793187
159 0.241503 0.942147 0.798054
160 0.241270 0.936199 0.788321
161 0.255295 0.937821 0.790754
162 0.231685 0.945391 0.800487
163 0.228302 0.945931 0.798054
164 0.232704 0.946202 0.812652
165 0.224566 0.942417 0.805353
166 0.245325 0.943228 0.790754
167 0.239835 0.943769 0.778589
168 0.215118 0.948364 0.788321
169 0.223323 0.948635 0.802920
170 0.233414 0.943769 0.798054
171 0.221118 0.947013 0.793187
172 0.235114 0.949175 0.793187
173 0.221742 0.955393 0.817518
174 0.236209 0.945931 0.778589
175 0.207731 0.953501 0.812652
176 0.234663 0.951068 0.807786
177 0.220458 0.945120 0.795620
178 0.211373 0.944580 0.800487
179 0.221338 0.954042 0.805353
180 0.233708 0.948094 0.829684
181 0.230544 0.945931 0.795620
182 0.216206 0.923763 0.812652
183 0.207605 0.950527 0.807786
184 0.216297 0.955934 0.812652
185 0.208369 0.947013 0.819951
186 0.219767 0.958908 0.802920
187 0.221982 0.946202 0.795620
188 0.218786 0.935388 0.812652
189 0.227294 0.954042 0.793187
190 0.203073 0.947553 0.790754
191 0.207853 0.948905 0.800487
192 0.214263 0.948635 0.793187
193 0.204729 0.956475 0.812652
194 0.198497 0.958367 0.807786
195 0.198806 0.942417 0.790754
196 0.214243 0.959989 0.812652
197 0.209673 0.955393 0.815085
198 0.198339 0.956745 0.812652
199 0.212884 0.955393 0.800487
200 0.198294 0.964044 0.800487
201 0.172317 0.964585 0.793187
202 0.199943 0.967559 0.800487
203 0.183627 0.968640 0.802920
204 0.177660 0.970803 0.795620
205 0.171409 0.968099 0.798054
206 0.182396 0.970803 0.805353
207 0.185361 0.967288 0.810219
208 0.178770 0.969451 0.817518
209 0.185614 0.971344 0.798054
210 0.182630 0.969181 0.783455
211 0.178423 0.970803 0.805353
212 0.180988 0.968640 0.798054
213 0.178991 0.968911 0.790754
214 0.174868 0.974047 0.795620
215 0.169556 0.972155 0.802920
216 0.171512 0.967559 0.800487
217 0.179843 0.973777 0.798054
218 0.169233 0.974588 0.805353
219 0.183223 0.974858 0.807786
220 0.173387 0.968911 0.800487
221 0.176222 0.974047 0.800487
222 0.161485 0.974047 0.790754
223 0.167922 0.972695 0.793187
224 0.169361 0.972695 0.802920
225 0.181988 0.972695 0.798054
226 0.171405 0.974047 0.800487
227 0.171726 0.970533 0.817518
228 0.167246 0.974588 0.795620
229 0.180943 0.972966 0.788321
230 0.164695 0.976210 0.798054
231 0.170157 0.972966 0.815085
232 0.169769 0.975128 0.800487
233 0.164492 0.976210 0.798054
234 0.167048 0.969451 0.795620
235 0.163314 0.976210 0.805353
236 0.158533 0.977291 0.800487
237 0.167950 0.973777 0.810219
238 0.171114 0.976210 0.807786
239 0.156846 0.971073 0.807786
240 0.165961 0.976210 0.795620
241 0.158014 0.978913 0.795620
242 0.153798 0.976210 0.793187
243 0.150165 0.979184 0.788321
244 0.155955 0.974858 0.788321
245 0.166590 0.977021 0.805353
246 0.151495 0.980265 0.795620
247 0.169160 0.975939 0.785888
248 0.170135 0.973506 0.788321
249 0.158780 0.976480 0.793187
250 0.155831 0.981076 0.781022
251 0.147738 0.981887 0.795620
252 0.144804 0.980265 0.793187
253 0.144875 0.984861 0.793187
254 0.146872 0.983779 0.795620
255 0.151972 0.984590 0.795620
256 0.151394 0.982698 0.795620
257 0.153103 0.982428 0.795620
258 0.153629 0.982968 0.788321
259 0.149837 0.982968 0.790754
260 0.146865 0.982698 0.790754
261 0.148891 0.982968 0.781022
262 0.144151 0.984861 0.788321
263 0.143327 0.982968 0.790754
264 0.144049 0.982698 0.788321
265 0.149280 0.981076 0.790754
266 0.139220 0.985131 0.785888
267 0.131553 0.984050 0.793187
268 0.148297 0.982428 0.790754
269 0.135358 0.985131 0.788321
270 0.150037 0.981617 0.805353
271 0.140721 0.985131 0.798054
272 0.150786 0.984861 0.800487
273 0.130729 0.984861 0.790754
274 0.145566 0.983239 0.802920
275 0.132408 0.982698 0.790754
276 0.143361 0.983779 0.795620
277 0.149528 0.983239 0.798054
278 0.138516 0.984590 0.805353
279 0.133280 0.985942 0.795620
280 0.133991 0.983779 0.788321
281 0.144412 0.983509 0.788321
282 0.131889 0.985401 0.795620
283 0.142411 0.983779 0.790754
284 0.145011 0.984590 0.793187
285 0.151148 0.985401 0.790754
286 0.145452 0.987024 0.788321
287 0.138677 0.985672 0.790754
288 0.150323 0.985942 0.788321
289 0.127116 0.984590 0.802920
290 0.141232 0.984050 0.790754
291 0.138041 0.984590 0.793187
292 0.139612 0.983779 0.790754
293 0.138148 0.985131 0.790754
294 0.127970 0.985942 0.793187
295 0.143348 0.984320 0.785888
296 0.141528 0.983239 0.793187
297 0.142160 0.986212 0.788321
298 0.140460 0.984861 0.788321
299 0.147924 0.983779 0.785888
300 0.137946 0.986212 0.788321
301 0.133536 0.987564 0.783455
302 0.128105 0.987564 0.785888
303 0.133221 0.987564 0.785888
304 0.123985 0.986212 0.781022
305 0.137012 0.987564 0.790754
306 0.132610 0.987564 0.793187
307 0.136394 0.988375 0.785888
308 0.129517 0.987564 0.790754
309 0.136667 0.988375 0.783455
310 0.133566 0.989457 0.785888
311 0.138606 0.988916 0.785888
312 0.125007 0.989997 0.790754
313 0.140355 0.988105 0.790754
314 0.126615 0.987294 0.793187
315 0.133013 0.988916 0.793187
316 0.130221 0.987835 0.788321
317 0.132331 0.987835 0.785888
318 0.119292 0.987024 0.788321
319 0.140556 0.988916 0.788321
320 0.124168 0.988105 0.785888
321 0.135302 0.989186 0.783455
322 0.130298 0.987564 0.783455
323 0.134106 0.985942 0.783455
324 0.135113 0.988105 0.785888
325 0.128556 0.990268 0.785888
326 0.137146 0.988375 0.783455
327 0.130179 0.987564 0.790754
328 0.135574 0.988646 0.785888
329 0.126419 0.988646 0.783455
330 0.138010 0.988105 0.783455
331 0.129822 0.988646 0.785888
332 0.132150 0.988646 0.785888
333 0.131666 0.988916 0.795620
334 0.121110 0.988916 0.785888
335 0.124181 0.990808 0.783455
336 0.131107 0.989997 0.788321
337 0.134295 0.987024 0.793187
338 0.132094 0.988916 0.793187
339 0.123534 0.988916 0.783455
340 0.130256 0.989186 0.788321
341 0.128004 0.989997 0.793187
342 0.133786 0.991349 0.785888
343 0.134110 0.989997 0.785888
344 0.132780 0.990268 0.793187
345 0.137158 0.989457 0.788321
346 0.126385 0.989457 0.793187
347 0.125272 0.989457 0.790754
348 0.129129 0.989186 0.793187
349 0.132675 0.989997 0.788321
350 0.127710 0.989186 0.793187
