1 1.723003 0.675556 0.670000
2 0.733536 0.762222 0.730000
3 0.569962 0.722222 0.690000
4 0.554421 0.765556 0.740000
5 0.476106 0.785556 0.740000
6 0.496001 0.758889 0.720000
7 0.567733 0.741111 0.640000
8 0.481772 0.804444 0.720000
9 0.431225 0.800000 0.730000
10 0.423919 0.805556 0.730000
11 0.384073 0.823333 0.720000
12 0.409144 0.832222 0.730000
13 0.378406 0.815556 0.740000
14 0.386940 0.837778 0.710000
15 0.361888 0.854444 0.740000
16 0.353586 0.850000 0.660000
17 0.369097 0.853333 0.780000
18 0.329602 0.852222 0.690000
19 0.333566 0.867778 0.720000
20 0.349905 0.850000 0.670000
21 0.365245 0.823333 0.720000
22 0.333258 0.863333 0.740000
23 0.338908 0.875556 0.670000
24 0.303674 0.868889 0.690000
25 0.315721 0.853333 0.720000
26 0.379438 0.868889 0.680000
27 0.312208 0.876667 0.720000
28 0.300286 0.875556 0.760000
29 0.318978 0.875556 0.740000
30 0.307291 0.880000 0.730000
31 0.282674 0.886667 0.720000
32 0.364283 0.825556 0.790000
33 0.324653 0.885556 0.690000
34 0.300614 0.888889 0.690000
35 0.290809 0.890000 0.780000
36 0.279385 0.900000 0.710000
37 0.263977 0.908889 0.720000
38 0.256465 0.900000 0.710000
39 0.265203 0.898889 0.730000
40 0.260809 0.901111 0.710000
41 0.264142 0.893333 0.770000
42 0.232042 0.895556 0.680000
43 0.245534 0.915556 0.750000
44 0.256860 0.911111 0.710000
45 0.266516 0.875556 0.730000
46 0.254071 0.917778 0.680000
47 0.224902 0.901111 0.710000
48 0.247626 0.906667 0.730000
49 0.257471 0.888889 0.700000
50 0.234052 0.926667 0.720000
51 0.203621 0.933333 0.720000
52 0.192208 0.918889 0.710000
53 0.188600 0.934444 0.710000
54 0.190329 0.934444 0.710000
55 0.188526 0.937778 0.720000
56 0.185105 0.936667 0.700000
57 0.174051 0.925556 0.720000
58 0.177870 0.925556 0.680000
59 0.174512 0.926667 0.740000
60 0.192092 0.933333 0.710000
61 0.171709 0.941111 0.750000
62 0.185021 0.932222 0.700000
63 0.161483 0.935556 0.670000
64 0.192186 0.936667 0.710000
65 0.170499 0.941111 0.730000
66 0.178149 0.935556 0.730000
67 0.183199 0.946667 0.700000
68 0.179938 0.927778 0.700000
69 0.197865 0.931111 0.680000
70 0.165860 0.938889 0.730000
71 0.169921 0.928889 0.720000
72 0.168607 0.941111 0.690000
73 0.181740 0.927778 0.690000
74 0.177752 0.941111 0.720000
75 0.161214 0.935556 0.730000
76 0.157312 0.940000 0.730000
77 0.180132 0.940000 0.750000
78 0.182712 0.940000 0.710000
79 0.213447 0.941111 0.730000
80 0.169152 0.944444 0.710000
81 0.169616 0.936667 0.740000
82 0.181749 0.942222 0.720000
83 0.159072 0.928889 0.730000
84 0.162791 0.938889 0.680000
85 0.161066 0.946667 0.710000
86 0.148485 0.943333 0.720000
87 1.425969 0.881111 0.670000
88 0.353361 0.897778 0.690000
89 0.255740 0.910000 0.690000
90 0.240286 0.923333 0.700000
91 0.227936 0.924444 0.680000
92 0.208198 0.933333 0.710000
93 0.194373 0.928889 0.700000
94 0.178064 0.936667 0.680000
95 0.197989 0.930000 0.700000
96 0.180020 0.934444 0.700000
97 0.172631 0.941111 0.710000
98 0.176829 0.941111 0.720000
99 0.178062 0.938889 0.740000
100 0.171750 0.943333 0.720000
101 0.155123 0.943333 0.710000
102 0.153539 0.946667 0.720000
103 0.148775 0.948889 0.740000
104 0.156295 0.940000 0.740000
105 0.160821 0.940000 0.720000
106 0.154813 0.943333 0.680000
107 0.139534 0.951111 0.720000
108 0.140451 0.948889 0.710000
109 0.143320 0.945556 0.700000
110 0.135047 0.951111 0.700000
111 0.140361 0.947778 0.710000
112 0.131886 0.950000 0.700000
113 0.142858 0.946667 0.700000
114 0.141347 0.946667 0.700000
115 0.138254 0.940000 0.700000
116 0.154217 0.951111 0.690000
117 0.133432 0.948889 0.690000
118 0.131771 0.951111 0.710000
119 0.133060 0.952222 0.710000
120 0.123650 0.948889 0.720000
121 0.136930 0.947778 0.730000
122 0.135533 0.951111 0.740000
123 0.136025 0.948889 0.710000
124 0.134835 0.951111 0.720000
125 0.134679 0.951111 0.730000
126 0.135194 0.948889 0.710000
127 0.139070 0.948889 0.730000
128 0.128490 0.947778 0.700000
129 0.129192 0.947778 0.710000
130 0.125780 0.950000 0.700000
131 0.128634 0.950000 0.710000
132 0.134014 0.946667 0.700000
133 0.131793 0.947778 0.700000
134 0.127043 0.946667 0.720000
135 0.141876 0.944444 0.720000
136 0.133136 0.951111 0.720000
137 0.145529 0.951111 0.700000
138 0.126318 0.953333 0.700000
139 0.115313 0.950000 0.710000
140 0.129632 0.946667 0.730000
141 0.128773 0.953333 0.730000
142 0.131926 0.951111 0.700000
143 0.130408 0.945556 0.720000
144 0.158261 0.950000 0.720000
145 0.134656 0.951111 0.680000
146 0.120969 0.950000 0.710000
147 0.124080 0.948889 0.720000
148 0.121497 0.951111 0.700000
149 0.129572 0.951111 0.720000
150 0.129141 0.952222 0.710000
151 0.107764 0.950000 0.720000
152 0.109215 0.953333 0.710000
153 0.117755 0.952222 0.710000
154 0.111247 0.952222 0.740000
155 0.106283 0.952222 0.700000
156 0.112063 0.951111 0.720000
157 0.107778 0.951111 0.720000
158 0.108663 0.952222 0.720000
159 0.112889 0.952222 0.730000
160 0.110805 0.952222 0.720000
161 0.113728 0.953333 0.720000
162 0.125572 0.947778 0.730000
163 0.117047 0.951111 0.740000
164 0.118463 0.952222 0.730000
165 0.106156 0.952222 0.740000
166 0.111786 0.951111 0.720000
167 0.110362 0.952222 0.760000
168 0.109893 0.952222 0.730000
169 0.115331 0.951111 0.730000
170 0.108946 0.952222 0.740000
171 0.111557 0.953333 0.740000
172 0.117734 0.953333 0.720000
173 0.118818 0.952222 0.740000
174 0.113327 0.947778 0.720000
175 0.117148 0.953333 0.720000
176 0.110206 0.951111 0.730000
177 0.112650 0.951111 0.720000
178 0.108805 0.951111 0.720000
179 0.106862 0.953333 0.730000
180 0.118746 0.952222 0.740000
181 0.114102 0.952222 0.700000
182 0.107518 0.954444 0.730000
183 0.108856 0.952222 0.730000
184 0.130059 0.954444 0.690000
185 0.113940 0.951111 0.710000
186 0.115736 0.953333 0.730000
187 0.101103 0.950000 0.700000
188 0.110713 0.952222 0.710000
189 0.107561 0.953333 0.700000
190 0.105485 0.952222 0.690000
191 0.109137 0.953333 0.710000
192 0.110858 0.953333 0.710000
193 0.109048 0.953333 0.720000
194 0.108333 0.953333 0.730000
195 0.112836 0.948889 0.700000
196 0.102956 0.951111 0.720000
197 0.104869 0.952222 0.730000
198 0.113985 0.954444 0.700000
199 0.108954 0.951111 0.690000
200 0.106459 0.953333 0.700000
201 0.101454 0.952222 0.710000
202 0.091713 0.953333 0.700000
203 0.103688 0.953333 0.690000
204 0.097619 0.954444 0.700000
205 0.102654 0.953333 0.710000
206 0.105202 0.953333 0.700000
207 0.106407 0.953333 0.710000
208 0.103181 0.952222 0.700000
209 0.105743 0.953333 0.710000
210 0.097644 0.951111 0.700000
211 0.093993 0.953333 0.700000
212 0.102877 0.953333 0.710000
213 0.096933 0.954444 0.710000
214 0.097116 0.952222 0.700000
215 0.101584 0.953333 0.700000
216 0.096478 0.952222 0.690000
217 0.106539 0.953333 0.690000
218 0.107909 0.953333 0.700000
219 0.103986 0.953333 0.710000
220 0.101029 0.952222 0.700000
221 0.105887 0.953333 0.700000
222 0.111099 0.951111 0.710000
223 0.103917 0.952222 0.700000
224 0.103955 0.952222 0.690000
225 0.098773 0.954444 0.690000
226 0.097759 0.952222 0.710000
227 0.095679 0.952222 0.700000
228 0.099559 0.954444 0.700000
229 0.099248 0.954444 0.700000
230 0.100463 0.952222 0.700000
231 0.102510 0.954444 0.690000
232 0.094485 0.953333 0.710000
233 0.098253 0.953333 0.720000
234 0.104685 0.952222 0.720000
235 0.105952 0.952222 0.700000
236 0.102443 0.953333 0.710000
237 0.107382 0.953333 0.700000
238 0.100988 0.954444 0.700000
239 0.100062 0.954444 0.700000
240 0.101025 0.953333 0.700000
241 0.096334 0.952222 0.720000
242 0.101815 0.951111 0.740000
243 0.110336 0.953333 0.720000
244 0.093073 0.953333 0.700000
245 0.098297 0.952222 0.710000
246 0.100248 0.952222 0.710000
247 0.096874 0.951111 0.720000
248 0.101123 0.951111 0.720000
249 0.092611 0.951111 0.710000
250 0.097450 0.952222 0.720000
251 0.089931 0.953333 0.720000
252 0.091111 0.953333 0.710000
253 0.096018 0.953333 0.700000
254 0.093982 0.953333 0.700000
255 0.092738 0.953333 0.700000
256 0.093996 0.952222 0.700000
257 0.093560 0.952222 0.690000
258 0.099052 0.953333 0.700000
259 0.096100 0.952222 0.700000
260 0.097163 0.951111 0.710000
261 0.100256 0.955556 0.710000
262 0.100815 0.954444 0.690000
263 0.095108 0.954444 0.700000
264 0.094248 0.953333 0.700000
265 0.093733 0.954444 0.710000
266 0.094723 0.954444 0.710000
267 0.095934 0.953333 0.700000
268 0.098214 0.954444 0.710000
269 0.092330 0.954444 0.700000
270 0.105805 0.954444 0.710000
271 0.097575 0.954444 0.700000
272 0.090390 0.954444 0.710000
273 0.100242 0.954444 0.710000
274 0.101811 0.954444 0.710000
275 0.093618 0.952222 0.700000
276 0.095676 0.953333 0.700000
277 0.097243 0.953333 0.710000
278 0.099836 0.954444 0.720000
279 0.090853 0.953333 0.700000
280 0.097762 0.955556 0.710000
281 0.098667 0.953333 0.710000
282 0.099508 0.953333 0.700000
283 0.096893 0.954444 0.690000
284 0.104833 0.953333 0.710000
285 0.098965 0.954444 0.700000
286 0.096049 0.954444 0.720000
287 0.094193 0.954444 0.710000
288 0.100994 0.954444 0.700000
289 0.094034 0.954444 0.700000
290 0.096688 0.953333 0.690000
291 0.094971 0.953333 0.690000
292 0.098421 0.953333 0.690000
293 0.093718 0.953333 0.690000
294 0.097195 0.953333 0.690000
295 0.095979 0.954444 0.700000
296 0.098274 0.952222 0.700000
297 0.094098 0.953333 0.690000
298 0.100356 0.953333 0.700000
299 0.086524 0.953333 0.700000
300 0.094789 0.953333 0.700000
301 0.095265 0.953333 0.700000
302 0.093750 0.952222 0.700000
303 0.095184 0.954444 0.710000
304 0.090076 0.953333 0.700000
305 0.092178 0.953333 0.700000
306 0.095067 0.953333 0.690000
307 0.093251 0.953333 0.700000
308 0.096857 0.953333 0.700000
309 0.097846 0.953333 0.690000
310 0.096572 0.953333 0.700000
311 0.090868 0.953333 0.710000
312 0.097317 0.953333 0.710000
313 0.088900 0.953333 0.700000
314 0.097456 0.955556 0.720000
315 0.086897 0.953333 0.700000
316 0.092354 0.953333 0.700000
317 0.101163 0.953333 0.700000
318 0.096772 0.954444 0.710000
319 0.089941 0.954444 0.710000
320 0.087920 0.954444 0.690000
321 0.091964 0.953333 0.700000
322 0.085005 0.954444 0.700000
323 0.089802 0.954444 0.710000
324 0.089941 0.953333 0.710000
325 0.091620 0.953333 0.700000
326 0.090507 0.953333 0.700000
327 0.094807 0.953333 0.710000
328 0.092400 0.953333 0.700000
329 0.092470 0.954444 0.700000
330 0.094032 0.954444 0.700000
331 0.088367 0.953333 0.710000
332 0.087822 0.954444 0.700000
333 0.087434 0.954444 0.700000
334 0.089858 0.953333 0.710000
335 0.096316 0.953333 0.700000
336 0.094455 0.953333 0.710000
337 0.097907 0.953333 0.700000
338 0.094336 0.954444 0.710000
339 0.092918 0.955556 0.710000
340 0.103255 0.954444 0.710000
341 0.092709 0.954444 0.710000
342 0.095796 0.954444 0.710000
343 0.099676 0.953333 0.700000
344 0.094089 0.954444 0.700000
345 0.091740 0.954444 0.700000
346 0.095353 0.954444 0.710000
347 0.093897 0.954444 0.700000
348 0.095920 0.954444 0.700000
349 0.097412 0.953333 0.710000
350 0.093605 0.954444 0.700000
