1 120.826676 0.532778 0.540000
2 44.440362 0.633333 0.605000
3 16.171240 0.722778 0.655000
4 9.042466 0.777222 0.725000
5 5.376016 0.711667 0.670000
6 6.870273 0.766667 0.680000
7 8.846947 0.560556 0.525000
8 12.312521 0.747222 0.680000
9 8.605381 0.773889 0.690000
10 6.988886 0.722222 0.670000
11 5.054823 0.753889 0.695000
12 5.045479 0.729444 0.660000
13 3.040562 0.691111 0.665000
14 5.726246 0.699444 0.645000
15 3.267581 0.565556 0.535000
16 6.032805 0.647778 0.615000
17 5.487538 0.670556 0.645000
18 3.502371 0.773889 0.720000
19 2.291796 0.745000 0.690000
20 3.315494 0.685000 0.645000
21 1.993332 0.555000 0.515000
22 1.016944 0.693889 0.685000
23 1.912997 0.776111 0.705000
24 1.588434 0.563333 0.535000
25 1.209044 0.780000 0.705000
26 1.340266 0.706667 0.675000
27 1.369336 0.738889 0.690000
28 0.920802 0.784444 0.725000
29 0.926727 0.738889 0.695000
30 2.716887 0.776111 0.730000
31 1.865698 0.734444 0.685000
32 1.115178 0.746667 0.680000
33 1.207433 0.763333 0.745000
34 0.796190 0.776111 0.715000
35 1.399093 0.756111 0.695000
36 0.783194 0.721667 0.700000
37 0.702571 0.758333 0.695000
38 2.279540 0.666667 0.645000
39 0.791847 0.756111 0.730000
40 0.893165 0.713333 0.695000
41 0.922037 0.765556 0.690000
42 0.973905 0.547778 0.525000
43 1.172110 0.753333 0.705000
44 1.769248 0.716667 0.670000
45 1.120642 0.601667 0.545000
46 0.939648 0.775556 0.715000
47 0.845058 0.768889 0.715000
48 0.965036 0.566111 0.530000
49 1.147699 0.737222 0.690000
50 1.510018 0.760556 0.705000
51 0.997522 0.748333 0.735000
52 0.719972 0.784444 0.705000
53 0.777984 0.772778 0.745000
54 0.637761 0.730556 0.695000
55 0.602218 0.757778 0.695000
56 0.765011 0.788333 0.745000
57 0.620880 0.764444 0.695000
58 0.936635 0.790556 0.730000
59 0.664915 0.766667 0.695000
60 0.687407 0.789444 0.745000
61 0.875327 0.780000 0.720000
62 0.768930 0.795556 0.730000
63 0.727004 0.788333 0.720000
64 0.625653 0.791111 0.730000
65 0.632744 0.718333 0.675000
66 0.626136 0.773889 0.735000
67 0.602566 0.773333 0.745000
68 0.585938 0.795000 0.710000
69 0.650690 0.790556 0.725000
70 0.611690 0.652778 0.630000
71 0.608749 0.790556 0.715000
72 0.644341 0.704444 0.680000
73 0.673854 0.793889 0.730000
74 0.567214 0.748333 0.685000
75 0.583039 0.790556 0.710000
76 0.579525 0.787222 0.710000
77 0.625432 0.797778 0.775000
78 0.609083 0.798889 0.725000
79 0.600640 0.760000 0.690000
80 0.692760 0.754444 0.690000
81 0.588688 0.799444 0.755000
82 0.623924 0.788889 0.720000
83 0.662253 0.755000 0.700000
84 0.691108 0.785556 0.715000
85 0.658605 0.796111 0.755000
86 0.558466 0.779444 0.750000
87 0.668369 0.774444 0.700000
88 0.678016 0.777222 0.720000
89 0.731511 0.760000 0.705000
90 0.625664 0.742778 0.685000
91 0.669331 0.730556 0.705000
92 0.586683 0.798889 0.745000
93 0.609531 0.725556 0.700000
94 0.721197 0.745000 0.695000
95 0.955830 0.745000 0.705000
96 1.072221 0.784444 0.760000
97 0.649609 0.763333 0.710000
98 0.751815 0.776667 0.710000
99 0.974431 0.777778 0.700000
100 0.573060 0.783333 0.705000
101 0.602753 0.778889 0.700000
102 0.540159 0.786111 0.715000
103 0.567918 0.772778 0.720000
104 0.539302 0.649444 0.665000
105 0.616719 0.773333 0.740000
106 0.699604 0.760556 0.700000
107 0.686813 0.762778 0.715000
108 0.548460 0.787778 0.710000
109 0.545933 0.784444 0.700000
110 0.644698 0.796111 0.765000
111 0.699362 0.756667 0.695000
112 0.636899 0.789444 0.705000
113 0.560932 0.750556 0.685000
114 0.568664 0.748333 0.685000
115 0.523672 0.780000 0.715000
116 0.548857 0.778889 0.720000
117 0.514214 0.791667 0.750000
118 0.607079 0.791111 0.720000
119 0.535924 0.798333 0.775000
120 0.581658 0.796111 0.770000
121 0.543746 0.796667 0.755000
122 0.545059 0.783889 0.720000
123 0.533200 0.792778 0.730000
124 0.598954 0.796667 0.725000
125 0.558663 0.666667 0.670000
126 0.532572 0.780556 0.725000
127 0.586913 0.784444 0.725000
128 0.546297 0.787778 0.755000
129 0.629539 0.740556 0.695000
130 0.558411 0.776111 0.715000
131 0.575586 0.797778 0.730000
132 0.534045 0.760556 0.715000
133 0.571739 0.788333 0.710000
134 0.549417 0.791667 0.750000
135 0.543355 0.795000 0.725000
136 0.538549 0.792778 0.715000
137 0.519203 0.798889 0.760000
138 0.596356 0.797778 0.725000
139 0.535208 0.803333 0.770000
140 0.549042 0.768333 0.725000
141 0.562667 0.791111 0.725000
142 0.526326 0.794444 0.755000
143 0.521688 0.782778 0.760000
144 0.545324 0.805000 0.765000
145 0.551713 0.751667 0.690000
146 0.537641 0.778889 0.715000
147 0.577862 0.758889 0.695000
148 0.531182 0.703333 0.700000
149 0.533670 0.790000 0.735000
150 0.511749 0.790556 0.730000
151 0.547418 0.793333 0.730000
152 0.513057 0.805000 0.750000
153 0.519870 0.806111 0.745000
154 0.545806 0.767778 0.720000
155 0.532578 0.791667 0.730000
156 0.498045 0.806111 0.745000
157 0.500037 0.774444 0.750000
158 0.532073 0.791111 0.735000
159 0.525114 0.782222 0.760000
160 0.511019 0.756667 0.695000
161 0.540230 0.683333 0.680000
162 0.507134 0.801667 0.760000
163 0.519874 0.798333 0.785000
164 0.548782 0.791111 0.730000
165 0.500871 0.813889 0.775000
166 0.507605 0.810556 0.785000
167 0.497149 0.774444 0.715000
168 0.517823 0.799444 0.755000
169 0.506094 0.792222 0.740000
170 0.526593 0.816111 0.800000
171 0.519094 0.772222 0.720000
172 0.521685 0.801111 0.775000
173 0.534496 0.796111 0.740000
174 0.544525 0.749444 0.695000
175 0.528466 0.737778 0.710000
176 0.503697 0.781667 0.760000
177 0.529017 0.751111 0.695000
178 0.571016 0.785000 0.715000
179 0.513567 0.805556 0.750000
180 0.508980 0.788333 0.770000
181 0.514711 0.801667 0.790000
182 0.592645 0.755000 0.705000
183 0.527733 0.811667 0.800000
184 0.518232 0.750556 0.700000
185 0.525327 0.776111 0.715000
186 0.522359 0.810000 0.790000
187 0.562974 0.793889 0.745000
188 0.499864 0.817778 0.795000
189 0.497113 0.793889 0.735000
190 0.503459 0.753333 0.685000
191 0.506279 0.789444 0.775000
192 0.503510 0.800000 0.740000
193 0.519334 0.760556 0.745000
194 0.500181 0.802778 0.795000
195 0.574022 0.804444 0.790000
196 0.489202 0.795000 0.735000
197 0.493912 0.748333 0.700000
198 0.533773 0.818889 0.815000
199 0.504885 0.751667 0.685000
200 0.478542 0.817778 0.815000
201 0.495057 0.824444 0.805000
202 0.495672 0.801667 0.745000
203 0.484784 0.785000 0.735000
204 0.487132 0.815000 0.800000
205 0.497664 0.820000 0.825000
206 0.490830 0.821667 0.820000
207 0.501568 0.822778 0.815000
208 0.481505 0.819444 0.780000
209 0.517439 0.805000 0.765000
210 0.515193 0.775000 0.690000
211 0.506708 0.803889 0.750000
212 0.479676 0.761111 0.695000
213 0.532439 0.794444 0.745000
214 0.483704 0.819444 0.800000
215 0.502277 0.811667 0.795000
216 0.531106 0.775556 0.710000
217 0.495305 0.825556 0.805000
218 0.495776 0.800556 0.805000
219 0.501288 0.818889 0.830000
220 0.471490 0.802222 0.755000
221 0.481367 0.756667 0.750000
222 0.498978 0.809444 0.800000
223 0.475611 0.821667 0.780000
224 0.477528 0.797778 0.750000
225 0.489655 0.778889 0.705000
226 0.479720 0.816111 0.815000
227 0.503365 0.751111 0.705000
228 0.507727 0.775000 0.700000
229 0.473879 0.830556 0.825000
230 0.513540 0.804444 0.755000
231 0.521053 0.817778 0.770000
232 0.476233 0.766667 0.685000
233 0.479093 0.757778 0.700000
234 0.520156 0.753889 0.700000
235 0.486109 0.787222 0.750000
236 0.491438 0.778333 0.690000
237 0.491331 0.751111 0.705000
238 0.489703 0.830556 0.825000
239 0.470333 0.744444 0.690000
240 0.478336 0.770556 0.705000
241 0.485522 0.806111 0.755000
242 0.470779 0.824444 0.810000
243 0.476458 0.783889 0.705000
244 0.476550 0.747778 0.695000
245 0.488753 0.828333 0.825000
246 0.504650 0.820556 0.780000
247 0.483988 0.800556 0.750000
248 0.471201 0.799444 0.750000
249 0.469878 0.780556 0.700000
250 0.471031 0.817222 0.780000
251 0.478693 0.826667 0.815000
252 0.501791 0.812222 0.805000
253 0.489316 0.797778 0.750000
254 0.458652 0.823333 0.825000
255 0.488677 0.799444 0.740000
256 0.467762 0.782222 0.725000
257 0.475852 0.806667 0.765000
258 0.468110 0.815556 0.805000
259 0.463281 0.783889 0.710000
260 0.477575 0.828889 0.815000
261 0.477320 0.825000 0.815000
262 0.479916 0.828889 0.830000
263 0.470786 0.797778 0.775000
264 0.478206 0.742222 0.690000
265 0.469845 0.787222 0.730000
266 0.467523 0.828333 0.815000
267 0.476510 0.826111 0.820000
268 0.484105 0.802222 0.755000
269 0.489641 0.813889 0.770000
270 0.477530 0.816111 0.800000
271 0.483319 0.825556 0.810000
272 0.482809 0.811111 0.765000
273 0.473737 0.747778 0.695000
274 0.490933 0.783333 0.745000
275 0.459727 0.750556 0.700000
276 0.462251 0.792778 0.740000
277 0.479797 0.825000 0.820000
278 0.469565 0.757778 0.690000
279 0.470924 0.746111 0.690000
280 0.466712 0.760000 0.690000
281 0.471119 0.792778 0.740000
282 0.476921 0.799444 0.745000
283 0.464948 0.805556 0.755000
284 0.464856 0.812222 0.780000
285 0.469867 0.796111 0.760000
286 0.482586 0.798889 0.725000
287 0.471133 0.803889 0.755000
288 0.464185 0.802778 0.775000
289 0.479585 0.806667 0.795000
290 0.476871 0.821111 0.815000
291 0.475185 0.788889 0.735000
292 0.469302 0.806667 0.765000
293 0.467572 0.811111 0.785000
294 0.478199 0.787222 0.725000
295 0.464114 0.813333 0.795000
296 0.472732 0.802222 0.765000
297 0.455347 0.776111 0.695000
298 0.469623 0.824444 0.820000
299 0.486404 0.815000 0.800000
300 0.471027 0.812778 0.795000
301 0.463025 0.797778 0.730000
302 0.468408 0.800000 0.790000
303 0.463002 0.806111 0.795000
304 0.454954 0.810556 0.795000
305 0.454475 0.819444 0.805000
306 0.466033 0.820000 0.815000
307 0.460467 0.803333 0.790000
308 0.457490 0.808333 0.800000
309 0.478781 0.813889 0.795000
310 0.467524 0.805000 0.760000
311 0.457180 0.810556 0.800000
312 0.460413 0.793333 0.755000
313 0.457986 0.805556 0.790000
314 0.456384 0.811667 0.790000
315 0.462723 0.806667 0.785000
316 0.462076 0.803333 0.715000
317 0.458618 0.820556 0.800000
318 0.468485 0.808333 0.795000
319 0.473513 0.826111 0.810000
320 0.458129 0.803333 0.785000
321 0.465612 0.771111 0.700000
322 0.463728 0.753889 0.685000
323 0.462967 0.814444 0.800000
324 0.489130 0.821111 0.815000
325 0.443397 0.825000 0.805000
326 0.444098 0.822778 0.820000
327 0.458412 0.812222 0.820000
328 0.450720 0.795000 0.735000
329 0.469055 0.829444 0.820000
330 0.455867 0.825556 0.805000
331 0.456754 0.790000 0.740000
332 0.452745 0.814444 0.785000
333 0.463555 0.826111 0.815000
334 0.456062 0.799444 0.760000
335 0.460139 0.817222 0.805000
336 0.452960 0.820000 0.800000
337 0.463033 0.827778 0.820000
338 0.454490 0.827222 0.815000
339 0.459802 0.824444 0.815000
340 0.454425 0.820000 0.800000
341 0.460273 0.825556 0.820000
342 0.455136 0.825556 0.810000
343 0.457831 0.769444 0.705000
344 0.457297 0.826667 0.820000
345 0.472986 0.830000 0.825000
346 0.480257 0.818333 0.785000
347 0.458296 0.803889 0.765000
348 0.476159 0.808333 0.775000
349 0.453934 0.825556 0.820000
350 0.471712 0.810556 0.770000
