1 1.037849 0.788235 0.666667
2 0.395015 0.941176 0.722222
3 0.224960 0.970588 0.666667
4 0.177108 0.805882 0.666667
5 0.154982 0.947059 0.833333
6 0.148441 0.964706 0.833333
7 0.140631 0.900000 0.722222
8 0.109033 0.958824 0.777778
9 0.086457 0.988235 0.722222
10 0.101266 0.882353 0.777778
11 0.160142 0.911765 0.833333
12 0.106892 0.935294 0.777778
13 0.089731 0.964706 0.777778
14 0.056364 0.947059 0.777778
15 0.078080 0.994118 0.777778
16 0.092317 0.994118 0.722222
17 0.071835 0.976471 0.777778
18 0.089641 0.970588 0.777778
19 0.067693 0.976471 0.777778
20 0.048409 1.000000 0.777778
21 0.125852 0.900000 0.833333
22 0.056486 0.982353 0.722222
23 0.032585 0.994118 0.777778
24 0.025558 1.000000 0.833333
25 0.027887 1.000000 0.833333
26 0.026126 1.000000 0.833333
27 0.029957 0.994118 0.777778
28 0.045075 0.958824 0.777778
29 0.040589 1.000000 0.777778
30 0.044864 0.929412 0.833333
31 0.058915 0.988235 0.833333
32 0.037273 0.976471 0.777778
33 0.026690 1.000000 0.777778
34 0.054373 0.994118 0.777778
35 0.049173 0.988235 0.833333
36 0.032545 0.988235 0.722222
37 0.020196 1.000000 0.833333
38 0.027901 0.994118 0.833333
39 0.052136 0.952941 0.777778
40 0.046637 0.970588 0.888889
41 0.040233 0.970588 0.722222
42 0.095081 0.970588 0.777778
43 0.044898 0.976471 0.722222
44 0.057284 0.982353 0.777778
45 0.025972 1.000000 0.777778
46 0.038119 1.000000 0.777778
47 0.023225 1.000000 0.777778
48 0.031161 1.000000 0.777778
49 0.018150 1.000000 0.777778
50 0.015132 1.000000 0.777778
51 0.012971 1.000000 0.777778
52 0.014221 1.000000 0.777778
53 0.015993 1.000000 0.777778
54 0.013166 1.000000 0.777778
55 0.016185 1.000000 0.777778
56 0.013084 1.000000 0.777778
57 0.012011 1.000000 0.777778
58 0.014214 1.000000 0.777778
59 0.017431 1.000000 0.777778
60 0.013698 1.000000 0.777778
61 0.014876 1.000000 0.833333
62 0.011687 1.000000 0.833333
63 0.011443 1.000000 0.777778
64 0.015862 1.000000 0.777778
65 0.017154 1.000000 0.777778
66 0.015699 1.000000 0.777778
67 0.012609 1.000000 0.777778
68 0.012633 1.000000 0.777778
69 0.015216 1.000000 0.777778
70 0.013578 1.000000 0.833333
