1 1.195181 0.857988 0.789474
2 0.317800 0.940828 0.842105
3 0.266659 0.934911 0.842105
4 0.247307 0.946746 0.894737
5 0.239414 0.911243 0.842105
6 0.209127 0.964497 0.894737
7 0.176333 0.982249 0.894737
8 0.111323 0.988166 0.894737
9 0.123907 0.875740 0.947368
10 0.190709 0.934911 0.789474
11 0.161952 0.899408 0.842105
12 0.093657 0.958580 0.894737
13 0.136518 0.911243 0.894737
14 0.064633 0.970414 0.842105
15 0.074168 0.970414 0.842105
16 0.058015 1.000000 0.789474
17 0.055952 0.982249 0.842105
18 0.063620 0.994083 0.894737
19 0.034991 1.000000 0.894737
20 0.037085 0.923077 0.736842
21 0.050574 0.994083 0.894737
22 0.048039 1.000000 0.842105
23 0.053063 0.964497 0.789474
24 0.111119 0.840237 0.736842
25 0.110234 0.668639 0.684211
26 0.043024 0.988166 0.842105
27 0.037191 0.970414 0.894737
28 0.030862 0.988166 0.842105
29 0.026932 1.000000 0.894737
30 0.027620 0.994083 0.894737
31 0.034679 0.928994 0.894737
32 0.034205 0.988166 0.789474
33 0.058008 0.781065 0.736842
34 0.098888 0.976331 0.842105
35 0.063668 1.000000 0.842105
36 0.024906 1.000000 0.842105
37 0.027608 1.000000 0.842105
38 0.029399 0.988166 0.842105
39 0.028186 0.988166 0.894737
40 0.026378 1.000000 0.842105
41 0.025475 0.994083 0.789474
42 0.021628 1.000000 0.894737
43 0.027273 1.000000 0.789474
44 0.025389 1.000000 0.842105
45 0.022552 1.000000 0.894737
46 0.022391 0.994083 0.894737
47 0.079502 0.946746 0.789474
48 0.048065 0.952663 0.842105
49 0.055164 0.934911 0.789474
50 0.030973 1.000000 0.789474
51 0.020361 1.000000 0.842105
52 0.019194 1.000000 0.842105
53 0.022412 1.000000 0.842105
54 0.018094 1.000000 0.842105
55 0.016493 1.000000 0.842105
56 0.020301 1.000000 0.842105
57 0.019131 1.000000 0.842105
58 0.014770 1.000000 0.842105
59 0.017974 1.000000 0.842105
60 0.015273 1.000000 0.842105
61 0.017058 1.000000 0.842105
62 0.016234 1.000000 0.842105
63 0.015735 1.000000 0.842105
64 0.015415 1.000000 0.842105
65 0.015916 1.000000 0.842105
66 0.013946 1.000000 0.842105
67 0.018032 1.000000 0.789474
68 0.017411 1.000000 0.894737
69 0.016706 1.000000 0.842105
70 0.020205 1.000000 0.789474
