1 0.923936 0.917160 0.947368
2 0.424486 0.852071 0.894737
3 0.324437 0.952663 0.947368
4 0.250216 0.952663 0.947368
5 0.236044 0.934911 0.894737
6 0.147510 0.911243 0.894737
7 0.140439 0.952663 0.842105
8 0.116219 0.970414 0.947368
9 0.096827 0.976331 0.894737
10 0.119148 0.905325 0.894737
11 0.075030 0.976331 0.894737
12 0.082156 0.934911 0.894737
13 0.187660 0.982249 0.894737
14 0.078330 0.982249 0.894737
15 0.052740 0.994083 0.894737
16 0.060175 0.964497 0.894737
17 0.049099 0.934911 0.842105
18 0.062602 0.988166 0.894737
19 0.029406 1.000000 0.894737
20 0.039377 0.917160 0.894737
21 0.066688 0.994083 0.894737
22 0.054553 0.982249 0.894737
23 0.039565 1.000000 0.894737
24 0.088838 0.905325 0.842105
25 0.101743 0.917160 0.894737
26 0.047563 0.988166 0.894737
27 0.031254 0.994083 0.842105
28 0.031678 0.970414 0.842105
29 0.037622 0.988166 0.894737
30 0.027229 1.000000 0.894737
31 0.026075 0.964497 0.894737
32 0.021454 0.988166 0.842105
33 0.028795 1.000000 0.894737
34 0.044023 0.917160 0.947368
35 0.043029 0.958580 0.894737
36 0.063567 0.952663 0.894737
37 0.135292 0.668639 0.578947
38 0.091400 0.928994 0.947368
39 0.037488 0.952663 0.842105
40 0.023847 1.000000 0.894737
41 0.022269 1.000000 0.842105
42 0.019143 1.000000 0.842105
43 0.018429 1.000000 0.894737
44 0.022724 1.000000 0.842105
45 0.019633 1.000000 0.894737
46 0.018562 1.000000 0.894737
47 0.026129 1.000000 0.894737
48 0.045885 0.988166 0.894737
49 0.055856 0.958580 0.894737
50 0.035941 1.000000 0.894737
51 0.019670 1.000000 0.894737
52 0.016135 0.988166 0.894737
53 0.017748 1.000000 0.894737
54 0.014241 1.000000 0.894737
55 0.016943 1.000000 0.842105
56 0.017110 1.000000 0.842105
57 0.015718 1.000000 0.842105
58 0.017425 1.000000 0.894737
59 0.013571 1.000000 0.842105
60 0.015754 1.000000 0.842105
61 0.016322 1.000000 0.842105
62 0.015888 1.000000 0.894737
63 0.016754 1.000000 0.894737
64 0.014539 1.000000 0.894737
65 0.016101 1.000000 0.894737
66 0.014843 1.000000 0.842105
67 0.018564 1.000000 0.842105
68 0.012560 1.000000 0.842105
69 0.018968 1.000000 0.842105
70 0.020055 1.000000 0.842105
