1 2.577546 0.740000 0.700000
2 0.675854 0.782222 0.750000
3 0.629727 0.776667 0.700000
4 0.632786 0.785556 0.710000
5 0.778630 0.787778 0.710000
6 0.471556 0.828889 0.740000
7 0.496629 0.810000 0.730000
8 0.410264 0.838889 0.700000
9 0.399178 0.842222 0.750000
10 0.376690 0.836667 0.710000
11 0.322673 0.861111 0.730000
12 0.388629 0.863333 0.770000
13 0.402250 0.835556 0.720000
14 0.340080 0.861111 0.730000
15 0.312685 0.852222 0.760000
16 0.309955 0.854444 0.760000
17 0.295401 0.878889 0.750000
18 0.280319 0.893333 0.770000
19 0.277859 0.875556 0.720000
20 0.291112 0.872222 0.770000
21 0.279944 0.877778 0.740000
22 0.290608 0.883333 0.760000
23 0.272847 0.884444 0.760000
24 0.255359 0.884444 0.770000
25 0.257536 0.883333 0.730000
26 0.260685 0.878889 0.780000
27 0.256710 0.866667 0.730000
28 0.268655 0.882222 0.760000
29 0.262781 0.883333 0.730000
30 0.239781 0.883333 0.690000
31 0.236058 0.898889 0.780000
32 0.240309 0.896667 0.770000
33 0.240980 0.895556 0.780000
34 0.252183 0.895556 0.730000
35 0.248587 0.842222 0.680000
36 0.299903 0.891111 0.780000
37 0.300130 0.891111 0.810000
38 0.233145 0.892222 0.740000
39 0.229786 0.891111 0.750000
40 0.262678 0.878889 0.740000
41 0.242418 0.891111 0.780000
42 0.263652 0.890000 0.760000
43 0.235952 0.878889 0.750000
44 0.228475 0.893333 0.770000
45 0.216206 0.890000 0.770000
46 0.259762 0.882222 0.750000
47 0.254604 0.896667 0.790000
48 0.223793 0.884444 0.740000
49 0.228611 0.893333 0.750000
50 0.234735 0.897778 0.760000
51 0.203245 0.896667 0.730000
52 0.205099 0.900000 0.760000
53 0.201358 0.902222 0.750000
54 0.180204 0.897778 0.770000
55 0.192293 0.900000 0.730000
56 0.198793 0.906667 0.760000
57 0.197878 0.905556 0.770000
58 0.186213 0.900000 0.770000
59 0.198916 0.898889 0.790000
60 0.197341 0.894444 0.760000
61 0.195282 0.902222 0.770000
62 0.218209 0.901111 0.770000
63 0.217423 0.901111 0.740000
64 0.202852 0.902222 0.760000
65 0.190921 0.900000 0.760000
66 0.199304 0.901111 0.740000
67 0.204377 0.898889 0.770000
68 0.207202 0.897778 0.780000
69 0.216066 0.902222 0.730000
70 0.197669 0.904444 0.750000
71 0.189410 0.904444 0.750000
72 0.186792 0.903333 0.740000
73 0.193089 0.898889 0.730000
74 0.187953 0.904444 0.770000
75 0.198479 0.898889 0.690000
76 0.205939 0.898889 0.750000
77 0.212167 0.904444 0.790000
78 0.206091 0.904444 0.790000
79 0.199206 0.900000 0.740000
80 0.188994 0.908889 0.780000
81 0.208333 0.902222 0.750000
82 0.202660 0.901111 0.800000
83 0.200390 0.906667 0.820000
84 0.197860 0.900000 0.830000
85 0.200797 0.904444 0.750000
86 0.177827 0.906667 0.780000
87 0.196286 0.902222 0.780000
88 0.194027 0.900000 0.760000
89 0.199138 0.901111 0.730000
90 0.205159 0.896667 0.740000
91 0.201365 0.902222 0.730000
92 0.191242 0.903333 0.700000
93 0.187220 0.902222 0.740000
94 0.187452 0.904444 0.780000
95 0.186125 0.904444 0.820000
96 0.187923 0.903333 0.800000
97 0.200422 0.892222 0.750000
98 0.187629 0.901111 0.740000
99 0.204935 0.901111 0.750000
100 0.189655 0.905556 0.810000
101 0.177591 0.907778 0.770000
102 0.186181 0.906667 0.790000
103 0.188892 0.906667 0.730000
104 0.178636 0.908889 0.800000
105 0.177979 0.908889 0.770000
106 0.181469 0.905556 0.780000
107 0.170006 0.907778 0.780000
108 0.177984 0.906667 0.790000
109 0.180158 0.906667 0.760000
110 0.172764 0.905556 0.760000
111 0.174432 0.904444 0.760000
112 0.179277 0.905556 0.750000
113 0.178692 0.904444 0.770000
114 0.187839 0.901111 0.790000
115 0.183364 0.903333 0.750000
116 0.184582 0.906667 0.790000
117 0.173480 0.908889 0.790000
118 0.170625 0.905556 0.750000
119 0.187628 0.905556 0.730000
120 0.182055 0.907778 0.750000
121 0.179816 0.906667 0.770000
122 0.171514 0.905556 0.770000
123 0.185640 0.903333 0.760000
124 0.177002 0.904444 0.780000
125 0.176022 0.907778 0.760000
126 0.177234 0.907778 0.780000
127 0.178723 0.904444 0.740000
128 0.181309 0.907778 0.780000
129 0.182714 0.900000 0.730000
130 0.205159 0.907778 0.740000
131 0.176521 0.906667 0.750000
132 0.177263 0.906667 0.750000
133 0.180388 0.905556 0.730000
134 0.171507 0.904444 0.790000
135 0.171460 0.905556 0.760000
136 0.180745 0.905556 0.760000
137 0.171654 0.908889 0.780000
138 0.171946 0.904444 0.790000
139 0.177106 0.906667 0.770000
140 0.181829 0.906667 0.760000
141 0.182389 0.906667 0.780000
142 0.167455 0.907778 0.760000
143 0.171926 0.908889 0.780000
144 0.192303 0.906667 0.770000
145 0.194100 0.901111 0.740000
146 0.186551 0.904444 0.800000
147 0.190786 0.903333 0.810000
148 0.184830 0.902222 0.810000
149 0.172309 0.903333 0.790000
150 0.180143 0.904444 0.820000
151 0.171106 0.906667 0.770000
152 0.175253 0.906667 0.780000
153 0.177262 0.906667 0.750000
154 0.171845 0.905556 0.780000
155 0.167418 0.905556 0.770000
156 0.173773 0.906667 0.790000
157 0.171433 0.906667 0.780000
158 0.173108 0.905556 0.790000
159 0.176887 0.905556 0.810000
160 0.176843 0.907778 0.800000
161 0.179462 0.907778 0.800000
162 0.177281 0.908889 0.790000
163 0.177340 0.906667 0.800000
164 0.176715 0.906667 0.800000
165 0.174349 0.910000 0.800000
166 0.175395 0.908889 0.810000
167 0.177054 0.904444 0.810000
168 0.173627 0.907778 0.790000
169 0.170680 0.907778 0.820000
170 0.176466 0.905556 0.790000
171 0.174013 0.906667 0.820000
172 0.163981 0.904444 0.790000
173 0.176030 0.906667 0.790000
174 0.176152 0.908889 0.820000
175 0.177719 0.901111 0.780000
176 0.172428 0.907778 0.810000
177 0.161971 0.907778 0.790000
178 0.167603 0.907778 0.810000
179 0.173314 0.907778 0.800000
180 0.167371 0.907778 0.800000
181 0.159303 0.906667 0.800000
182 0.173640 0.906667 0.790000
183 0.172922 0.908889 0.780000
184 0.176835 0.907778 0.830000
185 0.169555 0.910000 0.800000
186 0.169599 0.907778 0.790000
187 0.174623 0.907778 0.790000
188 0.168776 0.910000 0.800000
189 0.172697 0.910000 0.810000
190 0.166768 0.906667 0.760000
191 0.165004 0.911111 0.760000
192 0.160858 0.904444 0.780000
193 0.173823 0.908889 0.780000
194 0.168550 0.907778 0.770000
195 0.168571 0.906667 0.800000
196 0.172576 0.907778 0.790000
197 0.171000 0.907778 0.780000
198 0.162898 0.908889 0.800000
199 0.169870 0.906667 0.780000
200 0.164841 0.911111 0.790000
201 0.169885 0.907778 0.770000
202 0.175524 0.905556 0.780000
203 0.166217 0.907778 0.800000
204 0.166224 0.908889 0.790000
205 0.166956 0.907778 0.790000
206 0.168067 0.906667 0.790000
207 0.163866 0.908889 0.790000
208 0.172463 0.908889 0.780000
209 0.170710 0.907778 0.770000
210 0.163162 0.910000 0.790000
211 0.165173 0.911111 0.770000
212 0.161322 0.908889 0.790000
213 0.164969 0.906667 0.780000
214 0.166252 0.908889 0.790000
215 0.165692 0.907778 0.790000
216 0.163208 0.907778 0.780000
217 0.165403 0.907778 0.790000
218 0.168554 0.907778 0.790000
219 0.169198 0.908889 0.780000
220 0.162591 0.906667 0.790000
221 0.164512 0.907778 0.790000
222 0.163241 0.907778 0.800000
223 0.169801 0.906667 0.790000
224 0.165504 0.907778 0.780000
225 0.168403 0.908889 0.780000
226 0.169467 0.906667 0.780000
227 0.165704 0.907778 0.770000
228 0.169406 0.906667 0.770000
229 0.159252 0.910000 0.760000
230 0.172679 0.911111 0.740000
231 0.165007 0.910000 0.760000
232 0.164603 0.907778 0.760000
233 0.157920 0.907778 0.750000
234 0.164799 0.907778 0.760000
235 0.161973 0.908889 0.750000
236 0.165595 0.910000 0.740000
237 0.174154 0.911111 0.760000
238 0.160318 0.907778 0.780000
239 0.170426 0.907778 0.760000
240 0.163320 0.911111 0.740000
241 0.169430 0.906667 0.740000
242 0.168119 0.907778 0.750000
243 0.165270 0.908889 0.760000
244 0.162562 0.908889 0.760000
245 0.167038 0.906667 0.770000
246 0.168436 0.907778 0.760000
247 0.166291 0.908889 0.750000
248 0.169169 0.908889 0.790000
249 0.162427 0.907778 0.790000
250 0.173221 0.907778 0.780000
251 0.166725 0.908889 0.770000
252 0.166760 0.908889 0.770000
253 0.161045 0.906667 0.770000
254 0.158784 0.908889 0.790000
255 0.160346 0.906667 0.790000
256 0.163118 0.908889 0.780000
257 0.160480 0.906667 0.780000
258 0.166314 0.908889 0.790000
259 0.157145 0.908889 0.790000
260 0.161470 0.907778 0.770000
261 0.161862 0.908889 0.760000
262 0.168223 0.908889 0.780000
263 0.153589 0.908889 0.770000
264 0.165036 0.908889 0.780000
265 0.160993 0.907778 0.780000
266 0.163601 0.907778 0.790000
267 0.165883 0.908889 0.770000
268 0.169222 0.907778 0.760000
269 0.157671 0.907778 0.780000
270 0.164537 0.908889 0.790000
271 0.169633 0.910000 0.790000
272 0.162928 0.908889 0.780000
273 0.158282 0.907778 0.790000
274 0.165528 0.907778 0.790000
275 0.163074 0.907778 0.790000
276 0.162654 0.907778 0.790000
277 0.170556 0.908889 0.770000
278 0.168179 0.908889 0.770000
279 0.174532 0.910000 0.770000
280 0.160332 0.911111 0.770000
281 0.164912 0.911111 0.770000
282 0.162181 0.908889 0.770000
283 0.166970 0.911111 0.770000
284 0.172157 0.908889 0.740000
285 0.173129 0.908889 0.750000
286 0.167400 0.908889 0.740000
287 0.170525 0.908889 0.780000
288 0.161061 0.907778 0.760000
289 0.163923 0.908889 0.730000
290 0.165294 0.908889 0.770000
291 0.158848 0.907778 0.770000
292 0.160937 0.907778 0.750000
293 0.154681 0.911111 0.760000
294 0.166379 0.907778 0.780000
295 0.158375 0.907778 0.770000
296 0.167791 0.908889 0.740000
297 0.160094 0.907778 0.750000
298 0.154241 0.908889 0.780000
299 0.167392 0.905556 0.750000
300 0.164278 0.907778 0.790000
301 0.163640 0.908889 0.780000
302 0.171027 0.908889 0.790000
303 0.165127 0.908889 0.760000
304 0.157800 0.908889 0.760000
305 0.156892 0.908889 0.760000
306 0.152764 0.906667 0.760000
307 0.158253 0.908889 0.770000
308 0.158771 0.908889 0.790000
309 0.162909 0.907778 0.780000
310 0.166916 0.907778 0.790000
311 0.163291 0.907778 0.760000
312 0.163418 0.907778 0.770000
313 0.164906 0.908889 0.760000
314 0.158010 0.907778 0.740000
315 0.165376 0.907778 0.750000
316 0.166161 0.906667 0.760000
317 0.162111 0.907778 0.760000
318 0.159588 0.906667 0.760000
319 0.161241 0.908889 0.760000
320 0.159179 0.908889 0.760000
321 0.167099 0.908889 0.780000
322 0.160312 0.908889 0.770000
323 0.162230 0.907778 0.780000
324 0.159216 0.907778 0.770000
325 0.162453 0.907778 0.780000
326 0.158803 0.908889 0.760000
327 0.160884 0.907778 0.750000
328 0.159012 0.907778 0.780000
329 0.165492 0.907778 0.780000
330 0.160011 0.907778 0.760000
331 0.165231 0.908889 0.760000
332 0.159755 0.906667 0.750000
333 0.158517 0.906667 0.760000
334 0.162121 0.907778 0.750000
335 0.161154 0.908889 0.750000
336 0.163087 0.908889 0.770000
337 0.161275 0.907778 0.740000
338 0.167579 0.908889 0.760000
339 0.158731 0.907778 0.750000
340 0.166051 0.907778 0.780000
341 0.169224 0.907778 0.770000
342 0.164331 0.907778 0.780000
343 0.166975 0.907778 0.770000
344 0.164108 0.907778 0.760000
345 0.165157 0.908889 0.760000
346 0.164495 0.907778 0.790000
347 0.163374 0.908889 0.750000
348 0.162455 0.908889 0.770000
349 0.167849 0.907778 0.780000
350 0.165773 0.908889 0.750000
