1 1.706521 0.710059 0.631579
2 0.574342 0.834320 0.631579
3 0.550336 0.881657 0.631579
4 0.556743 0.834320 0.578947
5 0.487317 0.852071 0.631579
6 0.464691 0.869822 0.578947
7 0.401707 0.887574 0.631579
8 0.392622 0.869822 0.631579
9 0.354541 0.934911 0.631579
10 0.476233 0.911243 0.736842
11 0.302122 0.893491 0.736842
12 0.279428 0.911243 0.684211
13 0.280530 0.911243 0.631579
14 0.271477 0.899408 0.684211
15 0.287086 0.846154 0.473684
16 0.257138 0.887574 0.578947
17 0.327246 0.863905 0.631579
18 0.271108 0.573964 0.315789
19 0.317552 0.934911 0.631579
20 0.235718 0.786982 0.473684
21 0.271731 0.923077 0.684211
22 0.237676 0.928994 0.736842
23 0.246030 0.917160 0.684211
24 0.283331 0.899408 0.578947
25 0.236568 0.923077 0.684211
26 0.229039 0.899408 0.578947
27 0.272142 0.911243 0.631579
28 0.237378 0.946746 0.789474
29 0.235982 0.917160 0.684211
30 0.221243 0.928994 0.631579
31 0.223010 0.940828 0.631579
32 0.207697 0.928994 0.684211
33 0.215113 0.917160 0.631579
34 0.249901 0.928994 0.736842
35 0.233706 0.923077 0.631579
36 0.206675 0.958580 0.684211
37 0.191920 0.934911 0.684211
38 0.208134 0.923077 0.631579
39 0.212654 0.958580 0.684211
40 0.225886 0.946746 0.736842
41 0.234455 0.928994 0.631579
42 0.205653 0.923077 0.736842
43 0.182451 0.940828 0.684211
44 0.204597 0.946746 0.631579
45 0.179033 0.923077 0.631579
46 0.203289 0.928994 0.684211
47 0.200559 0.923077 0.736842
48 0.198377 0.917160 0.578947
49 0.195529 0.840237 0.684211
50 0.189318 0.917160 0.631579
51 0.172557 0.946746 0.684211
52 0.175468 0.928994 0.631579
53 0.176619 0.958580 0.789474
54 0.176537 0.952663 0.736842
55 0.175735 0.928994 0.631579
56 0.171489 0.928994 0.684211
57 0.165171 0.923077 0.631579
58 0.170995 0.958580 0.736842
59 0.175497 0.934911 0.631579
60 0.175273 0.934911 0.631579
61 0.173189 0.923077 0.631579
62 0.175060 0.928994 0.578947
63 0.165116 0.917160 0.578947
64 0.167627 0.952663 0.736842
65 0.174499 0.923077 0.631579
66 0.175218 0.923077 0.631579
67 0.165579 0.964497 0.736842
68 0.167695 0.928994 0.631579
69 0.165626 0.923077 0.631579
70 0.168850 0.946746 0.736842
71 0.165662 0.923077 0.631579
72 0.180152 0.952663 0.736842
73 0.173556 0.923077 0.631579
74 0.167902 0.928994 0.684211
75 0.166660 0.928994 0.684211
76 0.166982 0.934911 0.631579
77 0.164005 0.928994 0.684211
78 0.161128 0.917160 0.684211
79 0.164945 0.863905 0.526316
80 0.176172 0.923077 0.684211
81 0.177449 0.875740 0.631579
82 0.182071 0.923077 0.631579
83 0.170959 0.934911 0.631579
84 0.169855 0.928994 0.631579
85 0.167933 0.934911 0.684211
86 0.163191 0.946746 0.631579
87 0.167943 0.946746 0.736842
88 0.168808 0.952663 0.736842
89 0.173817 0.923077 0.684211
90 0.165473 0.928994 0.631579
91 0.162210 0.934911 0.578947
92 0.179510 0.934911 0.631579
93 0.162268 0.928994 0.578947
94 0.162567 0.952663 0.736842
95 0.163363 0.934911 0.684211
96 0.167240 0.934911 0.578947
97 0.164297 0.934911 0.631579
98 0.163271 0.928994 0.684211
99 0.170970 0.934911 0.631579
100 0.161404 0.923077 0.631579
101 0.153255 0.964497 0.684211
102 0.159157 0.940828 0.631579
103 0.158320 0.928994 0.578947
104 0.164075 0.970414 0.736842
105 0.160107 0.958580 0.736842
106 0.172137 0.928994 0.631579
107 0.167165 0.934911 0.684211
108 0.156330 0.934911 0.684211
109 0.163389 0.958580 0.736842
110 0.161325 0.928994 0.578947
111 0.155100 0.928994 0.631579
112 0.149455 0.940828 0.684211
113 0.157523 0.934911 0.631579
114 0.161255 0.940828 0.631579
115 0.164719 0.940828 0.684211
116 0.163422 0.934911 0.526316
117 0.155460 0.964497 0.684211
118 0.161397 0.946746 0.578947
119 0.163272 0.970414 0.736842
120 0.164971 0.940828 0.631579
121 0.168365 0.934911 0.578947
122 0.164783 0.946746 0.578947
123 0.159749 0.934911 0.578947
124 0.151841 0.958580 0.631579
125 0.157210 0.940828 0.631579
126 0.152845 0.940828 0.631579
127 0.157227 0.928994 0.684211
128 0.158646 0.923077 0.578947
129 0.163836 0.940828 0.526316
130 0.155060 0.905325 0.578947
131 0.159877 0.934911 0.631579
132 0.151693 0.958580 0.684211
133 0.160102 0.928994 0.578947
134 0.160569 0.970414 0.736842
135 0.167792 0.923077 0.631579
136 0.165924 0.946746 0.631579
137 0.163062 0.952663 0.684211
138 0.157830 0.905325 0.631579
139 0.159240 0.840237 0.368421
140 0.153630 0.934911 0.631579
141 0.172557 0.804734 0.421053
142 0.160913 0.923077 0.631579
143 0.162594 0.934911 0.684211
144 0.160340 0.940828 0.631579
145 0.159662 0.952663 0.684211
146 0.166812 0.970414 0.684211
147 0.158888 0.934911 0.578947
148 0.151806 0.923077 0.578947
149 0.157179 0.928994 0.578947
150 0.157922 0.940828 0.631579
151 0.149536 0.928994 0.578947
152 0.152532 0.940828 0.631579
153 0.154660 0.934911 0.578947
154 0.158029 0.946746 0.684211
155 0.157887 0.940828 0.631579
156 0.154266 0.940828 0.631579
157 0.152985 0.940828 0.631579
158 0.155912 0.952663 0.631579
159 0.157050 0.958580 0.684211
160 0.152485 0.940828 0.578947
161 0.149034 0.934911 0.578947
162 0.156449 0.934911 0.631579
163 0.161096 0.940828 0.578947
164 0.149611 0.946746 0.578947
165 0.153529 0.970414 0.736842
166 0.150781 0.958580 0.684211
167 0.150881 0.934911 0.578947
168 0.150660 0.940828 0.631579
169 0.148375 0.934911 0.578947
170 0.146882 0.940828 0.578947
171 0.156348 0.964497 0.631579
172 0.158050 0.958580 0.684211
173 0.156231 0.934911 0.578947
174 0.156615 0.940828 0.631579
175 0.161469 0.958580 0.631579
176 0.158364 0.934911 0.631579
177 0.152556 0.928994 0.631579
178 0.159165 0.928994 0.578947
179 0.150310 0.934911 0.578947
180 0.153907 0.940828 0.578947
181 0.158537 0.958580 0.684211
182 0.156697 0.946746 0.631579
183 0.155980 0.934911 0.578947
184 0.151908 0.964497 0.736842
185 0.148365 0.934911 0.631579
186 0.145174 0.952663 0.578947
187 0.154168 0.934911 0.578947
188 0.155523 0.934911 0.578947
189 0.153503 0.940828 0.631579
190 0.147264 0.934911 0.631579
191 0.148381 0.940828 0.578947
192 0.157767 0.928994 0.684211
193 0.159182 0.940828 0.631579
194 0.158320 0.940828 0.631579
195 0.153563 0.928994 0.631579
196 0.150201 0.940828 0.578947
197 0.152736 0.952663 0.684211
198 0.146079 0.940828 0.578947
199 0.158504 0.940828 0.631579
200 0.148034 0.940828 0.631579
201 0.157406 0.940828 0.578947
202 0.154387 0.934911 0.631579
203 0.146945 0.940828 0.684211
204 0.156542 0.940828 0.631579
205 0.151140 0.940828 0.578947
206 0.154003 0.940828 0.631579
207 0.152938 0.934911 0.578947
208 0.150373 0.940828 0.578947
209 0.149178 0.934911 0.631579
210 0.148166 0.940828 0.578947
211 0.152119 0.940828 0.631579
212 0.153013 0.940828 0.631579
213 0.149981 0.934911 0.578947
214 0.149535 0.940828 0.631579
215 0.151194 0.970414 0.631579
216 0.151294 0.934911 0.578947
217 0.144856 0.940828 0.631579
218 0.147624 0.934911 0.631579
219 0.154606 0.928994 0.526316
220 0.147480 0.964497 0.684211
221 0.150638 0.940828 0.631579
222 0.145825 0.940828 0.578947
223 0.154258 0.940828 0.578947
224 0.150039 0.934911 0.631579
225 0.149401 0.958580 0.684211
226 0.150123 0.958580 0.684211
227 0.148094 0.940828 0.578947
228 0.156313 0.940828 0.578947
229 0.151925 0.940828 0.578947
230 0.151445 0.940828 0.578947
231 0.153663 0.934911 0.578947
232 0.147304 0.940828 0.631579
233 0.153703 0.958580 0.684211
234 0.155112 0.934911 0.631579
235 0.147280 0.934911 0.631579
236 0.144777 0.940828 0.631579
237 0.153177 0.940828 0.578947
238 0.148300 0.940828 0.578947
239 0.149765 0.940828 0.578947
240 0.153782 0.940828 0.631579
241 0.143140 0.928994 0.526316
242 0.146440 0.946746 0.631579
243 0.150751 0.934911 0.578947
244 0.152593 0.934911 0.578947
245 0.148020 0.946746 0.684211
246 0.149758 0.940828 0.631579
247 0.153776 0.958580 0.631579
248 0.153389 0.940828 0.578947
249 0.148612 0.970414 0.736842
250 0.151555 0.940828 0.631579
251 0.143825 0.940828 0.631579
252 0.147438 0.934911 0.631579
253 0.141816 0.923077 0.631579
254 0.145358 0.952663 0.684211
255 0.152513 0.940828 0.631579
256 0.150231 0.940828 0.578947
257 0.142632 0.940828 0.631579
258 0.149734 0.934911 0.631579
259 0.149272 0.940828 0.631579
260 0.141895 0.958580 0.684211
261 0.151729 0.946746 0.631579
262 0.151238 0.952663 0.684211
263 0.148217 0.940828 0.631579
264 0.150342 0.934911 0.578947
265 0.146139 0.946746 0.631579
266 0.146523 0.928994 0.578947
267 0.143284 0.940828 0.578947
268 0.152171 0.934911 0.578947
269 0.147685 0.940828 0.578947
270 0.151853 0.940828 0.631579
271 0.149757 0.940828 0.578947
272 0.146614 0.940828 0.578947
273 0.148929 0.928994 0.578947
274 0.148717 0.940828 0.631579
275 0.147791 0.940828 0.631579
276 0.142957 0.940828 0.631579
277 0.153291 0.940828 0.578947
278 0.154499 0.940828 0.631579
279 0.142616 0.940828 0.578947
280 0.148241 0.940828 0.631579
281 0.145375 0.946746 0.631579
282 0.148186 0.940828 0.631579
283 0.143809 0.940828 0.631579
284 0.144128 0.940828 0.578947
285 0.148741 0.940828 0.578947
286 0.149213 0.940828 0.631579
287 0.148407 0.940828 0.578947
288 0.148945 0.940828 0.578947
289 0.149136 0.940828 0.631579
290 0.147912 0.940828 0.631579
291 0.144329 0.934911 0.631579
292 0.144334 0.934911 0.631579
293 0.150672 0.940828 0.631579
294 0.149501 0.940828 0.631579
295 0.144820 0.934911 0.631579
296 0.150982 0.940828 0.631579
297 0.142453 0.946746 0.631579
298 0.147971 0.940828 0.578947
299 0.144403 0.940828 0.578947
300 0.148981 0.946746 0.631579
301 0.143763 0.940828 0.578947
302 0.151166 0.940828 0.578947
303 0.147374 0.940828 0.578947
304 0.143336 0.940828 0.578947
305 0.145299 0.946746 0.578947
306 0.141890 0.940828 0.578947
307 0.145341 0.946746 0.631579
308 0.156201 0.940828 0.631579
309 0.146168 0.940828 0.578947
310 0.151482 0.940828 0.578947
311 0.144370 0.940828 0.578947
312 0.148954 0.940828 0.578947
313 0.146218 0.940828 0.631579
314 0.145216 0.940828 0.578947
315 0.143021 0.940828 0.578947
316 0.144131 0.940828 0.631579
317 0.144722 0.940828 0.631579
318 0.142228 0.940828 0.578947
319 0.144654 0.934911 0.578947
320 0.144777 0.940828 0.578947
321 0.149681 0.940828 0.578947
322 0.144420 0.940828 0.578947
323 0.143426 0.934911 0.631579
324 0.147218 0.940828 0.631579
325 0.145307 0.940828 0.631579
326 0.148451 0.940828 0.631579
327 0.145147 0.940828 0.631579
328 0.145860 0.940828 0.631579
329 0.143056 0.940828 0.631579
330 0.143915 0.934911 0.631579
331 0.149113 0.940828 0.631579
332 0.147248 0.940828 0.631579
333 0.142289 0.940828 0.631579
334 0.145345 0.940828 0.631579
335 0.146357 0.940828 0.631579
336 0.142498 0.940828 0.631579
337 0.141569 0.940828 0.631579
338 0.149501 0.940828 0.631579
339 0.142627 0.940828 0.631579
340 0.142827 0.940828 0.578947
341 0.147061 0.940828 0.578947
342 0.139835 0.940828 0.578947
343 0.142143 0.940828 0.578947
344 0.152810 0.946746 0.578947
345 0.150907 0.940828 0.631579
346 0.145961 0.940828 0.631579
347 0.140150 0.940828 0.631579
348 0.150554 0.940828 0.631579
349 0.150842 0.940828 0.631579
350 0.149549 0.940828 0.631579
