1 4.256885 0.689320 0.571429
2 1.854023 0.728155 0.542857
3 1.092699 0.721683 0.514286
4 1.479850 0.624595 0.542857
5 0.978770 0.786408 0.485714
6 0.765078 0.699029 0.485714
7 0.983030 0.792880 0.542857
8 0.665803 0.783172 0.600000
9 0.698358 0.828479 0.600000
10 0.653276 0.802589 0.571429
11 0.567942 0.815534 0.685714
12 0.580812 0.828479 0.542857
13 0.718932 0.799353 0.542857
14 0.454736 0.854369 0.628571
15 0.369121 0.873786 0.542857
16 0.390452 0.731392 0.542857
17 0.500740 0.799353 0.571429
18 0.421771 0.883495 0.542857
19 0.350159 0.854369 0.542857
20 0.336152 0.886731 0.571429
21 0.317433 0.831715 0.685714
22 0.317266 0.886731 0.485714
23 0.275868 0.919094 0.571429
24 0.257473 0.902913 0.600000
25 0.345648 0.857605 0.542857
26 0.291500 0.889968 0.571429
27 0.395335 0.796117 0.542857
28 0.525258 0.834951 0.628571
29 0.371158 0.886731 0.485714
30 0.278892 0.899676 0.600000
31 0.259984 0.909385 0.600000
32 0.278379 0.925566 0.628571
33 0.261780 0.902913 0.571429
34 0.232523 0.935275 0.571429
35 0.235014 0.909385 0.571429
36 0.243726 0.873786 0.542857
37 0.277283 0.932039 0.571429
38 0.209060 0.925566 0.600000
39 0.218496 0.880259 0.628571
40 0.264340 0.922330 0.571429
41 0.230737 0.948220 0.542857
42 0.247048 0.925566 0.542857
43 0.213839 0.941748 0.600000
44 0.242313 0.870550 0.628571
45 0.291519 0.886731 0.600000
46 0.225427 0.860841 0.571429
47 0.245027 0.877023 0.514286
48 0.247037 0.928803 0.571429
49 0.211183 0.928803 0.571429
50 0.176222 0.951456 0.514286
51 0.161285 0.954693 0.571429
52 0.155268 0.951456 0.571429
53 0.163707 0.948220 0.485714
54 0.157870 0.957929 0.514286
55 0.160566 0.948220 0.571429
56 0.158360 0.957929 0.628571
57 0.155099 0.961165 0.485714
58 0.152492 0.954693 0.514286
59 0.164044 0.948220 0.514286
60 0.150501 0.957929 0.628571
61 0.151046 0.957929 0.571429
62 0.161486 0.948220 0.542857
63 0.223642 0.867314 0.628571
64 0.217978 0.948220 0.657143
65 0.167640 0.951456 0.628571
66 0.169341 0.948220 0.542857
67 0.169250 0.957929 0.628571
68 0.158413 0.944984 0.628571
69 0.144190 0.951456 0.571429
70 0.146159 0.961165 0.600000
71 0.148530 0.951456 0.600000
72 0.166369 0.941748 0.542857
73 0.162330 0.948220 0.514286
74 0.147338 0.951456 0.571429
75 0.155385 0.951456 0.628571
76 0.156030 0.954693 0.542857
77 0.147099 0.957929 0.571429
78 0.174048 0.886731 0.571429
79 0.392389 0.883495 0.600000
80 0.226642 0.944984 0.600000
81 0.195543 0.941748 0.600000
82 0.163527 0.961165 0.571429
83 0.154038 0.957929 0.542857
84 0.156314 0.941748 0.657143
85 0.153701 0.964401 0.571429
86 0.145843 0.957929 0.600000
87 0.140206 0.957929 0.542857
88 0.134838 0.957929 0.600000
89 0.143247 0.961165 0.542857
90 0.151165 0.957929 0.571429
91 0.139981 0.961165 0.628571
92 0.150414 0.954693 0.628571
93 0.154043 0.957929 0.571429
94 0.141235 0.964401 0.628571
95 0.143012 0.961165 0.600000
96 0.145485 0.954693 0.628571
97 0.158795 0.964401 0.542857
98 0.140346 0.961165 0.571429
99 0.136109 0.951456 0.571429
100 0.127374 0.967638 0.571429
101 0.113376 0.964401 0.542857
102 0.117182 0.961165 0.514286
103 0.119495 0.961165 0.600000
104 0.120302 0.964401 0.571429
105 0.117250 0.957929 0.628571
106 0.121976 0.967638 0.542857
107 0.114536 0.961165 0.571429
108 0.119429 0.961165 0.600000
109 0.120050 0.970874 0.628571
110 0.116263 0.964401 0.542857
111 0.113810 0.961165 0.571429
112 0.120489 0.961165 0.571429
113 0.117485 0.970874 0.628571
114 0.123024 0.970874 0.600000
115 0.105763 0.961165 0.600000
116 0.115017 0.964401 0.628571
117 0.107957 0.970874 0.600000
118 0.122848 0.970874 0.600000
119 0.116730 0.964401 0.628571
120 0.170446 0.944984 0.600000
121 0.135118 0.961165 0.628571
122 0.118283 0.961165 0.628571
123 0.115785 0.970874 0.628571
124 0.130169 0.957929 0.571429
125 0.137995 0.964401 0.628571
126 0.123126 0.967638 0.657143
127 0.123391 0.964401 0.657143
128 0.124942 0.961165 0.628571
129 0.151911 0.944984 0.571429
130 0.164149 0.951456 0.628571
131 0.137221 0.967638 0.628571
132 0.120991 0.954693 0.600000
133 0.128921 0.964401 0.600000
134 0.117527 0.967638 0.600000
135 0.116026 0.970874 0.571429
136 0.112148 0.967638 0.571429
137 0.119827 0.951456 0.571429
138 0.121591 0.964401 0.600000
139 0.123688 0.964401 0.628571
140 0.115731 0.961165 0.628571
141 0.114562 0.970874 0.657143
142 0.115460 0.967638 0.628571
143 0.119688 0.964401 0.600000
144 0.115641 0.970874 0.628571
145 0.112930 0.964401 0.628571
146 0.122113 0.961165 0.600000
147 0.142185 0.961165 0.600000
148 0.116064 0.954693 0.628571
149 0.118755 0.967638 0.628571
150 0.110739 0.967638 0.571429
151 0.104833 0.974110 0.600000
152 0.103354 0.964401 0.571429
153 0.105583 0.974110 0.571429
154 0.105027 0.964401 0.571429
155 0.103035 0.967638 0.571429
156 0.100220 0.970874 0.571429
157 0.099540 0.970874 0.600000
158 0.099754 0.970874 0.600000
159 0.100652 0.967638 0.600000
160 0.104032 0.957929 0.600000
161 0.106163 0.967638 0.600000
162 0.105975 0.967638 0.600000
163 0.090792 0.970874 0.600000
164 0.101487 0.977346 0.600000
165 0.100358 0.974110 0.600000
166 0.105213 0.970874 0.628571
167 0.106044 0.967638 0.600000
168 0.096271 0.967638 0.600000
169 0.106938 0.974110 0.600000
170 0.101429 0.974110 0.600000
171 0.103918 0.970874 0.628571
172 0.100472 0.967638 0.628571
173 0.098740 0.970874 0.600000
174 0.101879 0.961165 0.600000
175 0.096870 0.977346 0.628571
176 0.100158 0.970874 0.628571
177 0.095444 0.964401 0.628571
178 0.093632 0.974110 0.600000
179 0.096211 0.964401 0.600000
180 0.103816 0.974110 0.628571
181 0.096022 0.970874 0.628571
182 0.103825 0.967638 0.657143
183 0.097984 0.967638 0.628571
184 0.093751 0.970874 0.628571
185 0.095339 0.967638 0.628571
186 0.098676 0.970874 0.628571
187 0.098358 0.974110 0.600000
188 0.097443 0.970874 0.628571
189 0.105708 0.967638 0.657143
190 0.092807 0.980583 0.628571
191 0.099359 0.974110 0.628571
192 0.095816 0.964401 0.600000
193 0.098276 0.977346 0.628571
194 0.093018 0.974110 0.600000
195 0.098770 0.974110 0.657143
196 0.096012 0.967638 0.628571
197 0.105698 0.967638 0.657143
198 0.105616 0.932039 0.628571
199 0.112527 0.974110 0.628571
200 0.095155 0.977346 0.571429
201 0.091480 0.967638 0.542857
202 0.094690 0.964401 0.542857
203 0.090417 0.974110 0.542857
204 0.093914 0.964401 0.571429
205 0.091718 0.977346 0.571429
206 0.090211 0.977346 0.571429
207 0.089410 0.967638 0.571429
208 0.093028 0.970874 0.571429
209 0.091643 0.970874 0.600000
210 0.092632 0.974110 0.571429
211 0.087186 0.970874 0.600000
212 0.093151 0.970874 0.600000
213 0.094706 0.970874 0.600000
214 0.089051 0.970874 0.600000
215 0.093848 0.974110 0.542857
216 0.086738 0.977346 0.600000
217 0.092441 0.964401 0.571429
218 0.092679 0.977346 0.571429
219 0.094119 0.970874 0.600000
220 0.092698 0.970874 0.600000
221 0.085660 0.974110 0.571429
222 0.092127 0.967638 0.571429
223 0.091164 0.970874 0.571429
224 0.088808 0.970874 0.571429
225 0.086818 0.974110 0.571429
226 0.090232 0.974110 0.571429
227 0.089687 0.977346 0.600000
228 0.091863 0.970874 0.571429
229 0.086003 0.977346 0.571429
230 0.087199 0.970874 0.571429
231 0.088760 0.974110 0.571429
232 0.087067 0.974110 0.600000
233 0.084300 0.977346 0.600000
234 0.082000 0.977346 0.600000
235 0.086632 0.974110 0.571429
236 0.083287 0.970874 0.571429
237 0.088752 0.974110 0.571429
238 0.087542 0.967638 0.600000
239 0.086442 0.970874 0.600000
240 0.087449 0.970874 0.600000
241 0.090469 0.970874 0.571429
242 0.087731 0.970874 0.600000
243 0.081143 0.974110 0.571429
244 0.090466 0.974110 0.600000
245 0.091874 0.970874 0.571429
246 0.085356 0.967638 0.600000
247 0.091042 0.970874 0.571429
248 0.089064 0.977346 0.600000
249 0.086048 0.970874 0.600000
250 0.091841 0.977346 0.571429
251 0.084498 0.970874 0.600000
252 0.083931 0.974110 0.600000
253 0.080588 0.977346 0.600000
254 0.078591 0.970874 0.600000
255 0.083898 0.974110 0.600000
256 0.081985 0.974110 0.600000
257 0.084295 0.970874 0.600000
258 0.082122 0.970874 0.600000
259 0.082560 0.974110 0.600000
260 0.083875 0.974110 0.600000
261 0.085471 0.977346 0.600000
262 0.085781 0.977346 0.600000
263 0.080825 0.970874 0.600000
264 0.086218 0.970874 0.600000
265 0.083320 0.970874 0.600000
266 0.083724 0.974110 0.600000
267 0.083122 0.974110 0.600000
268 0.081931 0.974110 0.600000
269 0.085793 0.974110 0.600000
270 0.081484 0.974110 0.600000
271 0.082081 0.977346 0.600000
272 0.082907 0.974110 0.600000
273 0.085638 0.977346 0.571429
274 0.082658 0.980583 0.600000
275 0.081511 0.977346 0.600000
276 0.082236 0.974110 0.600000
277 0.081320 0.970874 0.600000
278 0.079518 0.974110 0.600000
279 0.086239 0.977346 0.571429
280 0.076439 0.974110 0.571429
281 0.087837 0.977346 0.628571
282 0.081389 0.977346 0.600000
283 0.080775 0.974110 0.571429
284 0.083546 0.967638 0.600000
285 0.080279 0.977346 0.600000
286 0.080730 0.970874 0.600000
287 0.084873 0.977346 0.600000
288 0.079982 0.977346 0.571429
289 0.086669 0.977346 0.600000
290 0.081057 0.970874 0.571429
291 0.079614 0.977346 0.628571
292 0.081260 0.977346 0.628571
293 0.083289 0.970874 0.571429
294 0.077810 0.977346 0.571429
295 0.082591 0.974110 0.600000
296 0.081512 0.977346 0.600000
297 0.082581 0.974110 0.600000
298 0.083071 0.974110 0.600000
299 0.077942 0.974110 0.600000
300 0.077850 0.977346 0.600000
301 0.075282 0.977346 0.600000
302 0.080567 0.977346 0.571429
303 0.082609 0.974110 0.571429
304 0.076959 0.974110 0.600000
305 0.081464 0.974110 0.571429
306 0.077827 0.974110 0.571429
307 0.076151 0.977346 0.571429
308 0.079131 0.977346 0.600000
309 0.077075 0.974110 0.571429
310 0.078021 0.977346 0.600000
311 0.078707 0.977346 0.600000
312 0.077307 0.977346 0.571429
313 0.077251 0.977346 0.571429
314 0.078970 0.977346 0.571429
315 0.074313 0.977346 0.600000
316 0.080295 0.977346 0.571429
317 0.079701 0.974110 0.571429
318 0.076625 0.974110 0.571429
319 0.076973 0.977346 0.571429
320 0.075990 0.977346 0.571429
321 0.081055 0.977346 0.600000
322 0.082699 0.977346 0.600000
323 0.077787 0.974110 0.571429
324 0.076685 0.977346 0.571429
325 0.079458 0.977346 0.571429
326 0.079054 0.977346 0.600000
327 0.080844 0.977346 0.600000
328 0.079908 0.974110 0.571429
329 0.078947 0.977346 0.600000
330 0.078335 0.977346 0.600000
331 0.075263 0.977346 0.600000
332 0.075932 0.977346 0.600000
333 0.076753 0.977346 0.600000
334 0.082908 0.977346 0.600000
335 0.083149 0.970874 0.600000
336 0.080238 0.977346 0.600000
337 0.077153 0.974110 0.600000
338 0.075991 0.974110 0.600000
339 0.078573 0.974110 0.600000
340 0.080806 0.977346 0.600000
341 0.076736 0.977346 0.600000
342 0.082298 0.974110 0.571429
343 0.075796 0.977346 0.600000
344 0.076959 0.977346 0.600000
345 0.082997 0.974110 0.600000
346 0.076867 0.977346 0.600000
347 0.073788 0.974110 0.600000
348 0.081720 0.977346 0.600000
349 0.076202 0.974110 0.600000
350 0.078460 0.974110 0.600000
