1 1.728993 0.698225 0.684211
2 0.647373 0.769231 0.684211
3 0.482232 0.769231 0.578947
4 0.411337 0.781065 0.631579
5 0.401095 0.816568 0.736842
6 0.408656 0.532544 0.368421
7 0.657995 0.917160 0.631579
8 0.315155 0.639053 0.315789
9 0.322892 0.899408 0.684211
10 0.275651 0.899408 0.684211
11 0.340612 0.946746 0.684211
12 0.270132 0.905325 0.736842
13 0.256092 0.899408 0.578947
14 0.233694 0.964497 0.526316
15 0.263830 0.946746 0.526316
16 0.238226 0.923077 0.789474
17 0.215597 0.905325 0.789474
18 0.250609 0.952663 0.473684
19 0.222062 0.964497 0.526316
20 0.214752 0.923077 0.578947
21 0.199621 0.940828 0.631579
22 0.193501 0.923077 0.578947
23 0.231343 0.923077 0.684211
24 0.212913 0.952663 0.631579
25 0.211110 0.940828 0.631579
26 0.199213 0.940828 0.578947
27 0.199595 0.946746 0.631579
28 0.220733 0.940828 0.684211
29 0.221937 0.911243 0.736842
30 0.177713 0.958580 0.526316
31 0.190566 0.958580 0.578947
32 0.186543 0.911243 0.736842
33 0.181691 0.946746 0.631579
34 0.198651 0.928994 0.578947
35 0.204997 0.946746 0.631579
36 0.180465 0.893491 0.789474
37 0.191417 0.964497 0.631579
38 0.188153 0.946746 0.526316
39 0.189969 0.952663 0.684211
40 0.213438 0.905325 0.578947
41 0.185686 0.958580 0.631579
42 0.204807 0.964497 0.631579
43 0.207971 0.917160 0.736842
44 0.182663 0.899408 0.578947
45 0.176467 0.964497 0.631579
46 0.179263 0.964497 0.631579
47 0.183743 0.958580 0.684211
48 0.180473 0.917160 0.789474
49 0.172319 0.923077 0.789474
50 0.171905 0.970414 0.631579
51 0.156527 0.964497 0.684211
52 0.157022 0.958580 0.684211
53 0.158447 0.964497 0.631579
54 0.162948 0.958580 0.684211
55 0.170893 0.952663 0.684211
56 0.165100 0.964497 0.631579
57 0.165303 0.952663 0.684211
58 0.163503 0.970414 0.631579
59 0.160537 0.958580 0.631579
60 0.163875 0.970414 0.631579
61 0.155821 0.964497 0.631579
62 0.166723 0.923077 0.684211
63 0.163862 0.964497 0.684211
64 0.156836 0.940828 0.684211
65 0.164101 0.964497 0.631579
66 0.173233 0.923077 0.736842
67 0.159042 0.952663 0.631579
68 0.155398 0.964497 0.631579
69 0.165776 0.958580 0.631579
70 0.159566 0.964497 0.631579
71 0.166975 0.905325 0.526316
72 0.173067 0.958580 0.631579
73 0.176655 0.934911 0.736842
74 0.168833 0.958580 0.631579
75 0.159388 0.946746 0.736842
76 0.167516 0.964497 0.578947
77 0.163427 0.964497 0.578947
78 0.157010 0.940828 0.684211
79 0.164056 0.964497 0.578947
80 0.159081 0.958580 0.578947
81 0.154517 0.958580 0.631579
82 0.164764 0.928994 0.736842
83 0.153898 0.917160 0.736842
84 0.156783 0.940828 0.631579
85 0.152951 0.934911 0.684211
86 0.162407 0.964497 0.578947
87 0.160198 0.840237 0.578947
88 0.153938 0.923077 0.684211
89 0.166676 0.923077 0.789474
90 0.170179 0.946746 0.684211
91 0.160475 0.911243 0.789474
92 0.167444 0.940828 0.736842
93 0.154865 0.958580 0.578947
94 0.156317 0.958580 0.684211
95 0.154156 0.958580 0.631579
96 0.157290 0.958580 0.736842
97 0.161413 0.940828 0.631579
98 0.167307 0.828402 0.631579
99 0.276214 0.905325 0.631579
100 0.186436 0.958580 0.631579
101 0.171718 0.964497 0.631579
102 0.157800 0.958580 0.684211
103 0.155673 0.946746 0.684211
104 0.156815 0.940828 0.684211
105 0.152264 0.964497 0.684211
106 0.157827 0.964497 0.578947
107 0.159678 0.923077 0.789474
108 0.154974 0.958580 0.631579
109 0.156972 0.958580 0.631579
110 0.151038 0.958580 0.631579
111 0.152166 0.958580 0.631579
112 0.151986 0.964497 0.631579
113 0.148031 0.952663 0.631579
114 0.160606 0.958580 0.631579
115 0.154417 0.964497 0.631579
116 0.158505 0.958580 0.631579
117 0.153809 0.964497 0.578947
118 0.156883 0.952663 0.631579
119 0.149397 0.940828 0.684211
120 0.157640 0.952663 0.631579
121 0.156566 0.964497 0.631579
122 0.154685 0.964497 0.578947
123 0.153566 0.952663 0.631579
124 0.158444 0.958580 0.578947
125 0.150378 0.958580 0.684211
126 0.154428 0.958580 0.684211
127 0.155130 0.958580 0.631579
128 0.157766 0.964497 0.684211
129 0.152915 0.952663 0.736842
130 0.162451 0.940828 0.684211
131 0.147821 0.958580 0.631579
132 0.150600 0.964497 0.684211
133 0.155730 0.964497 0.684211
134 0.151284 0.958580 0.684211
135 0.161946 0.958580 0.736842
136 0.145695 0.958580 0.631579
137 0.158190 0.940828 0.631579
138 0.154513 0.946746 0.684211
139 0.156305 0.958580 0.684211
140 0.154797 0.958580 0.631579
141 0.151346 0.958580 0.631579
142 0.157514 0.964497 0.631579
143 0.160271 0.958580 0.526316
144 0.145467 0.952663 0.631579
145 0.156198 0.940828 0.631579
146 0.151497 0.958580 0.578947
147 0.156730 0.952663 0.684211
148 0.158426 0.958580 0.631579
149 0.150090 0.964497 0.578947
150 0.152731 0.928994 0.684211
151 0.152283 0.958580 0.631579
152 0.149836 0.958580 0.631579
153 0.147061 0.964497 0.631579
154 0.145846 0.958580 0.631579
155 0.148291 0.958580 0.684211
156 0.151500 0.958580 0.631579
157 0.148289 0.940828 0.631579
158 0.147435 0.958580 0.631579
159 0.148498 0.952663 0.684211
160 0.154115 0.958580 0.684211
161 0.147887 0.958580 0.684211
162 0.151844 0.952663 0.684211
163 0.146545 0.964497 0.631579
164 0.148645 0.952663 0.684211
165 0.151459 0.964497 0.631579
166 0.148036 0.958580 0.684211
167 0.147106 0.958580 0.684211
168 0.146647 0.958580 0.684211
169 0.143808 0.958580 0.684211
170 0.142071 0.958580 0.684211
171 0.146634 0.958580 0.631579
172 0.147477 0.958580 0.631579
173 0.146798 0.952663 0.631579
174 0.145356 0.964497 0.578947
175 0.148045 0.958580 0.684211
176 0.152579 0.934911 0.684211
177 0.151904 0.958580 0.684211
178 0.143903 0.928994 0.736842
179 0.148702 0.958580 0.631579
180 0.146513 0.958580 0.578947
181 0.150003 0.946746 0.684211
182 0.146303 0.958580 0.684211
183 0.150830 0.958580 0.684211
184 0.150330 0.964497 0.578947
185 0.146832 0.946746 0.684211
186 0.142944 0.958580 0.684211
187 0.150631 0.964497 0.578947
188 0.152457 0.952663 0.578947
189 0.149863 0.958580 0.631579
190 0.144713 0.952663 0.684211
191 0.144250 0.958580 0.684211
192 0.153499 0.958580 0.631579
193 0.148675 0.958580 0.631579
194 0.143984 0.958580 0.578947
195 0.153014 0.958580 0.578947
196 0.139551 0.958580 0.631579
197 0.151732 0.964497 0.578947
198 0.141563 0.958580 0.684211
199 0.149749 0.952663 0.684211
200 0.141679 0.946746 0.631579
201 0.142608 0.964497 0.631579
202 0.152082 0.958580 0.684211
203 0.146244 0.958580 0.578947
204 0.149546 0.958580 0.684211
205 0.143335 0.946746 0.684211
206 0.139201 0.958580 0.631579
207 0.153127 0.958580 0.684211
208 0.144054 0.958580 0.684211
209 0.147092 0.958580 0.684211
210 0.142289 0.958580 0.684211
211 0.141245 0.958580 0.684211
212 0.148013 0.958580 0.684211
213 0.141898 0.958580 0.631579
214 0.137299 0.958580 0.684211
215 0.142859 0.958580 0.684211
216 0.140579 0.958580 0.631579
217 0.148149 0.958580 0.684211
218 0.149947 0.958580 0.684211
219 0.148343 0.958580 0.684211
220 0.142733 0.958580 0.684211
221 0.149719 0.958580 0.684211
222 0.151609 0.964497 0.631579
223 0.146449 0.958580 0.684211
224 0.143175 0.958580 0.631579
225 0.146629 0.958580 0.684211
226 0.148923 0.958580 0.684211
227 0.151223 0.958580 0.684211
228 0.145217 0.964497 0.631579
229 0.144898 0.964497 0.578947
230 0.145785 0.958580 0.684211
231 0.151094 0.958580 0.684211
232 0.148098 0.958580 0.631579
233 0.141506 0.958580 0.684211
234 0.149772 0.946746 0.684211
235 0.144050 0.958580 0.631579
236 0.147339 0.958580 0.684211
237 0.149220 0.964497 0.631579
238 0.144030 0.946746 0.684211
239 0.140548 0.958580 0.684211
240 0.154471 0.958580 0.631579
241 0.144905 0.958580 0.684211
242 0.141659 0.958580 0.684211
243 0.150124 0.964497 0.631579
244 0.146474 0.934911 0.736842
245 0.139381 0.958580 0.684211
246 0.145602 0.958580 0.684211
247 0.147561 0.958580 0.684211
248 0.147793 0.964497 0.631579
249 0.150106 0.946746 0.684211
250 0.142460 0.958580 0.684211
251 0.147758 0.958580 0.684211
252 0.136593 0.958580 0.684211
253 0.142641 0.958580 0.684211
254 0.144312 0.958580 0.684211
255 0.143286 0.958580 0.684211
256 0.145925 0.958580 0.684211
257 0.142414 0.958580 0.631579
258 0.142103 0.958580 0.631579
259 0.143143 0.958580 0.631579
260 0.142704 0.958580 0.684211
261 0.144629 0.958580 0.684211
262 0.144228 0.958580 0.684211
263 0.142666 0.958580 0.684211
264 0.139787 0.958580 0.684211
265 0.144519 0.958580 0.684211
266 0.141391 0.958580 0.684211
267 0.136307 0.958580 0.684211
268 0.147915 0.958580 0.684211
269 0.144530 0.958580 0.631579
270 0.146152 0.958580 0.631579
271 0.145265 0.958580 0.631579
272 0.144919 0.958580 0.684211
273 0.143809 0.958580 0.684211
274 0.143065 0.958580 0.684211
275 0.140875 0.958580 0.684211
276 0.139949 0.958580 0.631579
277 0.140531 0.958580 0.684211
278 0.142348 0.958580 0.578947
279 0.146453 0.958580 0.578947
280 0.141027 0.958580 0.684211
281 0.141264 0.958580 0.631579
282 0.143329 0.958580 0.631579
283 0.140075 0.958580 0.631579
284 0.141922 0.958580 0.684211
285 0.148754 0.958580 0.631579
286 0.144085 0.958580 0.631579
287 0.145948 0.958580 0.578947
288 0.147705 0.958580 0.631579
289 0.143812 0.958580 0.631579
290 0.146608 0.958580 0.684211
291 0.136956 0.958580 0.684211
292 0.136402 0.958580 0.631579
293 0.145450 0.958580 0.631579
294 0.143571 0.958580 0.684211
295 0.144782 0.958580 0.631579
296 0.144903 0.958580 0.631579
297 0.147697 0.958580 0.631579
298 0.142640 0.958580 0.684211
299 0.144861 0.958580 0.578947
300 0.145564 0.958580 0.578947
301 0.148581 0.958580 0.631579
302 0.149831 0.964497 0.578947
303 0.142776 0.958580 0.631579
304 0.142529 0.958580 0.684211
305 0.147788 0.958580 0.631579
306 0.144228 0.946746 0.684211
307 0.144543 0.958580 0.631579
308 0.140799 0.958580 0.631579
309 0.145018 0.958580 0.684211
310 0.142476 0.958580 0.631579
311 0.139337 0.958580 0.631579
312 0.150481 0.958580 0.684211
313 0.149294 0.958580 0.684211
314 0.144725 0.958580 0.684211
315 0.148301 0.958580 0.684211
316 0.139635 0.958580 0.631579
317 0.143813 0.958580 0.631579
318 0.139067 0.958580 0.631579
319 0.141756 0.958580 0.631579
320 0.139791 0.958580 0.631579
321 0.143576 0.958580 0.631579
322 0.147019 0.958580 0.631579
323 0.142577 0.958580 0.631579
324 0.141370 0.958580 0.631579
325 0.140026 0.958580 0.631579
326 0.142595 0.958580 0.631579
327 0.149878 0.958580 0.578947
328 0.145016 0.958580 0.684211
329 0.137722 0.958580 0.684211
330 0.149313 0.958580 0.631579
331 0.139573 0.958580 0.631579
332 0.145213 0.958580 0.631579
333 0.145025 0.958580 0.631579
334 0.135952 0.958580 0.578947
335 0.141154 0.958580 0.578947
336 0.136783 0.958580 0.631579
337 0.141694 0.958580 0.631579
338 0.143020 0.958580 0.578947
339 0.137311 0.958580 0.578947
340 0.142247 0.958580 0.631579
341 0.143073 0.958580 0.684211
342 0.145438 0.958580 0.578947
343 0.141769 0.958580 0.631579
344 0.146882 0.958580 0.631579
345 0.147103 0.958580 0.578947
346 0.139608 0.958580 0.578947
347 0.146462 0.958580 0.631579
348 0.142393 0.958580 0.631579
349 0.140936 0.958580 0.631579
350 0.147866 0.958580 0.631579
