1 3.344553 0.648387 0.588235
2 1.562347 0.616129 0.500000
3 1.420355 0.709677 0.500000
4 0.950352 0.687097 0.470588
5 0.780605 0.767742 0.588235
6 0.635698 0.700000 0.500000
7 0.594789 0.793548 0.411765
8 0.616835 0.783871 0.411765
9 0.579694 0.748387 0.352941
10 0.551871 0.770968 0.323529
11 0.503017 0.822581 0.500000
12 0.427441 0.841935 0.294118
13 0.421739 0.845161 0.411765
14 0.460350 0.848387 0.441176
15 0.392101 0.858065 0.529412
16 0.327098 0.854839 0.382353
17 0.367897 0.832258 0.411765
18 0.392634 0.851613 0.352941
19 0.329018 0.887097 0.352941
20 0.361273 0.861290 0.352941
21 0.277022 0.893548 0.323529
22 0.251451 0.903226 0.264706
23 0.284383 0.712903 0.441176
24 0.501341 0.880645 0.441176
25 0.452319 0.845161 0.441176
26 0.353421 0.893548 0.352941
27 0.236020 0.903226 0.411765
28 0.215785 0.912903 0.235294
29 0.204155 0.916129 0.352941
30 0.187140 0.922581 0.323529
31 0.205126 0.916129 0.323529
32 0.239969 0.877419 0.294118
33 0.311924 0.887097 0.441176
34 0.274249 0.900000 0.352941
35 0.260192 0.864516 0.470588
36 0.238113 0.909677 0.352941
37 0.236672 0.896774 0.382353
38 0.208930 0.922581 0.382353
39 0.260221 0.906452 0.323529
40 0.195354 0.912903 0.470588
41 0.195348 0.922581 0.323529
42 0.176426 0.922581 0.352941
43 0.172755 0.929032 0.352941
44 0.192351 0.919355 0.352941
45 0.228297 0.900000 0.470588
46 0.293727 0.887097 0.382353
47 0.248861 0.922581 0.411765
48 0.707607 0.683871 0.470588
49 0.686501 0.777419 0.500000
50 0.387336 0.858065 0.529412
51 0.328352 0.841935 0.441176
52 0.305775 0.874194 0.411765
53 0.289242 0.887097 0.441176
54 0.299698 0.864516 0.470588
55 0.275123 0.893548 0.352941
56 0.248434 0.893548 0.411765
57 0.230703 0.896774 0.441176
58 0.211179 0.909677 0.294118
59 0.214392 0.903226 0.352941
60 0.221467 0.919355 0.323529
61 0.188522 0.912903 0.294118
62 0.199133 0.919355 0.411765
63 0.227292 0.877419 0.323529
64 0.188384 0.922581 0.323529
65 0.185904 0.935484 0.323529
66 0.179745 0.922581 0.323529
67 0.179225 0.916129 0.294118
68 0.182349 0.925806 0.441176
69 0.178249 0.916129 0.264706
70 0.183591 0.932258 0.323529
71 0.164578 0.935484 0.323529
72 0.188485 0.935484 0.323529
73 0.180868 0.925806 0.352941
74 0.210857 0.912903 0.411765
75 0.182535 0.938710 0.323529
76 0.168974 0.938710 0.352941
77 0.175437 0.925806 0.352941
78 0.178045 0.938710 0.264706
79 0.167631 0.941935 0.352941
80 0.158894 0.935484 0.294118
81 0.148884 0.938710 0.294118
82 0.153760 0.941935 0.323529
83 0.172732 0.945161 0.323529
84 0.153319 0.941935 0.294118
85 0.150320 0.932258 0.323529
86 0.173658 0.932258 0.294118
87 0.162179 0.935484 0.264706
88 0.151701 0.948387 0.323529
89 0.146956 0.929032 0.352941
90 0.148624 0.938710 0.294118
91 0.150207 0.945161 0.264706
92 0.204294 0.877419 0.411765
93 0.324128 0.925806 0.382353
94 0.196634 0.932258 0.382353
95 0.161171 0.938710 0.352941
96 0.160511 0.935484 0.352941
97 0.155339 0.938710 0.323529
98 0.146592 0.945161 0.323529
99 0.140010 0.945161 0.352941
100 0.139005 0.941935 0.382353
101 0.149056 0.938710 0.352941
102 0.133938 0.941935 0.352941
103 0.136620 0.951613 0.352941
104 0.133620 0.954839 0.323529
105 0.132626 0.951613 0.352941
106 0.137911 0.941935 0.382353
107 0.134012 0.945161 0.323529
108 0.132728 0.948387 0.323529
109 0.132203 0.941935 0.352941
110 0.122390 0.945161 0.352941
111 0.127298 0.951613 0.323529
112 0.126188 0.951613 0.323529
113 0.122856 0.951613 0.323529
114 0.131459 0.941935 0.323529
115 0.132554 0.954839 0.352941
116 0.120664 0.948387 0.323529
117 0.122412 0.954839 0.352941
118 0.128470 0.951613 0.352941
119 0.128381 0.951613 0.352941
120 0.125892 0.941935 0.352941
121 0.127590 0.951613 0.323529
122 0.118878 0.945161 0.352941
123 0.128209 0.958065 0.352941
124 0.127616 0.948387 0.323529
125 0.121006 0.948387 0.294118
126 0.121389 0.948387 0.352941
127 0.121307 0.954839 0.323529
128 0.123538 0.954839 0.382353
129 0.125413 0.954839 0.352941
130 0.158916 0.909677 0.352941
131 0.168910 0.954839 0.323529
132 0.158832 0.951613 0.352941
133 0.136238 0.951613 0.382353
134 0.128183 0.948387 0.382353
135 0.126974 0.951613 0.323529
136 0.122896 0.951613 0.382353
137 0.123445 0.958065 0.323529
138 0.117635 0.945161 0.352941
139 0.129094 0.954839 0.411765
140 0.118507 0.951613 0.352941
141 0.119302 0.954839 0.352941
142 0.125230 0.951613 0.352941
143 0.113583 0.945161 0.352941
144 0.120800 0.954839 0.382353
145 0.123935 0.945161 0.382353
146 0.119287 0.954839 0.382353
147 0.198705 0.925806 0.441176
148 0.243288 0.932258 0.411765
149 0.143587 0.954839 0.323529
150 0.125052 0.951613 0.323529
151 0.123595 0.954839 0.323529
152 0.123473 0.954839 0.382353
153 0.118538 0.954839 0.352941
154 0.116567 0.954839 0.352941
155 0.111733 0.958065 0.352941
156 0.118844 0.958065 0.382353
157 0.117935 0.951613 0.352941
158 0.115000 0.951613 0.382353
159 0.110962 0.954839 0.352941
160 0.119677 0.951613 0.382353
161 0.121985 0.958065 0.352941
162 0.113949 0.951613 0.382353
163 0.108341 0.954839 0.382353
164 0.116776 0.958065 0.382353
165 0.111828 0.951613 0.382353
166 0.115890 0.964516 0.352941
167 0.112082 0.948387 0.382353
168 0.114909 0.954839 0.411765
169 0.113326 0.954839 0.382353
170 0.111723 0.951613 0.382353
171 0.103537 0.954839 0.382353
172 0.116101 0.964516 0.323529
173 0.110588 0.951613 0.382353
174 0.112715 0.958065 0.352941
175 0.114409 0.954839 0.382353
176 0.107303 0.954839 0.382353
177 0.109511 0.954839 0.382353
178 0.111473 0.948387 0.411765
179 0.112790 0.954839 0.411765
180 0.112508 0.954839 0.382353
181 0.106512 0.964516 0.411765
182 0.101741 0.964516 0.382353
183 0.103145 0.958065 0.382353
184 0.107060 0.954839 0.411765
185 0.108446 0.951613 0.411765
186 0.103999 0.951613 0.382353
187 0.106737 0.951613 0.323529
188 0.110430 0.958065 0.382353
189 0.105937 0.958065 0.382353
190 0.108881 0.958065 0.411765
191 0.113080 0.951613 0.382353
192 0.121683 0.961290 0.382353
193 0.117114 0.951613 0.323529
194 0.119720 0.958065 0.382353
195 0.117295 0.958065 0.382353
196 0.108862 0.958065 0.352941
197 0.104455 0.961290 0.411765
198 0.103372 0.954839 0.352941
199 0.112158 0.951613 0.411765
200 0.107584 0.961290 0.352941
201 0.106151 0.951613 0.411765
202 0.106857 0.954839 0.411765
203 0.098992 0.964516 0.382353
204 0.107104 0.958065 0.382353
205 0.098831 0.954839 0.411765
206 0.100978 0.954839 0.411765
207 0.102077 0.958065 0.352941
208 0.099102 0.961290 0.382353
209 0.103108 0.964516 0.382353
210 0.099501 0.961290 0.382353
211 0.105230 0.961290 0.382353
212 0.103457 0.958065 0.411765
213 0.099963 0.954839 0.411765
214 0.104957 0.958065 0.411765
215 0.103065 0.961290 0.382353
216 0.101114 0.951613 0.411765
217 0.097907 0.958065 0.382353
218 0.102063 0.967742 0.382353
219 0.109485 0.954839 0.411765
220 0.099976 0.967742 0.382353
221 0.099697 0.961290 0.382353
222 0.105457 0.958065 0.411765
223 0.105129 0.961290 0.411765
224 0.099548 0.961290 0.382353
225 0.098474 0.958065 0.411765
226 0.103442 0.961290 0.411765
227 0.100126 0.951613 0.411765
228 0.104245 0.964516 0.382353
229 0.100689 0.958065 0.382353
230 0.102849 0.958065 0.323529
231 0.102389 0.961290 0.411765
232 0.104656 0.958065 0.411765
233 0.097949 0.954839 0.441176
234 0.095836 0.961290 0.411765
235 0.095123 0.961290 0.382353
236 0.096905 0.961290 0.382353
237 0.104964 0.964516 0.411765
238 0.101971 0.958065 0.382353
239 0.102252 0.958065 0.411765
240 0.101641 0.961290 0.411765
241 0.095985 0.964516 0.382353
242 0.100428 0.954839 0.411765
243 0.101044 0.964516 0.411765
244 0.107431 0.954839 0.411765
245 0.099562 0.951613 0.411765
246 0.100765 0.961290 0.411765
247 0.098190 0.961290 0.411765
248 0.101346 0.961290 0.411765
249 0.101105 0.961290 0.382353
250 0.099677 0.958065 0.411765
251 0.100051 0.964516 0.382353
252 0.098681 0.961290 0.411765
253 0.093782 0.961290 0.411765
254 0.099809 0.958065 0.411765
255 0.092512 0.958065 0.411765
256 0.097483 0.958065 0.411765
257 0.094945 0.961290 0.411765
258 0.099153 0.958065 0.411765
259 0.104514 0.958065 0.411765
260 0.098591 0.954839 0.411765
261 0.100390 0.958065 0.411765
262 0.100551 0.961290 0.411765
263 0.094532 0.964516 0.411765
264 0.095133 0.958065 0.411765
265 0.098275 0.954839 0.411765
266 0.098209 0.958065 0.411765
267 0.096202 0.958065 0.382353
268 0.098648 0.961290 0.382353
269 0.100334 0.954839 0.411765
270 0.096041 0.961290 0.411765
271 0.097096 0.964516 0.382353
272 0.093623 0.961290 0.411765
273 0.101877 0.964516 0.382353
274 0.097285 0.954839 0.411765
275 0.091131 0.958065 0.411765
276 0.095048 0.961290 0.382353
277 0.097741 0.958065 0.411765
278 0.097692 0.961290 0.382353
279 0.094194 0.961290 0.382353
280 0.093497 0.958065 0.411765
281 0.097390 0.961290 0.411765
282 0.097587 0.967742 0.411765
283 0.100596 0.961290 0.382353
284 0.096281 0.961290 0.411765
285 0.094931 0.961290 0.411765
286 0.098490 0.958065 0.411765
287 0.093804 0.958065 0.411765
288 0.092858 0.958065 0.411765
289 0.097050 0.961290 0.411765
290 0.096933 0.961290 0.382353
291 0.090938 0.961290 0.382353
292 0.097103 0.961290 0.382353
293 0.094086 0.964516 0.382353
294 0.096702 0.961290 0.411765
295 0.095133 0.961290 0.382353
296 0.093455 0.964516 0.411765
297 0.096786 0.961290 0.382353
298 0.095842 0.964516 0.411765
299 0.096075 0.961290 0.382353
300 0.095845 0.961290 0.411765
301 0.091302 0.954839 0.411765
302 0.098136 0.961290 0.382353
303 0.098602 0.961290 0.382353
304 0.092561 0.961290 0.411765
305 0.090002 0.961290 0.411765
306 0.089460 0.964516 0.411765
307 0.092452 0.961290 0.411765
308 0.095925 0.964516 0.382353
309 0.094954 0.961290 0.382353
310 0.098500 0.958065 0.411765
311 0.091796 0.961290 0.382353
312 0.092928 0.961290 0.382353
313 0.094083 0.961290 0.382353
314 0.091543 0.961290 0.382353
315 0.093394 0.964516 0.382353
316 0.093413 0.964516 0.411765
317 0.098491 0.964516 0.411765
318 0.090947 0.964516 0.382353
319 0.096831 0.961290 0.382353
320 0.094024 0.964516 0.411765
321 0.092579 0.964516 0.411765
322 0.092674 0.964516 0.382353
323 0.087668 0.961290 0.382353
324 0.092211 0.961290 0.382353
325 0.093787 0.961290 0.382353
326 0.093835 0.964516 0.382353
327 0.091821 0.961290 0.382353
328 0.092315 0.961290 0.382353
329 0.089884 0.961290 0.382353
330 0.091157 0.961290 0.382353
331 0.088810 0.964516 0.382353
332 0.088737 0.964516 0.382353
333 0.091162 0.964516 0.382353
334 0.089102 0.961290 0.382353
335 0.091209 0.964516 0.382353
336 0.093099 0.964516 0.382353
337 0.091906 0.964516 0.411765
338 0.090197 0.961290 0.382353
339 0.091396 0.961290 0.411765
340 0.095903 0.961290 0.411765
341 0.089596 0.958065 0.411765
342 0.090516 0.964516 0.411765
343 0.092363 0.964516 0.382353
344 0.090079 0.964516 0.411765
345 0.092637 0.961290 0.382353
346 0.091229 0.961290 0.411765
347 0.094617 0.961290 0.382353
348 0.092918 0.964516 0.411765
349 0.089213 0.958065 0.411765
350 0.093281 0.961290 0.411765
