1 5.019626 0.606921 0.618005
2 1.644237 0.609895 0.620438
3 1.401128 0.640443 0.639903
4 1.360407 0.653420 0.683698
5 1.110146 0.703163 0.708029
6 0.933885 0.611517 0.613139
7 0.998836 0.703974 0.695864
8 0.964798 0.587456 0.591241
9 0.902047 0.687213 0.681265
10 0.972255 0.677480 0.666667
11 0.894598 0.689646 0.661800
12 0.813850 0.659367 0.644769
13 0.714519 0.687213 0.698297
14 0.673268 0.641795 0.635036
15 0.672233 0.718843 0.705596
16 0.714483 0.532306 0.530414
17 0.652150 0.719654 0.673966
18 0.655392 0.707489 0.693431
19 0.659158 0.710733 0.712895
20 0.673748 0.669640 0.622871
21 0.681682 0.723168 0.683698
22 0.643899 0.702082 0.683698
23 0.614546 0.708029 0.695864
24 0.605021 0.705055 0.693431
25 0.586457 0.702082 0.705596
26 0.618951 0.716680 0.698297
27 0.584450 0.723168 0.703163
28 0.643496 0.673696 0.678832
29 0.619978 0.644769 0.644769
30 0.604867 0.729927 0.722628
31 0.604744 0.728035 0.720195
32 0.586943 0.723709 0.705596
33 0.577003 0.719654 0.698297
34 0.584759 0.724790 0.698297
35 0.578009 0.713166 0.708029
36 0.590252 0.728575 0.710462
37 0.575173 0.706677 0.710462
38 0.586322 0.693701 0.673966
39 0.594888 0.727224 0.688564
40 0.594641 0.725872 0.715328
41 0.600139 0.741281 0.717762
42 0.601282 0.714247 0.698297
43 0.573727 0.729116 0.712895
44 0.590026 0.728846 0.698297
45 0.584208 0.734523 0.720195
46 0.640011 0.649094 0.642336
47 0.577250 0.728035 0.708029
48 0.566360 0.732090 0.715328
49 0.569515 0.707489 0.698297
50 0.565379 0.740741 0.712895
51 0.551564 0.741281 0.720195
52 0.550823 0.733171 0.698297
53 0.558933 0.736956 0.695864
54 0.570386 0.704244 0.688564
55 0.562020 0.697756 0.690998
56 0.545357 0.745607 0.705596
57 0.543770 0.740741 0.725061
58 0.535536 0.731008 0.725061
59 0.551045 0.742903 0.737226
60 0.548324 0.720195 0.720195
61 0.551185 0.754528 0.717762
62 0.549160 0.749662 0.727494
63 0.548183 0.748040 0.739659
64 0.562189 0.734793 0.729927
65 0.544015 0.742633 0.717762
66 0.541960 0.744526 0.725061
67 0.547297 0.731549 0.712895
68 0.556458 0.730468 0.717762
69 0.545158 0.732630 0.703163
70 0.546636 0.742092 0.703163
71 0.540447 0.748040 0.708029
72 0.539605 0.743715 0.722628
73 0.538109 0.754258 0.712895
74 0.537949 0.749662 0.722628
75 0.540505 0.754799 0.720195
76 0.533080 0.752366 0.725061
77 0.542165 0.743174 0.705596
78 0.534949 0.756150 0.720195
79 0.537574 0.746688 0.729927
80 0.545924 0.742903 0.712895
81 0.533117 0.745337 0.717762
82 0.540876 0.738578 0.722628
83 0.537844 0.745877 0.715328
84 0.535920 0.741552 0.722628
85 0.544246 0.744526 0.732360
86 0.535907 0.739930 0.715328
87 0.551228 0.736145 0.722628
88 0.545699 0.745337 0.720195
89 0.548323 0.757232 0.746959
90 0.525574 0.759935 0.746959
91 0.533534 0.761828 0.739659
92 0.536888 0.746418 0.712895
93 0.533041 0.740470 0.712895
94 0.538628 0.759124 0.725061
95 0.535319 0.756961 0.729927
96 0.538455 0.730738 0.695864
97 0.540180 0.754258 0.727494
98 0.546676 0.753177 0.722628
99 0.526971 0.766423 0.722628
100 0.516272 0.771019 0.742092
101 0.513938 0.774534 0.727494
102 0.517246 0.773723 0.725061
103 0.508774 0.764801 0.732360
104 0.524754 0.768586 0.734793
105 0.507169 0.774263 0.722628
106 0.509082 0.768586 0.756691
107 0.515935 0.779129 0.739659
108 0.500964 0.778589 0.732360
109 0.505353 0.783455 0.746959
110 0.505210 0.778318 0.727494
111 0.495490 0.762639 0.708029
112 0.503317 0.785888 0.717762
113 0.504676 0.790754 0.744526
114 0.503343 0.778048 0.739659
115 0.510769 0.781022 0.744526
116 0.502476 0.782644 0.722628
117 0.501593 0.778859 0.737226
118 0.507228 0.789403 0.742092
119 0.492652 0.786429 0.734793
120 0.493810 0.789403 0.751825
121 0.488539 0.787510 0.754258
122 0.497258 0.779670 0.763990
123 0.492840 0.786158 0.749392
124 0.479853 0.799135 0.751825
125 0.483529 0.792376 0.751825
126 0.485561 0.798594 0.744526
127 0.497375 0.793458 0.737226
128 0.486597 0.799135 0.754258
129 0.497717 0.786158 0.763990
130 0.497973 0.793998 0.742092
131 0.499574 0.789403 0.744526
132 0.488669 0.798324 0.756691
133 0.499762 0.792376 0.768856
134 0.485769 0.800487 0.744526
135 0.477646 0.794269 0.744526
136 0.471599 0.812922 0.754258
137 0.488342 0.796702 0.749392
138 0.480928 0.789403 0.761557
139 0.481656 0.805623 0.773723
140 0.478074 0.797513 0.744526
141 0.470880 0.805353 0.756691
142 0.476882 0.801298 0.746959
143 0.499429 0.795620 0.763990
144 0.471179 0.801298 0.744526
145 0.466293 0.793998 0.759124
146 0.469295 0.801298 0.763990
147 0.465588 0.795080 0.756691
148 0.489392 0.809408 0.744526
149 0.472916 0.805353 0.744526
150 0.446897 0.814004 0.756691
151 0.450083 0.820222 0.771290
152 0.451581 0.811571 0.754258
153 0.458468 0.819681 0.788321
154 0.446592 0.817248 0.759124
155 0.453106 0.825088 0.759124
156 0.433323 0.825629 0.759124
157 0.443387 0.825358 0.766423
158 0.449968 0.830224 0.773723
159 0.455040 0.823195 0.776156
160 0.440061 0.825088 0.766423
161 0.460914 0.814815 0.761557
162 0.439678 0.818059 0.766423
163 0.448948 0.828062 0.766423
164 0.436100 0.828062 0.766423
165 0.444262 0.826440 0.759124
166 0.443443 0.821844 0.781022
167 0.430658 0.830765 0.785888
168 0.445266 0.826169 0.761557
169 0.449808 0.822114 0.773723
170 0.431682 0.828332 0.763990
171 0.433626 0.829684 0.766423
172 0.442854 0.830224 0.771290
173 0.452336 0.835902 0.776156
174 0.441525 0.834280 0.785888
175 0.433691 0.826169 0.781022
176 0.441499 0.830224 0.768856
177 0.429926 0.830224 0.766423
178 0.418915 0.838605 0.785888
179 0.434217 0.836713 0.785888
180 0.422972 0.829413 0.785888
181 0.427034 0.838605 0.773723
182 0.430887 0.819681 0.766423
183 0.423194 0.839686 0.766423
184 0.418663 0.841308 0.768856
185 0.414719 0.830495 0.759124
186 0.426074 0.840227 0.776156
187 0.431417 0.829413 0.776156
188 0.424010 0.834550 0.768856
189 0.429594 0.838875 0.773723
190 0.424896 0.835902 0.759124
191 0.419948 0.834009 0.781022
192 0.416404 0.843471 0.776156
193 0.411465 0.836983 0.793187
194 0.429666 0.845364 0.793187
195 0.409965 0.845364 0.788321
196 0.407676 0.846986 0.793187
197 0.415412 0.838875 0.773723
198 0.412160 0.840768 0.771290
199 0.418975 0.838605 0.768856
200 0.408474 0.851582 0.783455
201 0.388044 0.845904 0.778589
202 0.391622 0.857799 0.785888
203 0.399783 0.858610 0.778589
204 0.394158 0.860503 0.788321
205 0.379515 0.855096 0.773723
206 0.396116 0.851582 0.778589
207 0.393271 0.848608 0.795620
208 0.390403 0.857799 0.790754
209 0.396002 0.855907 0.790754
210 0.395272 0.859962 0.783455
211 0.393621 0.846175 0.776156
212 0.387284 0.859421 0.766423
213 0.387992 0.860503 0.788321
214 0.382190 0.861314 0.785888
215 0.375860 0.859151 0.793187
216 0.372601 0.859421 0.790754
217 0.385729 0.862125 0.802920
218 0.394730 0.860503 0.790754
219 0.393451 0.864017 0.807786
220 0.376978 0.862936 0.788321
221 0.375051 0.864288 0.788321
222 0.376465 0.862666 0.790754
223 0.386791 0.862936 0.800487
224 0.385340 0.855096 0.795620
225 0.374720 0.865099 0.798054
226 0.372292 0.870776 0.800487
227 0.378996 0.863477 0.788321
228 0.387462 0.864017 0.785888
229 0.387437 0.862395 0.790754
230 0.367611 0.862666 0.795620
231 0.366328 0.863477 0.785888
232 0.380587 0.866721 0.790754
233 0.367938 0.871857 0.805353
234 0.375161 0.868072 0.778589
235 0.376007 0.867532 0.793187
236 0.365981 0.866180 0.783455
237 0.370186 0.865910 0.793187
238 0.365146 0.868072 0.798054
239 0.373070 0.866721 0.788321
240 0.363395 0.867261 0.795620
241 0.373245 0.866450 0.798054
242 0.373792 0.869424 0.798054
243 0.375402 0.868072 0.781022
244 0.374498 0.871587 0.783455
245 0.362990 0.871857 0.802920
246 0.369027 0.872939 0.793187
247 0.358544 0.866450 0.783455
248 0.363415 0.869424 0.798054
249 0.357692 0.870776 0.785888
250 0.362925 0.878345 0.790754
251 0.357183 0.878075 0.793187
252 0.357692 0.873209 0.785888
253 0.374199 0.871857 0.798054
254 0.355333 0.875642 0.785888
255 0.356629 0.874290 0.788321
256 0.353463 0.874561 0.798054
257 0.353527 0.875372 0.795620
258 0.355216 0.876994 0.790754
259 0.349705 0.873750 0.790754
260 0.349938 0.880779 0.795620
261 0.346100 0.874020 0.783455
262 0.360282 0.873750 0.795620
263 0.352747 0.875642 0.778589
264 0.347129 0.879157 0.790754
265 0.353825 0.876183 0.795620
266 0.364057 0.878075 0.795620
267 0.345683 0.880508 0.798054
268 0.355381 0.877805 0.795620
269 0.337821 0.881590 0.795620
270 0.357374 0.877805 0.788321
271 0.352591 0.879157 0.785888
272 0.349393 0.883482 0.788321
273 0.351939 0.878886 0.790754
274 0.344868 0.886185 0.790754
275 0.327559 0.878886 0.783455
276 0.351933 0.880508 0.788321
277 0.356433 0.875642 0.785888
278 0.353281 0.888078 0.795620
279 0.349620 0.882671 0.793187
280 0.339945 0.886185 0.800487
281 0.345777 0.886185 0.805353
282 0.355694 0.882401 0.793187
283 0.345700 0.880508 0.783455
284 0.343363 0.880508 0.788321
285 0.344532 0.882130 0.776156
286 0.337917 0.880779 0.788321
287 0.348441 0.884834 0.795620
288 0.345125 0.888078 0.795620
289 0.337439 0.879968 0.798054
290 0.345645 0.883212 0.790754
291 0.356125 0.880779 0.790754
292 0.346981 0.885645 0.795620
293 0.335163 0.888619 0.800487
294 0.339742 0.891863 0.800487
295 0.348682 0.885645 0.807786
296 0.339963 0.881860 0.790754
297 0.340887 0.884563 0.785888
298 0.339177 0.888889 0.785888
299 0.348550 0.884563 0.795620
300 0.332482 0.891592 0.802920
301 0.335410 0.885374 0.788321
302 0.340731 0.885915 0.793187
303 0.342536 0.888078 0.783455
304 0.346154 0.885374 0.793187
305 0.341016 0.885374 0.785888
306 0.327888 0.884834 0.783455
307 0.332364 0.887267 0.798054
308 0.326549 0.892944 0.788321
309 0.335411 0.887267 0.790754
310 0.334378 0.887267 0.790754
311 0.330168 0.889970 0.798054
312 0.330375 0.887537 0.793187
313 0.330209 0.890781 0.795620
314 0.321504 0.886456 0.798054
315 0.334557 0.889700 0.790754
316 0.329033 0.893214 0.802920
317 0.331778 0.888348 0.793187
318 0.343711 0.890241 0.800487
319 0.327860 0.892403 0.790754
320 0.336587 0.889970 0.788321
321 0.324677 0.892674 0.783455
322 0.338978 0.890241 0.785888
323 0.327233 0.887537 0.795620
324 0.338932 0.887808 0.790754
325 0.340977 0.888619 0.783455
326 0.332267 0.888078 0.785888
327 0.331409 0.890241 0.795620
328 0.325556 0.894566 0.795620
329 0.323974 0.889970 0.793187
330 0.331748 0.890241 0.793187
331 0.327160 0.891592 0.793187
332 0.329816 0.891592 0.793187
333 0.314949 0.889159 0.800487
334 0.331076 0.891052 0.790754
335 0.330106 0.889159 0.795620
336 0.329164 0.889970 0.788321
337 0.329644 0.890241 0.790754
338 0.337754 0.893214 0.785888
339 0.321016 0.888889 0.788321
340 0.330204 0.890781 0.793187
341 0.323403 0.889430 0.795620
342 0.336459 0.893214 0.785888
343 0.331773 0.892133 0.795620
344 0.335092 0.886726 0.793187
345 0.335647 0.891863 0.798054
346 0.324716 0.892674 0.785888
347 0.320736 0.890511 0.798054
348 0.341425 0.889700 0.802920
349 0.328925 0.894836 0.798054
350 0.332995 0.892133 0.800487
