1 1.844302 0.715976 0.631579
2 0.811499 0.840237 0.736842
3 0.513089 0.846154 0.631579
4 0.385482 0.917160 0.631579
5 0.486674 0.905325 0.736842
6 0.407568 0.869822 0.736842
7 0.335306 0.763314 0.789474
8 0.439583 0.905325 0.631579
9 0.517120 0.751479 0.736842
10 0.392906 0.905325 0.631579
11 0.348699 0.923077 0.684211
12 0.332197 0.928994 0.684211
13 0.271380 0.881657 0.684211
14 0.319510 0.917160 0.684211
15 0.299250 0.893491 0.789474
16 0.246224 0.917160 0.684211
17 0.298494 0.911243 0.684211
18 0.275093 0.757396 0.736842
19 0.290939 0.923077 0.684211
20 0.281292 0.934911 0.789474
21 0.271807 0.893491 0.789474
22 0.275795 0.911243 0.631579
23 0.271715 0.917160 0.684211
24 0.275395 0.899408 0.736842
25 0.263388 0.917160 0.684211
26 0.243418 0.911243 0.684211
27 0.253135 0.946746 0.736842
28 0.226528 0.928994 0.684211
29 0.240111 0.923077 0.736842
30 0.230105 0.923077 0.684211
31 0.262676 0.934911 0.789474
32 0.238313 0.940828 0.736842
33 0.227289 0.928994 0.684211
34 0.240377 0.911243 0.736842
35 0.226573 0.917160 0.684211
36 0.201717 0.917160 0.684211
37 0.210854 0.899408 0.789474
38 0.225350 0.911243 0.684211
39 0.222516 0.917160 0.684211
40 0.213326 0.881657 0.684211
41 0.228679 0.934911 0.789474
42 0.189305 0.934911 0.736842
43 0.213033 0.923077 0.684211
44 0.218964 0.952663 0.736842
45 0.212347 0.863905 0.631579
46 0.257240 0.928994 0.736842
47 0.229004 0.923077 0.684211
48 0.198867 0.923077 0.684211
49 0.207411 0.923077 0.789474
50 0.183496 0.934911 0.684211
51 0.190613 0.934911 0.736842
52 0.187505 0.923077 0.736842
53 0.189585 0.946746 0.789474
54 0.188069 0.928994 0.684211
55 0.195452 0.934911 0.736842
56 0.189105 0.923077 0.684211
57 0.192400 0.917160 0.684211
58 0.190024 0.958580 0.789474
59 0.193330 0.958580 0.789474
60 0.198226 0.958580 0.789474
61 0.189800 0.923077 0.736842
62 0.184949 0.923077 0.684211
63 0.193643 0.928994 0.736842
64 0.192371 0.946746 0.736842
65 0.187531 0.917160 0.684211
66 0.198754 0.923077 0.684211
67 0.187707 0.946746 0.789474
68 0.187953 0.928994 0.684211
69 0.183729 0.923077 0.684211
70 0.188867 0.934911 0.736842
71 0.184731 0.928994 0.736842
72 0.188550 0.923077 0.736842
73 0.181975 0.934911 0.736842
74 0.192651 0.958580 0.789474
75 0.188965 0.946746 0.789474
76 0.195223 0.946746 0.789474
77 0.186349 0.923077 0.684211
78 0.195198 0.923077 0.684211
79 0.201087 0.923077 0.631579
80 0.192246 0.946746 0.736842
81 0.182640 0.934911 0.736842
82 0.194544 0.917160 0.684211
83 0.190953 0.928994 0.684211
84 0.195338 0.964497 0.789474
85 0.187635 0.923077 0.684211
86 0.184853 0.905325 0.789474
87 0.184591 0.911243 0.789474
88 0.190392 0.923077 0.684211
89 0.184815 0.928994 0.736842
90 0.189045 0.934911 0.684211
91 0.188487 0.923077 0.736842
92 0.185035 0.946746 0.736842
93 0.180873 0.923077 0.684211
94 0.185718 0.934911 0.631579
95 0.184765 0.928994 0.684211
96 0.177835 0.940828 0.736842
97 0.184287 0.928994 0.684211
98 0.179749 0.934911 0.684211
99 0.180564 0.917160 0.684211
100 0.180221 0.917160 0.684211
101 0.179005 0.934911 0.736842
102 0.177966 0.964497 0.789474
103 0.177258 0.928994 0.684211
104 0.175562 0.928994 0.736842
105 0.180742 0.940828 0.684211
106 0.182203 0.934911 0.684211
107 0.172347 0.928994 0.736842
108 0.179646 0.934911 0.789474
109 0.177891 0.952663 0.789474
110 0.174331 0.928994 0.684211
111 0.179822 0.828402 0.789474
112 0.172143 0.946746 0.789474
113 0.178130 0.934911 0.684211
114 0.177291 0.923077 0.684211
115 0.183347 0.917160 0.736842
116 0.178935 0.946746 0.789474
117 0.174743 0.917160 0.736842
118 0.184659 0.928994 0.736842
119 0.180019 0.940828 0.736842
120 0.177659 0.940828 0.736842
121 0.179545 0.940828 0.736842
122 0.181457 0.958580 0.789474
123 0.176403 0.934911 0.684211
124 0.174457 0.923077 0.684211
125 0.174366 0.928994 0.684211
126 0.173966 0.940828 0.736842
127 0.178928 0.917160 0.684211
128 0.174225 0.958580 0.842105
129 0.178526 0.940828 0.684211
130 0.178118 0.946746 0.736842
131 0.181391 0.928994 0.684211
132 0.175275 0.923077 0.684211
133 0.179793 0.917160 0.736842
134 0.186002 0.923077 0.684211
135 0.191916 0.917160 0.736842
136 0.174947 0.923077 0.684211
137 0.188329 0.964497 0.789474
138 0.178019 0.958580 0.842105
139 0.177440 0.934911 0.684211
140 0.178461 0.934911 0.789474
141 0.181013 0.934911 0.736842
142 0.178169 0.934911 0.684211
143 0.185630 0.928994 0.684211
144 0.181262 0.917160 0.684211
145 0.177742 0.940828 0.736842
146 0.181335 0.934911 0.736842
147 0.182811 0.946746 0.789474
148 0.181869 0.934911 0.736842
149 0.179644 0.923077 0.789474
150 0.177040 0.940828 0.736842
151 0.169692 0.923077 0.684211
152 0.173616 0.946746 0.736842
153 0.170376 0.923077 0.736842
154 0.171478 0.923077 0.736842
155 0.174939 0.923077 0.736842
156 0.176166 0.934911 0.789474
157 0.173556 0.940828 0.684211
158 0.174213 0.928994 0.736842
159 0.173623 0.934911 0.789474
160 0.170219 0.934911 0.736842
161 0.173510 0.923077 0.736842
162 0.176045 0.928994 0.684211
163 0.180387 0.934911 0.736842
164 0.169515 0.946746 0.789474
165 0.168598 0.934911 0.736842
166 0.171709 0.928994 0.789474
167 0.168478 0.923077 0.684211
168 0.171818 0.928994 0.736842
169 0.172797 0.934911 0.684211
170 0.168524 0.928994 0.736842
171 0.177538 0.928994 0.684211
172 0.174886 0.928994 0.736842
173 0.172258 0.940828 0.736842
174 0.175396 0.928994 0.684211
175 0.176081 0.928994 0.736842
176 0.173961 0.928994 0.736842
177 0.170724 0.917160 0.684211
178 0.173317 0.923077 0.736842
179 0.167411 0.923077 0.684211
180 0.175723 0.928994 0.684211
181 0.176110 0.923077 0.736842
182 0.175641 0.928994 0.684211
183 0.169757 0.946746 0.789474
184 0.172000 0.934911 0.736842
185 0.169949 0.940828 0.736842
186 0.164341 0.946746 0.789474
187 0.181073 0.893491 0.789474
188 0.170054 0.934911 0.684211
189 0.177026 0.928994 0.736842
190 0.172686 0.917160 0.684211
191 0.174993 0.923077 0.736842
192 0.172705 0.934911 0.736842
193 0.172527 0.940828 0.684211
194 0.176224 0.934911 0.736842
195 0.168873 0.917160 0.684211
196 0.172257 0.923077 0.684211
197 0.175099 0.940828 0.789474
198 0.167520 0.928994 0.736842
199 0.176104 0.940828 0.789474
200 0.174344 0.934911 0.736842
201 0.167786 0.934911 0.736842
202 0.173179 0.940828 0.684211
203 0.171522 0.928994 0.736842
204 0.169163 0.934911 0.736842
205 0.163942 0.940828 0.736842
206 0.176796 0.934911 0.789474
207 0.171522 0.934911 0.736842
208 0.165304 0.928994 0.736842
209 0.169000 0.928994 0.684211
210 0.172752 0.940828 0.789474
211 0.172765 0.940828 0.736842
212 0.165073 0.940828 0.789474
213 0.168126 0.928994 0.789474
214 0.171326 0.940828 0.789474
215 0.165297 0.934911 0.789474
216 0.168342 0.928994 0.789474
217 0.165981 0.928994 0.789474
218 0.164738 0.940828 0.736842
219 0.169583 0.923077 0.684211
220 0.167941 0.934911 0.736842
221 0.169103 0.923077 0.684211
222 0.165407 0.952663 0.789474
223 0.171646 0.928994 0.789474
224 0.162920 0.934911 0.736842
225 0.168133 0.940828 0.684211
226 0.179304 0.958580 0.789474
227 0.171939 0.946746 0.736842
228 0.171948 0.940828 0.736842
229 0.172806 0.928994 0.736842
230 0.173331 0.940828 0.736842
231 0.169918 0.928994 0.736842
232 0.167783 0.940828 0.736842
233 0.168762 0.958580 0.789474
234 0.170240 0.928994 0.684211
235 0.164669 0.934911 0.736842
236 0.165710 0.917160 0.684211
237 0.170999 0.928994 0.736842
238 0.161650 0.946746 0.789474
239 0.163922 0.934911 0.736842
240 0.176607 0.928994 0.684211
241 0.168429 0.928994 0.684211
242 0.166841 0.940828 0.736842
243 0.169595 0.928994 0.789474
244 0.171974 0.952663 0.789474
245 0.165105 0.923077 0.684211
246 0.164539 0.958580 0.789474
247 0.170956 0.928994 0.736842
248 0.174450 0.940828 0.736842
249 0.164703 0.928994 0.736842
250 0.175371 0.934911 0.736842
251 0.162000 0.940828 0.736842
252 0.165510 0.928994 0.736842
253 0.161117 0.928994 0.736842
254 0.162808 0.928994 0.736842
255 0.173209 0.934911 0.736842
256 0.172309 0.934911 0.736842
257 0.165834 0.940828 0.736842
258 0.166157 0.928994 0.684211
259 0.164093 0.928994 0.736842
260 0.164170 0.928994 0.684211
261 0.166645 0.940828 0.736842
262 0.164305 0.934911 0.736842
263 0.163374 0.940828 0.736842
264 0.165522 0.940828 0.736842
265 0.162523 0.940828 0.736842
266 0.165792 0.934911 0.736842
267 0.161152 0.940828 0.736842
268 0.171064 0.928994 0.684211
269 0.164993 0.928994 0.789474
270 0.171772 0.940828 0.789474
271 0.168763 0.928994 0.789474
272 0.167450 0.928994 0.789474
273 0.169669 0.923077 0.736842
274 0.168246 0.940828 0.736842
275 0.161537 0.940828 0.789474
276 0.154271 0.940828 0.789474
277 0.166787 0.940828 0.789474
278 0.167436 0.940828 0.736842
279 0.160882 0.940828 0.789474
280 0.167057 0.934911 0.736842
281 0.164761 0.940828 0.736842
282 0.166802 0.934911 0.789474
283 0.161946 0.940828 0.736842
284 0.168194 0.928994 0.736842
285 0.171796 0.940828 0.736842
286 0.170684 0.952663 0.789474
287 0.167946 0.940828 0.736842
288 0.163523 0.940828 0.789474
289 0.167436 0.940828 0.736842
290 0.164451 0.934911 0.789474
291 0.162290 0.923077 0.736842
292 0.164992 0.923077 0.736842
293 0.166263 0.928994 0.789474
294 0.167552 0.940828 0.789474
295 0.165758 0.940828 0.789474
296 0.169556 0.940828 0.789474
297 0.163407 0.928994 0.789474
298 0.164002 0.917160 0.736842
299 0.166352 0.928994 0.789474
300 0.168289 0.928994 0.736842
301 0.163692 0.928994 0.736842
302 0.166760 0.940828 0.789474
303 0.163294 0.934911 0.789474
304 0.160631 0.940828 0.736842
305 0.170441 0.928994 0.736842
306 0.163227 0.928994 0.736842
307 0.167144 0.940828 0.789474
308 0.169347 0.934911 0.789474
309 0.170163 0.940828 0.736842
310 0.166830 0.940828 0.789474
311 0.167688 0.940828 0.736842
312 0.166134 0.928994 0.789474
313 0.170012 0.940828 0.789474
314 0.162036 0.934911 0.789474
315 0.161632 0.934911 0.789474
316 0.161008 0.928994 0.736842
317 0.166939 0.928994 0.789474
318 0.163214 0.928994 0.736842
319 0.161634 0.940828 0.684211
320 0.160043 0.940828 0.736842
321 0.165306 0.940828 0.789474
322 0.163368 0.934911 0.789474
323 0.164314 0.940828 0.789474
324 0.164700 0.934911 0.789474
325 0.170033 0.940828 0.789474
326 0.164166 0.934911 0.736842
327 0.164508 0.940828 0.789474
328 0.165411 0.934911 0.789474
329 0.165065 0.928994 0.789474
330 0.171612 0.940828 0.789474
331 0.167582 0.940828 0.789474
332 0.164981 0.928994 0.789474
333 0.161155 0.928994 0.789474
334 0.163583 0.928994 0.789474
335 0.161861 0.940828 0.789474
336 0.161700 0.940828 0.789474
337 0.166983 0.940828 0.789474
338 0.167288 0.934911 0.789474
339 0.164021 0.928994 0.789474
340 0.162895 0.940828 0.789474
341 0.165427 0.934911 0.736842
342 0.160132 0.928994 0.789474
343 0.167345 0.940828 0.789474
344 0.162900 0.934911 0.789474
345 0.166941 0.928994 0.789474
346 0.168706 0.940828 0.789474
347 0.163450 0.940828 0.789474
348 0.166802 0.934911 0.789474
349 0.163939 0.940828 0.789474
350 0.167520 0.940828 0.789474
