1 5.939811 0.597729 0.549878
2 1.804455 0.636929 0.644769
3 1.337477 0.504190 0.508516
4 1.322389 0.636929 0.635036
5 1.012484 0.610706 0.576642
6 1.016892 0.590700 0.559611
7 1.320619 0.580157 0.591241
8 0.873145 0.632063 0.625304
9 1.043206 0.535550 0.549878
10 0.935366 0.585834 0.557178
11 0.937944 0.707489 0.703163
12 0.801827 0.696134 0.700730
13 0.798471 0.624763 0.600973
14 0.777559 0.688564 0.676399
15 0.923337 0.640984 0.625304
16 0.777539 0.672074 0.698297
17 0.874288 0.711544 0.722628
18 0.647820 0.665315 0.717762
19 0.652692 0.688835 0.688564
20 0.667740 0.675858 0.705596
21 0.655451 0.707759 0.712895
22 0.607870 0.708300 0.715328
23 0.611809 0.701811 0.705596
24 0.645552 0.709922 0.725061
25 0.616269 0.725331 0.727494
26 0.623580 0.714247 0.690998
27 0.593152 0.718843 0.727494
28 0.690033 0.698567 0.708029
29 0.620425 0.701271 0.722628
30 0.603702 0.731549 0.746959
31 0.589515 0.729657 0.734793
32 0.650628 0.728846 0.754258
33 0.642080 0.729116 0.734793
34 0.621800 0.719113 0.725061
35 0.593580 0.636388 0.620438
36 0.595841 0.732630 0.744526
37 0.568381 0.739389 0.744526
38 0.553016 0.749932 0.766423
39 0.613232 0.746959 0.766423
40 0.564928 0.738578 0.727494
41 0.567217 0.741281 0.739659
42 0.576393 0.684509 0.703163
43 0.564013 0.732090 0.737226
44 0.605952 0.703433 0.698297
45 0.586089 0.732630 0.712895
46 0.574676 0.729116 0.744526
47 0.575365 0.749121 0.761557
48 0.564858 0.735334 0.739659
49 0.565837 0.705055 0.722628
50 0.566419 0.754258 0.746959
51 0.544757 0.744526 0.734793
52 0.548496 0.727494 0.708029
53 0.543353 0.735604 0.749392
54 0.552882 0.749121 0.742092
55 0.551735 0.738848 0.729927
56 0.532279 0.741552 0.754258
57 0.547701 0.747229 0.734793
58 0.542473 0.753447 0.725061
59 0.543539 0.747499 0.742092
60 0.548519 0.742363 0.717762
61 0.529826 0.761557 0.756691
62 0.542078 0.752636 0.742092
63 0.554644 0.751014 0.746959
64 0.543047 0.734793 0.725061
65 0.544005 0.752636 0.729927
66 0.549110 0.748851 0.763990
67 0.537519 0.758854 0.737226
68 0.527142 0.759935 0.759124
69 0.537218 0.764801 0.754258
70 0.531933 0.760746 0.720195
71 0.529316 0.749121 0.720195
72 0.531806 0.756961 0.754258
73 0.525293 0.755880 0.739659
74 0.545882 0.751554 0.744526
75 0.537931 0.766694 0.742092
76 0.538696 0.752906 0.732360
77 0.539816 0.736686 0.725061
78 0.537733 0.760476 0.742092
79 0.527401 0.761016 0.754258
80 0.518685 0.757772 0.751825
81 0.541615 0.759394 0.729927
82 0.550784 0.757232 0.739659
83 0.537138 0.745877 0.742092
84 0.540715 0.752906 0.715328
85 0.579968 0.747499 0.727494
86 0.549321 0.756421 0.744526
87 0.542478 0.749392 0.727494
88 0.561111 0.748851 0.720195
89 0.546559 0.756150 0.717762
90 0.512323 0.743174 0.744526
91 0.539743 0.771290 0.729927
92 0.517946 0.765612 0.734793
93 0.546167 0.753988 0.746959
94 0.544869 0.709922 0.683698
95 0.540276 0.768586 0.742092
96 0.529380 0.758583 0.744526
97 0.538737 0.746688 0.749392
98 0.520615 0.726953 0.693431
99 0.541851 0.744255 0.771290
100 0.525292 0.775074 0.756691
101 0.519802 0.774534 0.751825
102 0.510075 0.766423 0.737226
103 0.504021 0.772912 0.756691
104 0.523707 0.768316 0.746959
105 0.501379 0.772101 0.759124
106 0.504931 0.770749 0.732360
107 0.495917 0.777507 0.739659
108 0.499903 0.769397 0.734793
109 0.497305 0.778859 0.729927
110 0.516737 0.753447 0.729927
111 0.509816 0.767505 0.732360
112 0.493078 0.776696 0.732360
113 0.509466 0.778589 0.729927
114 0.498124 0.774804 0.722628
115 0.496043 0.781563 0.746959
116 0.501701 0.773993 0.715328
117 0.507552 0.787780 0.742092
118 0.509739 0.781022 0.749392
119 0.498531 0.781292 0.734793
120 0.496724 0.785077 0.746959
121 0.476342 0.773723 0.734793
122 0.495616 0.779670 0.737226
123 0.496847 0.776696 0.737226
124 0.501034 0.784266 0.734793
125 0.507684 0.780481 0.727494
126 0.491680 0.775615 0.737226
127 0.495581 0.779941 0.729927
128 0.492480 0.783996 0.720195
129 0.495765 0.775885 0.759124
130 0.504181 0.783455 0.739659
131 0.490043 0.776426 0.729927
132 0.495968 0.780481 0.722628
133 0.493565 0.784536 0.749392
134 0.484174 0.777237 0.744526
135 0.513136 0.786429 0.737226
136 0.509433 0.789943 0.739659
137 0.498381 0.782914 0.732360
138 0.488153 0.786969 0.742092
139 0.482910 0.786969 0.739659
140 0.502952 0.783996 0.720195
141 0.484788 0.782103 0.734793
142 0.483758 0.781833 0.761557
143 0.495770 0.790484 0.739659
144 0.478026 0.781022 0.729927
145 0.498480 0.775885 0.751825
146 0.493836 0.788051 0.749392
147 0.476857 0.773723 0.732360
148 0.484068 0.782914 0.754258
149 0.488350 0.791025 0.739659
150 0.476650 0.799676 0.732360
151 0.470467 0.792106 0.722628
152 0.470217 0.790754 0.729927
153 0.467100 0.788321 0.727494
154 0.451944 0.801298 0.739659
155 0.463909 0.804542 0.732360
156 0.462956 0.798865 0.756691
157 0.477008 0.798594 0.749392
158 0.456644 0.800487 0.751825
159 0.464880 0.799946 0.759124
160 0.453120 0.803190 0.725061
161 0.466990 0.799405 0.734793
162 0.463273 0.799946 0.759124
163 0.465887 0.802109 0.715328
164 0.459667 0.794809 0.746959
165 0.454780 0.795350 0.725061
166 0.462059 0.805893 0.749392
167 0.463941 0.801027 0.756691
168 0.456124 0.805082 0.742092
169 0.463076 0.806434 0.742092
170 0.461513 0.804271 0.739659
171 0.444758 0.808056 0.729927
172 0.460282 0.806975 0.744526
173 0.458432 0.800487 0.759124
174 0.469670 0.801298 0.725061
175 0.447377 0.811030 0.729927
176 0.456927 0.807786 0.739659
177 0.452407 0.805893 0.742092
178 0.443736 0.815085 0.744526
179 0.455640 0.805893 0.756691
180 0.453080 0.808327 0.771290
181 0.452561 0.807786 0.742092
182 0.463538 0.798324 0.737226
183 0.448272 0.817789 0.761557
184 0.456564 0.805623 0.742092
185 0.438434 0.813733 0.727494
186 0.437744 0.818870 0.746959
187 0.452307 0.801838 0.749392
188 0.451609 0.815626 0.737226
189 0.448416 0.813733 0.759124
190 0.444407 0.813733 0.739659
191 0.441649 0.822925 0.725061
192 0.446108 0.817789 0.725061
193 0.434776 0.824277 0.739659
194 0.430937 0.823736 0.759124
195 0.450600 0.822114 0.744526
196 0.447247 0.816167 0.732360
197 0.451566 0.824818 0.746959
198 0.443615 0.826169 0.746959
199 0.434954 0.826169 0.751825
200 0.434506 0.827521 0.746959
201 0.433771 0.824006 0.742092
202 0.426837 0.831576 0.766423
203 0.427127 0.833198 0.734793
204 0.414649 0.822384 0.761557
205 0.433996 0.829684 0.756691
206 0.421287 0.829684 0.732360
207 0.418603 0.828602 0.737226
208 0.421920 0.831846 0.744526
209 0.415487 0.833198 0.751825
210 0.412884 0.830224 0.744526
211 0.425074 0.836172 0.746959
212 0.420170 0.838064 0.744526
213 0.424722 0.829413 0.754258
214 0.408242 0.838064 0.759124
215 0.419706 0.836713 0.744526
216 0.416025 0.830765 0.756691
217 0.412542 0.836983 0.754258
218 0.419221 0.842119 0.749392
219 0.424667 0.840497 0.763990
220 0.423674 0.831306 0.776156
221 0.410731 0.838335 0.771290
222 0.410107 0.837794 0.734793
223 0.418818 0.836172 0.773723
224 0.410528 0.844823 0.749392
225 0.411547 0.841308 0.734793
226 0.410040 0.838875 0.749392
227 0.415003 0.843742 0.766423
228 0.432918 0.842119 0.778589
229 0.419056 0.836442 0.754258
230 0.398564 0.846715 0.746959
231 0.397098 0.846715 0.768856
232 0.404022 0.842931 0.754258
233 0.403081 0.842660 0.759124
234 0.398708 0.845364 0.744526
235 0.397481 0.843471 0.756691
236 0.412407 0.844012 0.756691
237 0.408604 0.837524 0.756691
238 0.411310 0.843742 0.739659
239 0.405538 0.846715 0.751825
240 0.418756 0.838064 0.773723
241 0.405809 0.840768 0.737226
242 0.397229 0.847797 0.761557
243 0.405170 0.844282 0.751825
244 0.394999 0.844823 0.744526
245 0.394301 0.849689 0.756691
246 0.394785 0.855637 0.754258
247 0.398040 0.847256 0.739659
248 0.399381 0.848337 0.749392
249 0.401146 0.847526 0.749392
250 0.400676 0.851582 0.761557
251 0.393348 0.849689 0.754258
252 0.388779 0.852933 0.763990
253 0.384922 0.855637 0.746959
254 0.395522 0.847526 0.737226
255 0.392810 0.848608 0.739659
256 0.390041 0.850770 0.759124
257 0.378630 0.854285 0.759124
258 0.385232 0.854826 0.751825
259 0.395081 0.853204 0.766423
260 0.387457 0.857259 0.763990
261 0.382931 0.858610 0.768856
262 0.396489 0.857799 0.763990
263 0.382732 0.852393 0.742092
264 0.374933 0.862125 0.756691
265 0.384430 0.853744 0.742092
266 0.398521 0.855637 0.763990
267 0.383204 0.852122 0.746959
268 0.399045 0.850500 0.746959
269 0.399203 0.856448 0.761557
270 0.392162 0.850770 0.754258
271 0.398456 0.854285 0.749392
272 0.393648 0.856718 0.776156
273 0.387425 0.856988 0.759124
274 0.379830 0.859421 0.761557
275 0.382160 0.857259 0.761557
276 0.389818 0.846175 0.749392
277 0.374524 0.852933 0.754258
278 0.384296 0.864017 0.773723
279 0.385161 0.858340 0.771290
280 0.391576 0.859962 0.763990
281 0.397513 0.860773 0.771290
282 0.376013 0.855637 0.759124
283 0.394609 0.859962 0.766423
284 0.385968 0.857799 0.766423
285 0.386953 0.857259 0.734793
286 0.371833 0.857799 0.781022
287 0.382760 0.856448 0.763990
288 0.397245 0.856988 0.759124
289 0.397146 0.854555 0.751825
290 0.384476 0.860503 0.771290
291 0.390256 0.858070 0.746959
292 0.383820 0.861855 0.763990
293 0.384110 0.863477 0.771290
294 0.382726 0.862125 0.759124
295 0.391256 0.861855 0.759124
296 0.376506 0.857259 0.751825
297 0.380146 0.864828 0.773723
298 0.392754 0.861584 0.771290
299 0.386608 0.853474 0.788321
300 0.388970 0.863747 0.768856
301 0.378256 0.865639 0.766423
302 0.387685 0.861584 0.759124
303 0.379837 0.861314 0.761557
304 0.379224 0.862936 0.756691
305 0.373366 0.864828 0.763990
306 0.381343 0.862125 0.766423
307 0.377362 0.863747 0.756691
308 0.360504 0.867261 0.771290
309 0.369470 0.861855 0.749392
310 0.383969 0.867532 0.766423
311 0.375452 0.866180 0.771290
312 0.379002 0.866180 0.776156
313 0.372768 0.865099 0.768856
314 0.375662 0.863747 0.754258
315 0.369231 0.861044 0.761557
316 0.364782 0.856988 0.756691
317 0.374747 0.865369 0.763990
318 0.362222 0.866991 0.761557
319 0.373429 0.866450 0.766423
320 0.364284 0.865639 0.776156
321 0.382545 0.862666 0.756691
322 0.383731 0.866991 0.773723
323 0.383899 0.861044 0.756691
324 0.368860 0.863206 0.763990
325 0.381380 0.866991 0.759124
326 0.384950 0.863206 0.768856
327 0.371006 0.865639 0.773723
328 0.370505 0.865369 0.766423
329 0.375451 0.864828 0.761557
330 0.359516 0.868072 0.763990
331 0.375927 0.859151 0.759124
332 0.385932 0.866991 0.771290
333 0.375384 0.862666 0.759124
334 0.376916 0.868072 0.781022
335 0.371136 0.869695 0.771290
336 0.371382 0.865099 0.771290
337 0.377171 0.864017 0.749392
338 0.378360 0.866991 0.766423
339 0.374131 0.863477 0.768856
340 0.373111 0.868072 0.763990
341 0.370366 0.871317 0.768856
342 0.379888 0.865099 0.759124
343 0.376052 0.864017 0.746959
344 0.371230 0.865369 0.778589
345 0.351619 0.865369 0.766423
346 0.364375 0.869695 0.771290
347 0.377525 0.866991 0.768856
348 0.377646 0.865099 0.761557
349 0.374785 0.864288 0.763990
350 0.363916 0.862395 0.754258
