1 1.660300 0.822485 0.842105
2 0.929355 0.751479 0.631579
3 0.484695 0.828402 0.894737
4 0.635735 0.786982 0.894737
5 0.465089 0.857988 0.894737
6 0.367695 0.881657 0.842105
7 0.364799 0.846154 0.894737
8 0.408018 0.875740 0.894737
9 0.347102 0.893491 0.947368
10 0.447374 0.840237 0.894737
11 0.376454 0.911243 0.894737
12 0.332740 0.923077 0.947368
13 0.281460 0.875740 0.842105
14 0.301040 0.846154 0.842105
15 0.308577 0.911243 0.894737
16 0.302403 0.899408 0.894737
17 0.282009 0.905325 0.842105
18 0.263875 0.840237 0.789474
19 0.294950 0.852071 0.894737
20 0.310981 0.869822 0.894737
21 0.279270 0.905325 0.842105
22 0.288194 0.917160 0.842105
23 0.254400 0.946746 0.894737
24 0.255142 0.911243 0.894737
25 0.261415 0.905325 0.894737
26 0.245592 0.905325 0.947368
27 0.256738 0.887574 0.789474
28 0.253654 0.899408 0.894737
29 0.274618 0.911243 0.894737
30 0.238586 0.905325 0.894737
31 0.231607 0.917160 0.894737
32 0.226326 0.934911 0.894737
33 0.242192 0.952663 0.947368
34 0.248902 0.893491 0.894737
35 0.244097 0.899408 0.947368
36 0.210001 0.958580 0.894737
37 0.208966 0.781065 0.736842
38 0.215332 0.940828 0.947368
39 0.228127 0.940828 0.894737
40 0.242325 0.917160 0.947368
41 0.247659 0.905325 0.947368
42 0.222737 0.899408 0.894737
43 0.231112 0.923077 0.894737
44 0.221477 0.934911 0.947368
45 0.209067 0.928994 0.894737
46 0.211025 0.917160 0.947368
47 0.200891 0.958580 0.894737
48 0.205802 0.946746 0.947368
49 0.204748 0.911243 0.894737
50 0.185183 0.940828 0.947368
51 0.189076 0.958580 0.947368
52 0.188053 0.917160 0.894737
53 0.192645 0.952663 0.894737
54 0.196893 0.928994 0.894737
55 0.191177 0.958580 0.894737
56 0.194830 0.911243 0.894737
57 0.191961 0.958580 0.894737
58 0.183525 0.917160 0.894737
59 0.193513 0.917160 0.947368
60 0.192760 0.952663 0.894737
61 0.195250 0.899408 0.947368
62 0.195504 0.917160 0.894737
63 0.190122 0.905325 0.894737
64 0.187541 0.917160 0.894737
65 0.188742 0.958580 0.894737
66 0.188156 0.928994 0.842105
67 0.187992 0.958580 0.894737
68 0.184020 0.911243 0.894737
69 0.188152 0.958580 0.947368
70 0.189284 0.958580 0.947368
71 0.186885 0.899408 0.894737
72 0.190862 0.911243 0.842105
73 0.187352 0.911243 0.947368
74 0.184349 0.911243 0.894737
75 0.194244 0.917160 0.894737
76 0.196706 0.928994 0.894737
77 0.188661 0.911243 0.894737
78 0.189407 0.952663 1.000000
79 0.201956 0.911243 0.894737
80 0.191272 0.923077 0.947368
81 0.188930 0.905325 0.842105
82 0.190776 0.928994 0.842105
83 0.195963 0.899408 0.894737
84 0.278684 0.686391 0.631579
85 0.207604 0.911243 0.894737
86 0.191940 0.934911 0.842105
87 0.193620 0.917160 0.894737
88 0.188643 0.958580 0.894737
89 0.191889 0.946746 0.894737
90 0.194556 0.917160 0.894737
91 0.197671 0.958580 0.947368
92 0.190052 0.923077 0.894737
93 0.190250 0.964497 1.000000
94 0.186831 0.946746 0.947368
95 0.181550 0.964497 1.000000
96 0.184456 0.923077 0.789474
97 0.187387 0.958580 0.894737
98 0.178897 0.905325 0.894737
99 0.193818 0.911243 0.947368
100 0.179288 0.958580 0.894737
101 0.181092 0.917160 0.947368
102 0.170436 0.899408 0.947368
103 0.175790 0.934911 0.894737
104 0.182077 0.958580 0.947368
105 0.176244 0.923077 0.947368
106 0.182565 0.958580 0.947368
107 0.176487 0.934911 0.894737
108 0.177075 0.911243 0.894737
109 0.178502 0.952663 0.947368
110 0.170487 0.917160 0.947368
111 0.184410 0.964497 1.000000
112 0.177987 0.958580 0.894737
113 0.168418 0.940828 0.894737
114 0.183998 0.923077 0.947368
115 0.171097 0.928994 0.947368
116 0.175670 0.911243 0.947368
117 0.174878 0.917160 0.894737
118 0.188595 0.923077 0.894737
119 0.174723 0.911243 0.947368
120 0.179378 0.911243 0.894737
121 0.174030 0.923077 0.947368
122 0.176676 0.934911 0.947368
123 0.176175 0.911243 0.894737
124 0.179356 0.964497 0.947368
125 0.175968 0.964497 1.000000
126 0.175449 0.964497 1.000000
127 0.174849 0.917160 0.894737
128 0.173576 0.958580 1.000000
129 0.177231 0.911243 0.947368
130 0.176798 0.958580 0.894737
131 0.176494 0.952663 0.894737
132 0.179318 0.928994 0.894737
133 0.188939 0.964497 0.947368
134 0.187000 0.917160 0.894737
135 0.181453 0.958580 1.000000
136 0.176627 0.917160 0.894737
137 0.175684 0.964497 1.000000
138 0.171246 0.946746 0.894737
139 0.175556 0.923077 0.947368
140 0.171292 0.928994 0.947368
141 0.174104 0.911243 0.947368
142 0.187243 0.946746 0.947368
143 0.181778 0.940828 0.894737
144 0.170862 0.952663 1.000000
145 0.177756 0.928994 0.894737
146 0.175539 0.964497 0.947368
147 0.177786 0.964497 0.947368
148 0.179096 0.964497 0.947368
149 0.182397 0.958580 0.947368
150 0.173223 0.934911 0.947368
151 0.178862 0.928994 0.947368
152 0.167055 0.923077 0.894737
153 0.170120 0.905325 0.947368
154 0.170502 0.934911 0.894737
155 0.168246 0.934911 0.947368
156 0.170788 0.958580 0.947368
157 0.173906 0.928994 0.894737
158 0.163542 0.934911 0.894737
159 0.171911 0.952663 0.947368
160 0.168433 0.905325 0.894737
161 0.173101 0.923077 0.894737
162 0.172561 0.952663 0.947368
163 0.167731 0.964497 1.000000
164 0.177876 0.905325 0.947368
165 0.170821 0.934911 0.947368
166 0.168695 0.964497 1.000000
167 0.171144 0.934911 0.894737
168 0.171219 0.911243 0.947368
169 0.166504 0.917160 0.947368
170 0.173126 0.952663 0.894737
171 0.172771 0.934911 0.947368
172 0.168656 0.917160 0.947368
173 0.170340 0.952663 1.000000
174 0.167803 0.928994 0.894737
175 0.174318 0.923077 0.947368
176 0.173382 0.917160 0.894737
177 0.167840 0.958580 0.947368
178 0.163885 0.964497 0.947368
179 0.166325 0.958580 1.000000
180 0.166964 0.958580 0.947368
181 0.167833 0.946746 0.947368
182 0.164602 0.928994 0.947368
183 0.177075 0.923077 0.894737
184 0.168873 0.946746 0.947368
185 0.169767 0.893491 0.842105
186 0.169045 0.905325 0.947368
187 0.176145 0.928994 0.894737
188 0.176431 0.946746 0.947368
189 0.170103 0.934911 1.000000
190 0.162209 0.917160 0.947368
191 0.168899 0.958580 0.947368
192 0.173047 0.952663 0.894737
193 0.168861 0.964497 1.000000
194 0.170045 0.899408 0.842105
195 0.171706 0.928994 0.947368
196 0.168383 0.911243 0.894737
197 0.173583 0.928994 0.947368
198 0.166938 0.940828 0.947368
199 0.168767 0.923077 0.894737
200 0.160357 0.923077 0.947368
201 0.164298 0.928994 0.894737
202 0.166338 0.923077 0.894737
203 0.166782 0.923077 0.947368
204 0.165261 0.934911 0.894737
205 0.161424 0.940828 0.947368
206 0.165747 0.940828 0.947368
207 0.170212 0.928994 0.947368
208 0.161588 0.934911 0.947368
209 0.170918 0.911243 0.947368
210 0.165884 0.964497 1.000000
211 0.167714 0.934911 0.947368
212 0.173073 0.964497 1.000000
213 0.171640 0.917160 0.947368
214 0.167696 0.940828 0.894737
215 0.160750 0.911243 0.947368
216 0.162193 0.964497 0.947368
217 0.164965 0.964497 0.947368
218 0.169954 0.928994 0.947368
219 0.171871 0.940828 0.947368
220 0.172571 0.952663 0.947368
221 0.167789 0.923077 0.894737
222 0.164354 0.964497 1.000000
223 0.169540 0.958580 1.000000
224 0.164492 0.952663 0.947368
225 0.172516 0.964497 1.000000
226 0.172602 0.952663 0.947368
227 0.165933 0.917160 0.947368
228 0.165149 0.964497 0.947368
229 0.162638 0.946746 1.000000
230 0.166378 0.928994 0.947368
231 0.164269 0.934911 0.947368
232 0.163710 0.940828 0.894737
233 0.166482 0.958580 0.947368
234 0.160343 0.940828 0.947368
235 0.166309 0.928994 0.947368
236 0.168447 0.917160 0.947368
237 0.167519 0.964497 1.000000
238 0.163131 0.940828 0.947368
239 0.165207 0.946746 0.894737
240 0.168424 0.923077 0.894737
241 0.167605 0.940828 0.947368
242 0.163138 0.928994 0.947368
243 0.160860 0.923077 0.894737
244 0.156151 0.958580 1.000000
245 0.161142 0.928994 0.894737
246 0.165355 0.958580 0.947368
247 0.167008 0.928994 0.947368
248 0.168797 0.940828 0.947368
249 0.165775 0.923077 0.947368
250 0.163701 0.952663 0.894737
251 0.164402 0.923077 0.947368
252 0.159129 0.917160 0.947368
253 0.166597 0.923077 0.947368
254 0.168074 0.928994 0.894737
255 0.158329 0.958580 1.000000
256 0.164485 0.934911 0.947368
257 0.159018 0.940828 0.947368
258 0.167457 0.952663 0.894737
259 0.168976 0.923077 0.947368
260 0.166138 0.940828 0.947368
261 0.161343 0.934911 0.894737
262 0.154685 0.934911 0.894737
263 0.166700 0.928994 0.947368
264 0.156894 0.928994 0.947368
265 0.166880 0.928994 0.894737
266 0.165652 0.934911 0.894737
267 0.161545 0.940828 0.894737
268 0.159966 0.940828 0.947368
269 0.160121 0.923077 0.947368
270 0.158503 0.928994 0.947368
271 0.163622 0.917160 0.947368
272 0.160553 0.940828 0.894737
273 0.163332 0.934911 0.947368
274 0.160748 0.923077 0.947368
275 0.157649 0.923077 0.947368
276 0.160161 0.928994 0.947368
277 0.166546 0.934911 0.947368
278 0.158789 0.934911 0.947368
279 0.163010 0.928994 0.947368
280 0.165612 0.940828 0.947368
281 0.157495 0.952663 0.947368
282 0.166190 0.940828 0.947368
283 0.160787 0.952663 1.000000
284 0.164881 0.958580 1.000000
285 0.169735 0.917160 0.947368
286 0.164740 0.917160 0.947368
287 0.161538 0.934911 0.947368
288 0.167409 0.934911 0.947368
289 0.167069 0.923077 0.894737
290 0.165680 0.940828 0.947368
291 0.164574 0.952663 0.947368
292 0.163967 0.928994 0.894737
293 0.163401 0.940828 0.894737
294 0.163340 0.934911 0.894737
295 0.161600 0.928994 0.947368
296 0.159528 0.958580 1.000000
297 0.160752 0.946746 0.894737
298 0.163470 0.964497 0.947368
299 0.167566 0.952663 0.947368
300 0.162691 0.940828 0.894737
301 0.165479 0.934911 0.894737
302 0.171511 0.952663 0.894737
303 0.159592 0.934911 0.894737
304 0.161119 0.934911 0.947368
305 0.164553 0.928994 0.947368
306 0.163565 0.917160 0.947368
307 0.163145 0.934911 0.894737
308 0.157258 0.934911 0.894737
309 0.163674 0.917160 0.947368
310 0.157010 0.934911 0.894737
311 0.165020 0.917160 0.894737
312 0.162935 0.940828 0.894737
313 0.163989 0.923077 0.947368
314 0.167970 0.934911 0.947368
315 0.167819 0.940828 0.894737
316 0.156829 0.928994 0.894737
317 0.160500 0.934911 0.894737
318 0.157939 0.928994 0.947368
319 0.157535 0.940828 0.894737
320 0.154824 0.928994 0.894737
321 0.159579 0.934911 0.947368
322 0.160027 0.940828 0.894737
323 0.161848 0.934911 0.894737
324 0.162840 0.940828 0.894737
325 0.169951 0.928994 0.947368
326 0.165894 0.917160 0.947368
327 0.168418 0.934911 0.894737
328 0.164705 0.934911 0.947368
329 0.158830 0.934911 0.947368
330 0.163346 0.934911 0.894737
331 0.159955 0.952663 0.947368
332 0.164404 0.923077 0.894737
333 0.157525 0.958580 0.894737
334 0.164372 0.940828 0.894737
335 0.164317 0.934911 0.947368
336 0.160642 0.940828 0.894737
337 0.166320 0.946746 0.947368
338 0.162650 0.928994 0.894737
339 0.158618 0.940828 0.947368
340 0.162146 0.928994 0.947368
341 0.165197 0.928994 0.947368
342 0.162944 0.940828 0.894737
343 0.164475 0.940828 0.894737
344 0.165329 0.940828 0.894737
345 0.167274 0.934911 0.947368
346 0.158998 0.934911 0.947368
347 0.164084 0.934911 0.947368
348 0.162453 0.917160 0.947368
349 0.160184 0.940828 0.947368
350 0.164666 0.934911 0.947368
