1 1.827229 0.781065 0.789474
2 0.772813 0.869822 0.894737
3 0.765550 0.360947 0.315789
4 0.517722 0.887574 0.894737
5 0.711923 0.680473 0.736842
6 0.440843 0.881657 0.894737
7 0.347197 0.893491 0.842105
8 0.408339 0.846154 0.842105
9 0.350808 0.905325 0.894737
10 0.402211 0.840237 0.789474
11 0.368607 0.887574 0.894737
12 0.369645 0.875740 0.894737
13 0.299963 0.911243 0.842105
14 0.403202 0.899408 0.894737
15 0.334048 0.917160 0.894737
16 0.289576 0.905325 0.894737
17 0.255451 0.905325 0.894737
18 0.267212 0.875740 0.947368
19 0.267739 0.887574 0.789474
20 0.280326 0.946746 1.000000
21 0.258827 0.781065 0.684211
22 0.282200 0.905325 0.894737
23 0.271284 0.917160 0.894737
24 0.260977 0.763314 0.684211
25 0.255128 0.934911 0.842105
26 0.227698 0.911243 0.894737
27 0.241214 0.923077 0.894737
28 0.247997 0.946746 0.894737
29 0.215813 0.917160 0.894737
30 0.275525 0.911243 0.894737
31 0.256724 0.923077 0.947368
32 0.259724 0.917160 0.842105
33 0.246352 0.928994 0.894737
34 0.222983 0.928994 0.894737
35 0.239490 0.952663 0.947368
36 0.221438 0.952663 0.842105
37 0.226253 0.923077 0.789474
38 0.228485 0.923077 0.842105
39 0.220523 0.958580 0.842105
40 0.234676 0.840237 0.736842
41 0.212172 0.928994 0.842105
42 0.222625 0.917160 0.842105
43 0.220236 0.952663 0.789474
44 0.233323 0.911243 0.842105
45 0.260285 0.917160 0.947368
46 0.238974 0.905325 0.842105
47 0.237589 0.917160 0.842105
48 0.212354 0.917160 0.842105
49 0.197824 0.923077 0.842105
50 0.197241 0.952663 0.842105
51 0.177803 0.917160 0.842105
52 0.179632 0.917160 0.842105
53 0.190565 0.952663 0.894737
54 0.193064 0.970414 0.842105
55 0.198223 0.958580 0.947368
56 0.185308 0.923077 0.842105
57 0.190398 0.952663 0.842105
58 0.187323 0.958580 0.842105
59 0.193429 0.958580 0.842105
60 0.183066 0.964497 0.842105
61 0.184608 0.964497 0.842105
62 0.191241 0.928994 0.842105
63 0.192110 0.952663 0.842105
64 0.189596 0.946746 0.789474
65 0.184389 0.958580 0.842105
66 0.179989 0.964497 0.842105
67 0.183524 0.958580 0.947368
68 0.193715 0.934911 0.842105
69 0.182959 0.923077 0.842105
70 0.190267 0.970414 0.789474
71 0.182413 0.958580 0.842105
72 0.187241 0.964497 0.842105
73 0.185868 0.928994 0.842105
74 0.183623 0.958580 0.947368
75 0.189373 0.917160 0.842105
76 0.189266 0.940828 0.842105
77 0.183516 0.917160 0.842105
78 0.186265 0.946746 0.842105
79 0.180948 0.952663 0.842105
80 0.179175 0.899408 0.842105
81 0.191567 0.917160 0.842105
82 0.197249 0.952663 0.842105
83 0.182912 0.928994 0.894737
84 0.178522 0.923077 0.894737
85 0.173149 0.928994 0.842105
86 0.183549 0.952663 0.947368
87 0.185914 0.946746 0.842105
88 0.187685 0.958580 0.842105
89 0.185635 0.970414 0.789474
90 0.183150 0.940828 0.842105
91 0.185306 0.911243 0.842105
92 0.186384 0.958580 0.842105
93 0.181921 0.923077 0.842105
94 0.181458 0.958580 0.842105
95 0.185333 0.958580 0.789474
96 0.183221 0.928994 0.842105
97 0.183697 0.958580 0.789474
98 0.198072 0.946746 0.842105
99 0.193193 0.923077 0.842105
100 0.189004 0.923077 0.842105
101 0.173741 0.928994 0.842105
102 0.171270 0.964497 0.842105
103 0.181120 0.934911 0.842105
104 0.177362 0.952663 0.947368
105 0.175432 0.934911 0.842105
106 0.180373 0.952663 0.842105
107 0.177612 0.964497 0.947368
108 0.173013 0.958580 0.842105
109 0.177965 0.964497 0.842105
110 0.174597 0.952663 0.947368
111 0.173275 0.958580 0.789474
112 0.176656 0.917160 0.842105
113 0.176294 0.934911 0.842105
114 0.176284 0.940828 0.842105
115 0.181186 0.958580 0.947368
116 0.180357 0.917160 0.842105
117 0.173581 0.952663 0.842105
118 0.174537 0.934911 0.842105
119 0.185255 0.923077 0.842105
120 0.172827 0.946746 0.947368
121 0.181644 0.923077 0.842105
122 0.169736 0.952663 0.842105
123 0.168926 0.952663 0.842105
124 0.177109 0.952663 0.789474
125 0.181219 0.692308 0.631579
126 0.182788 0.923077 0.842105
127 0.177325 0.952663 0.842105
128 0.178051 0.964497 0.947368
129 0.180748 0.958580 0.842105
130 0.178127 0.964497 0.947368
131 0.174271 0.952663 0.842105
132 0.184053 0.940828 0.842105
133 0.171200 0.946746 0.842105
134 0.176246 0.923077 0.842105
135 0.172145 0.928994 0.842105
136 0.174454 0.923077 0.842105
137 0.179443 0.952663 0.789474
138 0.169230 0.964497 0.947368
139 0.179797 0.946746 0.947368
140 0.177348 0.970414 0.842105
141 0.182323 0.928994 0.842105
142 0.178901 0.934911 0.842105
143 0.180537 0.917160 0.842105
144 0.176839 0.934911 0.842105
145 0.184219 0.952663 0.789474
146 0.179515 0.934911 0.842105
147 0.174185 0.958580 0.947368
148 0.175030 0.934911 0.842105
149 0.173761 0.934911 0.842105
150 0.178961 0.928994 0.842105
151 0.168528 0.946746 0.842105
152 0.169661 0.964497 0.947368
153 0.166468 0.946746 0.842105
154 0.168209 0.940828 0.842105
155 0.173901 0.940828 0.842105
156 0.174808 0.952663 0.842105
157 0.168668 0.952663 0.947368
158 0.170481 0.934911 0.842105
159 0.170609 0.934911 0.842105
160 0.174479 0.964497 0.842105
161 0.168473 0.952663 0.842105
162 0.168242 0.934911 0.842105
163 0.171985 0.970414 0.842105
164 0.176866 0.958580 0.842105
165 0.170481 0.934911 0.842105
166 0.163497 0.952663 0.947368
167 0.161829 0.934911 0.842105
168 0.171135 0.946746 0.842105
169 0.170745 0.952663 0.947368
170 0.167803 0.946746 0.842105
171 0.172463 0.946746 0.842105
172 0.176646 0.946746 0.842105
173 0.170035 0.940828 0.842105
174 0.175055 0.940828 0.842105
175 0.173021 0.964497 0.842105
176 0.183210 0.964497 0.842105
177 0.166176 0.928994 0.842105
178 0.159152 0.940828 0.842105
179 0.172101 0.952663 0.842105
180 0.171097 0.970414 0.842105
181 0.173553 0.946746 0.842105
182 0.171076 0.958580 0.842105
183 0.179200 0.940828 0.842105
184 0.166969 0.928994 0.842105
185 0.167395 0.958580 0.894737
186 0.161489 0.952663 0.842105
187 0.171071 0.964497 0.947368
188 0.168421 0.928994 0.842105
189 0.169791 0.934911 0.842105
190 0.168623 0.934911 0.842105
191 0.170203 0.970414 0.842105
192 0.181085 0.940828 0.842105
193 0.162099 0.946746 0.842105
194 0.170184 0.952663 0.842105
195 0.170774 0.946746 0.842105
196 0.158887 0.958580 0.842105
197 0.174622 0.928994 0.842105
198 0.156831 0.958580 0.842105
199 0.166319 0.946746 0.842105
200 0.163240 0.952663 0.842105
201 0.163306 0.940828 0.842105
202 0.169122 0.934911 0.842105
203 0.171758 0.952663 0.842105
204 0.168759 0.958580 0.842105
205 0.167605 0.952663 0.842105
206 0.166395 0.958580 0.842105
207 0.173846 0.946746 0.842105
208 0.159050 0.958580 0.842105
209 0.170083 0.928994 0.842105
210 0.165084 0.958580 0.842105
211 0.157243 0.958580 0.842105
212 0.169415 0.928994 0.842105
213 0.161763 0.958580 0.842105
214 0.162903 0.934911 0.842105
215 0.164553 0.952663 0.842105
216 0.160875 0.946746 0.842105
217 0.170080 0.958580 0.947368
218 0.168314 0.964497 0.842105
219 0.169060 0.952663 0.842105
220 0.164990 0.952663 0.842105
221 0.170184 0.964497 0.842105
222 0.166869 0.952663 0.842105
223 0.173283 0.923077 0.842105
224 0.163978 0.970414 0.789474
225 0.164712 0.958580 0.842105
226 0.167619 0.952663 0.947368
227 0.170000 0.952663 0.842105
228 0.172412 0.946746 0.842105
229 0.159735 0.958580 0.842105
230 0.165911 0.934911 0.842105
231 0.170289 0.934911 0.842105
232 0.161003 0.952663 0.842105
233 0.170936 0.970414 0.842105
234 0.164099 0.958580 0.842105
235 0.168240 0.946746 0.842105
236 0.162991 0.958580 0.842105
237 0.166822 0.940828 0.842105
238 0.164888 0.970414 0.842105
239 0.164803 0.934911 0.842105
240 0.165505 0.964497 0.842105
241 0.156696 0.940828 0.842105
242 0.158531 0.923077 0.842105
243 0.166224 0.940828 0.842105
244 0.169014 0.934911 0.842105
245 0.160712 0.964497 0.842105
246 0.165020 0.952663 0.842105
247 0.164994 0.952663 0.842105
248 0.167815 0.952663 0.842105
249 0.166729 0.934911 0.842105
250 0.167428 0.952663 0.842105
251 0.169134 0.923077 0.842105
252 0.158536 0.940828 0.842105
253 0.165004 0.946746 0.842105
254 0.165115 0.958580 0.842105
255 0.162511 0.958580 0.842105
256 0.164197 0.958580 0.842105
257 0.156739 0.946746 0.842105
258 0.161438 0.946746 0.842105
259 0.165499 0.934911 0.842105
260 0.164895 0.952663 0.842105
261 0.169793 0.928994 0.842105
262 0.164497 0.946746 0.842105
263 0.164633 0.940828 0.842105
264 0.163227 0.946746 0.842105
265 0.165389 0.946746 0.842105
266 0.164627 0.946746 0.842105
267 0.162160 0.946746 0.842105
268 0.162076 0.958580 0.842105
269 0.160311 0.958580 0.842105
270 0.167142 0.952663 0.842105
271 0.163012 0.946746 0.842105
272 0.163607 0.946746 0.842105
273 0.162411 0.934911 0.842105
274 0.162579 0.946746 0.842105
275 0.167204 0.958580 0.842105
276 0.167441 0.946746 0.842105
277 0.163826 0.928994 0.842105
278 0.156103 0.958580 0.842105
279 0.164977 0.952663 0.842105
280 0.156295 0.946746 0.842105
281 0.161305 0.952663 0.842105
282 0.165042 0.940828 0.842105
283 0.159526 0.958580 0.842105
284 0.153334 0.958580 0.842105
285 0.167511 0.952663 0.842105
286 0.167365 0.940828 0.842105
287 0.160975 0.934911 0.842105
288 0.160188 0.958580 0.842105
289 0.162850 0.952663 0.842105
290 0.159000 0.952663 0.842105
291 0.159421 0.940828 0.842105
292 0.155060 0.946746 0.842105
293 0.166076 0.958580 0.842105
294 0.163812 0.940828 0.842105
295 0.160541 0.934911 0.842105
296 0.159950 0.952663 0.842105
297 0.163689 0.958580 0.842105
298 0.160103 0.946746 0.842105
299 0.169109 0.964497 0.842105
300 0.165917 0.952663 0.842105
301 0.166121 0.928994 0.842105
302 0.158918 0.958580 0.842105
303 0.161632 0.952663 0.842105
304 0.164270 0.946746 0.842105
305 0.163287 0.946746 0.842105
306 0.164078 0.946746 0.842105
307 0.165530 0.946746 0.842105
308 0.163008 0.940828 0.842105
309 0.160410 0.946746 0.842105
310 0.163696 0.964497 0.842105
311 0.157716 0.946746 0.842105
312 0.166538 0.958580 0.842105
313 0.165811 0.934911 0.842105
314 0.159598 0.928994 0.842105
315 0.160427 0.958580 0.842105
316 0.163058 0.946746 0.842105
317 0.166563 0.952663 0.842105
318 0.154451 0.928994 0.842105
319 0.164160 0.934911 0.842105
320 0.156200 0.946746 0.842105
321 0.158469 0.946746 0.842105
322 0.161801 0.952663 0.842105
323 0.162224 0.946746 0.842105
324 0.166112 0.946746 0.842105
325 0.160314 0.946746 0.842105
326 0.164180 0.952663 0.842105
327 0.168843 0.952663 0.842105
328 0.159324 0.934911 0.842105
329 0.161310 0.946746 0.842105
330 0.161622 0.934911 0.842105
331 0.156998 0.952663 0.842105
332 0.162913 0.952663 0.842105
333 0.158160 0.958580 0.842105
334 0.156998 0.952663 0.842105
335 0.164807 0.934911 0.842105
336 0.158452 0.940828 0.842105
337 0.161091 0.952663 0.842105
338 0.162104 0.928994 0.842105
339 0.155012 0.946746 0.842105
340 0.162489 0.940828 0.842105
341 0.159822 0.928994 0.842105
342 0.165092 0.940828 0.842105
343 0.156898 0.958580 0.842105
344 0.166333 0.946746 0.842105
345 0.161450 0.958580 0.842105
346 0.156881 0.964497 0.842105
347 0.160362 0.940828 0.842105
348 0.164914 0.940828 0.842105
349 0.159542 0.952663 0.842105
350 0.163069 0.934911 0.842105
