1 2.567201 0.741111 0.700000
2 0.739661 0.782222 0.740000
3 0.654540 0.783333 0.770000
4 0.464335 0.835556 0.760000
5 0.491080 0.826667 0.750000
6 0.473042 0.825556 0.730000
7 0.422611 0.810000 0.730000
8 0.385216 0.851111 0.720000
9 0.394670 0.838889 0.730000
10 0.356136 0.863333 0.750000
11 0.341011 0.830000 0.740000
12 0.430949 0.846667 0.770000
13 0.415726 0.852222 0.760000
14 0.361403 0.860000 0.750000
15 0.332483 0.874444 0.740000
16 0.291675 0.862222 0.770000
17 0.274224 0.885556 0.780000
18 0.260830 0.885556 0.730000
19 0.282902 0.881111 0.760000
20 0.279603 0.871111 0.740000
21 0.300483 0.882222 0.740000
22 0.259129 0.894444 0.710000
23 0.252791 0.886667 0.750000
24 0.253808 0.894444 0.760000
25 0.243363 0.887778 0.720000
26 0.252475 0.890000 0.730000
27 0.235370 0.895556 0.720000
28 0.263109 0.875556 0.740000
29 0.262793 0.891111 0.760000
30 0.245890 0.892222 0.740000
31 0.250207 0.893333 0.760000
32 0.241759 0.896667 0.750000
33 0.250892 0.876667 0.720000
34 0.256685 0.878889 0.720000
35 0.264478 0.881111 0.760000
36 0.276678 0.887778 0.740000
37 0.441713 0.850000 0.700000
38 0.309916 0.860000 0.730000
39 0.281448 0.863333 0.730000
40 0.274611 0.885556 0.760000
41 0.267308 0.880000 0.760000
42 0.251141 0.883333 0.740000
43 0.250067 0.893333 0.720000
44 0.259010 0.893333 0.730000
45 0.238533 0.888889 0.750000
46 0.226132 0.895556 0.730000
47 0.232283 0.898889 0.700000
48 0.234624 0.897778 0.750000
49 0.251950 0.890000 0.730000
50 0.226135 0.898889 0.700000
51 0.202402 0.906667 0.730000
52 0.192923 0.905556 0.700000
53 0.190797 0.904444 0.690000
54 0.206798 0.904444 0.680000
55 0.198818 0.908889 0.720000
56 0.196652 0.907778 0.720000
57 0.187164 0.906667 0.730000
58 0.188766 0.906667 0.700000
59 0.213626 0.897778 0.700000
60 0.217877 0.905556 0.720000
61 0.226563 0.897778 0.730000
62 0.211452 0.910000 0.730000
63 0.201681 0.906667 0.760000
64 0.206332 0.902222 0.740000
65 0.194908 0.907778 0.720000
66 0.207493 0.907778 0.740000
67 0.187892 0.910000 0.730000
68 0.198029 0.906667 0.720000
69 0.189038 0.910000 0.720000
70 0.212082 0.903333 0.700000
71 0.184526 0.908889 0.730000
72 0.186936 0.908889 0.750000
73 0.218040 0.905556 0.760000
74 0.200790 0.907778 0.710000
75 0.194383 0.904444 0.730000
76 0.186604 0.903333 0.740000
77 0.194093 0.910000 0.720000
78 0.191774 0.912222 0.730000
79 0.228163 0.893333 0.730000
80 0.212342 0.906667 0.720000
81 0.191668 0.907778 0.710000
82 0.182554 0.906667 0.720000
83 0.191362 0.903333 0.710000
84 0.199081 0.904444 0.710000
85 0.223471 0.907778 0.690000
86 0.199485 0.904444 0.730000
87 0.191589 0.910000 0.730000
88 0.193981 0.905556 0.740000
89 0.207987 0.906667 0.710000
90 0.211630 0.910000 0.710000
91 0.180356 0.910000 0.700000
92 0.194516 0.907778 0.740000
93 0.196475 0.907778 0.730000
94 0.186098 0.908889 0.740000
95 0.184763 0.904444 0.730000
96 0.207992 0.910000 0.730000
97 0.205125 0.904444 0.720000
98 0.193477 0.906667 0.700000
99 0.186867 0.904444 0.720000
100 0.179629 0.907778 0.720000
101 0.179530 0.908889 0.720000
102 0.176540 0.908889 0.720000
103 0.188450 0.903333 0.700000
104 0.175432 0.911111 0.720000
105 0.182610 0.905556 0.720000
106 0.177244 0.910000 0.730000
107 0.170837 0.907778 0.720000
108 0.178891 0.911111 0.730000
109 0.179336 0.910000 0.720000
110 0.178278 0.911111 0.700000
111 0.179366 0.910000 0.750000
112 0.170258 0.912222 0.700000
113 0.170406 0.911111 0.740000
114 0.182229 0.912222 0.720000
115 0.175059 0.911111 0.730000
116 0.181372 0.910000 0.740000
117 0.173296 0.906667 0.760000
118 0.191706 0.903333 0.700000
119 0.188051 0.905556 0.750000
120 0.185585 0.912222 0.720000
121 0.181914 0.911111 0.730000
122 0.210444 0.908889 0.710000
123 0.213631 0.910000 0.720000
124 0.184757 0.911111 0.720000
125 0.180660 0.912222 0.710000
126 0.184720 0.912222 0.720000
127 0.175828 0.914444 0.720000
128 0.172658 0.911111 0.740000
129 0.188310 0.908889 0.750000
130 0.179975 0.910000 0.730000
131 0.183740 0.913333 0.720000
132 0.181313 0.910000 0.730000
133 0.177964 0.911111 0.730000
134 0.173908 0.913333 0.730000
135 0.174631 0.910000 0.730000
136 0.171457 0.913333 0.740000
137 0.179918 0.910000 0.730000
138 0.184189 0.914444 0.740000
139 0.172226 0.912222 0.740000
140 0.175232 0.912222 0.720000
141 0.167715 0.914444 0.700000
142 0.178782 0.913333 0.720000
143 0.183003 0.913333 0.710000
144 0.182905 0.914444 0.720000
145 0.176052 0.911111 0.750000
146 0.171698 0.910000 0.730000
147 0.173575 0.907778 0.710000
148 0.164911 0.914444 0.730000
149 0.169293 0.914444 0.720000
150 0.171798 0.914444 0.740000
151 0.173811 0.915556 0.720000
152 0.169772 0.913333 0.720000
153 0.171328 0.914444 0.740000
154 0.168149 0.913333 0.740000
155 0.157208 0.915556 0.720000
156 0.167549 0.912222 0.730000
157 0.167708 0.914444 0.720000
158 0.162907 0.914444 0.720000
159 0.170946 0.915556 0.720000
160 0.167615 0.912222 0.740000
161 0.163128 0.913333 0.740000
162 0.161540 0.914444 0.730000
163 0.169702 0.913333 0.720000
164 0.170547 0.914444 0.720000
165 0.169659 0.913333 0.720000
166 0.163908 0.913333 0.710000
167 0.171995 0.914444 0.700000
168 0.168634 0.914444 0.710000
169 0.161142 0.914444 0.700000
170 0.158702 0.914444 0.710000
171 0.167782 0.913333 0.710000
172 0.169281 0.915556 0.720000
173 0.178441 0.911111 0.710000
174 0.163354 0.912222 0.710000
175 0.167125 0.913333 0.710000
176 0.168732 0.912222 0.720000
177 0.166998 0.913333 0.720000
178 0.172989 0.914444 0.710000
179 0.174525 0.913333 0.710000
180 0.168252 0.914444 0.710000
181 0.160435 0.915556 0.720000
182 0.163171 0.913333 0.710000
183 0.177011 0.916667 0.720000
184 0.168943 0.914444 0.720000
185 0.160829 0.913333 0.710000
186 0.163356 0.913333 0.740000
187 0.167588 0.914444 0.720000
188 0.161638 0.915556 0.700000
189 0.159983 0.914444 0.720000
190 0.167871 0.912222 0.720000
191 0.168409 0.912222 0.710000
192 0.160811 0.914444 0.720000
193 0.162794 0.914444 0.710000
194 0.160028 0.914444 0.710000
195 0.158089 0.915556 0.720000
196 0.178213 0.913333 0.710000
197 0.162813 0.914444 0.710000
198 0.162497 0.915556 0.720000
199 0.164354 0.915556 0.720000
200 0.167079 0.915556 0.720000
201 0.158237 0.915556 0.720000
202 0.165814 0.915556 0.710000
203 0.160936 0.914444 0.720000
204 0.159177 0.914444 0.710000
205 0.161749 0.914444 0.730000
206 0.161936 0.915556 0.730000
207 0.165507 0.915556 0.720000
208 0.162444 0.914444 0.730000
209 0.164913 0.913333 0.730000
210 0.158531 0.914444 0.720000
211 0.162466 0.915556 0.700000
212 0.162969 0.914444 0.720000
213 0.158834 0.914444 0.710000
214 0.170054 0.915556 0.720000
215 0.161023 0.912222 0.720000
216 0.156126 0.914444 0.720000
217 0.160777 0.913333 0.720000
218 0.162599 0.915556 0.720000
219 0.162718 0.915556 0.710000
220 0.162516 0.914444 0.720000
221 0.159574 0.915556 0.730000
222 0.161627 0.915556 0.710000
223 0.163476 0.914444 0.720000
224 0.165372 0.914444 0.710000
225 0.168277 0.914444 0.710000
226 0.161874 0.914444 0.720000
227 0.159414 0.915556 0.720000
228 0.170928 0.913333 0.710000
229 0.158532 0.914444 0.710000
230 0.166937 0.912222 0.720000
231 0.162254 0.914444 0.720000
232 0.159049 0.914444 0.710000
233 0.151176 0.914444 0.710000
234 0.161741 0.916667 0.720000
235 0.161166 0.915556 0.710000
236 0.162908 0.915556 0.710000
237 0.164303 0.916667 0.720000
238 0.159522 0.913333 0.710000
239 0.164340 0.913333 0.710000
240 0.161450 0.912222 0.710000
241 0.160810 0.915556 0.730000
242 0.161393 0.914444 0.730000
243 0.168160 0.914444 0.720000
244 0.156000 0.914444 0.710000
245 0.164983 0.915556 0.710000
246 0.167397 0.914444 0.730000
247 0.165394 0.914444 0.720000
248 0.165705 0.914444 0.730000
249 0.161458 0.914444 0.730000
250 0.165389 0.914444 0.720000
251 0.162362 0.915556 0.740000
252 0.160811 0.915556 0.720000
253 0.160160 0.915556 0.720000
254 0.158610 0.914444 0.730000
255 0.157934 0.915556 0.710000
256 0.159920 0.914444 0.710000
257 0.158510 0.915556 0.720000
258 0.163339 0.914444 0.720000
259 0.156987 0.914444 0.730000
260 0.163785 0.914444 0.720000
261 0.159321 0.915556 0.730000
262 0.170732 0.913333 0.740000
263 0.158488 0.915556 0.730000
264 0.167789 0.914444 0.730000
265 0.155762 0.915556 0.730000
266 0.156419 0.914444 0.730000
267 0.162657 0.914444 0.730000
268 0.159004 0.915556 0.730000
269 0.158674 0.913333 0.730000
270 0.165569 0.913333 0.730000
271 0.159737 0.915556 0.730000
272 0.155280 0.914444 0.730000
273 0.158217 0.912222 0.720000
274 0.157430 0.913333 0.730000
275 0.157554 0.915556 0.730000
276 0.165028 0.914444 0.730000
277 0.164032 0.915556 0.730000
278 0.156299 0.913333 0.720000
279 0.158946 0.913333 0.740000
280 0.157910 0.913333 0.720000
281 0.163000 0.914444 0.730000
282 0.157890 0.914444 0.720000
283 0.160003 0.913333 0.730000
284 0.159534 0.914444 0.730000
285 0.162274 0.913333 0.730000
286 0.160155 0.913333 0.730000
287 0.154878 0.914444 0.740000
288 0.161354 0.914444 0.730000
289 0.154531 0.914444 0.730000
290 0.161254 0.915556 0.730000
291 0.153576 0.914444 0.720000
292 0.157494 0.914444 0.720000
293 0.154452 0.914444 0.720000
294 0.160069 0.913333 0.730000
295 0.160072 0.914444 0.710000
296 0.155190 0.915556 0.720000
297 0.162393 0.914444 0.720000
298 0.157757 0.914444 0.730000
299 0.156135 0.913333 0.710000
300 0.159213 0.913333 0.720000
301 0.160728 0.913333 0.730000
302 0.162595 0.913333 0.720000
303 0.161893 0.913333 0.720000
304 0.157375 0.913333 0.720000
305 0.155162 0.914444 0.730000
306 0.159356 0.913333 0.710000
307 0.162247 0.915556 0.720000
308 0.161717 0.915556 0.720000
309 0.162385 0.913333 0.710000
310 0.162844 0.915556 0.720000
311 0.160324 0.915556 0.710000
312 0.158560 0.915556 0.710000
313 0.159084 0.915556 0.710000
314 0.153612 0.914444 0.720000
315 0.155430 0.914444 0.710000
316 0.163843 0.914444 0.720000
317 0.159264 0.915556 0.720000
318 0.158800 0.914444 0.720000
319 0.158078 0.914444 0.710000
320 0.158558 0.915556 0.710000
321 0.159553 0.915556 0.710000
322 0.158782 0.914444 0.710000
323 0.157910 0.914444 0.710000
324 0.155911 0.913333 0.710000
325 0.157203 0.914444 0.720000
326 0.156620 0.916667 0.720000
327 0.152350 0.913333 0.720000
328 0.161852 0.913333 0.720000
329 0.157054 0.913333 0.720000
330 0.162226 0.915556 0.720000
331 0.158205 0.914444 0.720000
332 0.156796 0.914444 0.720000
333 0.163287 0.914444 0.720000
334 0.157424 0.915556 0.720000
335 0.156575 0.915556 0.720000
336 0.157733 0.914444 0.720000
337 0.165172 0.914444 0.720000
338 0.163301 0.915556 0.710000
339 0.154183 0.915556 0.710000
340 0.158700 0.914444 0.710000
341 0.157272 0.914444 0.710000
342 0.158578 0.914444 0.720000
343 0.162367 0.915556 0.720000
344 0.154080 0.914444 0.720000
345 0.159357 0.914444 0.720000
346 0.163779 0.914444 0.720000
347 0.157501 0.914444 0.710000
348 0.159828 0.914444 0.710000
349 0.162624 0.915556 0.720000
350 0.157977 0.915556 0.720000
