1 3.597821 0.693548 0.529412
2 1.562550 0.648387 0.529412
3 1.418402 0.670968 0.676471
4 1.045062 0.751613 0.617647
5 0.909737 0.735484 0.588235
6 1.130410 0.629032 0.529412
7 1.011553 0.729032 0.470588
8 0.724959 0.732258 0.558824
9 0.644400 0.774194 0.558824
10 0.650731 0.619355 0.470588
11 0.629592 0.725806 0.617647
12 0.529404 0.803226 0.647059
13 0.497316 0.829032 0.617647
14 0.440171 0.812903 0.588235
15 0.455856 0.812903 0.558824
16 0.487985 0.803226 0.647059
17 0.403063 0.809677 0.529412
18 0.434113 0.819355 0.588235
19 0.349053 0.848387 0.558824
20 0.357121 0.809677 0.558824
21 0.393986 0.787097 0.647059
22 0.347695 0.825806 0.558824
23 0.328874 0.870968 0.647059
24 0.349561 0.800000 0.705882
25 0.474936 0.825806 0.529412
26 0.348062 0.851613 0.617647
27 0.299643 0.864516 0.588235
28 0.303266 0.893548 0.617647
29 0.290942 0.870968 0.647059
30 0.275251 0.877419 0.529412
31 0.288769 0.854839 0.558824
32 0.369411 0.841935 0.617647
33 0.333720 0.887097 0.588235
34 0.276338 0.861290 0.558824
35 0.277740 0.896774 0.588235
36 0.266703 0.896774 0.588235
37 0.242786 0.909677 0.529412
38 0.232110 0.890323 0.617647
39 0.334411 0.829032 0.647059
40 0.310717 0.880645 0.676471
41 0.258096 0.896774 0.705882
42 0.227470 0.925806 0.617647
43 0.214874 0.900000 0.558824
44 0.239330 0.909677 0.558824
45 0.213652 0.906452 0.647059
46 0.233803 0.903226 0.617647
47 0.347516 0.835484 0.500000
48 0.261350 0.893548 0.470588
49 0.249099 0.900000 0.588235
50 0.231363 0.912903 0.558824
51 0.201000 0.909677 0.558824
52 0.192042 0.909677 0.588235
53 0.195878 0.916129 0.588235
54 0.191192 0.909677 0.558824
55 0.188303 0.909677 0.529412
56 0.181737 0.922581 0.529412
57 0.180833 0.932258 0.529412
58 0.181033 0.912903 0.558824
59 0.190052 0.935484 0.617647
60 0.224202 0.874194 0.647059
61 0.278855 0.887097 0.647059
62 0.212165 0.906452 0.617647
63 0.186228 0.929032 0.647059
64 0.213944 0.935484 0.647059
65 0.191504 0.938710 0.529412
66 0.173671 0.945161 0.617647
67 0.172239 0.935484 0.558824
68 0.173181 0.938710 0.588235
69 0.174893 0.954839 0.617647
70 0.180432 0.932258 0.588235
71 0.160895 0.941935 0.617647
72 0.204895 0.925806 0.676471
73 0.229617 0.935484 0.558824
74 0.186284 0.938710 0.588235
75 0.163619 0.945161 0.500000
76 0.158863 0.958065 0.558824
77 0.159089 0.925806 0.558824
78 0.172525 0.929032 0.500000
79 0.174607 0.948387 0.529412
80 0.160881 0.948387 0.588235
81 0.159803 0.935484 0.441176
82 0.177392 0.932258 0.617647
83 0.255937 0.919355 0.676471
84 0.188669 0.941935 0.617647
85 0.166633 0.951613 0.588235
86 0.152284 0.938710 0.647059
87 0.157616 0.948387 0.529412
88 0.144201 0.970968 0.588235
89 0.158586 0.954839 0.529412
90 0.147468 0.954839 0.617647
91 0.144446 0.964516 0.558824
92 0.166281 0.945161 0.500000
93 0.215862 0.935484 0.558824
94 0.179408 0.945161 0.529412
95 0.175186 0.951613 0.588235
96 0.156263 0.941935 0.558824
97 0.143134 0.951613 0.529412
98 0.136096 0.958065 0.529412
99 0.153205 0.948387 0.558824
100 0.142381 0.951613 0.558824
101 0.125451 0.958065 0.558824
102 0.127249 0.958065 0.529412
103 0.132173 0.948387 0.529412
104 0.124827 0.964516 0.529412
105 0.126455 0.954839 0.558824
106 0.128139 0.948387 0.558824
107 0.132076 0.948387 0.529412
108 0.134134 0.961290 0.558824
109 0.127887 0.951613 0.529412
110 0.113973 0.951613 0.529412
111 0.122563 0.958065 0.529412
112 0.139128 0.961290 0.529412
113 0.132008 0.954839 0.558824
114 0.126630 0.951613 0.588235
115 0.131238 0.964516 0.558824
116 0.152858 0.961290 0.500000
117 0.133756 0.961290 0.529412
118 0.159658 0.948387 0.529412
119 0.139208 0.954839 0.617647
120 0.141583 0.951613 0.617647
121 0.132327 0.958065 0.588235
122 0.132619 0.951613 0.617647
123 0.127807 0.951613 0.558824
124 0.130387 0.948387 0.558824
125 0.129104 0.951613 0.558824
126 0.128905 0.954839 0.529412
127 0.118230 0.958065 0.558824
128 0.123391 0.958065 0.529412
129 0.124300 0.961290 0.558824
130 0.128010 0.961290 0.529412
131 0.119981 0.951613 0.558824
132 0.127080 0.964516 0.470588
133 0.133095 0.970968 0.558824
134 0.124137 0.967742 0.558824
135 0.132185 0.954839 0.500000
136 0.125520 0.967742 0.470588
137 0.123961 0.964516 0.558824
138 0.121704 0.958065 0.529412
139 0.127403 0.964516 0.558824
140 0.122946 0.958065 0.588235
141 0.124203 0.961290 0.529412
142 0.129070 0.958065 0.529412
143 0.130217 0.954839 0.470588
144 0.121985 0.964516 0.558824
145 0.122637 0.954839 0.558824
146 0.118047 0.951613 0.529412
147 0.128872 0.958065 0.588235
148 0.124367 0.951613 0.500000
149 0.128155 0.964516 0.529412
150 0.122383 0.961290 0.558824
151 0.119046 0.967742 0.588235
152 0.123848 0.961290 0.558824
153 0.108846 0.961290 0.529412
154 0.112635 0.961290 0.500000
155 0.113935 0.954839 0.500000
156 0.111508 0.958065 0.500000
157 0.109777 0.970968 0.500000
158 0.110532 0.961290 0.500000
159 0.113720 0.954839 0.500000
160 0.117551 0.964516 0.529412
161 0.109754 0.964516 0.500000
162 0.109838 0.961290 0.500000
163 0.107627 0.954839 0.470588
164 0.115919 0.958065 0.529412
165 0.103761 0.958065 0.500000
166 0.116184 0.961290 0.529412
167 0.111277 0.958065 0.500000
168 0.109488 0.961290 0.500000
169 0.113601 0.951613 0.500000
170 0.112453 0.964516 0.500000
171 0.113967 0.958065 0.529412
172 0.108065 0.961290 0.558824
173 0.106399 0.964516 0.558824
174 0.105988 0.951613 0.558824
175 0.112144 0.964516 0.470588
176 0.108625 0.961290 0.529412
177 0.111708 0.954839 0.470588
178 0.112629 0.961290 0.558824
179 0.112636 0.958065 0.529412
180 0.116834 0.958065 0.558824
181 0.109278 0.967742 0.529412
182 0.112182 0.961290 0.529412
183 0.118021 0.967742 0.529412
184 0.117501 0.961290 0.500000
185 0.115815 0.961290 0.500000
186 0.110978 0.951613 0.529412
187 0.111443 0.958065 0.558824
188 0.115225 0.958065 0.558824
189 0.115309 0.958065 0.529412
190 0.112037 0.954839 0.529412
191 0.108283 0.958065 0.529412
192 0.112891 0.958065 0.529412
193 0.111470 0.958065 0.529412
194 0.111876 0.954839 0.529412
195 0.111349 0.967742 0.500000
196 0.106378 0.964516 0.529412
197 0.112088 0.958065 0.500000
198 0.110317 0.954839 0.500000
199 0.114831 0.967742 0.529412
200 0.106454 0.961290 0.529412
201 0.101568 0.958065 0.529412
202 0.106780 0.964516 0.529412
203 0.107134 0.961290 0.500000
204 0.100897 0.954839 0.500000
205 0.104713 0.964516 0.500000
206 0.104449 0.961290 0.529412
207 0.104630 0.958065 0.500000
208 0.103384 0.961290 0.500000
209 0.104256 0.958065 0.500000
210 0.116637 0.961290 0.529412
211 0.112921 0.964516 0.529412
212 0.111180 0.961290 0.529412
213 0.105692 0.961290 0.500000
214 0.111483 0.958065 0.500000
215 0.104385 0.964516 0.500000
216 0.103948 0.958065 0.500000
217 0.100849 0.958065 0.558824
218 0.101159 0.970968 0.529412
219 0.114802 0.964516 0.558824
220 0.110144 0.967742 0.558824
221 0.103496 0.961290 0.529412
222 0.109418 0.964516 0.529412
223 0.110676 0.967742 0.529412
224 0.104099 0.958065 0.529412
225 0.104443 0.954839 0.558824
226 0.107238 0.958065 0.558824
227 0.107673 0.964516 0.529412
228 0.104031 0.964516 0.529412
229 0.100806 0.970968 0.529412
230 0.099003 0.961290 0.500000
231 0.104918 0.967742 0.529412
232 0.106804 0.954839 0.529412
233 0.107509 0.958065 0.529412
234 0.104909 0.967742 0.470588
235 0.107743 0.961290 0.529412
236 0.104680 0.961290 0.529412
237 0.109337 0.961290 0.529412
238 0.102120 0.958065 0.500000
239 0.099978 0.961290 0.529412
240 0.107356 0.961290 0.500000
241 0.104378 0.961290 0.500000
242 0.102140 0.961290 0.470588
243 0.101194 0.964516 0.500000
244 0.106690 0.964516 0.441176
245 0.102212 0.964516 0.470588
246 0.104434 0.961290 0.529412
247 0.104736 0.967742 0.558824
248 0.104826 0.964516 0.500000
249 0.100789 0.964516 0.558824
250 0.102665 0.970968 0.500000
251 0.104363 0.961290 0.500000
252 0.097638 0.961290 0.529412
253 0.098444 0.964516 0.529412
254 0.102737 0.961290 0.500000
255 0.097506 0.964516 0.529412
256 0.097631 0.958065 0.500000
257 0.100166 0.964516 0.500000
258 0.106700 0.964516 0.500000
259 0.096158 0.964516 0.500000
260 0.101167 0.964516 0.500000
261 0.109926 0.964516 0.558824
262 0.100499 0.967742 0.529412
263 0.099229 0.964516 0.558824
264 0.101070 0.964516 0.558824
265 0.102271 0.967742 0.529412
266 0.101403 0.961290 0.558824
267 0.099600 0.967742 0.558824
268 0.100043 0.964516 0.558824
269 0.101324 0.967742 0.558824
270 0.099464 0.967742 0.558824
271 0.093536 0.967742 0.558824
272 0.102176 0.970968 0.558824
273 0.100768 0.964516 0.558824
274 0.098552 0.967742 0.529412
275 0.098464 0.970968 0.529412
276 0.099585 0.970968 0.529412
277 0.097023 0.970968 0.529412
278 0.094517 0.970968 0.529412
279 0.095056 0.964516 0.529412
280 0.093030 0.970968 0.529412
281 0.097780 0.970968 0.529412
282 0.097699 0.967742 0.529412
283 0.091674 0.967742 0.529412
284 0.092820 0.967742 0.529412
285 0.096775 0.967742 0.529412
286 0.098309 0.974194 0.529412
287 0.095817 0.974194 0.529412
288 0.090810 0.970968 0.529412
289 0.095809 0.967742 0.529412
290 0.095920 0.964516 0.500000
291 0.096585 0.970968 0.500000
292 0.097675 0.970968 0.470588
293 0.092133 0.970968 0.470588
294 0.096388 0.970968 0.500000
295 0.095884 0.970968 0.500000
296 0.090153 0.970968 0.470588
297 0.093443 0.967742 0.500000
298 0.097210 0.970968 0.529412
299 0.093616 0.964516 0.500000
300 0.092647 0.970968 0.500000
301 0.087689 0.970968 0.500000
302 0.095242 0.970968 0.500000
303 0.092164 0.967742 0.500000
304 0.088301 0.967742 0.500000
305 0.091706 0.967742 0.500000
306 0.087777 0.970968 0.470588
307 0.093007 0.970968 0.500000
308 0.091329 0.974194 0.500000
309 0.092235 0.977419 0.470588
310 0.092059 0.970968 0.500000
311 0.091818 0.974194 0.500000
312 0.086980 0.974194 0.500000
313 0.090745 0.970968 0.500000
314 0.088876 0.970968 0.500000
315 0.089543 0.977419 0.500000
316 0.091401 0.974194 0.500000
317 0.092404 0.974194 0.500000
318 0.084625 0.977419 0.500000
319 0.094187 0.974194 0.500000
320 0.087954 0.977419 0.500000
321 0.091949 0.974194 0.500000
322 0.086575 0.970968 0.500000
323 0.085624 0.974194 0.500000
324 0.087547 0.967742 0.500000
325 0.085824 0.974194 0.500000
326 0.090384 0.974194 0.500000
327 0.088702 0.970968 0.500000
328 0.088041 0.967742 0.500000
329 0.089790 0.967742 0.500000
330 0.087283 0.970968 0.500000
331 0.085327 0.970968 0.500000
332 0.088476 0.974194 0.500000
333 0.085711 0.974194 0.500000
334 0.087375 0.977419 0.500000
335 0.086859 0.974194 0.470588
336 0.088784 0.980645 0.500000
337 0.087966 0.974194 0.500000
338 0.085900 0.970968 0.500000
339 0.088455 0.974194 0.500000
340 0.088097 0.980645 0.500000
341 0.082747 0.974194 0.500000
342 0.091001 0.974194 0.500000
343 0.088919 0.977419 0.500000
344 0.085155 0.974194 0.500000
345 0.086572 0.974194 0.500000
346 0.085125 0.970968 0.470588
347 0.086202 0.967742 0.500000
348 0.091048 0.970968 0.500000
349 0.088893 0.977419 0.500000
350 0.088483 0.977419 0.500000
