1 1.643508 0.705882 0.777778
2 0.709566 0.711765 0.722222
3 0.741953 0.782353 0.722222
4 0.638542 0.811765 0.777778
5 0.455943 0.805882 0.777778
6 0.640193 0.482353 0.444444
7 0.498921 0.847059 0.611111
8 0.336871 0.888235 0.833333
9 0.353174 0.900000 0.888889
10 0.328695 0.882353 0.888889
11 0.312171 0.894118 0.833333
12 0.304492 0.623529 0.611111
13 0.348428 0.900000 0.888889
14 0.321867 0.864706 0.888889
15 0.317634 0.911765 0.888889
16 0.351976 0.811765 0.777778
17 0.352279 0.852941 0.666667
18 0.257430 0.911765 0.888889
19 0.242686 0.911765 0.888889
20 0.258514 0.864706 0.888889
21 0.291142 0.900000 0.888889
22 0.268227 0.900000 0.888889
23 0.255922 0.935294 0.888889
24 0.242712 0.905882 0.888889
25 0.243330 0.905882 0.888889
26 0.229274 0.941176 0.944444
27 0.228923 0.905882 0.888889
28 0.265524 0.941176 0.944444
29 0.239498 0.900000 0.888889
30 0.238132 0.852941 0.944444
31 0.261475 0.905882 0.888889
32 0.232827 0.911765 0.888889
33 0.236209 0.911765 0.888889
34 0.231216 0.870588 0.888889
35 0.239157 0.911765 0.888889
36 0.230814 0.864706 0.777778
37 0.224383 0.911765 0.888889
38 0.214463 0.870588 0.888889
39 0.219805 0.952941 0.888889
40 0.236421 0.876471 0.888889
41 0.237059 0.811765 0.666667
42 0.217613 0.947059 0.888889
43 0.211759 0.923529 0.944444
44 0.221060 0.917647 0.888889
45 0.213941 0.935294 0.888889
46 0.212395 0.911765 0.888889
47 0.275930 0.729412 0.777778
48 0.284754 0.870588 0.833333
49 0.225357 0.905882 0.888889
50 0.204684 0.947059 0.888889
51 0.191789 0.958824 0.888889
52 0.200683 0.929412 0.833333
53 0.196622 0.911765 0.833333
54 0.199720 0.923529 0.833333
55 0.194761 0.929412 0.888889
56 0.185166 0.947059 0.833333
57 0.189362 0.911765 0.888889
58 0.191870 0.958824 0.944444
59 0.196930 0.923529 0.888889
60 0.198421 0.929412 0.888889
61 0.188510 0.952941 0.833333
62 0.193191 0.911765 0.833333
63 0.189957 0.964706 0.888889
64 0.190750 0.917647 0.888889
65 0.198349 0.964706 0.888889
66 0.187546 0.911765 0.833333
67 0.197686 0.941176 0.833333
68 0.188425 0.923529 0.888889
69 0.199520 0.935294 0.833333
70 0.187993 0.905882 0.833333
71 0.194488 0.935294 0.833333
72 0.188426 0.923529 0.833333
73 0.187290 0.947059 0.833333
74 0.196498 0.911765 0.833333
75 0.188465 0.941176 0.888889
76 0.207915 0.941176 0.888889
77 0.190424 0.935294 0.833333
78 0.195131 0.935294 0.888889
79 0.198248 0.952941 0.833333
80 0.203997 0.947059 0.833333
81 0.189835 0.923529 0.833333
82 0.192491 0.935294 0.833333
83 0.185425 0.947059 0.888889
84 0.185275 0.917647 0.833333
85 0.186324 0.935294 0.833333
86 0.201820 0.929412 0.833333
87 0.184554 0.917647 0.833333
88 0.180769 0.935294 0.833333
89 0.188006 0.911765 0.777778
90 0.193576 0.929412 0.833333
91 0.195894 0.923529 0.833333
92 0.209522 0.929412 0.833333
93 0.188971 0.941176 0.833333
94 0.180113 0.929412 0.833333
95 0.187475 0.917647 0.888889
96 0.185597 0.929412 0.833333
97 0.182372 0.917647 0.833333
98 0.187469 0.929412 0.944444
99 0.187435 0.929412 0.833333
100 0.184245 0.923529 0.833333
101 0.175822 0.911765 0.888889
102 0.180297 0.964706 0.888889
103 0.178267 0.911765 0.833333
104 0.181633 0.923529 0.833333
105 0.177885 0.917647 0.833333
106 0.179168 0.923529 0.833333
107 0.178225 0.947059 0.833333
108 0.174657 0.958824 0.833333
109 0.182653 0.935294 0.833333
110 0.179803 0.958824 0.833333
111 0.169629 0.935294 0.833333
112 0.177800 0.923529 0.888889
113 0.178692 0.917647 0.833333
114 0.180789 0.929412 0.833333
115 0.181674 0.929412 0.888889
116 0.174782 0.917647 0.833333
117 0.184179 0.929412 0.888889
118 0.176495 0.894118 0.888889
119 0.182645 0.911765 0.833333
120 0.176853 0.952941 0.888889
121 0.190484 0.929412 0.833333
122 0.180751 0.929412 0.833333
123 0.176666 0.923529 0.888889
124 0.184984 0.964706 0.833333
125 0.188749 0.947059 0.833333
126 0.182903 0.935294 0.833333
127 0.168252 0.964706 0.888889
128 0.178305 0.923529 0.888889
129 0.177589 0.923529 0.833333
130 0.175863 0.941176 0.833333
131 0.174596 0.905882 0.833333
132 0.184735 0.923529 0.833333
133 0.177251 0.917647 0.833333
134 0.184856 0.952941 0.833333
135 0.174987 0.911765 0.833333
136 0.180469 0.911765 0.833333
137 0.185949 0.900000 0.833333
138 0.178515 0.917647 0.833333
139 0.181171 0.923529 0.888889
140 0.184338 0.911765 0.833333
141 0.185152 0.923529 0.833333
142 0.174801 0.917647 0.833333
143 0.180191 0.911765 0.833333
144 0.178539 0.941176 0.833333
145 0.178060 0.935294 0.833333
146 0.177058 0.923529 0.833333
147 0.176726 0.911765 0.833333
148 0.171837 0.935294 0.833333
149 0.176664 0.911765 0.833333
150 0.178350 0.941176 0.833333
151 0.167155 0.947059 0.833333
152 0.174247 0.911765 0.833333
153 0.175885 0.923529 0.833333
154 0.175836 0.929412 0.833333
155 0.173022 0.917647 0.833333
156 0.174430 0.941176 0.833333
157 0.169334 0.941176 0.833333
158 0.179135 0.964706 0.888889
159 0.162081 0.941176 0.833333
160 0.164563 0.917647 0.833333
161 0.176615 0.947059 0.833333
162 0.169032 0.911765 0.833333
163 0.172944 0.929412 0.833333
164 0.165511 0.929412 0.833333
165 0.177174 0.947059 0.833333
166 0.174202 0.941176 0.833333
167 0.172097 0.911765 0.833333
168 0.171815 0.923529 0.833333
169 0.177134 0.958824 0.833333
170 0.172415 0.935294 0.833333
171 0.170395 0.935294 0.833333
172 0.174239 0.935294 0.833333
173 0.181560 0.917647 0.833333
174 0.174409 0.947059 0.833333
175 0.166068 0.935294 0.833333
176 0.168216 0.923529 0.833333
177 0.177469 0.929412 0.833333
178 0.171201 0.941176 0.833333
179 0.175789 0.911765 0.833333
180 0.173502 0.941176 0.833333
181 0.173627 0.923529 0.833333
182 0.170851 0.941176 0.833333
183 0.163514 0.923529 0.833333
184 0.174937 0.935294 0.833333
185 0.162611 0.941176 0.833333
186 0.168081 0.941176 0.833333
187 0.173486 0.941176 0.833333
188 0.173303 0.935294 0.833333
189 0.168526 0.958824 0.833333
190 0.176267 0.941176 0.833333
191 0.170830 0.917647 0.833333
192 0.176145 0.964706 0.833333
193 0.179290 0.964706 0.833333
194 0.172111 0.923529 0.833333
195 0.168977 0.935294 0.833333
196 0.169079 0.958824 0.833333
197 0.175412 0.929412 0.833333
198 0.172174 0.952941 0.833333
199 0.175091 0.929412 0.833333
200 0.167713 0.941176 0.833333
201 0.167185 0.935294 0.833333
202 0.167028 0.947059 0.833333
203 0.162727 0.923529 0.833333
204 0.167406 0.935294 0.833333
205 0.167885 0.929412 0.833333
206 0.174093 0.935294 0.833333
207 0.168497 0.935294 0.833333
208 0.170036 0.935294 0.833333
209 0.170697 0.958824 0.833333
210 0.176397 0.923529 0.833333
211 0.169150 0.929412 0.833333
212 0.170514 0.941176 0.833333
213 0.165421 0.929412 0.833333
214 0.180367 0.935294 0.833333
215 0.164261 0.929412 0.833333
216 0.167966 0.929412 0.833333
217 0.171128 0.947059 0.833333
218 0.162845 0.935294 0.833333
219 0.174422 0.958824 0.833333
220 0.167342 0.935294 0.833333
221 0.169286 0.929412 0.833333
222 0.173950 0.941176 0.833333
223 0.171881 0.935294 0.833333
224 0.164044 0.929412 0.833333
225 0.180264 0.917647 0.833333
226 0.177011 0.929412 0.833333
227 0.164386 0.929412 0.833333
228 0.174077 0.935294 0.833333
229 0.165918 0.941176 0.833333
230 0.163565 0.923529 0.833333
231 0.171727 0.929412 0.833333
232 0.164557 0.929412 0.833333
233 0.176082 0.935294 0.833333
234 0.160562 0.941176 0.833333
235 0.170099 0.929412 0.833333
236 0.169570 0.941176 0.833333
237 0.165642 0.935294 0.833333
238 0.162434 0.941176 0.833333
239 0.169289 0.958824 0.833333
240 0.177422 0.929412 0.833333
241 0.168470 0.935294 0.833333
242 0.162300 0.947059 0.833333
243 0.162887 0.941176 0.833333
244 0.164781 0.941176 0.833333
245 0.160901 0.935294 0.833333
246 0.165701 0.929412 0.833333
247 0.163261 0.917647 0.833333
248 0.169650 0.941176 0.833333
249 0.164832 0.923529 0.888889
250 0.170638 0.935294 0.833333
251 0.163270 0.941176 0.833333
252 0.166897 0.929412 0.833333
253 0.163351 0.917647 0.833333
254 0.172615 0.935294 0.833333
255 0.169284 0.935294 0.833333
256 0.167890 0.935294 0.833333
257 0.165176 0.941176 0.833333
258 0.166639 0.929412 0.833333
259 0.166171 0.935294 0.833333
260 0.163736 0.941176 0.833333
261 0.159402 0.952941 0.833333
262 0.166443 0.935294 0.833333
263 0.164098 0.958824 0.833333
264 0.164310 0.929412 0.833333
265 0.168824 0.947059 0.833333
266 0.162990 0.947059 0.833333
267 0.161550 0.935294 0.833333
268 0.169247 0.935294 0.833333
269 0.173188 0.941176 0.833333
270 0.166153 0.935294 0.833333
271 0.162855 0.941176 0.833333
272 0.166635 0.935294 0.833333
273 0.174505 0.935294 0.833333
274 0.169808 0.923529 0.833333
275 0.163299 0.941176 0.833333
276 0.165261 0.929412 0.833333
277 0.164615 0.941176 0.833333
278 0.167968 0.935294 0.833333
279 0.169490 0.947059 0.833333
280 0.168321 0.929412 0.833333
281 0.165913 0.941176 0.833333
282 0.172575 0.941176 0.833333
283 0.165760 0.935294 0.833333
284 0.165374 0.947059 0.833333
285 0.172266 0.941176 0.833333
286 0.162848 0.935294 0.888889
287 0.167031 0.935294 0.888889
288 0.173559 0.929412 0.888889
289 0.165146 0.941176 0.833333
290 0.167074 0.935294 0.833333
291 0.164792 0.941176 0.888889
292 0.165160 0.941176 0.833333
293 0.164711 0.929412 0.833333
294 0.171447 0.935294 0.833333
295 0.160845 0.935294 0.888889
296 0.169183 0.935294 0.888889
297 0.173693 0.935294 0.888889
298 0.168436 0.935294 0.888889
299 0.165610 0.941176 0.833333
300 0.168080 0.941176 0.888889
301 0.159870 0.941176 0.888889
302 0.169058 0.935294 0.888889
303 0.166876 0.935294 0.833333
304 0.166106 0.929412 0.833333
305 0.173042 0.935294 0.888889
306 0.165932 0.941176 0.888889
307 0.162583 0.935294 0.833333
308 0.162503 0.941176 0.888889
309 0.163772 0.947059 0.888889
310 0.166205 0.929412 0.833333
311 0.167006 0.935294 0.888889
312 0.159177 0.935294 0.888889
313 0.163277 0.935294 0.888889
314 0.160200 0.941176 0.833333
315 0.162526 0.941176 0.888889
316 0.159072 0.947059 0.833333
317 0.160324 0.935294 0.888889
318 0.164071 0.929412 0.833333
319 0.160467 0.941176 0.833333
320 0.160588 0.941176 0.833333
321 0.166241 0.947059 0.833333
322 0.162497 0.935294 0.888889
323 0.163919 0.935294 0.833333
324 0.168075 0.935294 0.833333
325 0.161327 0.935294 0.833333
326 0.160177 0.947059 0.888889
327 0.167659 0.941176 0.888889
328 0.164147 0.941176 0.888889
329 0.168316 0.935294 0.888889
330 0.161895 0.947059 0.833333
331 0.166176 0.941176 0.888889
332 0.167267 0.941176 0.833333
333 0.159044 0.941176 0.833333
334 0.167243 0.929412 0.833333
335 0.167278 0.941176 0.833333
336 0.164471 0.935294 0.833333
337 0.163023 0.935294 0.833333
338 0.163707 0.929412 0.833333
339 0.162589 0.941176 0.888889
340 0.161525 0.941176 0.888889
341 0.169824 0.935294 0.888889
342 0.167628 0.929412 0.888889
343 0.165932 0.935294 0.888889
344 0.162441 0.935294 0.888889
345 0.168799 0.935294 0.888889
346 0.165998 0.935294 0.888889
347 0.165721 0.935294 0.888889
348 0.169967 0.941176 0.888889
349 0.162934 0.935294 0.888889
350 0.164115 0.935294 0.833333
