1 2.067910 0.816568 0.736842
2 0.961921 0.656805 0.736842
3 0.726806 0.781065 0.789474
4 0.466195 0.420118 0.368421
5 0.497497 0.514793 0.526316
6 0.489179 0.502959 0.315789
7 0.534185 0.875740 0.736842
8 0.463122 0.834320 0.842105
9 0.407214 0.875740 0.789474
10 0.441984 0.804734 0.789474
11 0.312419 0.893491 0.736842
12 0.318906 0.893491 0.894737
13 0.343145 0.905325 0.842105
14 0.293185 0.905325 0.842105
15 0.305731 0.846154 0.736842
16 0.275276 0.905325 0.894737
17 0.338665 0.875740 0.894737
18 0.271928 0.840237 0.789474
19 0.292601 0.840237 0.684211
20 0.264104 0.911243 0.842105
21 0.258029 0.887574 0.789474
22 0.264660 0.905325 0.789474
23 0.284417 0.958580 0.894737
24 0.247433 0.952663 0.842105
25 0.260819 0.863905 0.736842
26 0.247756 0.905325 0.789474
27 0.230174 0.940828 0.894737
28 0.244681 0.911243 0.789474
29 0.249659 0.934911 0.789474
30 0.236695 0.905325 0.842105
31 0.250070 0.911243 0.842105
32 0.241638 0.923077 0.789474
33 0.235375 0.875740 0.736842
34 0.238980 0.905325 0.789474
35 0.231780 0.899408 0.842105
36 0.228841 0.911243 0.842105
37 0.208653 0.958580 0.789474
38 0.205795 0.893491 0.842105
39 0.216630 0.958580 0.842105
40 0.254401 0.857988 0.684211
41 0.253142 0.911243 0.789474
42 0.210223 0.940828 0.789474
43 0.210682 0.946746 0.789474
44 0.226096 0.893491 0.842105
45 0.209688 0.917160 0.789474
46 0.214534 0.946746 0.842105
47 0.205867 0.934911 0.842105
48 0.211043 0.923077 0.842105
49 0.202604 0.923077 0.842105
50 0.191344 0.905325 0.842105
51 0.187905 0.964497 0.789474
52 0.200947 0.893491 0.842105
53 0.186579 0.958580 0.789474
54 0.194506 0.905325 0.842105
55 0.188968 0.917160 0.842105
56 0.189972 0.917160 0.789474
57 0.188613 0.928994 0.789474
58 0.183799 0.923077 0.842105
59 0.189885 0.952663 0.842105
60 0.190735 0.952663 0.842105
61 0.193385 0.940828 0.789474
62 0.181364 0.923077 0.842105
63 0.184021 0.964497 0.789474
64 0.181678 0.923077 0.789474
65 0.188094 0.923077 0.842105
66 0.192336 0.952663 0.789474
67 0.187151 0.952663 0.842105
68 0.183960 0.964497 0.789474
69 0.192488 0.940828 0.842105
70 0.196998 0.911243 0.842105
71 0.192397 0.964497 0.789474
72 0.185239 0.928994 0.789474
73 0.176532 0.934911 0.789474
74 0.181251 0.917160 0.789474
75 0.187764 0.952663 0.842105
76 0.201046 0.911243 0.789474
77 0.185227 0.940828 0.842105
78 0.181919 0.923077 0.789474
79 0.203839 0.940828 0.789474
80 0.205909 0.798817 0.684211
81 0.199053 0.923077 0.842105
82 0.189048 0.958580 0.842105
83 0.192510 0.958580 0.789474
84 0.194277 0.917160 0.789474
85 0.178623 0.911243 0.842105
86 0.185594 0.964497 0.789474
87 0.183778 0.911243 0.789474
88 0.197857 0.917160 0.842105
89 0.187428 0.917160 0.842105
90 0.187822 0.923077 0.789474
91 0.178658 0.923077 0.842105
92 0.193341 0.946746 0.789474
93 0.183636 0.946746 0.789474
94 0.190126 0.881657 0.789474
95 0.185092 0.923077 0.842105
96 0.187839 0.964497 0.789474
97 0.189284 0.964497 0.789474
98 0.169854 0.917160 0.842105
99 0.187548 0.946746 0.789474
100 0.181421 0.928994 0.789474
101 0.174076 0.928994 0.789474
102 0.171611 0.952663 0.789474
103 0.174152 0.928994 0.842105
104 0.181130 0.964497 0.789474
105 0.171345 0.923077 0.789474
106 0.181100 0.964497 0.789474
107 0.177121 0.923077 0.789474
108 0.178272 0.928994 0.789474
109 0.180355 0.958580 0.789474
110 0.175681 0.911243 0.789474
111 0.183769 0.934911 0.789474
112 0.173940 0.934911 0.736842
113 0.170006 0.934911 0.789474
114 0.180479 0.940828 0.789474
115 0.176394 0.934911 0.789474
116 0.173502 0.917160 0.789474
117 0.172369 0.940828 0.789474
118 0.184814 0.952663 0.789474
119 0.176413 0.928994 0.789474
120 0.177277 0.934911 0.789474
121 0.174380 0.928994 0.789474
122 0.177026 0.917160 0.789474
123 0.177215 0.923077 0.789474
124 0.172835 0.940828 0.789474
125 0.174908 0.923077 0.789474
126 0.175555 0.923077 0.789474
127 0.174004 0.958580 0.789474
128 0.169666 0.964497 0.789474
129 0.176505 0.952663 0.789474
130 0.180330 0.964497 0.789474
131 0.171913 0.952663 0.789474
132 0.183552 0.946746 0.789474
133 0.187691 0.940828 0.789474
134 0.188863 0.952663 0.789474
135 0.182936 0.940828 0.789474
136 0.176796 0.917160 0.789474
137 0.179204 0.917160 0.789474
138 0.178284 0.958580 0.789474
139 0.173151 0.934911 0.789474
140 0.179387 0.923077 0.789474
141 0.173185 0.928994 0.789474
142 0.179066 0.958580 0.789474
143 0.182155 0.952663 0.789474
144 0.172524 0.928994 0.789474
145 0.174884 0.940828 0.736842
146 0.174937 0.934911 0.789474
147 0.172676 0.928994 0.789474
148 0.179015 0.917160 0.789474
149 0.178568 0.934911 0.789474
150 0.165912 0.940828 0.789474
151 0.168609 0.923077 0.789474
152 0.170347 0.946746 0.789474
153 0.169041 0.928994 0.789474
154 0.170077 0.946746 0.789474
155 0.165444 0.940828 0.789474
156 0.173227 0.923077 0.789474
157 0.173850 0.940828 0.789474
158 0.168346 0.923077 0.789474
159 0.170389 0.958580 0.789474
160 0.168996 0.928994 0.789474
161 0.170431 0.940828 0.789474
162 0.167633 0.923077 0.789474
163 0.171546 0.946746 0.789474
164 0.167495 0.934911 0.789474
165 0.167960 0.928994 0.789474
166 0.170484 0.958580 0.789474
167 0.166961 0.923077 0.789474
168 0.163168 0.940828 0.789474
169 0.173283 0.928994 0.789474
170 0.176191 0.958580 0.789474
171 0.175947 0.952663 0.789474
172 0.164153 0.940828 0.789474
173 0.168342 0.928994 0.789474
174 0.162950 0.940828 0.789474
175 0.166475 0.940828 0.789474
176 0.168746 0.934911 0.789474
177 0.167308 0.923077 0.789474
178 0.164016 0.923077 0.789474
179 0.168194 0.952663 0.789474
180 0.161578 0.940828 0.789474
181 0.170648 0.958580 0.789474
182 0.166853 0.946746 0.789474
183 0.174801 0.952663 0.789474
184 0.167711 0.923077 0.789474
185 0.166157 0.928994 0.789474
186 0.163788 0.946746 0.789474
187 0.178350 0.958580 0.789474
188 0.169404 0.928994 0.789474
189 0.173686 0.928994 0.789474
190 0.163275 0.928994 0.789474
191 0.168666 0.958580 0.789474
192 0.174188 0.940828 0.736842
193 0.166331 0.952663 0.789474
194 0.169800 0.958580 0.789474
195 0.168168 0.928994 0.789474
196 0.162346 0.934911 0.789474
197 0.172474 0.946746 0.789474
198 0.164240 0.934911 0.789474
199 0.170139 0.958580 0.789474
200 0.157596 0.928994 0.789474
201 0.167371 0.958580 0.789474
202 0.166137 0.952663 0.789474
203 0.164683 0.940828 0.789474
204 0.162685 0.940828 0.789474
205 0.158748 0.934911 0.789474
206 0.167028 0.934911 0.789474
207 0.168219 0.958580 0.789474
208 0.163592 0.923077 0.789474
209 0.169615 0.940828 0.789474
210 0.164141 0.940828 0.789474
211 0.169851 0.958580 0.789474
212 0.173880 0.940828 0.789474
213 0.168167 0.940828 0.789474
214 0.164941 0.940828 0.789474
215 0.163586 0.946746 0.789474
216 0.166693 0.928994 0.789474
217 0.167224 0.923077 0.789474
218 0.173076 0.928994 0.789474
219 0.168718 0.946746 0.789474
220 0.167944 0.940828 0.789474
221 0.170539 0.934911 0.789474
222 0.162569 0.946746 0.789474
223 0.173683 0.934911 0.789474
224 0.163988 0.940828 0.789474
225 0.171412 0.934911 0.789474
226 0.169245 0.958580 0.789474
227 0.167304 0.940828 0.789474
228 0.166142 0.940828 0.789474
229 0.160109 0.934911 0.789474
230 0.167542 0.934911 0.789474
231 0.168160 0.940828 0.789474
232 0.162714 0.934911 0.789474
233 0.164212 0.946746 0.789474
234 0.161294 0.928994 0.789474
235 0.163914 0.940828 0.789474
236 0.163823 0.940828 0.789474
237 0.167764 0.958580 0.789474
238 0.152334 0.934911 0.789474
239 0.164543 0.940828 0.789474
240 0.168639 0.934911 0.789474
241 0.164576 0.958580 0.789474
242 0.158907 0.940828 0.789474
243 0.158269 0.928994 0.789474
244 0.157914 0.946746 0.789474
245 0.164327 0.934911 0.789474
246 0.168060 0.958580 0.789474
247 0.162413 0.934911 0.789474
248 0.168070 0.958580 0.789474
249 0.161882 0.958580 0.789474
250 0.159178 0.940828 0.789474
251 0.160220 0.934911 0.789474
252 0.158987 0.940828 0.789474
253 0.165305 0.928994 0.789474
254 0.167175 0.940828 0.789474
255 0.158612 0.928994 0.789474
256 0.166080 0.946746 0.789474
257 0.158940 0.946746 0.789474
258 0.163289 0.958580 0.789474
259 0.165238 0.928994 0.789474
260 0.169369 0.928994 0.789474
261 0.160663 0.940828 0.789474
262 0.156907 0.940828 0.789474
263 0.160062 0.940828 0.789474
264 0.157763 0.940828 0.789474
265 0.164892 0.934911 0.789474
266 0.159901 0.940828 0.789474
267 0.162559 0.940828 0.789474
268 0.161836 0.940828 0.789474
269 0.156645 0.958580 0.789474
270 0.161215 0.934911 0.789474
271 0.163629 0.928994 0.789474
272 0.165003 0.958580 0.789474
273 0.158054 0.940828 0.789474
274 0.160213 0.946746 0.789474
275 0.161137 0.934911 0.789474
276 0.159448 0.940828 0.789474
277 0.162022 0.934911 0.789474
278 0.162429 0.940828 0.789474
279 0.161968 0.940828 0.789474
280 0.162543 0.940828 0.789474
281 0.157731 0.940828 0.789474
282 0.165555 0.958580 0.789474
283 0.159284 0.952663 0.789474
284 0.163538 0.940828 0.789474
285 0.168846 0.934911 0.789474
286 0.163193 0.934911 0.789474
287 0.161824 0.934911 0.789474
288 0.161999 0.940828 0.789474
289 0.166445 0.940828 0.789474
290 0.164503 0.946746 0.789474
291 0.165423 0.940828 0.789474
292 0.161833 0.934911 0.789474
293 0.162998 0.940828 0.789474
294 0.160280 0.940828 0.789474
295 0.165577 0.934911 0.789474
296 0.159678 0.928994 0.789474
297 0.160790 0.946746 0.789474
298 0.160594 0.934911 0.789474
299 0.163576 0.958580 0.789474
300 0.167221 0.940828 0.789474
301 0.159933 0.934911 0.789474
302 0.169633 0.940828 0.789474
303 0.161909 0.940828 0.789474
304 0.158517 0.940828 0.789474
305 0.166379 0.934911 0.789474
306 0.158668 0.940828 0.789474
307 0.161990 0.946746 0.789474
308 0.158805 0.946746 0.789474
309 0.165354 0.934911 0.789474
310 0.159265 0.934911 0.789474
311 0.162252 0.934911 0.789474
312 0.159946 0.940828 0.789474
313 0.162082 0.940828 0.789474
314 0.172090 0.940828 0.789474
315 0.162527 0.940828 0.789474
316 0.156845 0.934911 0.789474
317 0.159186 0.934911 0.789474
318 0.155730 0.934911 0.789474
319 0.157605 0.940828 0.789474
320 0.154085 0.934911 0.789474
321 0.157133 0.928994 0.789474
322 0.158823 0.940828 0.789474
323 0.158870 0.946746 0.789474
324 0.158948 0.940828 0.789474
325 0.170053 0.940828 0.789474
326 0.160802 0.940828 0.789474
327 0.166359 0.946746 0.789474
328 0.162286 0.940828 0.789474
329 0.157839 0.946746 0.789474
330 0.165942 0.934911 0.789474
331 0.160753 0.934911 0.789474
332 0.158866 0.934911 0.789474
333 0.159273 0.940828 0.789474
334 0.161474 0.940828 0.789474
335 0.163986 0.928994 0.789474
336 0.160589 0.934911 0.789474
337 0.168121 0.940828 0.789474
338 0.165177 0.940828 0.789474
339 0.157614 0.940828 0.789474
340 0.166333 0.940828 0.789474
341 0.159595 0.940828 0.789474
342 0.157106 0.958580 0.789474
343 0.165477 0.940828 0.789474
344 0.168467 0.934911 0.789474
345 0.165688 0.946746 0.789474
346 0.157309 0.940828 0.789474
347 0.156246 0.934911 0.789474
348 0.159893 0.934911 0.789474
349 0.161292 0.940828 0.789474
350 0.165119 0.934911 0.789474
