1 4.488581 0.458519 0.426667
2 2.249118 0.473333 0.406667
3 2.207518 0.513333 0.406667
4 1.719814 0.513333 0.426667
5 1.184844 0.573333 0.480000
6 1.156903 0.580741 0.493333
7 1.147419 0.563704 0.486667
8 1.058538 0.572593 0.460000
9 0.943251 0.596296 0.453333
10 0.927968 0.603704 0.453333
11 0.907000 0.590370 0.466667
12 0.996411 0.601481 0.480000
13 0.929759 0.602963 0.480000
14 0.926683 0.597778 0.453333
15 0.879270 0.604444 0.453333
16 0.865823 0.590370 0.486667
17 0.898730 0.588148 0.460000
18 0.844847 0.623704 0.486667
19 0.883081 0.608148 0.460000
20 0.887429 0.603704 0.466667
21 0.830825 0.620000 0.466667
22 0.841036 0.625926 0.473333
23 0.811686 0.627407 0.460000
24 0.865318 0.622222 0.460000
25 0.845057 0.622222 0.480000
26 0.872080 0.615556 0.453333
27 0.833604 0.624444 0.473333
28 0.848686 0.626667 0.466667
29 0.882190 0.605185 0.466667
30 0.863263 0.619259 0.433333
31 0.822376 0.622963 0.493333
32 0.837706 0.625926 0.486667
33 0.807339 0.630370 0.486667
34 0.799168 0.628148 0.480000
35 0.822971 0.638519 0.486667
36 0.807171 0.630370 0.480000
37 0.808091 0.623704 0.440000
38 0.784486 0.640741 0.460000
39 0.785832 0.636296 0.460000
40 0.778534 0.593333 0.433333
41 0.783500 0.629630 0.466667
42 0.832214 0.585185 0.433333
43 0.896261 0.622222 0.480000
44 0.829195 0.627407 0.486667
45 0.827209 0.632593 0.486667
46 0.836769 0.587407 0.426667
47 0.832845 0.629630 0.473333
48 0.826643 0.637037 0.486667
49 0.799465 0.638519 0.493333
50 0.787168 0.637778 0.460000
