1 4.004278 0.479259 0.393333
2 2.575448 0.421481 0.420000
3 1.826192 0.480741 0.480000
4 1.444364 0.536296 0.493333
5 1.498954 0.546667 0.500000
6 1.746374 0.550370 0.513333
7 1.793627 0.566667 0.513333
8 1.381030 0.544444 0.426667
9 1.159840 0.551852 0.473333
10 1.237516 0.571852 0.466667
11 1.028209 0.558519 0.486667
12 0.985334 0.572593 0.493333
13 0.975248 0.582963 0.466667
14 1.004919 0.580000 0.446667
15 0.960967 0.568889 0.493333
16 1.253176 0.573333 0.500000
17 1.046779 0.570370 0.473333
18 0.998336 0.575556 0.446667
19 0.919305 0.593333 0.513333
20 0.897163 0.607407 0.500000
21 0.870462 0.603704 0.466667
22 0.880623 0.614815 0.480000
23 0.916503 0.591111 0.460000
24 0.949691 0.569630 0.460000
25 0.937847 0.594074 0.486667
26 0.888250 0.585926 0.493333
27 1.058076 0.594074 0.533333
28 0.963816 0.600000 0.493333
29 0.933071 0.574815 0.446667
30 0.925188 0.597778 0.460000
31 0.918535 0.602222 0.453333
32 0.893402 0.602222 0.486667
33 0.920279 0.600741 0.480000
34 0.919832 0.604444 0.513333
35 1.031116 0.561481 0.480000
36 0.972090 0.580000 0.446667
37 0.899754 0.596296 0.480000
38 0.857235 0.605926 0.466667
39 0.864336 0.605185 0.466667
40 0.854666 0.558519 0.420000
41 0.834300 0.610370 0.466667
42 0.840322 0.613333 0.460000
43 0.828398 0.615556 0.506667
44 0.817165 0.614815 0.466667
45 0.812465 0.626667 0.466667
46 0.814753 0.609630 0.446667
47 0.829688 0.624444 0.460000
48 0.827950 0.616296 0.453333
49 0.819863 0.621481 0.480000
50 0.802360 0.631111 0.440000
