1 3.987357 0.584212 0.625304
2 1.502709 0.654501 0.642336
3 1.951606 0.597459 0.605839
4 1.039969 0.563936 0.557178
5 0.827138 0.658286 0.673966
6 0.756815 0.577994 0.571776
7 0.920345 0.701811 0.715328
8 1.080711 0.689646 0.693431
9 0.740168 0.655853 0.695864
10 0.728624 0.679913 0.703163
11 0.659454 0.691538 0.669100
12 0.748901 0.654231 0.671533
13 0.721695 0.685591 0.686131
14 0.807200 0.702893 0.688564
15 0.634114 0.700460 0.700730
16 0.729157 0.633685 0.630170
17 0.711348 0.686672 0.671533
18 0.663429 0.716410 0.715328
19 0.665114 0.688294 0.688564
20 0.668434 0.713977 0.710462
21 0.628725 0.712084 0.715328
22 0.699861 0.684239 0.678832
23 0.686882 0.715599 0.720195
24 0.688627 0.716139 0.715328
25 0.615348 0.691268 0.715328
26 0.678509 0.698838 0.722628
27 0.622894 0.721276 0.729927
28 0.589256 0.715869 0.712895
29 0.598488 0.719924 0.715328
30 0.610803 0.716680 0.712895
31 0.635779 0.723979 0.727494
32 0.587296 0.718843 0.717762
33 0.614491 0.721276 0.717762
34 0.638146 0.721546 0.720195
35 0.573832 0.702352 0.693431
36 0.591341 0.721817 0.725061
37 0.607278 0.702893 0.686131
38 0.640681 0.721546 0.717762
39 0.642059 0.720465 0.732360
40 0.596025 0.726953 0.712895
41 0.605099 0.719113 0.712895
42 0.597706 0.705596 0.715328
43 0.590975 0.728035 0.717762
44 0.588661 0.708570 0.708029
45 0.583658 0.718302 0.725061
46 0.597498 0.702622 0.693431
47 0.572001 0.728035 0.717762
48 0.610198 0.715869 0.712895
49 0.600336 0.699378 0.722628
50 0.594274 0.728575 0.715328
51 0.566584 0.732360 0.725061
52 0.584067 0.708570 0.703163
53 0.561085 0.715058 0.739659
54 0.571838 0.724520 0.729927
55 0.559871 0.716951 0.708029
56 0.568791 0.716680 0.729927
57 0.567787 0.724520 0.727494
58 0.599245 0.726142 0.710462
59 0.569127 0.729657 0.742092
60 0.572938 0.723979 0.722628
61 0.585744 0.724520 0.727494
62 0.582717 0.731549 0.722628
63 0.557627 0.726413 0.727494
64 0.565578 0.715869 0.725061
65 0.566748 0.730468 0.720195
66 0.585283 0.726142 0.725061
67 0.562576 0.686402 0.690998
68 0.552432 0.735334 0.732360
69 0.561672 0.731819 0.729927
70 0.556217 0.731549 0.742092
71 0.550733 0.728575 0.737226
72 0.555734 0.734523 0.734793
73 0.554839 0.728305 0.727494
74 0.554347 0.733982 0.734793
75 0.559023 0.733712 0.722628
76 0.558603 0.733441 0.732360
77 0.555124 0.735875 0.722628
78 0.560924 0.734523 0.744526
79 0.559714 0.731008 0.732360
80 0.533506 0.734523 0.749392
81 0.552302 0.737497 0.744526
82 0.553503 0.717762 0.722628
83 0.557157 0.729116 0.717762
84 0.555727 0.733712 0.727494
85 0.561306 0.737497 0.725061
86 0.549929 0.732360 0.720195
87 0.558582 0.736415 0.727494
88 0.562554 0.728575 0.717762
89 0.565486 0.728846 0.742092
90 0.552059 0.734253 0.739659
91 0.547786 0.735604 0.751825
92 0.547107 0.731819 0.742092
93 0.551933 0.730468 0.732360
94 0.559408 0.703704 0.686131
95 0.552247 0.733712 0.729927
96 0.551610 0.737767 0.708029
97 0.558007 0.734523 0.717762
98 0.551581 0.735064 0.720195
99 0.552315 0.734523 0.732360
100 0.540586 0.740470 0.737226
101 0.532605 0.741822 0.717762
102 0.530833 0.746148 0.734793
103 0.558577 0.740200 0.739659
104 0.541071 0.733982 0.725061
105 0.543144 0.751554 0.742092
106 0.527314 0.745066 0.734793
107 0.539163 0.750473 0.746959
108 0.533791 0.746688 0.751825
109 0.537794 0.744796 0.725061
110 0.548726 0.748851 0.729927
111 0.536943 0.744796 0.744526
112 0.546243 0.752095 0.727494
113 0.533953 0.750743 0.742092
114 0.531349 0.738308 0.737226
115 0.541997 0.749932 0.756691
116 0.530268 0.748310 0.737226
117 0.535263 0.746959 0.732360
118 0.539089 0.738308 0.727494
119 0.533261 0.749662 0.761557
120 0.537107 0.747499 0.732360
121 0.527118 0.745877 0.720195
122 0.533524 0.746418 0.744526
123 0.544920 0.742633 0.725061
124 0.536102 0.760205 0.734793
125 0.535578 0.753717 0.744526
126 0.531659 0.755339 0.742092
127 0.540901 0.753447 0.751825
128 0.538723 0.757232 0.742092
129 0.523602 0.753177 0.722628
130 0.528458 0.751825 0.744526
131 0.521675 0.754258 0.739659
132 0.523597 0.753717 0.739659
133 0.526871 0.754799 0.744526
134 0.533437 0.751554 0.739659
135 0.529601 0.756961 0.742092
136 0.543056 0.757232 0.751825
137 0.528291 0.760476 0.739659
138 0.532572 0.761828 0.742092
139 0.532404 0.761557 0.754258
140 0.534196 0.752095 0.754258
141 0.532691 0.747499 0.734793
142 0.532716 0.760476 0.749392
143 0.535764 0.764801 0.746959
144 0.533713 0.739119 0.737226
145 0.520387 0.767505 0.754258
146 0.525302 0.745066 0.739659
147 0.534954 0.757232 0.744526
148 0.531118 0.765342 0.759124
149 0.525705 0.755610 0.742092
150 0.526011 0.757502 0.749392
151 0.515976 0.762098 0.732360
152 0.516278 0.767505 0.751825
153 0.521962 0.768045 0.725061
154 0.517485 0.768316 0.754258
155 0.519885 0.771019 0.739659
156 0.527582 0.765072 0.773723
157 0.515518 0.770479 0.732360
158 0.516175 0.775074 0.749392
159 0.509203 0.768316 0.749392
160 0.507517 0.766153 0.732360
161 0.522354 0.767775 0.756691
162 0.510860 0.770208 0.754258
163 0.511065 0.765612 0.734793
164 0.504274 0.770749 0.742092
165 0.516645 0.772912 0.739659
166 0.517295 0.766423 0.754258
167 0.497898 0.772641 0.749392
168 0.512890 0.768316 0.744526
169 0.506520 0.772371 0.746959
170 0.512027 0.772641 0.744526
171 0.509915 0.772101 0.749392
172 0.509672 0.771290 0.744526
173 0.506367 0.773182 0.756691
174 0.503701 0.768586 0.749392
175 0.507249 0.770749 0.746959
176 0.509968 0.766964 0.739659
177 0.518294 0.765883 0.739659
178 0.510881 0.770749 0.744526
179 0.507458 0.770208 0.746959
180 0.517298 0.766964 0.732360
181 0.503032 0.769938 0.744526
182 0.507851 0.767234 0.749392
183 0.509781 0.778048 0.739659
184 0.505956 0.770479 0.742092
185 0.505213 0.766153 0.751825
186 0.510739 0.764801 0.737226
187 0.507919 0.769397 0.744526
188 0.511843 0.775885 0.749392
189 0.498148 0.776426 0.739659
190 0.499924 0.778859 0.744526
191 0.491154 0.776156 0.744526
192 0.510900 0.770208 0.732360
193 0.500829 0.773993 0.751825
194 0.494712 0.780481 0.754258
195 0.499164 0.777507 0.746959
196 0.485388 0.778589 0.751825
197 0.509896 0.775074 0.756691
198 0.506869 0.777237 0.754258
199 0.507797 0.780481 0.754258
200 0.503265 0.775074 0.749392
201 0.502794 0.778589 0.744526
202 0.503614 0.779670 0.746959
203 0.498766 0.779129 0.751825
204 0.488189 0.783185 0.754258
205 0.490857 0.779941 0.744526
206 0.487610 0.784807 0.742092
207 0.488192 0.784536 0.756691
208 0.491794 0.772371 0.744526
209 0.500949 0.781833 0.749392
210 0.493520 0.780211 0.742092
211 0.489998 0.785888 0.754258
212 0.483923 0.779941 0.742092
213 0.492570 0.779670 0.746959
214 0.490029 0.783185 0.744526
215 0.502571 0.782644 0.739659
216 0.493515 0.781563 0.742092
217 0.486511 0.783725 0.744526
218 0.494204 0.783455 0.746959
219 0.493688 0.785347 0.759124
220 0.485618 0.784807 0.744526
221 0.486692 0.788862 0.746959
222 0.484450 0.785888 0.754258
223 0.470816 0.785618 0.749392
224 0.498090 0.783455 0.744526
225 0.492746 0.785077 0.737226
226 0.488257 0.779941 0.744526
227 0.480645 0.781833 0.751825
228 0.493105 0.786158 0.756691
229 0.493575 0.783996 0.749392
230 0.487385 0.782374 0.754258
231 0.487243 0.784807 0.739659
232 0.497613 0.786699 0.742092
233 0.486651 0.775615 0.737226
234 0.481331 0.785347 0.732360
235 0.484163 0.787780 0.749392
236 0.489650 0.784266 0.734793
237 0.479400 0.785888 0.739659
238 0.489929 0.790754 0.737226
239 0.474681 0.784266 0.742092
240 0.477045 0.785888 0.739659
241 0.489468 0.790214 0.732360
242 0.488695 0.786699 0.744526
243 0.492789 0.794269 0.749392
244 0.478346 0.794269 0.746959
245 0.475850 0.789943 0.749392
246 0.496156 0.786429 0.742092
247 0.473995 0.790484 0.732360
248 0.478616 0.791565 0.737226
249 0.477056 0.785618 0.727494
250 0.482283 0.793998 0.727494
251 0.485259 0.793458 0.739659
252 0.474740 0.789403 0.737226
253 0.490572 0.793458 0.737226
254 0.465456 0.792106 0.725061
255 0.470660 0.791565 0.727494
256 0.487839 0.793458 0.734793
257 0.468810 0.792647 0.729927
258 0.473403 0.789943 0.737226
259 0.480845 0.794269 0.734793
260 0.483572 0.792917 0.729927
261 0.469064 0.790214 0.737226
262 0.476533 0.794269 0.734793
263 0.476948 0.798054 0.734793
264 0.477510 0.790214 0.744526
265 0.474582 0.795891 0.742092
266 0.475142 0.797513 0.744526
267 0.477962 0.796972 0.725061
268 0.477044 0.793998 0.729927
269 0.482728 0.794539 0.744526
270 0.479846 0.796161 0.742092
271 0.462279 0.800216 0.751825
272 0.463218 0.795080 0.759124
273 0.479428 0.792106 0.727494
274 0.474522 0.799135 0.744526
275 0.465271 0.798865 0.751825
276 0.465840 0.797783 0.727494
277 0.472240 0.803460 0.739659
278 0.471252 0.802109 0.734793
279 0.466250 0.801568 0.746959
280 0.468253 0.800487 0.734793
281 0.468005 0.798594 0.739659
282 0.467216 0.801568 0.742092
283 0.477460 0.803731 0.742092
284 0.471227 0.801568 0.742092
285 0.465773 0.801568 0.739659
286 0.457913 0.802379 0.742092
287 0.465022 0.800757 0.751825
288 0.467995 0.801568 0.734793
289 0.472353 0.799405 0.727494
290 0.472961 0.798324 0.751825
291 0.477362 0.806434 0.744526
292 0.470316 0.799946 0.746959
293 0.467840 0.805623 0.744526
294 0.465165 0.802649 0.749392
295 0.490244 0.804001 0.759124
296 0.457489 0.804812 0.737226
297 0.467816 0.805353 0.744526
298 0.464677 0.806705 0.746959
299 0.459122 0.803731 0.742092
300 0.470450 0.806705 0.749392
301 0.467392 0.808597 0.744526
302 0.466122 0.803460 0.744526
303 0.468163 0.807516 0.727494
304 0.469351 0.808327 0.732360
305 0.462710 0.804001 0.749392
306 0.484552 0.803731 0.749392
307 0.466674 0.807245 0.751825
308 0.467255 0.807516 0.737226
309 0.461525 0.805623 0.744526
310 0.470114 0.805893 0.737226
311 0.469392 0.807245 0.744526
312 0.454515 0.806705 0.756691
313 0.461808 0.806705 0.744526
314 0.463667 0.804001 0.744526
315 0.451446 0.808327 0.744526
316 0.469065 0.806705 0.739659
317 0.460235 0.803460 0.759124
318 0.448091 0.811030 0.734793
319 0.463350 0.809138 0.742092
320 0.464342 0.807786 0.744526
321 0.467146 0.806434 0.737226
322 0.465367 0.809138 0.751825
323 0.462113 0.812652 0.744526
324 0.468237 0.805623 0.732360
325 0.457967 0.807245 0.737226
326 0.456848 0.807516 0.739659
327 0.450316 0.806705 0.729927
328 0.455551 0.808327 0.746959
329 0.466571 0.804812 0.744526
330 0.452989 0.812652 0.744526
331 0.464688 0.808056 0.746959
332 0.459780 0.811030 0.742092
333 0.459167 0.806975 0.742092
334 0.466739 0.811571 0.744526
335 0.462911 0.807786 0.744526
336 0.464991 0.809138 0.759124
337 0.457563 0.808867 0.744526
338 0.458713 0.806975 0.749392
339 0.455614 0.806705 0.754258
340 0.450398 0.812922 0.751825
341 0.456844 0.808867 0.744526
342 0.440550 0.805893 0.744526
343 0.460638 0.809138 0.746959
344 0.461433 0.808867 0.754258
345 0.461774 0.806434 0.756691
346 0.463007 0.809949 0.739659
347 0.456900 0.809408 0.754258
348 0.454390 0.808056 0.746959
349 0.472223 0.810219 0.744526
350 0.452060 0.806705 0.744526
