1 2.704479 0.756667 0.680000
2 0.747214 0.791111 0.710000
3 0.635205 0.796667 0.680000
4 0.571892 0.813333 0.690000
5 0.516160 0.813333 0.690000
6 0.462483 0.840000 0.670000
7 0.680866 0.805556 0.680000
8 0.720399 0.818889 0.710000
9 0.445539 0.841111 0.680000
10 0.373398 0.847778 0.680000
11 0.356499 0.858889 0.680000
12 0.331487 0.864444 0.660000
13 0.367248 0.857778 0.720000
14 0.335429 0.856667 0.640000
15 0.323993 0.847778 0.680000
16 0.316038 0.868889 0.680000
17 0.291159 0.863333 0.690000
18 0.313524 0.866667 0.640000
19 0.294429 0.841111 0.670000
20 0.311939 0.871111 0.620000
21 0.302916 0.828889 0.590000
22 0.292017 0.876667 0.630000
23 0.288202 0.854444 0.700000
24 0.288959 0.873333 0.690000
25 0.302320 0.885556 0.660000
26 0.274039 0.875556 0.650000
27 0.267048 0.880000 0.700000
28 0.282759 0.877778 0.690000
29 0.274137 0.888889 0.620000
30 0.272015 0.877778 0.600000
31 0.267875 0.888889 0.620000
32 0.273274 0.873333 0.680000
33 0.302168 0.875556 0.620000
34 0.252134 0.891111 0.670000
35 0.240981 0.895556 0.660000
36 0.229038 0.888889 0.590000
37 0.232559 0.893333 0.670000
38 0.218892 0.891111 0.680000
39 0.264586 0.878889 0.650000
40 0.247502 0.891111 0.610000
41 0.233154 0.896667 0.640000
42 0.226811 0.888889 0.620000
43 0.278786 0.887778 0.690000
44 0.274856 0.894444 0.680000
45 0.225467 0.894444 0.670000
46 0.224370 0.893333 0.660000
47 0.253243 0.881111 0.650000
48 0.264207 0.891111 0.600000
49 0.254635 0.895556 0.660000
50 0.213799 0.904444 0.670000
51 0.200691 0.901111 0.670000
52 0.207046 0.906667 0.690000
53 0.200594 0.906667 0.670000
54 0.201312 0.906667 0.640000
55 0.203405 0.910000 0.670000
56 0.197297 0.902222 0.620000
57 0.194212 0.896667 0.660000
58 0.187646 0.906667 0.650000
59 0.190009 0.902222 0.620000
60 0.186615 0.908889 0.640000
61 0.187316 0.907778 0.610000
62 0.193110 0.904444 0.640000
63 0.189612 0.902222 0.640000
64 0.182024 0.902222 0.690000
65 0.184227 0.910000 0.660000
66 0.198975 0.893333 0.610000
67 0.203905 0.902222 0.640000
68 0.197778 0.890000 0.620000
69 0.200704 0.894444 0.650000
70 0.212051 0.903333 0.710000
71 0.191165 0.905556 0.670000
72 0.193135 0.901111 0.660000
73 0.202169 0.902222 0.650000
74 0.187530 0.901111 0.680000
75 0.187218 0.908889 0.690000
76 0.197846 0.902222 0.630000
77 0.202562 0.897778 0.610000
78 0.196221 0.903333 0.660000
79 0.188166 0.911111 0.650000
80 0.186487 0.907778 0.660000
81 0.201605 0.903333 0.640000
82 0.290096 0.903333 0.670000
83 0.212135 0.905556 0.690000
84 0.206565 0.898889 0.640000
85 0.192449 0.904444 0.630000
86 0.187955 0.906667 0.590000
87 0.183376 0.900000 0.610000
88 0.188398 0.907778 0.640000
89 0.206511 0.912222 0.640000
90 0.186178 0.913333 0.650000
91 0.190454 0.908889 0.600000
92 0.197433 0.901111 0.610000
93 0.195801 0.907778 0.650000
94 0.192837 0.910000 0.640000
95 0.190352 0.910000 0.660000
96 0.187391 0.904444 0.640000
97 0.193989 0.908889 0.620000
98 0.228393 0.905556 0.620000
99 0.190305 0.900000 0.640000
100 0.179677 0.906667 0.620000
101 0.173580 0.912222 0.650000
102 0.181381 0.912222 0.660000
103 0.172274 0.907778 0.610000
104 0.165285 0.908889 0.620000
105 0.180785 0.903333 0.630000
106 0.172583 0.910000 0.660000
107 0.173482 0.911111 0.620000
108 0.181556 0.910000 0.660000
109 0.179286 0.907778 0.670000
110 0.169516 0.911111 0.640000
111 0.175935 0.906667 0.620000
112 0.174892 0.908889 0.590000
113 0.161833 0.912222 0.600000
114 0.169499 0.910000 0.620000
115 0.182764 0.910000 0.650000
116 0.177955 0.910000 0.670000
117 0.168749 0.913333 0.640000
118 0.162339 0.903333 0.620000
119 0.168649 0.911111 0.650000
120 0.172659 0.908889 0.640000
121 0.172065 0.908889 0.620000
122 0.166680 0.911111 0.640000
123 0.168749 0.911111 0.610000
124 0.167176 0.905556 0.620000
125 0.160499 0.910000 0.640000
126 0.185763 0.905556 0.620000
127 0.170874 0.910000 0.620000
128 0.164797 0.908889 0.610000
129 0.175984 0.905556 0.650000
130 0.181931 0.908889 0.620000
131 0.172307 0.911111 0.630000
132 0.175392 0.913333 0.620000
133 0.173243 0.910000 0.630000
134 0.170901 0.910000 0.630000
135 0.173562 0.910000 0.600000
136 0.171446 0.912222 0.620000
137 0.174841 0.904444 0.610000
138 0.178373 0.913333 0.600000
139 0.177500 0.908889 0.640000
140 0.163674 0.908889 0.630000
141 0.166729 0.906667 0.640000
142 0.173173 0.910000 0.610000
143 0.163776 0.911111 0.650000
144 0.166826 0.908889 0.650000
145 0.223260 0.910000 0.630000
146 0.205756 0.912222 0.640000
147 0.177022 0.912222 0.630000
148 0.171565 0.911111 0.620000
149 0.169214 0.913333 0.630000
150 0.166455 0.914444 0.620000
151 0.162888 0.908889 0.630000
152 0.161864 0.911111 0.610000
153 0.168533 0.908889 0.630000
154 0.162001 0.910000 0.640000
155 0.160540 0.911111 0.650000
156 0.156115 0.912222 0.630000
157 0.165199 0.910000 0.620000
158 0.160461 0.910000 0.630000
159 0.170471 0.913333 0.630000
160 0.158262 0.914444 0.650000
161 0.165704 0.912222 0.640000
162 0.158460 0.911111 0.630000
163 0.158912 0.913333 0.630000
164 0.162077 0.912222 0.610000
165 0.156065 0.911111 0.620000
166 0.169788 0.914444 0.640000
167 0.167248 0.912222 0.620000
168 0.166910 0.907778 0.620000
169 0.159101 0.912222 0.600000
170 0.166460 0.913333 0.600000
171 0.163606 0.910000 0.580000
172 0.160165 0.912222 0.600000
173 0.165371 0.912222 0.640000
174 0.155135 0.911111 0.630000
175 0.157958 0.910000 0.640000
176 0.160527 0.907778 0.610000
177 0.159637 0.912222 0.640000
178 0.152972 0.911111 0.650000
179 0.162581 0.913333 0.600000
180 0.154718 0.914444 0.640000
181 0.161168 0.913333 0.630000
182 0.162975 0.913333 0.640000
183 0.156945 0.914444 0.630000
184 0.156620 0.914444 0.610000
185 0.159099 0.913333 0.630000
186 0.162291 0.913333 0.620000
187 0.160219 0.914444 0.620000
188 0.166233 0.911111 0.630000
189 0.160977 0.907778 0.630000
190 0.162817 0.912222 0.610000
191 0.161983 0.910000 0.610000
192 0.164650 0.913333 0.620000
193 0.166407 0.910000 0.630000
194 0.168073 0.912222 0.600000
195 0.162563 0.913333 0.620000
196 0.158922 0.911111 0.630000
197 0.165539 0.911111 0.600000
198 0.162125 0.907778 0.610000
199 0.167536 0.912222 0.610000
200 0.163185 0.914444 0.610000
201 0.160837 0.912222 0.610000
202 0.159797 0.912222 0.640000
203 0.162581 0.912222 0.640000
204 0.162049 0.913333 0.620000
205 0.153866 0.914444 0.620000
206 0.161997 0.912222 0.610000
207 0.159554 0.911111 0.610000
208 0.174654 0.913333 0.640000
209 0.163791 0.910000 0.640000
210 0.153266 0.913333 0.660000
211 0.156225 0.912222 0.630000
212 0.163276 0.912222 0.640000
213 0.165602 0.913333 0.620000
214 0.160245 0.911111 0.620000
215 0.160542 0.910000 0.630000
216 0.166077 0.914444 0.650000
217 0.156164 0.913333 0.630000
218 0.162137 0.912222 0.650000
219 0.159254 0.914444 0.620000
220 0.155171 0.912222 0.650000
221 0.161174 0.913333 0.610000
222 0.160578 0.913333 0.630000
223 0.157227 0.912222 0.630000
224 0.159177 0.913333 0.630000
225 0.157215 0.911111 0.640000
226 0.160662 0.912222 0.630000
227 0.151395 0.912222 0.630000
228 0.160635 0.912222 0.620000
229 0.158694 0.912222 0.630000
230 0.166775 0.911111 0.640000
231 0.159592 0.912222 0.630000
232 0.158271 0.911111 0.620000
233 0.157591 0.911111 0.610000
234 0.150723 0.912222 0.580000
235 0.151654 0.912222 0.630000
236 0.161308 0.913333 0.630000
237 0.158029 0.912222 0.640000
238 0.156236 0.913333 0.640000
239 0.165116 0.913333 0.640000
240 0.158025 0.910000 0.660000
241 0.165889 0.913333 0.630000
242 0.153857 0.913333 0.630000
243 0.163231 0.912222 0.630000
244 0.150299 0.912222 0.630000
245 0.160302 0.914444 0.640000
246 0.154254 0.912222 0.630000
247 0.150993 0.911111 0.650000
248 0.153543 0.912222 0.630000
249 0.159065 0.913333 0.640000
250 0.161183 0.914444 0.630000
251 0.159200 0.912222 0.630000
252 0.157074 0.914444 0.620000
253 0.146717 0.913333 0.640000
254 0.154179 0.912222 0.620000
255 0.159365 0.911111 0.640000
256 0.156804 0.912222 0.640000
257 0.153993 0.912222 0.640000
258 0.164630 0.914444 0.620000
259 0.154880 0.913333 0.630000
260 0.158985 0.914444 0.640000
261 0.153000 0.913333 0.650000
262 0.160469 0.913333 0.620000
263 0.152550 0.912222 0.650000
264 0.156768 0.911111 0.630000
265 0.152155 0.912222 0.640000
266 0.159733 0.913333 0.630000
267 0.157295 0.913333 0.630000
268 0.159573 0.912222 0.640000
269 0.154715 0.914444 0.630000
270 0.153498 0.913333 0.620000
271 0.159203 0.912222 0.630000
272 0.155447 0.913333 0.620000
273 0.155311 0.913333 0.630000
274 0.153133 0.913333 0.640000
275 0.162026 0.913333 0.630000
276 0.160728 0.912222 0.610000
277 0.161478 0.914444 0.630000
278 0.157175 0.913333 0.610000
279 0.157669 0.913333 0.640000
280 0.148286 0.912222 0.640000
281 0.157326 0.914444 0.640000
282 0.158985 0.913333 0.640000
283 0.155029 0.913333 0.630000
284 0.156957 0.914444 0.610000
285 0.161811 0.912222 0.610000
286 0.158512 0.913333 0.640000
287 0.156808 0.913333 0.640000
288 0.158860 0.913333 0.630000
289 0.156594 0.914444 0.630000
290 0.160557 0.914444 0.630000
291 0.156687 0.913333 0.630000
292 0.156339 0.910000 0.640000
293 0.152480 0.912222 0.630000
294 0.159856 0.912222 0.610000
295 0.158049 0.912222 0.610000
296 0.155100 0.912222 0.640000
297 0.153710 0.912222 0.640000
298 0.160092 0.912222 0.630000
299 0.158137 0.913333 0.610000
300 0.155154 0.913333 0.630000
301 0.155575 0.912222 0.640000
302 0.161287 0.914444 0.630000
303 0.160813 0.913333 0.620000
304 0.152339 0.913333 0.610000
305 0.155622 0.913333 0.620000
306 0.156965 0.912222 0.630000
307 0.156787 0.913333 0.640000
308 0.156203 0.912222 0.620000
309 0.154969 0.913333 0.630000
310 0.155746 0.914444 0.630000
311 0.158927 0.913333 0.630000
312 0.155091 0.914444 0.630000
313 0.161314 0.912222 0.630000
314 0.154206 0.914444 0.630000
315 0.156637 0.914444 0.630000
316 0.154757 0.912222 0.610000
317 0.164144 0.914444 0.630000
318 0.158345 0.912222 0.630000
319 0.162852 0.912222 0.610000
320 0.149709 0.913333 0.620000
321 0.161488 0.913333 0.620000
322 0.148761 0.912222 0.630000
323 0.159458 0.913333 0.640000
324 0.156018 0.913333 0.630000
325 0.154107 0.913333 0.610000
326 0.162665 0.913333 0.640000
327 0.154450 0.914444 0.640000
328 0.158631 0.913333 0.640000
329 0.161900 0.912222 0.640000
330 0.157016 0.913333 0.630000
331 0.157605 0.914444 0.640000
332 0.158595 0.913333 0.640000
333 0.153765 0.914444 0.650000
334 0.154459 0.913333 0.630000
335 0.152998 0.913333 0.640000
336 0.158776 0.913333 0.630000
337 0.155326 0.913333 0.630000
338 0.155325 0.913333 0.630000
339 0.158712 0.913333 0.630000
340 0.154591 0.912222 0.610000
341 0.147555 0.912222 0.640000
342 0.161055 0.913333 0.630000
343 0.159382 0.913333 0.630000
344 0.149487 0.912222 0.640000
345 0.154680 0.913333 0.630000
346 0.158142 0.911111 0.630000
347 0.154954 0.914444 0.620000
348 0.161627 0.912222 0.630000
349 0.159153 0.913333 0.630000
350 0.158625 0.914444 0.630000
