1 5.066928 0.537037 0.440000
2 2.551941 0.504444 0.473333
3 2.191043 0.526667 0.466667
4 1.625353 0.514074 0.400000
5 1.328698 0.566667 0.446667
6 1.206410 0.448148 0.406667
7 1.099787 0.571852 0.453333
8 0.970139 0.588148 0.513333
9 0.931691 0.579259 0.433333
10 0.903470 0.602222 0.460000
11 0.955867 0.582963 0.460000
12 0.994186 0.574815 0.480000
13 1.012476 0.564444 0.473333
14 0.996598 0.591111 0.453333
15 0.947954 0.595556 0.493333
16 0.883564 0.608889 0.453333
17 0.862553 0.594815 0.440000
18 0.837039 0.620000 0.473333
19 0.833729 0.625185 0.486667
20 0.835645 0.606667 0.433333
21 0.842780 0.615556 0.473333
22 0.851133 0.605185 0.446667
23 0.834194 0.596296 0.493333
24 0.827498 0.608889 0.486667
25 0.876097 0.610370 0.466667
26 0.829222 0.628148 0.466667
27 1.007448 0.575556 0.500000
28 0.900727 0.611852 0.500000
29 0.865828 0.622222 0.506667
30 0.834891 0.624444 0.473333
31 0.819198 0.611111 0.473333
32 0.902151 0.610370 0.460000
33 0.896382 0.617037 0.486667
34 0.861122 0.609630 0.466667
35 0.819180 0.620000 0.473333
36 0.801221 0.618519 0.506667
37 0.835371 0.634074 0.506667
38 0.810580 0.633333 0.506667
39 0.793707 0.628889 0.453333
40 0.847433 0.602963 0.520000
41 0.847404 0.625185 0.480000
42 0.826993 0.627407 0.460000
43 0.821805 0.622963 0.500000
44 0.810858 0.617037 0.500000
45 0.830616 0.631111 0.466667
46 0.844961 0.628148 0.473333
47 0.793433 0.637037 0.500000
48 0.804411 0.625185 0.466667
49 0.822751 0.628148 0.493333
50 0.795424 0.634815 0.446667
