1 2.762531 0.764444 0.710000
2 0.794226 0.770000 0.740000
3 0.637045 0.772222 0.650000
4 0.517170 0.835556 0.740000
5 0.439738 0.837778 0.700000
6 0.409387 0.836667 0.680000
7 0.421199 0.818889 0.720000
8 0.400596 0.871111 0.740000
9 0.443724 0.827778 0.720000
10 0.458120 0.830000 0.700000
11 0.459315 0.847778 0.690000
12 0.394092 0.854444 0.770000
13 0.333356 0.872222 0.670000
14 0.315224 0.868889 0.700000
15 0.297160 0.880000 0.660000
16 0.312357 0.858889 0.700000
17 0.298918 0.876667 0.650000
18 0.317270 0.886667 0.660000
19 0.273105 0.875556 0.680000
20 0.268944 0.882222 0.690000
21 0.259822 0.891111 0.640000
22 0.296010 0.876667 0.660000
23 0.311298 0.891111 0.720000
24 0.273633 0.885556 0.730000
25 0.251311 0.886667 0.670000
26 0.270096 0.873333 0.680000
27 0.271415 0.902222 0.710000
28 0.243303 0.886667 0.720000
29 0.277148 0.896667 0.700000
30 0.244657 0.894444 0.660000
31 0.240270 0.898889 0.650000
32 0.281106 0.880000 0.690000
33 0.269696 0.888889 0.680000
34 0.245936 0.886667 0.680000
35 0.265125 0.872222 0.680000
36 0.247740 0.900000 0.700000
37 0.263787 0.846667 0.610000
38 0.636266 0.807778 0.690000
39 0.412196 0.867778 0.680000
40 0.327833 0.886667 0.650000
41 0.345547 0.863333 0.710000
42 0.307329 0.886667 0.630000
43 0.268136 0.893333 0.650000
44 0.335254 0.834444 0.680000
45 0.420323 0.865556 0.680000
46 0.314975 0.873333 0.620000
47 0.309774 0.874444 0.690000
48 0.296772 0.858889 0.640000
49 0.284082 0.887778 0.680000
50 0.286734 0.890000 0.650000
51 0.247971 0.886667 0.630000
52 0.242347 0.901111 0.680000
53 0.224237 0.897778 0.720000
54 0.247245 0.898889 0.710000
55 0.227674 0.904444 0.680000
56 0.229715 0.897778 0.710000
57 0.226489 0.906667 0.670000
58 0.217788 0.888889 0.620000
59 0.249131 0.904444 0.640000
60 0.226332 0.903333 0.640000
61 0.229025 0.901111 0.670000
62 0.213119 0.904444 0.680000
63 0.215926 0.906667 0.650000
64 0.243310 0.901111 0.650000
65 0.215180 0.907778 0.640000
66 0.222477 0.896667 0.650000
67 0.211986 0.897778 0.660000
68 0.201994 0.907778 0.650000
69 0.212496 0.907778 0.670000
70 0.253835 0.895556 0.700000
71 0.244841 0.892222 0.700000
72 0.231542 0.907778 0.680000
73 0.223602 0.902222 0.640000
74 0.214750 0.904444 0.620000
75 0.219624 0.907778 0.610000
76 0.205339 0.905556 0.680000
77 0.203241 0.905556 0.640000
78 0.214612 0.906667 0.650000
79 0.200843 0.910000 0.660000
80 0.222545 0.908889 0.660000
81 0.212273 0.904444 0.660000
82 0.205175 0.910000 0.650000
83 0.203690 0.906667 0.680000
84 0.198365 0.906667 0.680000
85 0.207051 0.900000 0.710000
86 0.204197 0.911111 0.710000
87 0.194164 0.910000 0.620000
88 0.199187 0.905556 0.710000
89 0.203610 0.910000 0.700000
90 0.210115 0.907778 0.680000
91 0.201831 0.908889 0.690000
92 0.196527 0.904444 0.690000
93 0.208822 0.905556 0.660000
94 0.196951 0.904444 0.650000
95 0.210561 0.908889 0.700000
96 0.203016 0.904444 0.670000
97 0.200395 0.907778 0.650000
98 0.211330 0.901111 0.610000
99 0.203761 0.912222 0.650000
100 0.194693 0.903333 0.630000
101 0.178759 0.912222 0.650000
102 0.184190 0.910000 0.620000
103 0.185320 0.913333 0.630000
104 0.180008 0.914444 0.650000
105 0.178270 0.908889 0.630000
106 0.185392 0.911111 0.680000
107 0.177050 0.906667 0.630000
108 0.177846 0.912222 0.650000
109 0.184150 0.911111 0.690000
110 0.173678 0.908889 0.700000
111 0.184192 0.910000 0.660000
112 0.176889 0.913333 0.650000
113 0.180818 0.912222 0.670000
114 0.174719 0.906667 0.640000
115 0.188299 0.908889 0.660000
116 0.185691 0.908889 0.650000
117 0.178924 0.908889 0.660000
118 0.175065 0.913333 0.650000
119 0.200023 0.907778 0.700000
120 0.196124 0.911111 0.680000
121 0.186350 0.910000 0.690000
122 0.175189 0.905556 0.700000
123 0.184078 0.911111 0.660000
124 0.182602 0.912222 0.670000
125 0.177720 0.910000 0.680000
126 0.176223 0.911111 0.660000
127 0.177350 0.913333 0.640000
128 0.175039 0.908889 0.680000
129 0.184521 0.910000 0.650000
130 0.178941 0.910000 0.630000
131 0.176598 0.911111 0.640000
132 0.192691 0.911111 0.630000
133 0.180118 0.905556 0.660000
134 0.171176 0.913333 0.640000
135 0.169071 0.907778 0.690000
136 0.187355 0.912222 0.660000
137 0.182987 0.908889 0.680000
138 0.187151 0.912222 0.630000
139 0.186302 0.910000 0.680000
140 0.186964 0.910000 0.630000
141 0.174315 0.910000 0.660000
142 0.176555 0.908889 0.690000
143 0.171569 0.911111 0.690000
144 0.189392 0.906667 0.720000
145 0.171621 0.908889 0.680000
146 0.175570 0.908889 0.660000
147 0.172649 0.910000 0.650000
148 0.200945 0.905556 0.710000
149 0.190104 0.906667 0.720000
150 0.168186 0.914444 0.660000
151 0.176373 0.912222 0.670000
152 0.175580 0.914444 0.660000
153 0.175971 0.912222 0.690000
154 0.180713 0.912222 0.670000
155 0.171052 0.911111 0.660000
156 0.171770 0.910000 0.690000
157 0.172932 0.912222 0.670000
158 0.173091 0.907778 0.730000
159 0.178264 0.912222 0.680000
160 0.163075 0.912222 0.680000
161 0.169041 0.910000 0.680000
162 0.176731 0.910000 0.700000
163 0.164528 0.907778 0.690000
164 0.174713 0.912222 0.660000
165 0.174251 0.907778 0.700000
166 0.176734 0.907778 0.670000
167 0.171714 0.911111 0.710000
168 0.172602 0.911111 0.680000
169 0.172712 0.914444 0.670000
170 0.167960 0.911111 0.690000
171 0.185944 0.912222 0.690000
172 0.171771 0.910000 0.690000
173 0.174281 0.910000 0.680000
174 0.175087 0.910000 0.680000
175 0.172432 0.912222 0.680000
176 0.175029 0.913333 0.670000
177 0.169445 0.908889 0.690000
178 0.169742 0.908889 0.660000
179 0.173147 0.911111 0.650000
180 0.179081 0.912222 0.650000
181 0.171447 0.912222 0.660000
182 0.173332 0.912222 0.680000
183 0.171037 0.913333 0.670000
184 0.167263 0.913333 0.640000
185 0.169229 0.912222 0.650000
186 0.171632 0.907778 0.670000
187 0.203801 0.913333 0.620000
188 0.177422 0.912222 0.670000
189 0.177123 0.910000 0.670000
190 0.170278 0.912222 0.650000
191 0.166147 0.912222 0.650000
192 0.165684 0.912222 0.690000
193 0.172560 0.911111 0.650000
194 0.166833 0.911111 0.680000
195 0.177706 0.913333 0.660000
196 0.173912 0.914444 0.670000
197 0.174407 0.908889 0.660000
198 0.173353 0.912222 0.660000
199 0.164662 0.911111 0.690000
200 0.166525 0.911111 0.680000
201 0.169657 0.913333 0.690000
202 0.173149 0.910000 0.680000
203 0.169424 0.911111 0.670000
204 0.172897 0.910000 0.670000
205 0.164260 0.910000 0.650000
206 0.165016 0.910000 0.680000
207 0.174345 0.911111 0.680000
208 0.166827 0.911111 0.650000
209 0.166529 0.913333 0.670000
210 0.169173 0.911111 0.660000
211 0.165096 0.911111 0.650000
212 0.170320 0.913333 0.650000
213 0.169966 0.913333 0.660000
214 0.165593 0.910000 0.660000
215 0.167239 0.912222 0.660000
216 0.165436 0.912222 0.670000
217 0.171624 0.912222 0.670000
218 0.175796 0.913333 0.650000
219 0.170325 0.911111 0.620000
220 0.163916 0.911111 0.660000
221 0.165007 0.911111 0.700000
222 0.164483 0.911111 0.640000
223 0.167010 0.914444 0.660000
224 0.169275 0.911111 0.660000
225 0.164804 0.911111 0.670000
226 0.163303 0.912222 0.680000
227 0.166195 0.914444 0.660000
228 0.170244 0.908889 0.700000
229 0.168786 0.911111 0.670000
230 0.170309 0.912222 0.660000
231 0.167973 0.912222 0.640000
232 0.167140 0.911111 0.660000
233 0.170928 0.913333 0.650000
234 0.161846 0.908889 0.660000
235 0.164633 0.911111 0.690000
236 0.172236 0.911111 0.690000
237 0.166289 0.911111 0.670000
238 0.160911 0.911111 0.660000
239 0.160542 0.911111 0.670000
240 0.163355 0.912222 0.650000
241 0.169181 0.911111 0.660000
242 0.171009 0.910000 0.670000
243 0.175060 0.911111 0.650000
244 0.168168 0.910000 0.670000
245 0.179699 0.912222 0.650000
246 0.161780 0.912222 0.690000
247 0.168057 0.911111 0.650000
248 0.167053 0.912222 0.630000
249 0.160588 0.914444 0.680000
250 0.182381 0.911111 0.690000
251 0.167619 0.914444 0.680000
252 0.159331 0.912222 0.690000
253 0.164850 0.912222 0.650000
254 0.169900 0.911111 0.680000
255 0.162851 0.912222 0.680000
256 0.167385 0.912222 0.650000
257 0.161078 0.912222 0.670000
258 0.168115 0.912222 0.650000
259 0.165703 0.912222 0.670000
260 0.170542 0.912222 0.670000
261 0.169053 0.912222 0.660000
262 0.167107 0.912222 0.670000
263 0.165305 0.911111 0.680000
264 0.168503 0.910000 0.680000
265 0.164742 0.911111 0.670000
266 0.170963 0.912222 0.670000
267 0.165601 0.911111 0.670000
268 0.168701 0.911111 0.650000
269 0.167299 0.912222 0.650000
270 0.168714 0.910000 0.670000
271 0.172669 0.911111 0.680000
272 0.161671 0.911111 0.660000
273 0.168277 0.913333 0.660000
274 0.163953 0.911111 0.680000
275 0.165257 0.913333 0.670000
276 0.172180 0.914444 0.630000
277 0.168447 0.914444 0.650000
278 0.163948 0.913333 0.660000
279 0.165464 0.916667 0.640000
280 0.164048 0.913333 0.680000
281 0.164938 0.912222 0.680000
282 0.168829 0.911111 0.670000
283 0.165082 0.912222 0.680000
284 0.168273 0.914444 0.670000
285 0.170826 0.914444 0.640000
286 0.172515 0.912222 0.650000
287 0.167857 0.913333 0.670000
288 0.168187 0.914444 0.680000
289 0.164900 0.914444 0.650000
290 0.166210 0.912222 0.680000
291 0.173893 0.912222 0.680000
292 0.164026 0.910000 0.670000
293 0.158150 0.915556 0.650000
294 0.162474 0.915556 0.660000
295 0.167626 0.914444 0.660000
296 0.160616 0.912222 0.650000
297 0.168493 0.912222 0.660000
298 0.167393 0.913333 0.650000
299 0.167629 0.912222 0.640000
300 0.160327 0.913333 0.660000
301 0.166805 0.915556 0.650000
302 0.165712 0.912222 0.660000
303 0.165336 0.913333 0.650000
304 0.162328 0.911111 0.670000
305 0.167346 0.911111 0.670000
306 0.175342 0.910000 0.670000
307 0.158197 0.910000 0.690000
308 0.168346 0.913333 0.670000
309 0.165541 0.914444 0.640000
310 0.176381 0.914444 0.660000
311 0.170401 0.913333 0.680000
312 0.166364 0.914444 0.640000
313 0.164096 0.915556 0.640000
314 0.159097 0.912222 0.650000
315 0.165662 0.914444 0.640000
316 0.169651 0.914444 0.650000
317 0.168223 0.912222 0.680000
318 0.162132 0.914444 0.640000
319 0.163531 0.913333 0.660000
320 0.165351 0.912222 0.670000
321 0.164631 0.913333 0.670000
322 0.163410 0.914444 0.640000
323 0.164197 0.910000 0.660000
324 0.164534 0.912222 0.650000
325 0.162359 0.914444 0.640000
326 0.160585 0.913333 0.660000
327 0.164000 0.914444 0.640000
328 0.160221 0.910000 0.660000
329 0.162572 0.913333 0.670000
330 0.169978 0.912222 0.640000
331 0.164647 0.910000 0.690000
332 0.162438 0.912222 0.650000
333 0.161218 0.910000 0.670000
334 0.162975 0.910000 0.680000
335 0.156628 0.910000 0.680000
336 0.165453 0.910000 0.680000
337 0.163715 0.912222 0.650000
338 0.178592 0.912222 0.650000
339 0.166054 0.911111 0.660000
340 0.166594 0.912222 0.650000
341 0.166493 0.913333 0.640000
342 0.164704 0.910000 0.650000
343 0.162877 0.912222 0.640000
344 0.169434 0.912222 0.650000
345 0.165882 0.910000 0.680000
346 0.162591 0.913333 0.660000
347 0.167771 0.913333 0.650000
348 0.164662 0.913333 0.640000
349 0.165945 0.912222 0.650000
350 0.168587 0.914444 0.630000
