1 3.865913 0.696774 0.588235
2 1.933289 0.700000 0.647059
3 1.237937 0.690323 0.647059
4 0.934261 0.729032 0.617647
5 0.923312 0.767742 0.617647
6 0.944881 0.751613 0.647059
7 0.830957 0.680645 0.588235
8 0.592517 0.816129 0.676471
9 0.604897 0.809677 0.676471
10 0.763128 0.803226 0.647059
11 0.594106 0.812903 0.735294
12 0.488915 0.845161 0.676471
13 0.421672 0.848387 0.735294
14 0.439172 0.854839 0.676471
15 0.408222 0.858065 0.735294
16 0.377232 0.867742 0.735294
17 0.387974 0.858065 0.617647
18 0.402764 0.867742 0.735294
19 0.342926 0.896774 0.735294
20 0.384408 0.877419 0.705882
21 0.369128 0.903226 0.676471
22 0.367993 0.812903 0.617647
23 0.343473 0.909677 0.676471
24 0.278973 0.877419 0.676471
25 0.363338 0.829032 0.588235
26 0.352904 0.896774 0.705882
27 0.272215 0.922581 0.676471
28 0.275816 0.867742 0.676471
29 0.358908 0.883871 0.588235
30 0.265671 0.935484 0.676471
31 0.267779 0.903226 0.735294
32 0.311242 0.893548 0.647059
33 0.303518 0.887097 0.676471
34 0.274953 0.922581 0.647059
35 0.240465 0.935484 0.676471
36 0.221075 0.922581 0.705882
37 0.225546 0.935484 0.647059
38 0.277783 0.900000 0.647059
39 0.348173 0.861290 0.647059
40 0.247537 0.929032 0.705882
41 0.216859 0.938710 0.705882
42 0.200136 0.935484 0.617647
43 0.215845 0.919355 0.617647
44 0.207666 0.932258 0.676471
45 0.186213 0.951613 0.647059
46 0.199112 0.945161 0.676471
47 0.256887 0.829032 0.647059
48 0.425990 0.890323 0.647059
49 0.273076 0.896774 0.558824
50 0.206619 0.958065 0.617647
51 0.165414 0.945161 0.647059
52 0.161892 0.945161 0.676471
53 0.167233 0.958065 0.735294
54 0.155842 0.964516 0.676471
55 0.149151 0.948387 0.676471
56 0.152990 0.958065 0.705882
57 0.142839 0.967742 0.676471
58 0.144885 0.967742 0.676471
59 0.150367 0.961290 0.647059
60 0.175940 0.961290 0.676471
61 0.152875 0.964516 0.705882
62 0.154144 0.954839 0.676471
63 0.161663 0.961290 0.676471
64 0.155154 0.961290 0.705882
65 0.137181 0.961290 0.705882
66 0.161002 0.954839 0.705882
67 0.146225 0.970968 0.705882
68 0.146768 0.964516 0.676471
69 0.132752 0.967742 0.705882
70 0.168595 0.925806 0.676471
71 0.196080 0.958065 0.705882
72 0.142937 0.951613 0.705882
73 0.198213 0.941935 0.705882
74 0.185037 0.893548 0.705882
75 0.178454 0.958065 0.676471
76 0.149934 0.964516 0.647059
77 0.173332 0.961290 0.735294
78 0.152253 0.961290 0.676471
79 0.147042 0.961290 0.705882
80 0.143033 0.964516 0.647059
81 0.154606 0.964516 0.705882
82 0.136418 0.961290 0.676471
83 0.150518 0.967742 0.647059
84 0.135047 0.961290 0.705882
85 0.126941 0.961290 0.705882
86 0.128895 0.961290 0.705882
87 0.132041 0.967742 0.676471
88 0.138905 0.961290 0.735294
89 0.139627 0.958065 0.735294
90 0.137733 0.961290 0.676471
91 0.254142 0.819355 0.617647
92 0.188789 0.929032 0.647059
93 0.141994 0.967742 0.647059
94 0.133174 0.964516 0.676471
95 0.148720 0.961290 0.735294
96 0.203954 0.941935 0.676471
97 0.239936 0.851613 0.647059
98 0.216662 0.958065 0.647059
99 0.143133 0.958065 0.676471
100 0.134047 0.967742 0.676471
101 0.124626 0.970968 0.647059
102 0.117659 0.970968 0.705882
103 0.118205 0.964516 0.676471
104 0.112552 0.970968 0.705882
105 0.112993 0.961290 0.705882
106 0.112633 0.967742 0.705882
107 0.103947 0.970968 0.676471
108 0.109198 0.967742 0.705882
109 0.104647 0.974194 0.705882
110 0.099360 0.964516 0.676471
111 0.108379 0.977419 0.647059
112 0.104286 0.964516 0.647059
113 0.110449 0.964516 0.676471
114 0.109003 0.970968 0.647059
115 0.101389 0.974194 0.676471
116 0.113003 0.970968 0.676471
117 0.104754 0.964516 0.676471
118 0.100528 0.977419 0.705882
119 0.098871 0.974194 0.705882
120 0.102953 0.974194 0.676471
121 0.104228 0.974194 0.705882
122 0.104610 0.974194 0.676471
123 0.101592 0.970968 0.676471
124 0.101077 0.974194 0.676471
125 0.112141 0.974194 0.676471
126 0.115771 0.958065 0.676471
127 0.097556 0.967742 0.676471
128 0.109472 0.967742 0.676471
129 0.111109 0.961290 0.676471
130 0.098904 0.970968 0.647059
131 0.094491 0.970968 0.676471
132 0.111859 0.974194 0.705882
133 0.103750 0.977419 0.705882
134 0.099381 0.974194 0.705882
135 0.112383 0.970968 0.705882
136 0.105059 0.974194 0.676471
137 0.100108 0.967742 0.705882
138 0.093122 0.977419 0.705882
139 0.101761 0.970968 0.676471
140 0.095888 0.970968 0.735294
141 0.103854 0.967742 0.735294
142 0.127016 0.948387 0.705882
143 0.223477 0.945161 0.647059
144 0.132555 0.964516 0.676471
145 0.110375 0.974194 0.705882
146 0.124927 0.958065 0.676471
147 0.106580 0.974194 0.705882
148 0.107811 0.967742 0.676471
149 0.105466 0.970968 0.676471
150 0.096602 0.967742 0.705882
151 0.094198 0.970968 0.705882
152 0.095631 0.977419 0.705882
153 0.090100 0.970968 0.676471
154 0.089511 0.974194 0.676471
155 0.087273 0.977419 0.676471
156 0.092011 0.970968 0.676471
157 0.090960 0.974194 0.705882
158 0.088342 0.970968 0.705882
159 0.091610 0.974194 0.705882
160 0.088626 0.967742 0.676471
161 0.094134 0.977419 0.676471
162 0.086967 0.977419 0.676471
163 0.086822 0.970968 0.705882
164 0.087821 0.974194 0.705882
165 0.086168 0.970968 0.705882
166 0.092297 0.970968 0.676471
167 0.092627 0.974194 0.676471
168 0.093214 0.967742 0.676471
169 0.086103 0.970968 0.705882
170 0.090149 0.974194 0.705882
171 0.085233 0.970968 0.705882
172 0.091487 0.974194 0.676471
173 0.085316 0.974194 0.705882
174 0.090402 0.974194 0.676471
175 0.087409 0.974194 0.735294
176 0.093709 0.977419 0.735294
177 0.083685 0.974194 0.705882
178 0.084967 0.974194 0.735294
179 0.089253 0.974194 0.676471
180 0.092673 0.974194 0.735294
181 0.090121 0.974194 0.705882
182 0.088585 0.974194 0.705882
183 0.081093 0.974194 0.705882
184 0.089841 0.974194 0.705882
185 0.085706 0.977419 0.705882
186 0.090040 0.970968 0.705882
187 0.087576 0.970968 0.705882
188 0.087134 0.980645 0.676471
189 0.085796 0.977419 0.705882
190 0.088528 0.977419 0.676471
191 0.091771 0.967742 0.676471
192 0.142428 0.970968 0.705882
193 0.097386 0.974194 0.705882
194 0.085074 0.974194 0.705882
195 0.090630 0.977419 0.676471
196 0.086999 0.974194 0.676471
197 0.084308 0.974194 0.705882
198 0.084645 0.974194 0.705882
199 0.087261 0.980645 0.676471
200 0.080675 0.974194 0.676471
201 0.081797 0.977419 0.705882
202 0.082529 0.977419 0.676471
203 0.079558 0.980645 0.676471
204 0.080687 0.980645 0.705882
205 0.078120 0.977419 0.705882
206 0.082863 0.977419 0.676471
207 0.076688 0.977419 0.647059
208 0.082801 0.977419 0.705882
209 0.084406 0.974194 0.735294
210 0.084191 0.977419 0.735294
211 0.085207 0.977419 0.705882
212 0.089683 0.977419 0.676471
213 0.080978 0.977419 0.705882
214 0.080762 0.977419 0.705882
215 0.081692 0.977419 0.676471
216 0.080332 0.974194 0.705882
217 0.080589 0.977419 0.735294
218 0.082168 0.980645 0.705882
219 0.084458 0.977419 0.705882
220 0.079336 0.977419 0.735294
221 0.077825 0.977419 0.735294
222 0.085592 0.974194 0.735294
223 0.083456 0.977419 0.735294
224 0.075167 0.974194 0.735294
225 0.082941 0.977419 0.735294
226 0.083263 0.983871 0.735294
227 0.080195 0.977419 0.705882
228 0.082568 0.977419 0.735294
229 0.082375 0.983871 0.705882
230 0.076578 0.974194 0.735294
231 0.079323 0.980645 0.705882
232 0.083031 0.980645 0.735294
233 0.077344 0.977419 0.735294
234 0.074960 0.977419 0.735294
235 0.077306 0.977419 0.735294
236 0.077448 0.983871 0.705882
237 0.077852 0.980645 0.735294
238 0.074498 0.977419 0.735294
239 0.081528 0.983871 0.735294
240 0.080499 0.977419 0.735294
241 0.078705 0.977419 0.735294
242 0.078708 0.980645 0.735294
243 0.074936 0.980645 0.735294
244 0.080643 0.977419 0.735294
245 0.078414 0.980645 0.705882
246 0.079739 0.974194 0.735294
247 0.076779 0.977419 0.705882
248 0.078121 0.980645 0.735294
249 0.078025 0.983871 0.735294
250 0.086434 0.980645 0.735294
251 0.082700 0.980645 0.735294
252 0.078916 0.980645 0.705882
253 0.071998 0.980645 0.705882
254 0.074807 0.977419 0.705882
255 0.075598 0.977419 0.705882
256 0.075994 0.983871 0.705882
257 0.075898 0.983871 0.705882
258 0.077401 0.977419 0.705882
259 0.078517 0.983871 0.705882
260 0.074058 0.977419 0.705882
261 0.082102 0.983871 0.705882
262 0.079716 0.980645 0.676471
263 0.074185 0.977419 0.705882
264 0.073257 0.980645 0.676471
265 0.076092 0.980645 0.676471
266 0.074119 0.980645 0.705882
267 0.076168 0.983871 0.705882
268 0.080080 0.983871 0.705882
269 0.073486 0.980645 0.676471
270 0.073528 0.980645 0.705882
271 0.075841 0.977419 0.735294
272 0.072558 0.974194 0.735294
273 0.077342 0.980645 0.676471
274 0.077036 0.983871 0.735294
275 0.075396 0.980645 0.735294
276 0.076632 0.977419 0.735294
277 0.074897 0.983871 0.705882
278 0.071240 0.977419 0.705882
279 0.077355 0.983871 0.735294
280 0.074034 0.983871 0.705882
281 0.080304 0.977419 0.735294
282 0.079882 0.977419 0.735294
283 0.072729 0.977419 0.705882
284 0.077524 0.977419 0.735294
285 0.076373 0.980645 0.705882
286 0.076441 0.977419 0.735294
287 0.076194 0.977419 0.676471
288 0.072150 0.980645 0.705882
289 0.080110 0.983871 0.705882
290 0.075593 0.980645 0.676471
291 0.075453 0.983871 0.705882
292 0.076112 0.983871 0.735294
293 0.074115 0.980645 0.735294
294 0.074734 0.980645 0.735294
295 0.074059 0.980645 0.705882
296 0.072530 0.980645 0.735294
297 0.081523 0.983871 0.735294
298 0.081142 0.980645 0.705882
299 0.076072 0.983871 0.705882
300 0.069804 0.980645 0.705882
301 0.070304 0.977419 0.735294
302 0.073906 0.980645 0.705882
303 0.076350 0.983871 0.705882
304 0.068900 0.980645 0.705882
305 0.074343 0.980645 0.705882
306 0.071816 0.980645 0.735294
307 0.075423 0.980645 0.735294
308 0.072457 0.980645 0.705882
309 0.076456 0.983871 0.676471
310 0.076945 0.980645 0.676471
311 0.072676 0.983871 0.735294
312 0.072228 0.980645 0.735294
313 0.072261 0.983871 0.705882
314 0.068316 0.983871 0.735294
315 0.073867 0.983871 0.705882
316 0.072715 0.980645 0.676471
317 0.075706 0.980645 0.735294
318 0.074047 0.983871 0.705882
319 0.075067 0.983871 0.705882
320 0.073889 0.980645 0.735294
321 0.072481 0.980645 0.735294
322 0.070580 0.980645 0.735294
323 0.068885 0.980645 0.735294
324 0.071303 0.980645 0.705882
325 0.070740 0.983871 0.735294
326 0.076928 0.983871 0.735294
327 0.070181 0.983871 0.735294
328 0.069182 0.983871 0.705882
329 0.075665 0.983871 0.735294
330 0.076433 0.983871 0.735294
331 0.070595 0.980645 0.735294
332 0.070557 0.983871 0.735294
333 0.072628 0.980645 0.735294
334 0.071007 0.980645 0.735294
335 0.074399 0.980645 0.735294
336 0.075740 0.980645 0.705882
337 0.070002 0.980645 0.735294
338 0.070728 0.980645 0.735294
339 0.072610 0.980645 0.735294
340 0.072522 0.980645 0.735294
341 0.071459 0.980645 0.735294
342 0.071343 0.980645 0.735294
343 0.069940 0.980645 0.705882
344 0.073137 0.980645 0.735294
345 0.072231 0.980645 0.735294
346 0.073093 0.980645 0.735294
347 0.073989 0.980645 0.735294
348 0.071818 0.983871 0.735294
349 0.073278 0.983871 0.735294
350 0.076804 0.983871 0.735294
