1 4.678722 0.555556 0.559611
2 2.030438 0.628008 0.605839
3 1.856546 0.553663 0.520681
4 1.447799 0.686402 0.652068
5 1.370898 0.722087 0.700730
6 1.187555 0.685050 0.678832
7 1.078271 0.688294 0.676399
8 1.269598 0.656934 0.642336
9 0.939441 0.701271 0.703163
10 0.828142 0.708840 0.693431
11 0.926312 0.706407 0.700730
12 0.798239 0.710192 0.690998
13 0.834498 0.685591 0.693431
14 0.763412 0.701000 0.715328
15 0.727669 0.685861 0.669100
16 0.794609 0.675318 0.661800
17 0.825734 0.687753 0.642336
18 0.777248 0.702893 0.656934
19 0.695259 0.715869 0.683698
20 0.635818 0.728305 0.720195
21 0.591138 0.694782 0.695864
22 0.598619 0.684780 0.676399
23 0.622485 0.702352 0.693431
24 0.614038 0.729386 0.725061
25 0.579798 0.734793 0.717762
26 0.650152 0.726413 0.732360
27 0.593088 0.730738 0.715328
28 0.597267 0.724250 0.708029
29 0.564336 0.710462 0.703163
30 0.565100 0.735604 0.737226
31 0.571385 0.739119 0.739659
32 0.590705 0.743444 0.727494
33 0.607442 0.741552 0.739659
34 0.577473 0.741552 0.720195
35 0.582475 0.709111 0.688564
36 0.636572 0.725331 0.717762
37 0.585648 0.731279 0.725061
38 0.584664 0.745607 0.746959
39 0.600952 0.735064 0.720195
40 0.589815 0.736686 0.720195
41 0.581974 0.708840 0.678832
42 0.566405 0.752366 0.746959
43 0.548297 0.730468 0.720195
44 0.588606 0.736686 0.708029
45 0.565249 0.707489 0.708029
46 0.575445 0.705055 0.708029
47 0.573948 0.743715 0.725061
48 0.562003 0.706677 0.698297
49 0.568070 0.722628 0.705596
50 0.551949 0.750203 0.754258
51 0.547015 0.755610 0.742092
52 0.546041 0.726142 0.705596
53 0.563556 0.739389 0.720195
54 0.545556 0.756150 0.756691
55 0.533103 0.750743 0.754258
56 0.539004 0.750203 0.744526
57 0.544845 0.748310 0.742092
58 0.532161 0.751284 0.742092
59 0.519009 0.742092 0.729927
60 0.538510 0.750743 0.754258
61 0.527585 0.758043 0.744526
62 0.525472 0.756961 0.710462
63 0.530134 0.753988 0.727494
64 0.535471 0.755339 0.732360
65 0.524405 0.761016 0.746959
66 0.535273 0.755339 0.739659
67 0.522361 0.756961 0.749392
68 0.522337 0.764261 0.749392
69 0.551314 0.755339 0.732360
70 0.526949 0.758043 0.737226
71 0.519120 0.769397 0.766423
72 0.534268 0.746418 0.737226
73 0.520327 0.751014 0.759124
74 0.526964 0.760746 0.737226
75 0.542658 0.762098 0.734793
76 0.525768 0.758043 0.773723
77 0.540216 0.754799 0.739659
78 0.523501 0.746688 0.734793
79 0.534865 0.748581 0.734793
80 0.510782 0.770208 0.756691
81 0.512243 0.767775 0.751825
82 0.521113 0.749392 0.742092
83 0.531509 0.765342 0.737226
84 0.526494 0.753447 0.746959
85 0.525350 0.757772 0.729927
86 0.524314 0.759394 0.749392
87 0.524113 0.747229 0.746959
88 0.527186 0.761557 0.729927
89 0.539276 0.772641 0.756691
90 0.518649 0.758043 0.749392
91 0.534198 0.770479 0.744526
92 0.510291 0.766964 0.725061
93 0.535282 0.771830 0.746959
94 0.510332 0.767505 0.754258
95 0.508246 0.769397 0.739659
96 0.525113 0.762368 0.742092
97 0.535344 0.771830 0.756691
98 0.520396 0.752906 0.744526
99 0.551564 0.748851 0.715328
100 0.512749 0.771290 0.763990
101 0.498213 0.780211 0.759124
102 0.504805 0.786699 0.763990
103 0.504063 0.781292 0.761557
104 0.495825 0.780752 0.771290
105 0.499161 0.775615 0.746959
106 0.494521 0.772101 0.751825
107 0.497471 0.782103 0.746959
108 0.488531 0.779129 0.756691
109 0.479147 0.780211 0.766423
110 0.503550 0.781563 0.749392
111 0.493253 0.770208 0.756691
112 0.494544 0.776696 0.771290
113 0.513181 0.772371 0.754258
114 0.492707 0.775885 0.739659
115 0.487618 0.785618 0.763990
116 0.492892 0.780481 0.768856
117 0.490346 0.788862 0.768856
118 0.482068 0.787510 0.759124
119 0.486476 0.781292 0.773723
120 0.487764 0.783996 0.739659
121 0.485567 0.789943 0.763990
122 0.483225 0.789132 0.768856
123 0.487480 0.783185 0.742092
124 0.470144 0.789132 0.771290
125 0.489346 0.788051 0.761557
126 0.472169 0.779129 0.732360
127 0.500280 0.769938 0.759124
128 0.480668 0.787510 0.761557
129 0.480044 0.792376 0.746959
130 0.484437 0.786699 0.773723
131 0.480154 0.791836 0.771290
132 0.481120 0.789943 0.761557
133 0.494535 0.795620 0.768856
134 0.472258 0.792106 0.771290
135 0.465981 0.773452 0.739659
136 0.489389 0.782644 0.756691
137 0.489879 0.790754 0.781022
138 0.474721 0.791025 0.746959
139 0.481984 0.791565 0.766423
140 0.463974 0.779941 0.725061
141 0.477756 0.786969 0.761557
142 0.465686 0.797783 0.761557
143 0.482082 0.792917 0.768856
144 0.471925 0.795620 0.776156
145 0.486376 0.782914 0.729927
146 0.468604 0.801838 0.771290
147 0.471875 0.788592 0.773723
148 0.474741 0.771290 0.729927
149 0.489244 0.803190 0.785888
150 0.443662 0.816707 0.783455
151 0.445260 0.818870 0.771290
152 0.452090 0.799676 0.788321
153 0.451839 0.819140 0.785888
154 0.440861 0.811571 0.768856
155 0.449247 0.805082 0.778589
156 0.436178 0.813193 0.783455
157 0.448959 0.815356 0.800487
158 0.439513 0.811030 0.773723
159 0.440629 0.809949 0.778589
160 0.439062 0.821033 0.778589
161 0.453089 0.819140 0.778589
162 0.440613 0.816167 0.778589
163 0.444539 0.828602 0.773723
164 0.433698 0.826710 0.763990
165 0.430431 0.824547 0.798054
166 0.447683 0.824818 0.785888
167 0.446450 0.821303 0.766423
168 0.452345 0.821303 0.781022
169 0.435291 0.816167 0.768856
170 0.435258 0.824006 0.788321
171 0.425844 0.816978 0.783455
172 0.436040 0.816167 0.781022
173 0.432657 0.829413 0.790754
174 0.429793 0.827521 0.776156
175 0.431906 0.829413 0.798054
176 0.447627 0.817789 0.781022
177 0.421732 0.829413 0.817518
178 0.438051 0.827251 0.781022
179 0.432484 0.828873 0.788321
180 0.424838 0.824547 0.773723
181 0.430902 0.828873 0.790754
182 0.415263 0.828332 0.773723
183 0.429114 0.837524 0.778589
184 0.436419 0.811571 0.773723
185 0.416805 0.820762 0.763990
186 0.442980 0.814815 0.744526
187 0.419987 0.822384 0.781022
188 0.429558 0.834280 0.776156
189 0.421391 0.838875 0.773723
190 0.429992 0.838335 0.773723
191 0.425231 0.842931 0.783455
192 0.419050 0.834820 0.763990
193 0.416074 0.842390 0.773723
194 0.418798 0.840227 0.773723
195 0.428449 0.836713 0.790754
196 0.408271 0.830765 0.795620
197 0.420918 0.835091 0.761557
198 0.414592 0.830765 0.763990
199 0.411189 0.842119 0.773723
200 0.409943 0.851582 0.795620
201 0.402364 0.841579 0.773723
202 0.402635 0.850230 0.795620
203 0.404067 0.851582 0.798054
204 0.404146 0.847526 0.798054
205 0.403592 0.847797 0.793187
206 0.397469 0.840768 0.751825
207 0.400257 0.851852 0.778589
208 0.399063 0.847256 0.776156
209 0.399389 0.848337 0.783455
210 0.391870 0.846175 0.783455
211 0.396012 0.854285 0.805353
212 0.396618 0.854015 0.798054
213 0.407655 0.852663 0.790754
214 0.408214 0.853204 0.805353
215 0.388840 0.848608 0.781022
216 0.392819 0.851852 0.788321
217 0.393699 0.854015 0.800487
218 0.412088 0.850230 0.790754
219 0.394904 0.855366 0.778589
220 0.389853 0.854015 0.800487
221 0.388903 0.847256 0.790754
222 0.393532 0.854285 0.785888
223 0.390020 0.852122 0.781022
224 0.396260 0.851041 0.773723
225 0.396771 0.854826 0.800487
226 0.397721 0.860773 0.798054
227 0.396114 0.856177 0.785888
228 0.402160 0.852663 0.793187
229 0.389094 0.855907 0.776156
230 0.387066 0.859962 0.790754
231 0.392990 0.862395 0.793187
232 0.392597 0.855907 0.766423
233 0.377506 0.856177 0.802920
234 0.378111 0.857259 0.790754
235 0.387962 0.859962 0.798054
236 0.384873 0.860503 0.785888
237 0.381867 0.856718 0.788321
238 0.381327 0.859692 0.778589
239 0.378442 0.859692 0.800487
240 0.374207 0.858340 0.793187
241 0.387357 0.860503 0.810219
242 0.368663 0.857799 0.798054
243 0.387481 0.856448 0.795620
244 0.390463 0.865369 0.800487
245 0.393381 0.863206 0.798054
246 0.391269 0.858610 0.795620
247 0.375325 0.865910 0.788321
248 0.389442 0.860773 0.785888
249 0.380287 0.863477 0.793187
250 0.382666 0.868072 0.788321
251 0.371552 0.866721 0.785888
252 0.375668 0.870235 0.798054
253 0.369633 0.865910 0.783455
254 0.387748 0.868613 0.783455
255 0.378612 0.869695 0.788321
256 0.365425 0.870506 0.800487
257 0.380156 0.871317 0.800487
258 0.358719 0.873750 0.788321
259 0.367078 0.871046 0.795620
260 0.368345 0.873209 0.810219
261 0.372657 0.871046 0.790754
262 0.370747 0.873209 0.790754
263 0.362018 0.874561 0.810219
264 0.362846 0.872398 0.795620
265 0.367754 0.870776 0.793187
266 0.369165 0.874561 0.785888
267 0.369202 0.873209 0.785888
268 0.371376 0.872939 0.795620
269 0.364795 0.867532 0.778589
270 0.379212 0.873479 0.776156
271 0.366217 0.872128 0.788321
272 0.374663 0.869965 0.781022
273 0.379939 0.874290 0.793187
274 0.366050 0.875101 0.795620
275 0.367880 0.874020 0.793187
276 0.371681 0.871587 0.788321
277 0.370760 0.871587 0.800487
278 0.358458 0.873479 0.802920
279 0.376760 0.876723 0.800487
280 0.353695 0.875372 0.805353
281 0.378824 0.874020 0.807786
282 0.357626 0.876723 0.802920
283 0.365778 0.871857 0.793187
284 0.357677 0.872939 0.795620
285 0.367745 0.875642 0.793187
286 0.361272 0.876723 0.795620
287 0.359479 0.875642 0.802920
288 0.381770 0.875912 0.790754
289 0.359041 0.876994 0.790754
290 0.365968 0.875372 0.781022
291 0.365049 0.875372 0.783455
292 0.361983 0.876453 0.788321
293 0.356235 0.876453 0.785888
294 0.369150 0.876183 0.785888
295 0.361221 0.878345 0.795620
296 0.364657 0.879427 0.793187
297 0.356660 0.875372 0.800487
298 0.359392 0.878886 0.798054
299 0.369306 0.872398 0.788321
300 0.368289 0.879697 0.793187
301 0.351781 0.880238 0.798054
302 0.350672 0.878345 0.793187
303 0.359403 0.879157 0.810219
304 0.373678 0.880508 0.798054
305 0.366611 0.881860 0.795620
306 0.361254 0.880238 0.802920
307 0.358844 0.879427 0.802920
308 0.358257 0.878075 0.790754
309 0.362717 0.879968 0.798054
310 0.357876 0.881590 0.800487
311 0.358518 0.879968 0.798054
312 0.359144 0.877805 0.788321
313 0.357379 0.879968 0.807786
314 0.353311 0.880779 0.795620
315 0.354444 0.879157 0.790754
316 0.354818 0.882671 0.802920
317 0.364149 0.879157 0.795620
318 0.349672 0.877534 0.798054
319 0.356430 0.878886 0.798054
320 0.355776 0.880508 0.793187
321 0.354459 0.880779 0.788321
322 0.363751 0.881319 0.795620
323 0.356344 0.876723 0.783455
324 0.357469 0.883482 0.802920
325 0.354025 0.884023 0.798054
326 0.348171 0.880779 0.800487
327 0.341808 0.878075 0.785888
328 0.349255 0.885915 0.793187
329 0.358551 0.883212 0.793187
330 0.359861 0.880779 0.788321
331 0.353432 0.882941 0.795620
332 0.379629 0.881860 0.788321
333 0.352135 0.882671 0.798054
334 0.355245 0.879427 0.781022
335 0.361552 0.882401 0.798054
336 0.358194 0.881860 0.798054
337 0.353009 0.881590 0.805353
338 0.361024 0.883752 0.795620
339 0.345762 0.882671 0.793187
340 0.347275 0.881860 0.798054
341 0.350092 0.887267 0.793187
342 0.347367 0.882401 0.790754
343 0.352210 0.879427 0.795620
344 0.353098 0.880238 0.783455
345 0.362626 0.880508 0.798054
346 0.349916 0.882941 0.810219
347 0.341277 0.885104 0.800487
348 0.340580 0.883482 0.790754
349 0.359387 0.886726 0.793187
350 0.353650 0.884293 0.795620
