1 5.445728 0.473333 0.466667
2 2.645525 0.493333 0.366667
3 1.858419 0.509630 0.393333
4 1.814297 0.460000 0.486667
5 1.584821 0.538519 0.473333
6 1.707665 0.548889 0.453333
7 1.661340 0.526667 0.513333
8 1.286547 0.537778 0.460000
9 1.228706 0.545185 0.486667
10 1.156584 0.528889 0.453333
11 0.981992 0.564444 0.480000
12 1.034905 0.576296 0.486667
13 1.016178 0.559259 0.526667
14 0.985871 0.568148 0.433333
15 0.949733 0.574074 0.520000
16 0.929937 0.536296 0.480000
17 0.907483 0.582963 0.486667
18 0.968268 0.579259 0.566667
19 1.005837 0.572593 0.440000
20 0.967723 0.597778 0.466667
21 0.986812 0.601481 0.506667
22 0.903984 0.605926 0.480000
23 0.919875 0.555556 0.473333
24 0.904189 0.580741 0.473333
25 0.885364 0.611111 0.480000
26 0.864455 0.600000 0.533333
27 0.882028 0.613333 0.493333
28 0.888340 0.610370 0.520000
29 0.848347 0.611852 0.520000
30 0.882890 0.607407 0.513333
31 0.865731 0.608889 0.513333
32 0.865347 0.608889 0.520000
33 0.842721 0.603704 0.473333
34 0.837303 0.613333 0.520000
35 0.884000 0.599259 0.493333
36 0.923689 0.582222 0.440000
37 0.862566 0.602222 0.533333
38 0.843691 0.610370 0.540000
39 0.820335 0.614074 0.513333
40 0.817774 0.614074 0.533333
41 0.813856 0.596296 0.493333
42 0.841414 0.604444 0.466667
43 0.825780 0.620741 0.506667
44 0.794959 0.631111 0.500000
45 0.810747 0.590370 0.440000
46 0.817563 0.618519 0.500000
47 0.816380 0.615556 0.513333
48 0.796710 0.612593 0.446667
49 0.795327 0.618519 0.526667
50 0.788337 0.627407 0.520000
