1 3.719202 0.711974 0.657143
2 1.376535 0.631068 0.457143
3 1.042283 0.689320 0.485714
4 1.398143 0.679612 0.600000
5 0.988191 0.747573 0.571429
6 0.789473 0.679612 0.514286
7 0.885830 0.663430 0.714286
8 0.732770 0.682848 0.428571
9 0.594317 0.763754 0.657143
10 0.529359 0.750809 0.571429
11 0.580559 0.805825 0.657143
12 0.667799 0.770227 0.657143
13 0.525395 0.812298 0.628571
14 0.449363 0.844660 0.571429
15 0.452260 0.828479 0.657143
16 0.434254 0.763754 0.542857
17 0.405417 0.841424 0.657143
18 0.396541 0.844660 0.685714
19 0.370207 0.880259 0.657143
20 0.362301 0.854369 0.571429
21 0.367116 0.844660 0.657143
22 0.468357 0.870550 0.628571
23 0.362077 0.851133 0.600000
24 0.427360 0.880259 0.714286
25 0.356323 0.851133 0.600000
26 0.374404 0.870550 0.657143
27 0.455140 0.818770 0.571429
28 0.571100 0.847896 0.714286
29 0.314163 0.899676 0.771429
30 0.275578 0.906149 0.628571
31 0.342115 0.889968 0.714286
32 0.268750 0.906149 0.657143
33 0.216637 0.919094 0.714286
34 0.232304 0.902913 0.685714
35 0.225575 0.915858 0.742857
36 0.238110 0.922330 0.657143
37 0.235165 0.912621 0.685714
38 0.238949 0.919094 0.685714
39 0.256492 0.870550 0.685714
40 0.309299 0.896440 0.600000
41 0.234212 0.932039 0.571429
42 0.230508 0.893204 0.628571
43 0.253117 0.919094 0.657143
44 0.225976 0.909385 0.657143
45 0.230214 0.915858 0.657143
46 0.199526 0.938511 0.685714
47 0.198382 0.906149 0.600000
48 0.241854 0.902913 0.657143
49 0.385629 0.880259 0.685714
50 0.227570 0.922330 0.657143
51 0.190245 0.922330 0.685714
52 0.180006 0.951456 0.571429
53 0.191825 0.922330 0.628571
54 0.180762 0.938511 0.600000
55 0.171168 0.951456 0.600000
56 0.155756 0.944984 0.628571
57 0.162152 0.935275 0.628571
58 0.167579 0.938511 0.657143
59 0.169755 0.938511 0.628571
60 0.158586 0.944984 0.714286
61 0.158518 0.944984 0.628571
62 0.169164 0.944984 0.685714
63 0.159209 0.938511 0.657143
64 0.207661 0.925566 0.628571
65 0.194332 0.944984 0.628571
66 0.160962 0.938511 0.657143
67 0.159701 0.948220 0.600000
68 0.157122 0.928803 0.628571
69 0.147571 0.954693 0.628571
70 0.148164 0.948220 0.657143
71 0.149018 0.941748 0.628571
72 0.151770 0.922330 0.657143
73 0.164484 0.941748 0.657143
74 0.206557 0.938511 0.657143
75 0.232632 0.873786 0.657143
76 0.228293 0.906149 0.685714
77 0.165051 0.932039 0.628571
78 0.153932 0.948220 0.600000
79 0.153962 0.935275 0.628571
80 0.159798 0.948220 0.685714
81 0.152078 0.951456 0.714286
82 0.150739 0.941748 0.685714
83 0.165951 0.925566 0.685714
84 0.169966 0.948220 0.685714
85 0.154483 0.941748 0.657143
86 0.136599 0.954693 0.657143
87 0.166168 0.944984 0.657143
88 0.166309 0.944984 0.742857
89 0.143225 0.941748 0.714286
90 0.149436 0.951456 0.657143
91 0.161832 0.944984 0.742857
92 0.459997 0.847896 0.685714
93 0.293857 0.935275 0.685714
94 0.186938 0.944984 0.685714
95 0.153203 0.941748 0.714286
96 0.149733 0.954693 0.685714
97 0.143839 0.957929 0.714286
98 0.156597 0.957929 0.685714
99 0.148647 0.964401 0.685714
100 0.140473 0.957929 0.714286
101 0.130229 0.957929 0.714286
102 0.130273 0.964401 0.714286
103 0.125028 0.964401 0.714286
104 0.128570 0.957929 0.714286
105 0.125172 0.957929 0.742857
106 0.126210 0.951456 0.685714
107 0.123205 0.954693 0.714286
108 0.127106 0.957929 0.714286
109 0.126445 0.970874 0.714286
110 0.119119 0.964401 0.714286
111 0.126427 0.967638 0.685714
112 0.134457 0.957929 0.685714
113 0.126023 0.964401 0.714286
114 0.132877 0.961165 0.685714
115 0.127118 0.954693 0.685714
116 0.147022 0.944984 0.685714
117 0.138042 0.961165 0.685714
118 0.120429 0.961165 0.685714
119 0.123425 0.961165 0.685714
120 0.119923 0.967638 0.714286
121 0.123789 0.957929 0.685714
122 0.115107 0.970874 0.685714
123 0.123559 0.967638 0.685714
124 0.120261 0.970874 0.685714
125 0.120855 0.961165 0.714286
126 0.121852 0.967638 0.685714
127 0.115328 0.970874 0.714286
128 0.121982 0.967638 0.685714
129 0.121437 0.977346 0.657143
130 0.120977 0.970874 0.685714
131 0.113922 0.954693 0.771429
132 0.143110 0.967638 0.685714
133 0.152735 0.967638 0.628571
134 0.121666 0.970874 0.685714
135 0.117735 0.957929 0.714286
136 0.119126 0.964401 0.714286
137 0.114199 0.974110 0.657143
138 0.113701 0.970874 0.685714
139 0.116110 0.970874 0.685714
140 0.118897 0.967638 0.714286
141 0.113839 0.964401 0.685714
142 0.110080 0.974110 0.714286
143 0.130319 0.964401 0.714286
144 0.116169 0.967638 0.714286
145 0.114360 0.974110 0.685714
146 0.109742 0.957929 0.742857
147 0.250348 0.922330 0.600000
148 0.225192 0.954693 0.685714
149 0.132616 0.970874 0.657143
150 0.123541 0.964401 0.685714
151 0.112910 0.970874 0.685714
152 0.116617 0.964401 0.685714
153 0.108948 0.974110 0.685714
154 0.110728 0.967638 0.685714
155 0.108390 0.974110 0.685714
156 0.113919 0.970874 0.685714
157 0.109521 0.977346 0.628571
158 0.110185 0.970874 0.685714
159 0.105265 0.974110 0.657143
160 0.109632 0.974110 0.628571
161 0.109418 0.964401 0.628571
162 0.105989 0.977346 0.657143
163 0.095628 0.974110 0.657143
164 0.107509 0.980583 0.628571
165 0.120327 0.967638 0.657143
166 0.112104 0.970874 0.685714
167 0.108143 0.974110 0.714286
168 0.098043 0.974110 0.714286
169 0.106303 0.977346 0.685714
170 0.108584 0.974110 0.657143
171 0.101505 0.974110 0.685714
172 0.097132 0.974110 0.657143
173 0.102585 0.974110 0.628571
174 0.109065 0.974110 0.628571
175 0.095947 0.974110 0.657143
176 0.102553 0.974110 0.685714
177 0.096508 0.970874 0.685714
178 0.095997 0.967638 0.657143
179 0.099589 0.970874 0.657143
180 0.098790 0.974110 0.657143
181 0.098342 0.977346 0.657143
182 0.090035 0.974110 0.628571
183 0.098848 0.974110 0.657143
184 0.097312 0.970874 0.628571
185 0.089052 0.974110 0.628571
186 0.089682 0.974110 0.628571
187 0.095925 0.977346 0.657143
188 0.094957 0.983819 0.628571
189 0.101587 0.980583 0.628571
190 0.096093 0.974110 0.657143
191 0.093112 0.974110 0.628571
192 0.097926 0.974110 0.628571
193 0.092387 0.977346 0.628571
194 0.088582 0.980583 0.628571
195 0.095464 0.967638 0.657143
196 0.091246 0.977346 0.657143
197 0.092941 0.977346 0.628571
198 0.088438 0.970874 0.657143
199 0.090801 0.974110 0.628571
200 0.089535 0.977346 0.628571
201 0.090567 0.974110 0.628571
202 0.092266 0.980583 0.628571
203 0.085093 0.980583 0.628571
204 0.084563 0.980583 0.628571
205 0.082728 0.977346 0.628571
206 0.087907 0.983819 0.628571
207 0.083269 0.980583 0.628571
208 0.088504 0.980583 0.628571
209 0.084246 0.977346 0.628571
210 0.088584 0.980583 0.628571
211 0.088139 0.977346 0.657143
212 0.090741 0.977346 0.628571
213 0.086177 0.977346 0.628571
214 0.092695 0.977346 0.657143
215 0.085920 0.980583 0.628571
216 0.082070 0.974110 0.628571
217 0.083075 0.977346 0.628571
218 0.083571 0.980583 0.628571
219 0.085116 0.983819 0.628571
220 0.083532 0.983819 0.628571
221 0.088635 0.980583 0.628571
222 0.086335 0.980583 0.628571
223 0.082869 0.977346 0.657143
224 0.082530 0.977346 0.628571
225 0.084004 0.977346 0.628571
226 0.082824 0.980583 0.628571
227 0.085009 0.974110 0.600000
228 0.086283 0.974110 0.628571
229 0.084147 0.974110 0.628571
230 0.082339 0.980583 0.628571
231 0.082829 0.977346 0.628571
232 0.079845 0.980583 0.628571
233 0.081569 0.980583 0.628571
234 0.081567 0.977346 0.628571
235 0.083636 0.980583 0.628571
236 0.080691 0.980583 0.628571
237 0.086008 0.974110 0.657143
238 0.083388 0.983819 0.628571
239 0.084139 0.983819 0.628571
240 0.082886 0.977346 0.628571
241 0.083949 0.983819 0.628571
242 0.077144 0.980583 0.628571
243 0.079826 0.977346 0.657143
244 0.080771 0.977346 0.628571
245 0.080223 0.983819 0.657143
246 0.079244 0.980583 0.628571
247 0.080419 0.980583 0.628571
248 0.086089 0.974110 0.628571
249 0.080243 0.980583 0.628571
250 0.082617 0.983819 0.628571
251 0.077502 0.980583 0.628571
252 0.076322 0.980583 0.628571
253 0.078399 0.980583 0.628571
254 0.074989 0.977346 0.628571
255 0.077073 0.977346 0.628571
256 0.071891 0.983819 0.628571
257 0.075942 0.977346 0.628571
258 0.077655 0.983819 0.628571
259 0.078803 0.974110 0.657143
260 0.079371 0.980583 0.628571
261 0.080655 0.977346 0.628571
262 0.075680 0.980583 0.628571
263 0.074804 0.977346 0.628571
264 0.075162 0.983819 0.628571
265 0.075678 0.980583 0.628571
266 0.076179 0.977346 0.628571
267 0.077294 0.977346 0.628571
268 0.076727 0.977346 0.628571
269 0.076612 0.980583 0.628571
270 0.075435 0.980583 0.628571
271 0.074008 0.980583 0.628571
272 0.074646 0.983819 0.628571
273 0.077769 0.980583 0.628571
274 0.081713 0.980583 0.628571
275 0.076510 0.980583 0.628571
276 0.080193 0.980583 0.628571
277 0.078402 0.977346 0.628571
278 0.076949 0.977346 0.628571
279 0.077242 0.980583 0.628571
280 0.069574 0.980583 0.628571
281 0.072916 0.977346 0.628571
282 0.079917 0.980583 0.628571
283 0.075298 0.977346 0.628571
284 0.076484 0.980583 0.628571
285 0.077372 0.980583 0.628571
286 0.071511 0.980583 0.628571
287 0.077890 0.977346 0.600000
288 0.075799 0.977346 0.628571
289 0.074014 0.983819 0.628571
290 0.074100 0.980583 0.628571
291 0.078418 0.974110 0.628571
292 0.073462 0.977346 0.628571
293 0.077230 0.980583 0.628571
294 0.078042 0.980583 0.628571
295 0.077081 0.977346 0.628571
296 0.079956 0.980583 0.628571
297 0.073340 0.980583 0.628571
298 0.075702 0.983819 0.628571
299 0.074156 0.980583 0.628571
300 0.076535 0.980583 0.628571
301 0.074245 0.983819 0.628571
302 0.071471 0.980583 0.628571
303 0.072676 0.980583 0.628571
304 0.068259 0.980583 0.628571
305 0.078152 0.983819 0.628571
306 0.075286 0.977346 0.628571
307 0.071963 0.980583 0.628571
308 0.071415 0.983819 0.628571
309 0.073406 0.980583 0.628571
310 0.074193 0.983819 0.628571
311 0.072407 0.987055 0.628571
312 0.067494 0.980583 0.628571
313 0.071862 0.980583 0.657143
314 0.071177 0.980583 0.628571
315 0.067514 0.980583 0.628571
316 0.070632 0.980583 0.628571
317 0.070658 0.980583 0.628571
318 0.075539 0.980583 0.628571
319 0.067700 0.974110 0.628571
320 0.076387 0.977346 0.628571
321 0.070777 0.974110 0.628571
322 0.070075 0.987055 0.628571
323 0.070776 0.983819 0.628571
324 0.072194 0.983819 0.628571
325 0.074703 0.980583 0.628571
326 0.073950 0.980583 0.628571
327 0.074657 0.980583 0.628571
328 0.073139 0.977346 0.628571
329 0.070827 0.974110 0.628571
330 0.075144 0.980583 0.600000
331 0.069198 0.977346 0.628571
332 0.070210 0.980583 0.628571
333 0.074111 0.983819 0.628571
334 0.074362 0.977346 0.628571
335 0.072800 0.980583 0.628571
336 0.067127 0.983819 0.628571
337 0.069732 0.980583 0.657143
338 0.070781 0.980583 0.628571
339 0.073912 0.980583 0.628571
340 0.074678 0.980583 0.657143
341 0.068416 0.983819 0.657143
342 0.074145 0.980583 0.628571
343 0.075965 0.977346 0.628571
344 0.073044 0.983819 0.628571
345 0.071771 0.980583 0.628571
346 0.072867 0.977346 0.628571
347 0.073268 0.980583 0.628571
348 0.075343 0.980583 0.657143
349 0.071614 0.980583 0.628571
350 0.073848 0.980583 0.628571
