1 8.301617 0.725549 0.720721
2 3.531560 0.713573 0.684685
3 2.230757 0.720559 0.711712
4 2.242282 0.737525 0.738739
5 1.653362 0.734531 0.684685
6 1.550270 0.699601 0.675676
7 1.867980 0.710579 0.720721
8 0.871566 0.730539 0.720721
9 1.093910 0.734531 0.711712
10 1.168480 0.736527 0.711712
11 1.022434 0.728543 0.702703
12 0.891599 0.751497 0.702703
13 1.001569 0.731537 0.684685
14 1.157835 0.749501 0.693694
15 0.893666 0.750499 0.720721
16 0.723066 0.725549 0.675676
17 0.700869 0.708583 0.675676
18 0.730471 0.736527 0.738739
19 0.704123 0.744511 0.711712
20 0.695216 0.725549 0.720721
21 0.753407 0.723553 0.693694
22 0.637019 0.744511 0.720721
23 0.692021 0.722555 0.720721
24 0.630052 0.725549 0.702703
25 0.621730 0.723553 0.693694
26 0.604410 0.739521 0.720721
27 0.626019 0.738523 0.711712
28 0.598846 0.744511 0.720721
29 0.602667 0.685629 0.657658
30 0.626402 0.748503 0.756757
31 0.595836 0.760479 0.738739
32 0.578125 0.727545 0.693694
33 0.583816 0.732535 0.747748
34 0.596196 0.746507 0.711712
35 0.577097 0.707585 0.747748
36 0.553375 0.738523 0.693694
37 0.570244 0.422156 0.405405
38 0.566747 0.765469 0.711712
39 0.568485 0.755489 0.747748
40 0.582953 0.751497 0.765766
41 0.568108 0.735529 0.747748
42 0.562808 0.753493 0.738739
43 0.587610 0.731537 0.711712
44 0.578217 0.752495 0.765766
45 0.560020 0.724551 0.702703
46 0.549581 0.746507 0.747748
47 0.574165 0.754491 0.720721
48 0.560241 0.717565 0.774775
49 0.907845 0.724551 0.702703
50 0.751444 0.693613 0.693694
51 0.672544 0.745509 0.702703
52 0.613195 0.709581 0.711712
53 0.596874 0.746507 0.774775
54 0.588960 0.743513 0.720721
55 0.595748 0.732535 0.729730
56 0.574936 0.748503 0.711712
57 0.582301 0.692615 0.720721
58 0.552684 0.742515 0.720721
59 0.579854 0.753493 0.738739
60 0.552840 0.741517 0.711712
61 0.577774 0.753493 0.729730
62 0.555432 0.758483 0.738739
63 0.565098 0.751497 0.720721
64 0.555800 0.739521 0.738739
65 0.561688 0.750499 0.774775
66 0.552088 0.722555 0.756757
67 0.548229 0.749501 0.774775
68 0.550397 0.756487 0.774775
69 0.569557 0.711577 0.747748
70 0.564369 0.728543 0.711712
71 0.557198 0.725549 0.738739
72 0.556126 0.755489 0.774775
73 0.552133 0.740519 0.711712
74 0.567946 0.744511 0.774775
75 0.570250 0.748503 0.729730
76 0.556679 0.748503 0.711712
77 0.564894 0.734531 0.684685
78 0.554413 0.754491 0.738739
79 0.552739 0.729541 0.702703
80 0.552248 0.688623 0.702703
81 0.558950 0.757485 0.738739
82 0.558572 0.744511 0.765766
83 0.567489 0.753493 0.738739
84 0.562306 0.736527 0.729730
85 0.561035 0.727545 0.720721
86 0.556313 0.754491 0.765766
87 0.549090 0.730539 0.711712
88 0.551462 0.748503 0.738739
89 0.568794 0.745509 0.765766
90 0.544760 0.755489 0.756757
91 0.553917 0.707585 0.702703
92 0.550441 0.671657 0.720721
93 0.558808 0.750499 0.765766
94 0.570134 0.410180 0.333333
95 0.602407 0.684631 0.675676
96 0.580313 0.727545 0.747748
97 0.577925 0.739521 0.693694
98 0.571606 0.732535 0.720721
99 0.590718 0.725549 0.738739
100 0.557949 0.750499 0.720721
101 0.570883 0.731537 0.747748
102 0.555334 0.735529 0.747748
103 0.573392 0.732535 0.765766
104 0.573198 0.737525 0.756757
105 0.561727 0.737525 0.738739
106 0.553838 0.752495 0.756757
107 0.565357 0.742515 0.774775
108 0.571354 0.735529 0.756757
109 0.549332 0.730539 0.765766
110 0.560430 0.740519 0.765766
111 0.564314 0.737525 0.738739
112 0.557333 0.736527 0.738739
113 0.562878 0.724551 0.738739
114 0.566412 0.722555 0.711712
115 0.559398 0.746507 0.774775
116 0.562076 0.748503 0.756757
117 0.571111 0.743513 0.756757
118 0.557605 0.735529 0.738739
119 0.569991 0.746507 0.765766
120 0.579283 0.735529 0.729730
121 0.568376 0.755489 0.729730
122 0.554527 0.744511 0.756757
123 0.554868 0.752495 0.765766
124 0.571765 0.749501 0.774775
125 0.560314 0.751497 0.774775
126 0.571022 0.746507 0.765766
127 0.564192 0.740519 0.756757
128 0.562924 0.744511 0.783784
129 0.559957 0.758483 0.738739
130 0.558105 0.737525 0.765766
131 0.566171 0.737525 0.738739
132 0.563577 0.749501 0.756757
133 0.555748 0.726547 0.720721
134 0.546992 0.643713 0.648649
135 0.551503 0.752495 0.756757
136 0.552173 0.748503 0.747748
137 0.544337 0.736527 0.702703
138 0.549025 0.755489 0.747748
139 0.557979 0.751497 0.765766
140 0.550118 0.709581 0.729730
141 0.552997 0.747505 0.738739
142 0.541859 0.749501 0.774775
143 0.550463 0.719561 0.702703
144 0.555404 0.738523 0.747748
145 0.551180 0.750499 0.765766
146 0.558575 0.736527 0.729730
147 0.563271 0.744511 0.702703
148 0.546858 0.748503 0.756757
149 0.557233 0.753493 0.774775
150 0.542300 0.756487 0.747748
151 0.556640 0.746507 0.774775
152 0.536652 0.756487 0.729730
153 0.542463 0.745509 0.693694
154 0.549525 0.762475 0.738739
155 0.562333 0.736527 0.729730
156 0.541828 0.752495 0.711712
157 0.543979 0.755489 0.738739
158 0.543449 0.749501 0.774775
159 0.545030 0.755489 0.756757
160 0.549428 0.755489 0.747748
161 0.542885 0.758483 0.756757
162 0.543687 0.751497 0.711712
163 0.548490 0.747505 0.747748
164 0.551379 0.758483 0.765766
165 0.543156 0.748503 0.756757
166 0.541449 0.749501 0.774775
167 0.541403 0.751497 0.774775
168 0.551360 0.754491 0.747748
169 0.547250 0.748503 0.774775
170 0.541025 0.746507 0.738739
171 0.542527 0.753493 0.765766
172 0.552892 0.754491 0.738739
173 0.548242 0.752495 0.765766
174 0.549376 0.751497 0.774775
175 0.533692 0.748503 0.756757
176 0.548506 0.740519 0.729730
177 0.546212 0.748503 0.729730
178 0.553905 0.747505 0.774775
179 0.541765 0.758483 0.747748
180 0.546670 0.753493 0.765766
181 0.545565 0.758483 0.765766
182 0.544277 0.746507 0.774775
183 0.544698 0.754491 0.765766
184 0.547323 0.751497 0.765766
185 0.550527 0.751497 0.765766
186 0.542416 0.748503 0.765766
187 0.545565 0.750499 0.729730
188 0.542700 0.745509 0.738739
189 0.552663 0.740519 0.720721
190 0.540975 0.750499 0.765766
191 0.554401 0.756487 0.747748
192 0.549806 0.752495 0.738739
193 0.550078 0.754491 0.747748
194 0.553217 0.752495 0.756757
195 0.553425 0.747505 0.774775
196 0.559781 0.752495 0.765766
197 0.558896 0.760479 0.765766
198 0.552055 0.741517 0.738739
199 0.543178 0.746507 0.747748
200 0.551791 0.746507 0.747748
201 0.553324 0.748503 0.774775
202 0.542808 0.751497 0.774775
203 0.540152 0.753493 0.774775
204 0.536548 0.748503 0.774775
205 0.535790 0.746507 0.747748
206 0.552494 0.743513 0.774775
207 0.546786 0.753493 0.774775
208 0.555778 0.748503 0.765766
209 0.553172 0.748503 0.774775
210 0.551083 0.738523 0.747748
211 0.534478 0.757485 0.756757
212 0.545586 0.743513 0.765766
213 0.541004 0.747505 0.774775
214 0.544384 0.738523 0.756757
215 0.538810 0.743513 0.765766
216 0.546184 0.742515 0.756757
217 0.540872 0.743513 0.756757
218 0.543671 0.748503 0.765766
219 0.543887 0.742515 0.747748
220 0.533578 0.750499 0.774775
221 0.547533 0.747505 0.747748
222 0.544233 0.744511 0.756757
223 0.538300 0.749501 0.756757
224 0.539927 0.749501 0.765766
225 0.540896 0.754491 0.765766
226 0.546277 0.751497 0.747748
227 0.538082 0.754491 0.765766
228 0.546456 0.756487 0.765766
229 0.547864 0.748503 0.747748
230 0.546191 0.744511 0.738739
231 0.542832 0.746507 0.765766
232 0.541890 0.760479 0.756757
233 0.539514 0.747505 0.747748
234 0.531852 0.746507 0.765766
235 0.545394 0.744511 0.756757
236 0.535614 0.751497 0.747748
237 0.541205 0.750499 0.765766
238 0.539293 0.752495 0.765766
239 0.534753 0.748503 0.747748
240 0.543654 0.742515 0.756757
241 0.539153 0.742515 0.738739
242 0.536159 0.740519 0.738739
243 0.547762 0.742515 0.756757
244 0.541624 0.743513 0.738739
245 0.540777 0.746507 0.747748
246 0.531942 0.738523 0.738739
247 0.540738 0.747505 0.747748
248 0.548835 0.745509 0.747748
249 0.547315 0.746507 0.747748
250 0.542526 0.749501 0.765766
251 0.550460 0.747505 0.756757
252 0.546610 0.748503 0.765766
253 0.542103 0.743513 0.747748
254 0.540582 0.746507 0.747748
255 0.548298 0.746507 0.747748
256 0.533506 0.748503 0.765766
257 0.536143 0.745509 0.747748
258 0.538698 0.744511 0.747748
259 0.535615 0.744511 0.738739
260 0.548790 0.741517 0.738739
261 0.530848 0.749501 0.765766
262 0.536711 0.747505 0.747748
263 0.546890 0.745509 0.747748
264 0.534552 0.742515 0.738739
265 0.533378 0.748503 0.765766
266 0.554063 0.747505 0.765766
267 0.543987 0.745509 0.747748
268 0.544924 0.744511 0.747748
269 0.530174 0.751497 0.756757
270 0.543160 0.752495 0.765766
271 0.539646 0.749501 0.765766
272 0.549034 0.740519 0.738739
273 0.534916 0.745509 0.747748
274 0.539390 0.745509 0.747748
275 0.536548 0.748503 0.747748
276 0.541262 0.750499 0.765766
277 0.539110 0.745509 0.747748
278 0.548120 0.745509 0.765766
279 0.540435 0.756487 0.756757
280 0.546366 0.748503 0.747748
281 0.539906 0.750499 0.765766
282 0.540528 0.754491 0.756757
283 0.545528 0.744511 0.738739
284 0.533862 0.747505 0.747748
285 0.546087 0.745509 0.738739
286 0.535963 0.747505 0.747748
287 0.537979 0.747505 0.747748
288 0.544997 0.746507 0.747748
289 0.547227 0.746507 0.747748
290 0.535234 0.749501 0.756757
291 0.547971 0.748503 0.747748
292 0.543479 0.747505 0.747748
293 0.532163 0.749501 0.765766
294 0.536360 0.750499 0.747748
295 0.546112 0.750499 0.765766
296 0.530433 0.761477 0.756757
297 0.553202 0.749501 0.756757
298 0.538025 0.751497 0.765766
299 0.538336 0.749501 0.756757
300 0.556075 0.749501 0.747748
301 0.536832 0.750499 0.756757
302 0.541817 0.749501 0.747748
303 0.546358 0.748503 0.747748
304 0.537049 0.749501 0.747748
305 0.539295 0.754491 0.756757
306 0.540403 0.750499 0.765766
307 0.549041 0.747505 0.747748
308 0.535438 0.746507 0.747748
309 0.536579 0.749501 0.747748
310 0.541235 0.746507 0.756757
311 0.534908 0.748503 0.747748
312 0.538624 0.750499 0.756757
313 0.533724 0.748503 0.747748
314 0.533458 0.744511 0.747748
315 0.530720 0.749501 0.747748
316 0.541152 0.748503 0.738739
317 0.535074 0.751497 0.756757
318 0.538496 0.750499 0.765766
319 0.538156 0.748503 0.747748
320 0.538240 0.749501 0.747748
321 0.542171 0.750499 0.747748
322 0.545937 0.749501 0.747748
323 0.543052 0.746507 0.747748
324 0.535994 0.748503 0.756757
325 0.540441 0.750499 0.747748
326 0.544943 0.749501 0.756757
327 0.530802 0.749501 0.747748
328 0.533165 0.754491 0.765766
329 0.541024 0.747505 0.738739
330 0.543772 0.748503 0.747748
331 0.542562 0.745509 0.738739
332 0.541723 0.750499 0.747748
333 0.536799 0.751497 0.747748
334 0.535511 0.749501 0.756757
335 0.529450 0.745509 0.738739
336 0.541355 0.748503 0.747748
337 0.544957 0.749501 0.747748
338 0.549492 0.753493 0.747748
339 0.545475 0.748503 0.747748
340 0.542864 0.748503 0.747748
341 0.551992 0.750499 0.747748
342 0.540524 0.751497 0.747748
343 0.537381 0.752495 0.756757
344 0.545974 0.750499 0.756757
345 0.543519 0.749501 0.747748
346 0.524742 0.750499 0.756757
347 0.527516 0.750499 0.756757
348 0.535471 0.749501 0.747748
349 0.541417 0.748503 0.747748
350 0.532559 0.748503 0.747748
