1 2.637391 0.745556 0.720000
2 1.199440 0.781111 0.730000
3 0.611625 0.800000 0.770000
4 0.558064 0.803333 0.690000
5 0.491980 0.794444 0.690000
6 0.504933 0.831111 0.690000
7 0.633868 0.795556 0.680000
8 0.436649 0.838889 0.730000
9 0.374612 0.854444 0.730000
10 0.371464 0.844444 0.710000
11 0.398247 0.844444 0.680000
12 0.361682 0.865556 0.700000
13 0.373059 0.858889 0.700000
14 0.345386 0.853333 0.700000
15 0.317916 0.867778 0.720000
16 0.306741 0.873333 0.670000
17 0.325141 0.854444 0.700000
18 0.332156 0.876667 0.700000
19 0.297369 0.856667 0.710000
20 0.285965 0.882222 0.690000
21 0.310252 0.870000 0.670000
22 0.291644 0.884444 0.680000
23 0.272672 0.878889 0.700000
24 0.277495 0.855556 0.640000
25 0.292255 0.881111 0.660000
26 0.274855 0.876667 0.680000
27 0.282824 0.891111 0.700000
28 0.735380 0.838889 0.660000
29 0.359277 0.865556 0.710000
30 0.371619 0.873333 0.720000
31 0.292471 0.887778 0.650000
32 0.273437 0.887778 0.720000
33 0.273911 0.887778 0.710000
34 0.260407 0.876667 0.660000
35 0.274909 0.847778 0.660000
36 0.262573 0.886667 0.670000
37 0.256644 0.883333 0.700000
38 0.247167 0.885556 0.700000
39 0.268082 0.893333 0.690000
40 0.279053 0.885556 0.640000
41 0.254568 0.898889 0.690000
42 0.249305 0.888889 0.680000
43 0.268044 0.880000 0.710000
44 0.243512 0.890000 0.690000
45 0.264998 0.871111 0.750000
46 0.257506 0.894444 0.710000
47 0.263272 0.891111 0.680000
48 0.257726 0.892222 0.690000
49 0.268786 0.898889 0.720000
50 0.228076 0.897778 0.700000
51 0.221212 0.897778 0.680000
52 0.220692 0.895556 0.710000
53 0.217564 0.900000 0.700000
54 0.211056 0.900000 0.700000
55 0.221536 0.901111 0.710000
56 0.209925 0.901111 0.690000
57 0.212613 0.898889 0.690000
58 0.204185 0.898889 0.660000
59 0.204442 0.900000 0.680000
60 0.204197 0.901111 0.720000
61 0.199930 0.900000 0.670000
62 0.210388 0.896667 0.650000
63 0.201866 0.900000 0.680000
64 0.221540 0.897778 0.690000
65 0.222408 0.898889 0.710000
66 0.237751 0.896667 0.680000
67 0.263819 0.862222 0.730000
68 0.272898 0.885556 0.740000
69 0.221290 0.903333 0.710000
70 0.211019 0.900000 0.720000
71 0.210460 0.903333 0.680000
72 0.212389 0.893333 0.690000
73 0.215945 0.897778 0.710000
74 0.226861 0.904444 0.740000
75 0.232115 0.896667 0.670000
76 0.277583 0.894444 0.690000
77 0.211072 0.901111 0.700000
78 0.214395 0.904444 0.710000
79 0.204996 0.904444 0.680000
80 0.201808 0.903333 0.720000
81 0.206551 0.903333 0.710000
82 0.222863 0.896667 0.700000
83 0.228087 0.901111 0.690000
84 0.208274 0.903333 0.660000
85 0.208167 0.898889 0.710000
86 0.209426 0.896667 0.700000
87 0.198011 0.897778 0.690000
88 0.213350 0.896667 0.690000
89 0.205155 0.901111 0.670000
90 0.211253 0.897778 0.680000
91 0.191347 0.896667 0.710000
92 0.197548 0.903333 0.700000
93 0.201736 0.903333 0.690000
94 0.194862 0.901111 0.720000
95 0.205086 0.897778 0.690000
96 0.212774 0.900000 0.690000
97 0.220199 0.897778 0.710000
98 0.228216 0.877778 0.700000
99 0.262400 0.893333 0.730000
100 0.215239 0.902222 0.710000
101 0.186690 0.903333 0.730000
102 0.194639 0.903333 0.710000
103 0.188614 0.900000 0.720000
104 0.196936 0.903333 0.720000
105 0.191004 0.902222 0.710000
106 0.198711 0.903333 0.720000
107 0.195554 0.902222 0.740000
108 0.183487 0.901111 0.720000
109 0.193793 0.902222 0.740000
110 0.194727 0.904444 0.710000
111 0.185027 0.904444 0.740000
112 0.193541 0.902222 0.720000
113 0.188026 0.903333 0.730000
114 0.185460 0.896667 0.730000
115 0.181748 0.901111 0.720000
116 0.188681 0.904444 0.750000
117 0.192496 0.901111 0.700000
118 0.183535 0.904444 0.700000
119 0.182206 0.904444 0.720000
120 0.189790 0.902222 0.730000
121 0.187504 0.904444 0.710000
122 0.187108 0.900000 0.710000
123 0.184242 0.904444 0.690000
124 0.181070 0.904444 0.710000
125 0.184179 0.904444 0.720000
126 0.176887 0.903333 0.730000
127 0.188690 0.897778 0.720000
128 0.188416 0.901111 0.730000
129 0.188245 0.904444 0.690000
130 0.188045 0.905556 0.720000
131 0.180897 0.906667 0.700000
132 0.186861 0.905556 0.690000
133 0.178391 0.905556 0.700000
134 0.178607 0.900000 0.730000
135 0.185712 0.904444 0.710000
136 0.182340 0.904444 0.720000
137 0.179816 0.905556 0.720000
138 0.180788 0.902222 0.720000
139 0.189060 0.902222 0.700000
140 0.182887 0.900000 0.730000
141 0.189567 0.904444 0.720000
142 0.173398 0.907778 0.730000
143 0.174988 0.905556 0.710000
144 0.195496 0.904444 0.710000
145 0.191419 0.903333 0.690000
146 0.200876 0.901111 0.720000
147 0.185481 0.905556 0.710000
148 0.181191 0.905556 0.710000
149 0.179699 0.904444 0.700000
150 0.172148 0.907778 0.720000
151 0.173957 0.905556 0.730000
152 0.176702 0.904444 0.720000
153 0.178323 0.907778 0.700000
154 0.176610 0.906667 0.700000
155 0.172150 0.910000 0.710000
156 0.176792 0.905556 0.690000
157 0.175249 0.906667 0.710000
158 0.170593 0.906667 0.700000
159 0.170283 0.906667 0.690000
160 0.177440 0.903333 0.690000
161 0.184097 0.905556 0.710000
162 0.179744 0.908889 0.710000
163 0.183550 0.905556 0.690000
164 0.186234 0.906667 0.690000
165 0.190032 0.903333 0.680000
166 0.186501 0.907778 0.700000
167 0.180790 0.907778 0.700000
168 0.179013 0.904444 0.700000
169 0.172251 0.908889 0.700000
170 0.166484 0.908889 0.710000
171 0.181825 0.906667 0.730000
172 0.172243 0.906667 0.710000
173 0.173931 0.907778 0.720000
174 0.187073 0.905556 0.670000
175 0.178413 0.906667 0.700000
176 0.184308 0.907778 0.710000
177 0.171925 0.907778 0.710000
178 0.170466 0.907778 0.710000
179 0.170864 0.907778 0.700000
180 0.189664 0.906667 0.710000
181 0.180618 0.907778 0.700000
182 0.173589 0.907778 0.720000
183 0.181178 0.906667 0.720000
184 0.178510 0.907778 0.710000
185 0.174157 0.905556 0.700000
186 0.177135 0.905556 0.720000
187 0.178738 0.906667 0.720000
188 0.175276 0.906667 0.710000
189 0.180729 0.905556 0.690000
190 0.174526 0.906667 0.720000
191 0.177087 0.906667 0.720000
192 0.167172 0.907778 0.720000
193 0.171938 0.908889 0.740000
194 0.171238 0.907778 0.710000
195 0.175932 0.906667 0.690000
196 0.176265 0.907778 0.680000
197 0.176295 0.906667 0.720000
198 0.170796 0.906667 0.710000
199 0.184606 0.906667 0.700000
200 0.169838 0.906667 0.730000
201 0.173590 0.906667 0.740000
202 0.175728 0.908889 0.730000
203 0.175572 0.906667 0.710000
204 0.169525 0.906667 0.710000
205 0.175989 0.905556 0.710000
206 0.161164 0.908889 0.690000
207 0.178060 0.905556 0.720000
208 0.180433 0.906667 0.720000
209 0.174131 0.907778 0.700000
210 0.166057 0.907778 0.710000
211 0.163180 0.908889 0.710000
212 0.177342 0.908889 0.720000
213 0.165455 0.904444 0.720000
214 0.175129 0.907778 0.750000
215 0.175489 0.904444 0.730000
216 0.165990 0.907778 0.720000
217 0.167796 0.907778 0.720000
218 0.179435 0.905556 0.710000
219 0.178315 0.907778 0.740000
220 0.178340 0.907778 0.700000
221 0.170928 0.906667 0.730000
222 0.165817 0.907778 0.720000
223 0.167166 0.907778 0.700000
224 0.164938 0.906667 0.730000
225 0.178600 0.906667 0.720000
226 0.169929 0.905556 0.720000
227 0.168708 0.907778 0.730000
228 0.175047 0.906667 0.700000
229 0.167899 0.906667 0.700000
230 0.179437 0.906667 0.710000
231 0.171428 0.907778 0.720000
232 0.166684 0.908889 0.710000
233 0.167041 0.907778 0.720000
234 0.172273 0.908889 0.700000
235 0.172479 0.906667 0.720000
236 0.174435 0.908889 0.710000
237 0.173924 0.907778 0.710000
238 0.173654 0.907778 0.730000
239 0.168534 0.906667 0.710000
240 0.177588 0.908889 0.720000
241 0.173634 0.907778 0.710000
242 0.169972 0.908889 0.700000
243 0.176351 0.907778 0.710000
244 0.169471 0.907778 0.710000
245 0.178088 0.907778 0.700000
246 0.179232 0.906667 0.680000
247 0.175020 0.906667 0.710000
248 0.176618 0.906667 0.700000
249 0.162217 0.907778 0.690000
250 0.180501 0.908889 0.700000
251 0.166333 0.907778 0.710000
252 0.167184 0.908889 0.710000
253 0.168565 0.907778 0.700000
254 0.173955 0.906667 0.700000
255 0.169763 0.908889 0.690000
256 0.170726 0.908889 0.700000
257 0.169226 0.907778 0.700000
258 0.172145 0.908889 0.710000
259 0.168186 0.906667 0.700000
260 0.170482 0.907778 0.700000
261 0.172455 0.907778 0.700000
262 0.176499 0.907778 0.690000
263 0.166530 0.908889 0.700000
264 0.167382 0.907778 0.700000
265 0.164398 0.908889 0.690000
266 0.161055 0.907778 0.700000
267 0.173746 0.907778 0.700000
268 0.171734 0.906667 0.700000
269 0.162555 0.908889 0.700000
270 0.177664 0.907778 0.710000
271 0.178828 0.908889 0.700000
272 0.167232 0.907778 0.720000
273 0.172162 0.907778 0.730000
274 0.171743 0.907778 0.720000
275 0.168508 0.907778 0.700000
276 0.167354 0.907778 0.700000
277 0.175825 0.908889 0.710000
278 0.172185 0.908889 0.710000
279 0.169818 0.907778 0.700000
280 0.166093 0.907778 0.710000
281 0.164225 0.908889 0.680000
282 0.174533 0.908889 0.700000
283 0.170366 0.907778 0.720000
284 0.174610 0.907778 0.720000
285 0.173290 0.906667 0.710000
286 0.177789 0.907778 0.700000
287 0.172942 0.906667 0.720000
288 0.171250 0.907778 0.700000
289 0.168056 0.906667 0.710000
290 0.173085 0.908889 0.720000
291 0.168121 0.907778 0.720000
292 0.169622 0.907778 0.730000
293 0.158480 0.907778 0.710000
294 0.181403 0.907778 0.710000
295 0.164845 0.907778 0.700000
296 0.167442 0.907778 0.700000
297 0.167922 0.907778 0.700000
298 0.168192 0.907778 0.720000
299 0.168848 0.907778 0.710000
300 0.166272 0.907778 0.720000
301 0.169371 0.906667 0.710000
302 0.169026 0.907778 0.700000
303 0.173963 0.906667 0.720000
304 0.159264 0.906667 0.710000
305 0.172763 0.906667 0.720000
306 0.162002 0.906667 0.710000
307 0.169178 0.907778 0.730000
308 0.168899 0.907778 0.710000
309 0.165771 0.907778 0.710000
310 0.175050 0.907778 0.700000
311 0.171524 0.908889 0.710000
312 0.171918 0.907778 0.720000
313 0.163030 0.907778 0.710000
314 0.163600 0.907778 0.700000
315 0.162944 0.907778 0.700000
316 0.169967 0.907778 0.710000
317 0.172314 0.907778 0.720000
318 0.166117 0.906667 0.710000
319 0.172027 0.907778 0.700000
320 0.171247 0.908889 0.700000
321 0.158164 0.907778 0.700000
322 0.168667 0.907778 0.690000
323 0.165130 0.907778 0.700000
324 0.171486 0.908889 0.700000
325 0.165925 0.908889 0.730000
326 0.166768 0.907778 0.690000
327 0.166208 0.906667 0.720000
328 0.175336 0.908889 0.710000
329 0.167610 0.907778 0.710000
330 0.167842 0.907778 0.720000
331 0.166116 0.908889 0.710000
332 0.157430 0.908889 0.740000
333 0.167352 0.907778 0.730000
334 0.172703 0.907778 0.720000
335 0.158527 0.907778 0.710000
336 0.174277 0.907778 0.720000
337 0.164825 0.907778 0.700000
338 0.166312 0.908889 0.730000
339 0.162807 0.907778 0.710000
340 0.173943 0.907778 0.730000
341 0.179715 0.908889 0.740000
342 0.168780 0.906667 0.740000
343 0.167885 0.907778 0.710000
344 0.162696 0.908889 0.730000
345 0.172940 0.907778 0.720000
346 0.172362 0.908889 0.720000
347 0.168247 0.906667 0.720000
348 0.163655 0.906667 0.720000
349 0.164544 0.907778 0.720000
350 0.174225 0.907778 0.740000
