1 1.474911 0.757396 0.789474
2 0.681030 0.846154 0.736842
3 0.680400 0.857988 0.789474
4 0.409268 0.562130 0.473684
5 0.479388 0.881657 0.631579
6 0.357571 0.852071 0.684211
7 0.403030 0.798817 0.736842
8 0.465427 0.893491 0.684211
9 0.340513 0.869822 0.789474
10 0.404675 0.887574 0.736842
11 0.440602 0.875740 0.789474
12 0.296141 0.923077 0.736842
13 0.283322 0.940828 0.578947
14 0.285655 0.686391 0.578947
15 0.350572 0.905325 0.736842
16 0.302656 0.887574 0.631579
17 0.257377 0.775148 0.684211
18 0.243802 0.881657 0.789474
19 0.245297 0.745562 0.578947
20 0.236094 0.964497 0.684211
21 0.227293 0.940828 0.684211
22 0.249099 0.958580 0.684211
23 0.249399 0.934911 0.736842
24 0.255902 0.556213 0.631579
25 0.303841 0.946746 0.684211
26 0.248580 0.893491 0.789474
27 0.255600 0.917160 0.736842
28 0.270875 0.946746 0.684211
29 0.230892 0.934911 0.684211
30 0.222077 0.964497 0.684211
31 0.232492 0.881657 0.684211
32 0.202191 0.917160 0.789474
33 0.212278 0.940828 0.631579
34 0.199417 0.911243 0.631579
35 0.216402 0.964497 0.736842
36 0.221485 0.917160 0.736842
37 0.227242 0.881657 0.631579
38 0.212492 0.958580 0.736842
39 0.208771 0.946746 0.789474
40 0.208491 0.940828 0.736842
41 0.201735 0.964497 0.684211
42 0.222800 0.964497 0.631579
43 0.211233 0.893491 0.789474
44 0.201385 0.786982 0.631579
45 0.226890 0.958580 0.736842
46 0.211851 0.964497 0.684211
47 0.203251 0.917160 0.789474
48 0.200004 0.840237 0.789474
49 0.197274 0.863905 0.631579
50 0.187915 0.952663 0.736842
51 0.167608 0.964497 0.736842
52 0.166777 0.958580 0.736842
53 0.169242 0.964497 0.684211
54 0.181294 0.964497 0.684211
55 0.190565 0.893491 0.631579
56 0.183866 0.964497 0.684211
57 0.177524 0.934911 0.789474
58 0.173556 0.964497 0.684211
59 0.177626 0.946746 0.684211
60 0.178605 0.917160 0.631579
61 0.173022 0.964497 0.631579
62 0.177773 0.923077 0.789474
63 0.170565 0.928994 0.789474
64 0.170375 0.958580 0.736842
65 0.180412 0.923077 0.842105
66 0.191297 0.970414 0.631579
67 0.177202 0.964497 0.684211
68 0.166841 0.964497 0.631579
69 0.178755 0.946746 0.736842
70 0.169798 0.946746 0.736842
71 0.173878 0.964497 0.631579
72 0.180033 0.928994 0.684211
73 0.184042 0.940828 0.631579
74 0.181230 0.940828 0.736842
75 0.166753 0.958580 0.736842
76 0.174299 0.964497 0.736842
77 0.170901 0.940828 0.736842
78 0.164266 0.923077 0.789474
79 0.177719 0.964497 0.684211
80 0.165147 0.958580 0.736842
81 0.165540 0.934911 0.789474
82 0.177719 0.970414 0.631579
83 0.178042 0.863905 0.842105
84 0.168430 0.928994 0.789474
85 0.164457 0.940828 0.684211
86 0.170344 0.940828 0.631579
87 0.175752 0.946746 0.789474
88 0.162338 0.946746 0.631579
89 0.178658 0.934911 0.736842
90 0.181443 0.952663 0.684211
91 0.165895 0.958580 0.736842
92 0.184198 0.958580 0.631579
93 0.166110 0.964497 0.736842
94 0.164275 0.893491 0.842105
95 0.162045 0.958580 0.684211
96 0.170843 0.952663 0.789474
97 0.170087 0.946746 0.684211
98 0.166825 0.964497 0.684211
99 0.168985 0.970414 0.684211
100 0.160912 0.964497 0.631579
101 0.159639 0.964497 0.631579
102 0.155422 0.958580 0.631579
103 0.154533 0.940828 0.684211
104 0.157837 0.964497 0.631579
105 0.150971 0.964497 0.736842
106 0.155819 0.964497 0.631579
107 0.158791 0.940828 0.684211
108 0.152432 0.964497 0.684211
109 0.159197 0.964497 0.631579
110 0.152795 0.964497 0.736842
111 0.152711 0.958580 0.736842
112 0.158338 0.964497 0.631579
113 0.150717 0.952663 0.736842
114 0.163550 0.964497 0.631579
115 0.156187 0.958580 0.684211
116 0.160515 0.964497 0.631579
117 0.155735 0.958580 0.684211
118 0.163519 0.958580 0.684211
119 0.152149 0.928994 0.789474
120 0.160745 0.958580 0.684211
121 0.158793 0.923077 0.842105
122 0.155398 0.958580 0.684211
123 0.151904 0.952663 0.736842
124 0.159965 0.964497 0.684211
125 0.154932 0.952663 0.631579
126 0.159182 0.958580 0.736842
127 0.159154 0.958580 0.631579
128 0.161747 0.958580 0.684211
129 0.157459 0.934911 0.789474
130 0.173190 0.964497 0.631579
131 0.153454 0.964497 0.631579
132 0.154469 0.964497 0.684211
133 0.157826 0.970414 0.684211
134 0.154239 0.958580 0.684211
135 0.163820 0.946746 0.789474
136 0.147736 0.958580 0.684211
137 0.162152 0.964497 0.684211
138 0.158924 0.964497 0.684211
139 0.160237 0.964497 0.631579
140 0.161667 0.958580 0.736842
141 0.155068 0.928994 0.736842
142 0.163078 0.940828 0.789474
143 0.160999 0.958580 0.736842
144 0.151732 0.928994 0.789474
145 0.161419 0.946746 0.684211
146 0.155360 0.958580 0.736842
147 0.158906 0.958580 0.684211
148 0.163289 0.958580 0.684211
149 0.159169 0.958580 0.631579
150 0.157513 0.958580 0.684211
151 0.157447 0.958580 0.684211
152 0.153219 0.964497 0.631579
153 0.150345 0.964497 0.684211
154 0.148785 0.958580 0.684211
155 0.151648 0.952663 0.684211
156 0.154400 0.964497 0.631579
157 0.150441 0.940828 0.736842
158 0.149561 0.958580 0.684211
159 0.151055 0.958580 0.684211
160 0.156961 0.958580 0.684211
161 0.150370 0.958580 0.736842
162 0.154607 0.952663 0.684211
163 0.150132 0.952663 0.736842
164 0.154669 0.958580 0.684211
165 0.153482 0.964497 0.631579
166 0.150295 0.964497 0.631579
167 0.147511 0.958580 0.631579
168 0.149209 0.958580 0.736842
169 0.146743 0.958580 0.684211
170 0.144248 0.958580 0.631579
171 0.147599 0.964497 0.736842
172 0.150541 0.958580 0.684211
173 0.149559 0.958580 0.684211
174 0.148847 0.934911 0.789474
175 0.150460 0.958580 0.684211
176 0.157626 0.958580 0.684211
177 0.157330 0.946746 0.684211
178 0.146026 0.958580 0.684211
179 0.150769 0.958580 0.684211
180 0.147908 0.964497 0.736842
181 0.151682 0.958580 0.684211
182 0.148732 0.958580 0.631579
183 0.153705 0.958580 0.631579
184 0.152847 0.958580 0.631579
185 0.149068 0.958580 0.631579
186 0.145382 0.946746 0.736842
187 0.153099 0.940828 0.631579
188 0.154088 0.958580 0.684211
189 0.153045 0.958580 0.736842
190 0.148246 0.911243 0.842105
191 0.147876 0.964497 0.684211
192 0.156163 0.946746 0.684211
193 0.150903 0.958580 0.736842
194 0.147146 0.958580 0.684211
195 0.154080 0.964497 0.631579
196 0.140850 0.964497 0.736842
197 0.154224 0.958580 0.631579
198 0.142976 0.946746 0.736842
199 0.151484 0.946746 0.736842
200 0.144489 0.964497 0.631579
201 0.145800 0.958580 0.684211
202 0.153307 0.958580 0.684211
203 0.147657 0.952663 0.684211
204 0.151399 0.958580 0.631579
205 0.146214 0.958580 0.631579
206 0.140026 0.964497 0.631579
207 0.155179 0.958580 0.684211
208 0.145174 0.958580 0.684211
209 0.148704 0.958580 0.684211
210 0.144165 0.958580 0.684211
211 0.143925 0.958580 0.684211
212 0.150449 0.958580 0.684211
213 0.143489 0.958580 0.684211
214 0.138974 0.958580 0.684211
215 0.144019 0.952663 0.684211
216 0.142161 0.958580 0.684211
217 0.149947 0.958580 0.684211
218 0.151027 0.958580 0.684211
219 0.149372 0.952663 0.684211
220 0.144484 0.958580 0.684211
221 0.151117 0.958580 0.684211
222 0.152699 0.964497 0.631579
223 0.148692 0.958580 0.684211
224 0.145137 0.964497 0.631579
225 0.147957 0.958580 0.631579
226 0.150511 0.970414 0.684211
227 0.152286 0.964497 0.631579
228 0.148656 0.964497 0.631579
229 0.147041 0.958580 0.631579
230 0.147009 0.958580 0.684211
231 0.152448 0.958580 0.684211
232 0.149622 0.958580 0.684211
233 0.142832 0.958580 0.684211
234 0.152328 0.958580 0.684211
235 0.146113 0.958580 0.631579
236 0.147780 0.958580 0.684211
237 0.151788 0.958580 0.684211
238 0.146617 0.958580 0.684211
239 0.139927 0.958580 0.684211
240 0.155773 0.958580 0.684211
241 0.148200 0.958580 0.684211
242 0.142736 0.958580 0.684211
243 0.152456 0.958580 0.736842
244 0.149319 0.964497 0.631579
245 0.140778 0.958580 0.684211
246 0.147110 0.946746 0.684211
247 0.149312 0.964497 0.631579
248 0.149760 0.958580 0.631579
249 0.151498 0.958580 0.684211
250 0.143549 0.958580 0.684211
251 0.149146 0.958580 0.684211
252 0.137662 0.958580 0.684211
253 0.143946 0.958580 0.684211
254 0.145470 0.958580 0.684211
255 0.144957 0.958580 0.684211
256 0.148006 0.958580 0.684211
257 0.143723 0.958580 0.684211
258 0.143228 0.958580 0.631579
259 0.144601 0.958580 0.684211
260 0.143603 0.958580 0.684211
261 0.146233 0.958580 0.684211
262 0.145862 0.958580 0.684211
263 0.144325 0.958580 0.684211
264 0.140769 0.958580 0.684211
265 0.146185 0.958580 0.684211
266 0.142683 0.958580 0.631579
267 0.137767 0.958580 0.684211
268 0.149972 0.958580 0.684211
269 0.145206 0.958580 0.684211
270 0.146483 0.958580 0.684211
271 0.146588 0.958580 0.684211
272 0.146947 0.958580 0.684211
273 0.144396 0.958580 0.684211
274 0.144671 0.958580 0.684211
275 0.142486 0.958580 0.684211
276 0.141350 0.958580 0.631579
277 0.141498 0.958580 0.631579
278 0.143706 0.958580 0.631579
279 0.147656 0.958580 0.631579
280 0.142278 0.958580 0.684211
281 0.143029 0.958580 0.684211
282 0.144351 0.958580 0.684211
283 0.141193 0.958580 0.684211
284 0.142770 0.958580 0.631579
285 0.149823 0.958580 0.684211
286 0.145170 0.958580 0.684211
287 0.147337 0.958580 0.631579
288 0.149047 0.958580 0.684211
289 0.144767 0.958580 0.631579
290 0.147708 0.958580 0.684211
291 0.138171 0.958580 0.684211
292 0.137591 0.958580 0.684211
293 0.146776 0.958580 0.684211
294 0.144822 0.958580 0.684211
295 0.146466 0.958580 0.684211
296 0.146191 0.958580 0.631579
297 0.149263 0.964497 0.631579
298 0.143578 0.958580 0.684211
299 0.145882 0.958580 0.631579
300 0.147123 0.958580 0.631579
301 0.149607 0.964497 0.631579
302 0.151072 0.964497 0.631579
303 0.143732 0.958580 0.684211
304 0.144122 0.958580 0.684211
305 0.148665 0.958580 0.631579
306 0.144834 0.958580 0.684211
307 0.145514 0.958580 0.684211
308 0.141984 0.958580 0.684211
309 0.146033 0.958580 0.684211
310 0.143511 0.958580 0.684211
311 0.140426 0.958580 0.631579
312 0.151299 0.958580 0.631579
313 0.150092 0.958580 0.684211
314 0.145523 0.958580 0.684211
315 0.149242 0.958580 0.684211
316 0.139872 0.958580 0.684211
317 0.144233 0.958580 0.684211
318 0.139525 0.958580 0.631579
319 0.143113 0.958580 0.631579
320 0.140646 0.958580 0.684211
321 0.144000 0.958580 0.684211
322 0.148294 0.958580 0.684211
323 0.144010 0.958580 0.684211
324 0.142509 0.958580 0.684211
325 0.141153 0.958580 0.684211
326 0.143597 0.958580 0.684211
327 0.150651 0.958580 0.631579
328 0.146100 0.958580 0.684211
329 0.139164 0.958580 0.631579
330 0.150427 0.958580 0.684211
331 0.139782 0.958580 0.631579
332 0.146587 0.958580 0.684211
333 0.146224 0.958580 0.631579
334 0.136932 0.958580 0.684211
335 0.142327 0.958580 0.631579
336 0.137964 0.958580 0.684211
337 0.142554 0.958580 0.684211
338 0.143668 0.958580 0.631579
339 0.138193 0.958580 0.631579
340 0.143026 0.958580 0.684211
341 0.143540 0.958580 0.684211
342 0.146462 0.958580 0.631579
343 0.142371 0.958580 0.631579
344 0.148255 0.958580 0.684211
345 0.148054 0.958580 0.631579
346 0.140582 0.958580 0.684211
347 0.147307 0.958580 0.684211
348 0.143116 0.958580 0.684211
349 0.141922 0.958580 0.631579
350 0.148767 0.958580 0.684211
