1 2.205478 0.775556 0.700000
2 0.777762 0.794444 0.730000
3 0.525690 0.824444 0.760000
4 0.476315 0.846667 0.720000
5 0.417862 0.856667 0.760000
6 0.452502 0.832222 0.750000
7 0.448913 0.817778 0.770000
8 0.382970 0.864444 0.710000
9 0.361092 0.878889 0.760000
10 0.315942 0.861111 0.660000
11 0.299423 0.873333 0.710000
12 0.361533 0.850000 0.730000
13 0.398296 0.825556 0.770000
14 0.356333 0.881111 0.750000
15 0.280093 0.875556 0.700000
16 0.274737 0.883333 0.710000
17 0.309774 0.877778 0.750000
18 0.282706 0.875556 0.730000
19 0.260308 0.895556 0.680000
20 0.270353 0.872222 0.700000
21 0.259156 0.887778 0.690000
22 0.267713 0.893333 0.720000
23 0.278518 0.891111 0.720000
24 0.244491 0.903333 0.700000
25 0.261214 0.887778 0.710000
26 0.241539 0.894444 0.680000
27 0.222228 0.898889 0.690000
28 0.232108 0.880000 0.690000
29 0.246679 0.875556 0.770000
30 0.272593 0.903333 0.710000
31 0.238358 0.887778 0.690000
32 0.249884 0.904444 0.720000
33 0.224074 0.893333 0.700000
34 0.230676 0.894444 0.730000
35 0.213248 0.896667 0.720000
36 0.210791 0.898889 0.690000
37 0.216052 0.892222 0.680000
38 0.215895 0.903333 0.670000
39 0.218879 0.903333 0.690000
40 0.259105 0.886667 0.750000
41 0.250990 0.902222 0.710000
42 0.216799 0.895556 0.700000
43 0.235288 0.901111 0.690000
44 0.228197 0.903333 0.680000
45 0.209573 0.898889 0.730000
46 0.217904 0.898889 0.680000
47 0.204832 0.907778 0.670000
48 0.231216 0.894444 0.690000
49 0.257708 0.898889 0.720000
50 0.203531 0.906667 0.740000
51 0.197117 0.905556 0.700000
52 0.183046 0.908889 0.730000
53 0.194244 0.896667 0.760000
54 0.197064 0.906667 0.710000
55 0.185862 0.906667 0.730000
56 0.192767 0.904444 0.720000
57 0.201891 0.910000 0.710000
58 0.195468 0.906667 0.710000
59 0.189688 0.904444 0.700000
60 0.187929 0.908889 0.730000
61 0.180957 0.907778 0.710000
62 0.189755 0.912222 0.690000
63 0.181948 0.907778 0.730000
64 0.190182 0.913333 0.730000
65 0.194456 0.906667 0.710000
66 0.187066 0.908889 0.740000
67 0.178189 0.911111 0.710000
68 0.172861 0.914444 0.710000
69 0.206082 0.900000 0.710000
70 0.192239 0.911111 0.710000
71 0.181564 0.910000 0.680000
72 0.186818 0.908889 0.680000
73 0.200738 0.902222 0.730000
74 0.183867 0.912222 0.700000
75 0.184120 0.905556 0.710000
76 0.195130 0.906667 0.660000
77 0.192155 0.908889 0.700000
78 0.185688 0.912222 0.700000
79 0.180411 0.903333 0.670000
80 0.191451 0.911111 0.690000
81 0.202183 0.903333 0.710000
82 0.201968 0.904444 0.710000
83 0.197158 0.906667 0.690000
84 0.193021 0.908889 0.700000
85 0.193178 0.910000 0.720000
86 0.171241 0.911111 0.710000
87 0.208684 0.906667 0.700000
88 0.189748 0.906667 0.680000
89 0.183355 0.908889 0.690000
90 0.174155 0.911111 0.680000
91 0.171536 0.904444 0.670000
92 0.178124 0.910000 0.690000
93 0.177304 0.908889 0.680000
94 0.180012 0.907778 0.720000
95 0.175799 0.910000 0.710000
96 0.184017 0.903333 0.730000
97 0.220888 0.905556 0.650000
98 0.204327 0.911111 0.710000
99 0.177602 0.911111 0.690000
100 0.186722 0.913333 0.700000
101 0.176245 0.914444 0.720000
102 0.174647 0.913333 0.720000
103 0.171972 0.902222 0.690000
104 0.171882 0.911111 0.700000
105 0.170251 0.913333 0.690000
106 0.174325 0.911111 0.700000
107 0.173916 0.908889 0.700000
108 0.161649 0.913333 0.690000
109 0.166448 0.911111 0.740000
110 0.171009 0.914444 0.710000
111 0.175860 0.912222 0.730000
112 0.165999 0.914444 0.720000
113 0.171623 0.914444 0.730000
114 0.167181 0.907778 0.700000
115 0.170443 0.913333 0.710000
116 0.222754 0.905556 0.720000
117 0.178729 0.911111 0.680000
118 0.174176 0.911111 0.730000
119 0.170965 0.913333 0.730000
120 0.162086 0.912222 0.700000
121 0.173589 0.914444 0.700000
122 0.170270 0.911111 0.710000
123 0.168375 0.912222 0.710000
124 0.170885 0.915556 0.710000
125 0.168171 0.907778 0.760000
126 0.171897 0.913333 0.740000
127 0.181309 0.913333 0.760000
128 0.175492 0.911111 0.690000
129 0.170986 0.913333 0.700000
130 0.166789 0.911111 0.710000
131 0.171019 0.914444 0.740000
132 0.172352 0.913333 0.720000
133 0.170104 0.911111 0.720000
134 0.170059 0.914444 0.730000
135 0.166083 0.913333 0.710000
136 0.159439 0.910000 0.710000
137 0.172951 0.913333 0.700000
138 0.166456 0.913333 0.730000
139 0.164931 0.911111 0.680000
140 0.175303 0.912222 0.680000
141 0.171958 0.912222 0.660000
142 0.177198 0.906667 0.700000
143 0.170260 0.910000 0.720000
144 0.175788 0.914444 0.700000
145 0.166946 0.906667 0.700000
146 0.170664 0.913333 0.730000
147 0.180005 0.906667 0.720000
148 0.168520 0.915556 0.680000
149 0.184813 0.912222 0.730000
150 0.175365 0.911111 0.740000
151 0.164540 0.913333 0.720000
152 0.162006 0.908889 0.750000
153 0.164092 0.914444 0.730000
154 0.162288 0.915556 0.700000
155 0.166370 0.913333 0.720000
156 0.167320 0.912222 0.700000
157 0.160951 0.914444 0.710000
158 0.157673 0.912222 0.700000
159 0.166614 0.915556 0.700000
160 0.168015 0.915556 0.700000
161 0.164589 0.914444 0.710000
162 0.156944 0.914444 0.710000
163 0.159149 0.914444 0.700000
164 0.172248 0.914444 0.710000
165 0.161650 0.912222 0.720000
166 0.152601 0.910000 0.720000
167 0.165700 0.915556 0.710000
168 0.166233 0.912222 0.680000
169 0.160466 0.914444 0.710000
170 0.163606 0.912222 0.710000
171 0.163132 0.913333 0.710000
172 0.160687 0.913333 0.710000
173 0.168749 0.914444 0.710000
174 0.165567 0.912222 0.700000
175 0.165667 0.914444 0.720000
176 0.156312 0.910000 0.690000
177 0.168474 0.910000 0.740000
178 0.160502 0.914444 0.700000
179 0.163282 0.911111 0.720000
180 0.173997 0.911111 0.700000
181 0.158801 0.914444 0.690000
182 0.158784 0.914444 0.680000
183 0.173672 0.914444 0.660000
184 0.167728 0.911111 0.710000
185 0.163176 0.914444 0.700000
186 0.165024 0.910000 0.700000
187 0.158352 0.913333 0.700000
188 0.163541 0.912222 0.700000
189 0.161387 0.915556 0.710000
190 0.165970 0.915556 0.700000
191 0.162783 0.913333 0.700000
192 0.166883 0.915556 0.700000
193 0.162386 0.910000 0.690000
194 0.158431 0.913333 0.700000
195 0.165869 0.911111 0.680000
196 0.162554 0.914444 0.700000
197 0.154913 0.914444 0.690000
198 0.155766 0.911111 0.690000
199 0.167089 0.914444 0.670000
200 0.161318 0.915556 0.680000
201 0.162249 0.914444 0.660000
202 0.151725 0.913333 0.670000
203 0.167066 0.913333 0.690000
204 0.156779 0.913333 0.670000
205 0.160616 0.914444 0.670000
206 0.158688 0.914444 0.670000
207 0.163728 0.914444 0.700000
208 0.156840 0.913333 0.700000
209 0.165116 0.914444 0.680000
210 0.157820 0.914444 0.700000
211 0.158362 0.914444 0.700000
212 0.160638 0.914444 0.690000
213 0.159406 0.912222 0.690000
214 0.155228 0.912222 0.680000
215 0.158451 0.913333 0.680000
216 0.153471 0.914444 0.690000
217 0.161922 0.914444 0.690000
218 0.162453 0.913333 0.690000
219 0.157715 0.915556 0.680000
220 0.165877 0.915556 0.680000
221 0.167852 0.916667 0.670000
222 0.168134 0.913333 0.680000
223 0.158455 0.912222 0.660000
224 0.162643 0.915556 0.670000
225 0.158891 0.915556 0.680000
226 0.165663 0.915556 0.690000
227 0.159701 0.913333 0.680000
228 0.160539 0.914444 0.690000
229 0.155204 0.914444 0.680000
230 0.162872 0.915556 0.670000
231 0.163229 0.912222 0.690000
232 0.148086 0.915556 0.670000
233 0.157486 0.912222 0.690000
234 0.162645 0.912222 0.670000
235 0.163683 0.915556 0.680000
236 0.160942 0.912222 0.670000
237 0.166060 0.913333 0.670000
238 0.157181 0.913333 0.660000
239 0.161786 0.914444 0.680000
240 0.158770 0.913333 0.660000
241 0.157100 0.913333 0.680000
242 0.162037 0.913333 0.670000
243 0.165299 0.914444 0.670000
244 0.153210 0.914444 0.690000
245 0.154171 0.913333 0.680000
246 0.157502 0.914444 0.710000
247 0.161414 0.915556 0.690000
248 0.165365 0.915556 0.660000
249 0.158025 0.914444 0.690000
250 0.155572 0.914444 0.690000
251 0.158893 0.913333 0.690000
252 0.151406 0.913333 0.690000
253 0.152205 0.913333 0.680000
254 0.164170 0.912222 0.680000
255 0.155339 0.912222 0.680000
256 0.160310 0.914444 0.690000
257 0.159737 0.913333 0.690000
258 0.160534 0.913333 0.670000
259 0.159469 0.913333 0.680000
260 0.161317 0.912222 0.700000
261 0.158292 0.912222 0.690000
262 0.162397 0.915556 0.690000
263 0.156808 0.914444 0.690000
264 0.156452 0.914444 0.690000
265 0.155696 0.912222 0.690000
266 0.156390 0.913333 0.690000
267 0.159789 0.914444 0.700000
268 0.164708 0.913333 0.690000
269 0.156561 0.913333 0.680000
270 0.165138 0.912222 0.670000
271 0.155951 0.913333 0.690000
272 0.153268 0.914444 0.680000
273 0.161103 0.916667 0.690000
274 0.163392 0.916667 0.700000
275 0.156363 0.913333 0.700000
276 0.155135 0.916667 0.690000
277 0.159251 0.915556 0.690000
278 0.164951 0.916667 0.670000
279 0.156017 0.914444 0.690000
280 0.161338 0.913333 0.710000
281 0.161091 0.913333 0.690000
282 0.165772 0.915556 0.690000
283 0.162159 0.914444 0.690000
284 0.162366 0.913333 0.690000
285 0.164975 0.913333 0.690000
286 0.162179 0.914444 0.710000
287 0.155428 0.911111 0.710000
288 0.160899 0.915556 0.690000
289 0.159312 0.915556 0.700000
290 0.161147 0.915556 0.700000
291 0.150566 0.915556 0.700000
292 0.159759 0.915556 0.690000
293 0.154920 0.913333 0.700000
294 0.162305 0.913333 0.690000
295 0.153747 0.913333 0.710000
296 0.159649 0.914444 0.700000
297 0.158252 0.914444 0.700000
298 0.160705 0.915556 0.700000
299 0.156955 0.914444 0.680000
300 0.149665 0.914444 0.680000
301 0.156540 0.915556 0.690000
302 0.160475 0.915556 0.690000
303 0.161775 0.915556 0.690000
304 0.158749 0.915556 0.700000
305 0.157729 0.912222 0.690000
306 0.155912 0.913333 0.690000
307 0.159946 0.912222 0.690000
308 0.161114 0.913333 0.700000
309 0.163021 0.913333 0.680000
310 0.157636 0.913333 0.700000
311 0.159046 0.911111 0.690000
312 0.156717 0.912222 0.690000
313 0.154451 0.912222 0.690000
314 0.161701 0.913333 0.710000
315 0.145861 0.913333 0.710000
316 0.161169 0.912222 0.710000
317 0.161660 0.912222 0.700000
318 0.160522 0.912222 0.670000
319 0.155990 0.912222 0.670000
320 0.150257 0.912222 0.680000
321 0.156906 0.914444 0.680000
322 0.149176 0.913333 0.690000
323 0.155358 0.914444 0.690000
324 0.150881 0.915556 0.690000
325 0.160927 0.913333 0.670000
326 0.150819 0.915556 0.690000
327 0.160121 0.913333 0.690000
328 0.155482 0.913333 0.690000
329 0.155608 0.914444 0.690000
330 0.159059 0.913333 0.670000
331 0.154769 0.915556 0.690000
332 0.154550 0.914444 0.670000
333 0.151736 0.914444 0.670000
334 0.154436 0.914444 0.670000
335 0.162298 0.913333 0.660000
336 0.154725 0.914444 0.670000
337 0.161426 0.911111 0.690000
338 0.154580 0.914444 0.680000
339 0.145228 0.913333 0.690000
340 0.153611 0.914444 0.700000
341 0.152965 0.916667 0.680000
342 0.159609 0.915556 0.670000
343 0.163063 0.913333 0.690000
344 0.154200 0.913333 0.690000
345 0.156074 0.912222 0.680000
346 0.154041 0.913333 0.700000
347 0.160813 0.913333 0.690000
348 0.159906 0.916667 0.700000
349 0.160106 0.914444 0.700000
350 0.156421 0.915556 0.690000
