1 2.641979 0.767778 0.670000
2 0.784001 0.754444 0.650000
3 0.511465 0.804444 0.720000
4 0.522081 0.830000 0.710000
5 0.438468 0.852222 0.690000
6 0.420206 0.858889 0.650000
7 0.436654 0.833333 0.670000
8 0.384490 0.864444 0.660000
9 0.353562 0.851111 0.740000
10 0.373314 0.864444 0.640000
11 0.313987 0.873333 0.680000
12 0.321407 0.867778 0.680000
13 0.318609 0.866667 0.690000
14 0.294851 0.882222 0.650000
15 0.616107 0.821111 0.720000
16 0.583065 0.838889 0.740000
17 0.370410 0.846667 0.680000
18 0.331833 0.861111 0.650000
19 0.292916 0.855556 0.710000
20 0.313828 0.873333 0.700000
21 0.344160 0.868889 0.720000
22 0.302256 0.870000 0.690000
23 0.282123 0.883333 0.690000
24 0.251538 0.876667 0.700000
25 0.285009 0.870000 0.680000
26 0.238049 0.892222 0.660000
27 0.256342 0.888889 0.680000
28 0.249371 0.874444 0.690000
29 0.256324 0.881111 0.710000
30 0.239656 0.890000 0.680000
31 0.241564 0.881111 0.700000
32 0.263635 0.883333 0.670000
33 0.244999 0.882222 0.670000
34 0.234334 0.893333 0.650000
35 0.225234 0.887778 0.740000
36 0.221478 0.883333 0.690000
37 0.260745 0.887778 0.700000
38 0.222263 0.888889 0.710000
39 0.212034 0.900000 0.690000
40 0.234324 0.885556 0.660000
41 0.244491 0.891111 0.730000
42 0.236837 0.895556 0.710000
43 0.217936 0.882222 0.680000
44 0.228203 0.900000 0.650000
45 0.228249 0.894444 0.680000
46 0.241306 0.890000 0.700000
47 0.296613 0.890000 0.730000
48 0.258774 0.892222 0.680000
49 0.239784 0.885556 0.700000
50 0.213318 0.901111 0.710000
51 0.206534 0.897778 0.730000
52 0.210040 0.894444 0.740000
53 0.192801 0.906667 0.720000
54 0.207576 0.907778 0.720000
55 0.199257 0.905556 0.720000
56 0.193816 0.903333 0.660000
57 0.197232 0.904444 0.700000
58 0.196955 0.898889 0.720000
59 0.207447 0.905556 0.720000
60 0.195974 0.902222 0.670000
61 0.189160 0.905556 0.700000
62 0.202159 0.892222 0.720000
63 0.205500 0.904444 0.730000
64 0.187584 0.897778 0.700000
65 0.191637 0.902222 0.690000
66 0.188760 0.901111 0.680000
67 0.177332 0.904444 0.710000
68 0.187102 0.901111 0.690000
69 0.195150 0.905556 0.680000
70 0.188659 0.906667 0.700000
71 0.187509 0.905556 0.670000
72 0.179679 0.906667 0.720000
73 0.200227 0.905556 0.690000
74 0.190024 0.904444 0.700000
75 0.189992 0.907778 0.710000
76 0.199212 0.906667 0.700000
77 0.185020 0.904444 0.710000
78 0.192032 0.906667 0.730000
79 0.190312 0.910000 0.710000
80 0.187166 0.910000 0.710000
81 0.219255 0.905556 0.730000
82 0.189630 0.905556 0.720000
83 0.191047 0.904444 0.710000
84 0.195344 0.903333 0.690000
85 0.182676 0.903333 0.730000
86 0.184437 0.905556 0.690000
87 0.183771 0.896667 0.690000
88 0.202651 0.900000 0.710000
89 0.195768 0.910000 0.710000
90 0.190715 0.906667 0.750000
91 0.198408 0.908889 0.690000
92 0.217554 0.903333 0.670000
93 0.195094 0.907778 0.720000
94 0.197579 0.906667 0.700000
95 0.195318 0.903333 0.700000
96 0.191118 0.906667 0.700000
97 0.186435 0.913333 0.680000
98 0.185368 0.912222 0.720000
99 0.181698 0.910000 0.710000
100 0.177923 0.904444 0.690000
101 0.173545 0.910000 0.700000
102 0.181433 0.910000 0.720000
103 0.173916 0.910000 0.690000
104 0.168342 0.911111 0.700000
105 0.172313 0.910000 0.740000
106 0.174259 0.908889 0.730000
107 0.173627 0.907778 0.740000
108 0.177349 0.914444 0.690000
109 0.173844 0.911111 0.720000
110 0.170574 0.913333 0.720000
111 0.169901 0.910000 0.680000
112 0.171301 0.908889 0.700000
113 0.169574 0.913333 0.720000
114 0.166730 0.910000 0.730000
115 0.184081 0.907778 0.710000
116 0.184221 0.912222 0.720000
117 0.162715 0.910000 0.720000
118 0.161393 0.911111 0.720000
119 0.166630 0.913333 0.720000
120 0.173430 0.910000 0.690000
121 0.169292 0.913333 0.700000
122 0.166903 0.907778 0.690000
123 0.172862 0.911111 0.700000
124 0.171530 0.908889 0.730000
125 0.168059 0.913333 0.710000
126 0.178762 0.910000 0.680000
127 0.175364 0.910000 0.710000
128 0.168976 0.911111 0.700000
129 0.164285 0.913333 0.710000
130 0.171531 0.913333 0.720000
131 0.168855 0.912222 0.680000
132 0.169737 0.914444 0.720000
133 0.173105 0.910000 0.740000
134 0.169765 0.911111 0.710000
135 0.171190 0.912222 0.710000
136 0.166258 0.912222 0.730000
137 0.167691 0.910000 0.710000
138 0.168718 0.912222 0.690000
139 0.170159 0.912222 0.700000
140 0.164806 0.912222 0.690000
141 0.176103 0.906667 0.730000
142 0.179899 0.912222 0.730000
143 0.168746 0.914444 0.740000
144 0.176152 0.912222 0.720000
145 0.179915 0.913333 0.720000
146 0.164535 0.913333 0.700000
147 0.168270 0.911111 0.690000
148 0.174532 0.911111 0.710000
149 0.176043 0.913333 0.730000
150 0.164640 0.914444 0.720000
151 0.160714 0.907778 0.730000
152 0.161882 0.911111 0.710000
153 0.163919 0.914444 0.710000
154 0.159502 0.911111 0.710000
155 0.156612 0.912222 0.710000
156 0.153309 0.913333 0.710000
157 0.160889 0.913333 0.710000
158 0.157098 0.912222 0.730000
159 0.168294 0.913333 0.720000
160 0.155947 0.915556 0.710000
161 0.163506 0.914444 0.710000
162 0.156127 0.913333 0.710000
163 0.154431 0.913333 0.730000
164 0.157926 0.914444 0.730000
165 0.154878 0.911111 0.720000
166 0.170870 0.913333 0.720000
167 0.169378 0.913333 0.730000
168 0.163352 0.911111 0.720000
169 0.153030 0.912222 0.710000
170 0.162577 0.912222 0.740000
171 0.163262 0.911111 0.710000
172 0.159607 0.913333 0.720000
173 0.164895 0.914444 0.700000
174 0.155128 0.914444 0.710000
175 0.155475 0.914444 0.710000
176 0.159266 0.911111 0.710000
177 0.155935 0.913333 0.710000
178 0.151437 0.914444 0.700000
179 0.161783 0.913333 0.710000
180 0.153012 0.914444 0.690000
181 0.158815 0.913333 0.720000
182 0.163449 0.913333 0.710000
183 0.155040 0.915556 0.700000
184 0.158974 0.914444 0.700000
185 0.155922 0.914444 0.700000
186 0.163360 0.913333 0.720000
187 0.163971 0.913333 0.720000
188 0.166285 0.914444 0.740000
189 0.158667 0.913333 0.750000
190 0.157510 0.911111 0.750000
191 0.158939 0.913333 0.730000
192 0.158218 0.913333 0.710000
193 0.165854 0.914444 0.720000
194 0.169419 0.913333 0.730000
195 0.160245 0.914444 0.720000
196 0.157037 0.913333 0.720000
197 0.162542 0.913333 0.710000
198 0.160370 0.914444 0.720000
199 0.164930 0.913333 0.750000
200 0.162289 0.913333 0.740000
201 0.163897 0.914444 0.730000
202 0.155112 0.912222 0.720000
203 0.159978 0.914444 0.730000
204 0.158018 0.911111 0.740000
205 0.152865 0.914444 0.740000
206 0.161343 0.915556 0.740000
207 0.156129 0.914444 0.730000
208 0.158560 0.913333 0.740000
209 0.163254 0.912222 0.740000
210 0.154840 0.914444 0.730000
211 0.153610 0.913333 0.740000
212 0.160455 0.914444 0.730000
213 0.164123 0.914444 0.740000
214 0.157724 0.913333 0.740000
215 0.158419 0.914444 0.740000
216 0.162928 0.912222 0.730000
217 0.153760 0.913333 0.720000
218 0.159563 0.913333 0.770000
219 0.156173 0.913333 0.750000
220 0.155628 0.913333 0.750000
221 0.156068 0.914444 0.740000
222 0.157412 0.915556 0.740000
223 0.156513 0.913333 0.740000
224 0.159103 0.914444 0.750000
225 0.156198 0.913333 0.730000
226 0.158644 0.913333 0.730000
227 0.150987 0.913333 0.740000
228 0.156914 0.913333 0.750000
229 0.155852 0.915556 0.750000
230 0.167580 0.914444 0.740000
231 0.159261 0.914444 0.730000
232 0.157558 0.912222 0.750000
233 0.157704 0.912222 0.730000
234 0.150160 0.913333 0.720000
235 0.151417 0.915556 0.740000
236 0.159941 0.913333 0.740000
237 0.155895 0.915556 0.730000
238 0.155842 0.915556 0.730000
239 0.165033 0.913333 0.720000
240 0.155735 0.913333 0.710000
241 0.167221 0.914444 0.740000
242 0.157153 0.913333 0.730000
243 0.161469 0.913333 0.740000
244 0.150950 0.913333 0.730000
245 0.158835 0.914444 0.740000
246 0.152690 0.913333 0.720000
247 0.150347 0.913333 0.740000
248 0.151716 0.913333 0.730000
249 0.157455 0.915556 0.730000
250 0.159795 0.916667 0.730000
251 0.158707 0.912222 0.740000
252 0.155057 0.914444 0.720000
253 0.147406 0.915556 0.720000
254 0.155006 0.915556 0.730000
255 0.159768 0.914444 0.730000
256 0.155992 0.915556 0.730000
257 0.153554 0.914444 0.730000
258 0.161817 0.913333 0.730000
259 0.152946 0.913333 0.740000
260 0.158653 0.913333 0.730000
261 0.150039 0.914444 0.720000
262 0.157810 0.914444 0.730000
263 0.153602 0.914444 0.730000
264 0.156269 0.913333 0.740000
265 0.152237 0.913333 0.740000
266 0.156082 0.914444 0.740000
267 0.155758 0.912222 0.740000
268 0.159157 0.913333 0.740000
269 0.153599 0.914444 0.740000
270 0.151336 0.913333 0.750000
271 0.155852 0.914444 0.740000
272 0.154245 0.913333 0.740000
273 0.153237 0.915556 0.740000
274 0.152146 0.915556 0.740000
275 0.160005 0.915556 0.750000
276 0.161119 0.914444 0.740000
277 0.159656 0.914444 0.740000
278 0.155923 0.914444 0.750000
279 0.154406 0.915556 0.750000
280 0.147364 0.915556 0.750000
281 0.154529 0.914444 0.730000
282 0.160219 0.914444 0.750000
283 0.152630 0.915556 0.750000
284 0.156300 0.914444 0.750000
285 0.158771 0.913333 0.740000
286 0.155907 0.914444 0.740000
287 0.157245 0.914444 0.750000
288 0.156440 0.914444 0.740000
289 0.156497 0.914444 0.740000
290 0.158896 0.915556 0.740000
291 0.157804 0.915556 0.740000
292 0.155610 0.914444 0.730000
293 0.151006 0.913333 0.750000
294 0.159219 0.912222 0.750000
295 0.156767 0.913333 0.750000
296 0.153380 0.914444 0.740000
297 0.151238 0.916667 0.740000
298 0.158307 0.915556 0.730000
299 0.155201 0.913333 0.750000
300 0.153823 0.914444 0.740000
301 0.154239 0.915556 0.740000
302 0.161098 0.916667 0.740000
303 0.157286 0.914444 0.750000
304 0.152347 0.913333 0.740000
305 0.154849 0.915556 0.750000
306 0.153853 0.915556 0.750000
307 0.153705 0.915556 0.740000
308 0.155396 0.916667 0.740000
309 0.154663 0.915556 0.740000
310 0.156023 0.916667 0.750000
311 0.157057 0.913333 0.740000
312 0.153634 0.915556 0.740000
313 0.160017 0.915556 0.740000
314 0.154031 0.915556 0.750000
315 0.152470 0.916667 0.750000
316 0.153101 0.913333 0.740000
317 0.161301 0.914444 0.740000
318 0.155531 0.914444 0.720000
319 0.160951 0.914444 0.740000
320 0.149815 0.913333 0.750000
321 0.157060 0.915556 0.740000
322 0.146325 0.916667 0.750000
323 0.155656 0.915556 0.730000
324 0.154211 0.916667 0.730000
325 0.151127 0.914444 0.730000
326 0.159836 0.913333 0.740000
327 0.153449 0.913333 0.750000
328 0.158745 0.913333 0.730000
329 0.156826 0.914444 0.750000
330 0.153807 0.913333 0.740000
331 0.154410 0.915556 0.740000
332 0.156188 0.915556 0.720000
333 0.151507 0.914444 0.750000
334 0.152373 0.913333 0.740000
335 0.150082 0.916667 0.750000
336 0.155978 0.915556 0.740000
337 0.153369 0.916667 0.720000
338 0.154345 0.914444 0.740000
339 0.156161 0.914444 0.730000
340 0.153774 0.914444 0.740000
341 0.145868 0.914444 0.740000
342 0.157652 0.914444 0.730000
343 0.154645 0.916667 0.740000
344 0.147331 0.915556 0.730000
345 0.153343 0.914444 0.730000
346 0.154357 0.915556 0.720000
347 0.152233 0.914444 0.740000
348 0.157718 0.914444 0.730000
349 0.157068 0.914444 0.740000
350 0.154482 0.915556 0.740000
