1 3.817337 0.650485 0.714286
2 1.438833 0.692557 0.657143
3 1.583407 0.621359 0.685714
4 1.102043 0.695793 0.685714
5 0.877924 0.692557 0.657143
6 0.758787 0.682848 0.600000
7 0.664802 0.686084 0.600000
8 0.623009 0.653722 0.514286
9 0.588065 0.724919 0.628571
10 0.574588 0.711974 0.714286
11 0.613241 0.724919 0.657143
12 0.557296 0.786408 0.714286
13 0.476410 0.741100 0.571429
14 0.433118 0.809061 0.685714
15 0.475239 0.805825 0.771429
16 0.474134 0.776699 0.600000
17 0.449220 0.822006 0.771429
18 0.407136 0.841424 0.742857
19 0.420666 0.815534 0.685714
20 0.413309 0.854369 0.742857
21 0.327877 0.870550 0.714286
22 0.321661 0.854369 0.685714
23 0.366571 0.831715 0.685714
24 0.352443 0.857605 0.685714
25 0.303742 0.886731 0.742857
26 0.337780 0.831715 0.771429
27 0.321093 0.828479 0.742857
28 0.294778 0.883495 0.714286
29 0.276857 0.870550 0.742857
30 0.343206 0.831715 0.628571
31 0.380371 0.822006 0.685714
32 0.392103 0.847896 0.714286
33 0.317315 0.889968 0.742857
34 0.268827 0.896440 0.714286
35 0.280844 0.886731 0.657143
36 0.322655 0.870550 0.628571
37 0.269186 0.883495 0.714286
38 0.509419 0.734628 0.628571
39 0.505450 0.822006 0.657143
40 0.347146 0.857605 0.742857
41 0.324196 0.825243 0.714286
42 0.374424 0.867314 0.714286
43 0.265993 0.886731 0.628571
44 0.241125 0.893204 0.657143
45 0.240732 0.902913 0.657143
46 0.240504 0.902913 0.628571
47 0.239474 0.899676 0.657143
48 0.233320 0.899676 0.685714
49 0.252360 0.883495 0.657143
50 0.217650 0.919094 0.628571
51 0.191577 0.928803 0.714286
52 0.274545 0.909385 0.628571
53 0.206890 0.915858 0.600000
54 0.195375 0.919094 0.657143
55 0.186361 0.906149 0.714286
56 0.190056 0.922330 0.657143
57 0.200934 0.915858 0.628571
58 0.185544 0.932039 0.600000
59 0.186661 0.919094 0.685714
60 0.180562 0.925566 0.685714
61 0.184974 0.925566 0.657143
62 0.189352 0.922330 0.685714
63 0.174133 0.925566 0.685714
64 0.180377 0.932039 0.685714
65 0.218484 0.919094 0.685714
66 0.178360 0.925566 0.628571
67 0.180824 0.922330 0.685714
68 0.168068 0.915858 0.628571
69 0.169942 0.928803 0.628571
70 0.176876 0.919094 0.657143
71 0.275631 0.815534 0.714286
72 0.270086 0.925566 0.742857
73 0.193852 0.938511 0.657143
74 0.179414 0.925566 0.657143
75 0.179364 0.935275 0.714286
76 0.169292 0.922330 0.657143
77 0.172235 0.922330 0.657143
78 0.195345 0.922330 0.657143
79 0.227110 0.896440 0.714286
80 0.195069 0.919094 0.657143
81 0.173010 0.928803 0.714286
82 0.173126 0.928803 0.657143
83 0.158644 0.922330 0.657143
84 0.181010 0.919094 0.685714
85 0.223571 0.919094 0.628571
86 0.174250 0.935275 0.685714
87 0.175175 0.922330 0.714286
88 0.179142 0.915858 0.714286
89 0.167229 0.932039 0.657143
90 0.168993 0.912621 0.685714
91 0.173398 0.925566 0.628571
92 0.165593 0.925566 0.685714
93 0.171082 0.932039 0.600000
94 0.162923 0.922330 0.628571
95 0.173179 0.925566 0.685714
96 0.173806 0.925566 0.628571
97 0.182442 0.925566 0.714286
98 0.291864 0.818770 0.657143
99 0.296000 0.922330 0.742857
100 0.187915 0.919094 0.714286
101 0.168697 0.919094 0.714286
102 0.170893 0.922330 0.714286
103 0.172531 0.932039 0.685714
104 0.162278 0.932039 0.685714
105 0.161223 0.919094 0.714286
106 0.160661 0.935275 0.685714
107 0.165374 0.932039 0.657143
108 0.155420 0.928803 0.685714
109 0.190964 0.919094 0.771429
110 0.170319 0.932039 0.714286
111 0.150769 0.928803 0.714286
112 0.149025 0.935275 0.714286
113 0.152211 0.935275 0.714286
114 0.151501 0.938511 0.685714
115 0.141346 0.935275 0.685714
116 0.148939 0.925566 0.685714
117 0.140316 0.928803 0.714286
118 0.147605 0.925566 0.685714
119 0.147811 0.925566 0.742857
120 0.141629 0.938511 0.714286
121 0.143163 0.932039 0.714286
122 0.140901 0.938511 0.714286
123 0.152094 0.932039 0.714286
124 0.134510 0.935275 0.657143
125 0.133992 0.935275 0.685714
126 0.143325 0.938511 0.714286
127 0.137795 0.944984 0.685714
128 0.134894 0.938511 0.685714
129 0.142992 0.925566 0.685714
130 0.161369 0.941748 0.714286
131 0.140955 0.935275 0.685714
132 0.137054 0.948220 0.657143
133 0.141025 0.948220 0.657143
134 0.141584 0.948220 0.685714
135 0.129337 0.944984 0.657143
136 0.133607 0.944984 0.771429
137 0.145163 0.948220 0.714286
138 0.158294 0.912621 0.771429
139 0.210773 0.941748 0.685714
140 0.219416 0.928803 0.657143
141 0.182538 0.941748 0.628571
142 0.156395 0.944984 0.628571
143 0.144652 0.935275 0.628571
144 0.137415 0.941748 0.628571
145 0.139069 0.938511 0.657143
146 0.136606 0.944984 0.657143
147 0.139583 0.948220 0.657143
148 0.151119 0.944984 0.685714
149 0.130471 0.948220 0.714286
150 0.129378 0.944984 0.657143
151 0.124383 0.948220 0.657143
152 0.130770 0.935275 0.657143
153 0.121791 0.944984 0.657143
154 0.128390 0.951456 0.628571
155 0.122440 0.954693 0.628571
156 0.122716 0.954693 0.657143
157 0.122665 0.935275 0.657143
158 0.128612 0.941748 0.657143
159 0.125618 0.948220 0.657143
160 0.124048 0.948220 0.628571
161 0.128652 0.957929 0.657143
162 0.124912 0.948220 0.657143
163 0.121352 0.951456 0.628571
164 0.123108 0.948220 0.685714
165 0.122627 0.957929 0.742857
166 0.121134 0.948220 0.628571
167 0.122879 0.948220 0.657143
168 0.121011 0.954693 0.714286
169 0.121409 0.944984 0.714286
170 0.128780 0.951456 0.657143
171 0.125702 0.964401 0.714286
172 0.121876 0.948220 0.685714
173 0.120265 0.941748 0.685714
174 0.121402 0.948220 0.714286
175 0.118603 0.948220 0.714286
176 0.126873 0.951456 0.657143
177 0.120563 0.944984 0.657143
178 0.122519 0.948220 0.657143
179 0.122944 0.957929 0.742857
180 0.125779 0.951456 0.685714
181 0.119197 0.948220 0.628571
182 0.119632 0.954693 0.628571
183 0.127901 0.954693 0.714286
184 0.117237 0.961165 0.742857
185 0.123014 0.954693 0.685714
186 0.121420 0.948220 0.657143
187 0.122198 0.957929 0.714286
188 0.118942 0.944984 0.657143
189 0.114654 0.948220 0.714286
190 0.118021 0.951456 0.714286
191 0.117749 0.951456 0.628571
192 0.119743 0.954693 0.685714
193 0.122451 0.941748 0.685714
194 0.115870 0.957929 0.685714
195 0.126590 0.961165 0.714286
196 0.152054 0.948220 0.771429
197 0.146326 0.954693 0.714286
198 0.123263 0.951456 0.657143
199 0.116586 0.944984 0.657143
200 0.117145 0.957929 0.628571
201 0.117450 0.944984 0.657143
202 0.121367 0.951456 0.714286
203 0.113559 0.957929 0.685714
204 0.115893 0.951456 0.657143
205 0.117373 0.951456 0.685714
206 0.117390 0.951456 0.714286
207 0.110220 0.954693 0.685714
208 0.116110 0.944984 0.685714
209 0.118697 0.957929 0.771429
210 0.112176 0.954693 0.628571
211 0.112640 0.951456 0.685714
212 0.111693 0.948220 0.600000
213 0.111381 0.957929 0.714286
214 0.116139 0.951456 0.657143
215 0.113090 0.951456 0.628571
216 0.110143 0.957929 0.685714
217 0.114014 0.964401 0.714286
218 0.116116 0.951456 0.685714
219 0.116915 0.951456 0.714286
220 0.113810 0.957929 0.685714
221 0.110433 0.957929 0.685714
222 0.113427 0.954693 0.685714
223 0.114609 0.957929 0.685714
224 0.107199 0.951456 0.742857
225 0.112582 0.951456 0.657143
226 0.114868 0.954693 0.628571
227 0.105712 0.961165 0.628571
228 0.112236 0.951456 0.714286
229 0.108431 0.961165 0.685714
230 0.106781 0.961165 0.657143
231 0.109788 0.948220 0.657143
232 0.106249 0.951456 0.685714
233 0.105350 0.954693 0.628571
234 0.107589 0.951456 0.657143
235 0.114406 0.961165 0.742857
236 0.106803 0.964401 0.657143
237 0.116660 0.964401 0.685714
238 0.110731 0.957929 0.657143
239 0.107845 0.957929 0.714286
240 0.116455 0.951456 0.685714
241 0.110774 0.951456 0.714286
242 0.109336 0.954693 0.742857
243 0.105671 0.957929 0.685714
244 0.112317 0.957929 0.714286
245 0.109797 0.964401 0.714286
246 0.109327 0.957929 0.657143
247 0.107367 0.961165 0.657143
248 0.117978 0.964401 0.685714
249 0.107339 0.957929 0.657143
250 0.110367 0.961165 0.714286
251 0.108598 0.957929 0.685714
252 0.104177 0.964401 0.685714
253 0.106387 0.961165 0.685714
254 0.104592 0.957929 0.685714
255 0.105978 0.961165 0.657143
256 0.100758 0.964401 0.657143
257 0.101499 0.961165 0.657143
258 0.104074 0.961165 0.657143
259 0.104938 0.964401 0.685714
260 0.100648 0.961165 0.714286
261 0.108076 0.961165 0.685714
262 0.105752 0.964401 0.657143
263 0.099215 0.961165 0.714286
264 0.100040 0.961165 0.714286
265 0.100650 0.957929 0.685714
266 0.100447 0.964401 0.714286
267 0.111584 0.961165 0.685714
268 0.107321 0.961165 0.685714
269 0.103038 0.957929 0.742857
270 0.108020 0.964401 0.685714
271 0.109405 0.964401 0.714286
272 0.109472 0.964401 0.685714
273 0.102442 0.964401 0.657143
274 0.106456 0.964401 0.714286
275 0.100665 0.967638 0.742857
276 0.106941 0.954693 0.657143
277 0.103551 0.964401 0.685714
278 0.106356 0.961165 0.685714
279 0.103671 0.964401 0.685714
280 0.100121 0.967638 0.685714
281 0.106583 0.957929 0.685714
282 0.103791 0.961165 0.714286
283 0.099666 0.961165 0.714286
284 0.102174 0.967638 0.685714
285 0.099894 0.951456 0.742857
286 0.100067 0.954693 0.685714
287 0.106873 0.967638 0.685714
288 0.102346 0.964401 0.685714
289 0.106795 0.964401 0.685714
290 0.105193 0.957929 0.714286
291 0.099047 0.957929 0.714286
292 0.101772 0.964401 0.685714
293 0.100701 0.961165 0.657143
294 0.100421 0.964401 0.685714
295 0.100635 0.964401 0.685714
296 0.104011 0.967638 0.685714
297 0.101185 0.964401 0.657143
298 0.104563 0.961165 0.714286
299 0.104727 0.964401 0.657143
300 0.098595 0.967638 0.714286
301 0.099729 0.967638 0.714286
302 0.092825 0.961165 0.685714
303 0.101881 0.961165 0.657143
304 0.099776 0.964401 0.685714
305 0.101728 0.964401 0.714286
306 0.102658 0.967638 0.685714
307 0.101378 0.964401 0.714286
308 0.100962 0.961165 0.742857
309 0.103240 0.964401 0.685714
310 0.108224 0.967638 0.685714
311 0.097411 0.967638 0.714286
312 0.097549 0.967638 0.685714
313 0.097585 0.961165 0.714286
314 0.099931 0.967638 0.714286
315 0.100065 0.967638 0.742857
316 0.102507 0.967638 0.714286
317 0.102236 0.970874 0.714286
318 0.101737 0.967638 0.714286
319 0.096777 0.961165 0.742857
320 0.099904 0.967638 0.714286
321 0.097626 0.964401 0.714286
322 0.097891 0.967638 0.742857
323 0.097452 0.964401 0.714286
324 0.101343 0.967638 0.714286
325 0.104283 0.964401 0.714286
326 0.104712 0.957929 0.685714
327 0.104373 0.967638 0.714286
328 0.101359 0.964401 0.657143
329 0.101327 0.967638 0.657143
330 0.102500 0.964401 0.657143
331 0.096264 0.967638 0.685714
332 0.097898 0.961165 0.714286
333 0.100477 0.964401 0.714286
334 0.100453 0.967638 0.714286
335 0.101309 0.967638 0.685714
336 0.102151 0.964401 0.742857
337 0.098122 0.967638 0.685714
338 0.097913 0.967638 0.657143
339 0.098284 0.964401 0.685714
340 0.100481 0.967638 0.657143
341 0.096525 0.964401 0.657143
342 0.095189 0.961165 0.685714
343 0.100284 0.964401 0.714286
344 0.098621 0.967638 0.685714
345 0.100411 0.964401 0.714286
346 0.097102 0.967638 0.742857
347 0.102677 0.970874 0.714286
348 0.098346 0.964401 0.714286
349 0.096283 0.961165 0.685714
350 0.098202 0.964401 0.657143
