1 3.518724 0.585761 0.514286
2 1.393834 0.660194 0.657143
3 1.219846 0.543689 0.400000
4 1.037931 0.718447 0.600000
5 0.796364 0.715210 0.600000
6 0.622489 0.741100 0.514286
7 0.681646 0.763754 0.600000
8 0.518327 0.783172 0.628571
9 0.584265 0.702265 0.657143
10 0.560537 0.815534 0.542857
11 0.494885 0.802589 0.628571
12 0.477323 0.802589 0.571429
13 0.413473 0.838188 0.628571
14 0.402234 0.844660 0.542857
15 0.392490 0.880259 0.628571
16 0.396052 0.828479 0.600000
17 0.511201 0.734628 0.657143
18 0.455969 0.669903 0.542857
19 0.357289 0.857605 0.571429
20 0.356170 0.844660 0.628571
21 0.372800 0.818770 0.571429
22 0.367416 0.873786 0.657143
23 0.296379 0.893204 0.600000
24 0.290418 0.906149 0.571429
25 0.313961 0.883495 0.514286
26 0.271418 0.838188 0.571429
27 0.296539 0.873786 0.571429
28 0.267631 0.899676 0.571429
29 0.313397 0.902913 0.571429
30 0.289638 0.828479 0.657143
31 0.468078 0.867314 0.600000
32 0.290814 0.877023 0.685714
33 0.227516 0.912621 0.600000
34 0.236944 0.906149 0.628571
35 0.245857 0.883495 0.600000
36 0.257925 0.906149 0.600000
37 0.256919 0.831715 0.600000
38 0.276943 0.906149 0.628571
39 0.218518 0.912621 0.628571
40 0.212758 0.899676 0.657143
41 0.340935 0.851133 0.600000
42 0.318608 0.851133 0.514286
43 0.228429 0.899676 0.628571
44 0.206470 0.915858 0.600000
45 0.229709 0.906149 0.657143
46 0.183425 0.922330 0.571429
47 0.183631 0.906149 0.600000
48 0.184560 0.902913 0.628571
49 0.330674 0.860841 0.600000
50 0.235493 0.912621 0.600000
51 0.185096 0.925566 0.600000
52 0.171148 0.925566 0.628571
53 0.205666 0.935275 0.628571
54 0.186049 0.922330 0.628571
55 0.175666 0.925566 0.657143
56 0.168733 0.932039 0.628571
57 0.165382 0.928803 0.600000
58 0.167380 0.932039 0.628571
59 0.166449 0.932039 0.600000
60 0.157117 0.941748 0.571429
61 0.160488 0.938511 0.600000
62 0.155196 0.938511 0.600000
63 0.172447 0.912621 0.542857
64 0.168793 0.932039 0.571429
65 0.167745 0.928803 0.600000
66 0.159847 0.932039 0.542857
67 0.161786 0.938511 0.628571
68 0.162546 0.932039 0.542857
69 0.150754 0.922330 0.600000
70 0.157818 0.948220 0.542857
71 0.154312 0.941748 0.514286
72 0.162644 0.928803 0.571429
73 0.161780 0.932039 0.571429
74 0.162246 0.925566 0.600000
75 0.251398 0.857605 0.571429
76 0.271519 0.919094 0.657143
77 0.178285 0.935275 0.657143
78 0.160951 0.928803 0.600000
79 0.157367 0.935275 0.628571
80 0.157928 0.935275 0.600000
81 0.150894 0.944984 0.600000
82 0.154936 0.938511 0.600000
83 0.170512 0.919094 0.628571
84 0.202192 0.932039 0.657143
85 0.184488 0.935275 0.542857
86 0.155307 0.948220 0.600000
87 0.153864 0.944984 0.600000
88 0.143163 0.941748 0.628571
89 0.153674 0.941748 0.628571
90 0.156873 0.938511 0.571429
91 0.150103 0.935275 0.600000
92 0.152084 0.941748 0.628571
93 0.144974 0.948220 0.600000
94 0.144170 0.928803 0.600000
95 0.167119 0.928803 0.600000
96 0.439019 0.809061 0.600000
97 0.317381 0.919094 0.628571
98 0.202540 0.938511 0.628571
99 0.189946 0.922330 0.542857
100 0.193792 0.941748 0.628571
101 0.153746 0.948220 0.657143
102 0.155108 0.935275 0.628571
103 0.147100 0.948220 0.600000
104 0.147520 0.941748 0.600000
105 0.148614 0.951456 0.657143
106 0.144244 0.951456 0.600000
107 0.135625 0.944984 0.600000
108 0.133949 0.948220 0.600000
109 0.133858 0.941748 0.600000
110 0.133202 0.944984 0.628571
111 0.131534 0.941748 0.600000
112 0.139847 0.938511 0.600000
113 0.128481 0.938511 0.600000
114 0.136854 0.954693 0.628571
115 0.125966 0.948220 0.628571
116 0.141058 0.951456 0.600000
117 0.128827 0.954693 0.657143
118 0.128370 0.948220 0.628571
119 0.124137 0.957929 0.657143
120 0.126837 0.954693 0.628571
121 0.126327 0.951456 0.628571
122 0.124214 0.948220 0.657143
123 0.128154 0.961165 0.657143
124 0.125371 0.941748 0.600000
125 0.130236 0.954693 0.685714
126 0.133497 0.954693 0.685714
127 0.123634 0.964401 0.657143
128 0.124605 0.948220 0.628571
129 0.123342 0.948220 0.628571
130 0.140169 0.961165 0.571429
131 0.278276 0.954693 0.600000
132 0.218885 0.919094 0.600000
133 0.188685 0.961165 0.628571
134 0.137845 0.970874 0.600000
135 0.124945 0.961165 0.600000
136 0.125878 0.961165 0.600000
137 0.119971 0.954693 0.600000
138 0.116585 0.964401 0.628571
139 0.120984 0.957929 0.600000
140 0.118253 0.964401 0.571429
141 0.116226 0.964401 0.657143
142 0.118448 0.957929 0.600000
143 0.118248 0.954693 0.571429
144 0.116796 0.967638 0.571429
145 0.115011 0.961165 0.571429
146 0.108507 0.961165 0.600000
147 0.111298 0.961165 0.600000
148 0.107567 0.970874 0.600000
149 0.107403 0.967638 0.571429
150 0.108000 0.967638 0.571429
151 0.102622 0.967638 0.600000
152 0.102982 0.957929 0.542857
153 0.102825 0.964401 0.571429
154 0.102925 0.967638 0.628571
155 0.105643 0.970874 0.628571
156 0.101698 0.967638 0.628571
157 0.100187 0.967638 0.628571
158 0.099244 0.974110 0.628571
159 0.098508 0.967638 0.657143
160 0.109883 0.961165 0.600000
161 0.106818 0.974110 0.600000
162 0.107143 0.967638 0.628571
163 0.092682 0.961165 0.657143
164 0.102582 0.961165 0.628571
165 0.102716 0.967638 0.628571
166 0.107827 0.961165 0.628571
167 0.104329 0.970874 0.628571
168 0.092978 0.964401 0.600000
169 0.103087 0.970874 0.657143
170 0.093940 0.961165 0.657143
171 0.099090 0.970874 0.628571
172 0.098144 0.967638 0.628571
173 0.101001 0.967638 0.657143
174 0.098502 0.970874 0.600000
175 0.096232 0.967638 0.628571
176 0.095210 0.961165 0.628571
177 0.094786 0.970874 0.628571
178 0.090663 0.964401 0.657143
179 0.092008 0.970874 0.600000
180 0.138233 0.967638 0.600000
181 0.105043 0.967638 0.600000
182 0.133314 0.961165 0.571429
183 0.101138 0.974110 0.657143
184 0.093607 0.970874 0.600000
185 0.094824 0.964401 0.600000
186 0.098969 0.970874 0.600000
187 0.096023 0.964401 0.600000
188 0.095655 0.974110 0.600000
189 0.095991 0.970874 0.571429
190 0.090976 0.970874 0.571429
191 0.098929 0.977346 0.600000
192 0.094572 0.967638 0.600000
193 0.093043 0.967638 0.600000
194 0.090910 0.970874 0.600000
195 0.098238 0.964401 0.600000
196 0.092377 0.961165 0.600000
197 0.091998 0.974110 0.600000
198 0.093048 0.964401 0.542857
199 0.089866 0.970874 0.628571
200 0.088569 0.970874 0.571429
201 0.086919 0.970874 0.600000
202 0.091571 0.970874 0.600000
203 0.086074 0.970874 0.600000
204 0.085357 0.967638 0.571429
205 0.088119 0.967638 0.600000
206 0.084666 0.974110 0.600000
207 0.085051 0.970874 0.600000
208 0.087622 0.970874 0.600000
209 0.088072 0.974110 0.600000
210 0.090186 0.974110 0.600000
211 0.085081 0.970874 0.600000
212 0.092260 0.974110 0.600000
213 0.090483 0.970874 0.628571
214 0.084282 0.974110 0.600000
215 0.090567 0.974110 0.628571
216 0.084617 0.974110 0.600000
217 0.088792 0.970874 0.628571
218 0.090948 0.974110 0.600000
219 0.090647 0.974110 0.600000
220 0.090451 0.967638 0.600000
221 0.083969 0.974110 0.600000
222 0.089473 0.967638 0.600000
223 0.097724 0.970874 0.628571
224 0.087029 0.974110 0.628571
225 0.085007 0.980583 0.657143
226 0.086956 0.967638 0.657143
227 0.089647 0.974110 0.657143
228 0.087261 0.974110 0.657143
229 0.085744 0.974110 0.628571
230 0.081067 0.970874 0.628571
231 0.083968 0.970874 0.600000
232 0.084689 0.970874 0.657143
233 0.081940 0.977346 0.657143
234 0.079415 0.977346 0.628571
235 0.085330 0.974110 0.628571
236 0.080988 0.977346 0.657143
237 0.082874 0.974110 0.600000
238 0.084847 0.970874 0.628571
239 0.084280 0.974110 0.600000
240 0.084969 0.974110 0.600000
241 0.083306 0.967638 0.600000
242 0.084790 0.980583 0.628571
243 0.079602 0.974110 0.657143
244 0.086631 0.977346 0.657143
245 0.087435 0.967638 0.657143
246 0.082229 0.977346 0.657143
247 0.087558 0.967638 0.628571
248 0.087589 0.967638 0.600000
249 0.086875 0.970874 0.600000
250 0.090566 0.967638 0.600000
251 0.081721 0.974110 0.600000
252 0.083340 0.974110 0.600000
253 0.079731 0.970874 0.628571
254 0.077254 0.974110 0.628571
255 0.080270 0.970874 0.600000
256 0.079460 0.970874 0.628571
257 0.083517 0.974110 0.628571
258 0.077992 0.970874 0.628571
259 0.078372 0.974110 0.657143
260 0.080128 0.970874 0.600000
261 0.083318 0.970874 0.628571
262 0.086348 0.970874 0.657143
263 0.078313 0.980583 0.628571
264 0.081338 0.974110 0.628571
265 0.081451 0.970874 0.657143
266 0.082148 0.970874 0.628571
267 0.079698 0.977346 0.628571
268 0.078529 0.970874 0.657143
269 0.081708 0.974110 0.657143
270 0.082711 0.974110 0.657143
271 0.078884 0.977346 0.628571
272 0.079594 0.977346 0.628571
273 0.084415 0.974110 0.628571
274 0.080652 0.970874 0.657143
275 0.078967 0.974110 0.657143
276 0.081260 0.974110 0.628571
277 0.081284 0.977346 0.657143
278 0.076796 0.977346 0.657143
279 0.085594 0.977346 0.628571
280 0.075592 0.970874 0.657143
281 0.085628 0.977346 0.657143
282 0.080829 0.977346 0.600000
283 0.082396 0.977346 0.628571
284 0.081559 0.970874 0.628571
285 0.077943 0.974110 0.628571
286 0.078787 0.974110 0.600000
287 0.083416 0.980583 0.628571
288 0.080085 0.980583 0.628571
289 0.085381 0.974110 0.628571
290 0.079098 0.974110 0.628571
291 0.077303 0.977346 0.600000
292 0.079073 0.970874 0.628571
293 0.080583 0.970874 0.628571
294 0.077621 0.974110 0.628571
295 0.079009 0.970874 0.600000
296 0.080933 0.970874 0.628571
297 0.079295 0.974110 0.628571
298 0.081342 0.980583 0.628571
299 0.076205 0.967638 0.628571
300 0.077825 0.980583 0.628571
301 0.075461 0.977346 0.628571
302 0.076962 0.977346 0.628571
303 0.074940 0.974110 0.628571
304 0.074555 0.977346 0.628571
305 0.078970 0.980583 0.628571
306 0.076836 0.967638 0.628571
307 0.074378 0.977346 0.628571
308 0.076262 0.977346 0.628571
309 0.075045 0.977346 0.628571
310 0.076302 0.977346 0.628571
311 0.075903 0.980583 0.628571
312 0.077467 0.977346 0.628571
313 0.074722 0.970874 0.600000
314 0.078241 0.980583 0.628571
315 0.070928 0.980583 0.628571
316 0.080351 0.977346 0.628571
317 0.078619 0.974110 0.600000
318 0.075236 0.977346 0.628571
319 0.074321 0.980583 0.600000
320 0.074918 0.977346 0.600000
321 0.079049 0.980583 0.600000
322 0.082961 0.980583 0.600000
323 0.076745 0.977346 0.600000
324 0.077999 0.977346 0.600000
325 0.076599 0.980583 0.628571
326 0.080566 0.980583 0.600000
327 0.079614 0.970874 0.628571
328 0.080418 0.974110 0.628571
329 0.079322 0.977346 0.628571
330 0.077943 0.974110 0.628571
331 0.076346 0.977346 0.600000
332 0.077319 0.977346 0.600000
333 0.076461 0.977346 0.628571
334 0.080172 0.977346 0.600000
335 0.080307 0.974110 0.600000
336 0.079122 0.980583 0.600000
337 0.076731 0.977346 0.600000
338 0.075322 0.970874 0.600000
339 0.078324 0.977346 0.628571
340 0.077161 0.977346 0.600000
341 0.074349 0.977346 0.600000
342 0.080824 0.977346 0.600000
343 0.076988 0.967638 0.600000
344 0.078970 0.977346 0.600000
345 0.080308 0.980583 0.600000
346 0.077212 0.980583 0.600000
347 0.075502 0.974110 0.600000
348 0.078202 0.977346 0.600000
349 0.075349 0.977346 0.600000
350 0.076000 0.974110 0.600000
