1 4.029854 0.683871 0.617647
2 1.785082 0.706452 0.529412
3 1.296349 0.703226 0.588235
4 1.180542 0.764516 0.588235
5 1.046810 0.793548 0.647059
6 0.893591 0.767742 0.529412
7 0.723873 0.835484 0.588235
8 0.685794 0.841935 0.735294
9 0.675863 0.767742 0.588235
10 0.602047 0.829032 0.588235
11 0.528690 0.832258 0.617647
12 0.511724 0.864516 0.617647
13 0.485563 0.841935 0.617647
14 0.440612 0.870968 0.647059
15 0.505555 0.832258 0.647059
16 0.477226 0.819355 0.617647
17 0.384489 0.845161 0.617647
18 0.384488 0.861290 0.647059
19 0.389426 0.870968 0.647059
20 0.364759 0.841935 0.647059
21 0.421653 0.825806 0.647059
22 0.296207 0.832258 0.558824
23 0.309261 0.845161 0.647059
24 0.354674 0.829032 0.647059
25 0.312942 0.906452 0.676471
26 0.334641 0.806452 0.617647
27 0.322783 0.912903 0.676471
28 0.274002 0.906452 0.735294
29 0.258196 0.929032 0.647059
30 0.233071 0.932258 0.676471
31 0.275661 0.916129 0.617647
32 0.246173 0.903226 0.617647
33 0.291055 0.919355 0.617647
34 0.297658 0.870968 0.676471
35 0.265609 0.909677 0.588235
36 0.238415 0.948387 0.617647
37 0.200255 0.941935 0.647059
38 0.203390 0.922581 0.588235
39 0.288255 0.922581 0.588235
40 0.226137 0.941935 0.588235
41 0.285323 0.909677 0.588235
42 0.289471 0.896774 0.588235
43 0.250627 0.864516 0.647059
44 0.280987 0.864516 0.647059
45 0.248523 0.932258 0.558824
46 0.219191 0.925806 0.529412
47 0.207919 0.909677 0.588235
48 0.250090 0.919355 0.617647
49 0.193853 0.961290 0.588235
50 0.184843 0.948387 0.500000
51 0.169361 0.958065 0.617647
52 0.159544 0.951613 0.470588
53 0.166664 0.954839 0.558824
54 0.168552 0.948387 0.588235
55 0.156364 0.958065 0.529412
56 0.158439 0.964516 0.529412
57 0.153548 0.958065 0.558824
58 0.154639 0.961290 0.500000
59 0.152718 0.961290 0.529412
60 0.161833 0.958065 0.588235
61 0.164347 0.964516 0.529412
62 0.157993 0.964516 0.558824
63 0.155568 0.951613 0.500000
64 0.170306 0.954839 0.558824
65 0.151161 0.964516 0.558824
66 0.152551 0.958065 0.588235
67 0.157992 0.958065 0.588235
68 0.148693 0.954839 0.558824
69 0.161677 0.954839 0.588235
70 0.177635 0.900000 0.617647
71 0.247303 0.948387 0.588235
72 0.275888 0.929032 0.588235
73 0.207127 0.941935 0.470588
74 0.184730 0.941935 0.558824
75 0.171170 0.954839 0.529412
76 0.156509 0.958065 0.529412
77 0.166290 0.954839 0.617647
78 0.171801 0.954839 0.500000
79 0.157805 0.948387 0.441176
80 0.150719 0.961290 0.529412
81 0.153494 0.951613 0.529412
82 0.161783 0.958065 0.558824
83 0.190423 0.967742 0.529412
84 0.199337 0.948387 0.558824
85 0.185791 0.961290 0.529412
86 0.169772 0.951613 0.529412
87 0.162482 0.961290 0.500000
88 0.146724 0.961290 0.500000
89 0.158687 0.954839 0.470588
90 0.138297 0.964516 0.500000
91 0.141510 0.954839 0.470588
92 0.140677 0.964516 0.470588
93 0.145547 0.961290 0.558824
94 0.149938 0.948387 0.500000
95 0.233264 0.938710 0.500000
96 0.174624 0.964516 0.529412
97 0.157036 0.954839 0.588235
98 0.160644 0.958065 0.470588
99 0.238159 0.938710 0.588235
100 0.195095 0.961290 0.529412
101 0.150730 0.961290 0.558824
102 0.133072 0.958065 0.558824
103 0.135328 0.958065 0.500000
104 0.123890 0.964516 0.500000
105 0.130048 0.964516 0.529412
106 0.131259 0.964516 0.529412
107 0.125971 0.967742 0.529412
108 0.139033 0.970968 0.500000
109 0.128070 0.954839 0.529412
110 0.115356 0.958065 0.500000
111 0.120488 0.958065 0.500000
112 0.138248 0.961290 0.588235
113 0.127733 0.958065 0.529412
114 0.121823 0.961290 0.529412
115 0.128422 0.967742 0.529412
116 0.125250 0.964516 0.500000
117 0.119537 0.967742 0.470588
118 0.125141 0.970968 0.500000
119 0.120200 0.961290 0.558824
120 0.124745 0.954839 0.500000
121 0.128103 0.970968 0.529412
122 0.132335 0.964516 0.558824
123 0.126754 0.958065 0.500000
124 0.124434 0.958065 0.529412
125 0.123249 0.961290 0.558824
126 0.137840 0.958065 0.500000
127 0.125782 0.964516 0.529412
128 0.124421 0.964516 0.529412
129 0.123616 0.961290 0.558824
130 0.122897 0.954839 0.500000
131 0.120340 0.961290 0.558824
132 0.140554 0.941935 0.617647
133 0.157580 0.958065 0.529412
134 0.123114 0.961290 0.500000
135 0.128104 0.961290 0.470588
136 0.124739 0.961290 0.500000
137 0.152344 0.951613 0.441176
138 0.145146 0.961290 0.500000
139 0.137163 0.961290 0.529412
140 0.123388 0.961290 0.500000
141 0.120737 0.964516 0.500000
142 0.123770 0.964516 0.382353
143 0.122052 0.961290 0.529412
144 0.118143 0.958065 0.529412
145 0.171178 0.932258 0.558824
146 0.151169 0.961290 0.500000
147 0.133453 0.964516 0.558824
148 0.132444 0.961290 0.470588
149 0.125152 0.970968 0.529412
150 0.115430 0.964516 0.558824
151 0.110185 0.964516 0.558824
152 0.114581 0.961290 0.588235
153 0.109692 0.967742 0.529412
154 0.107026 0.964516 0.558824
155 0.112643 0.967742 0.470588
156 0.107048 0.964516 0.470588
157 0.107572 0.964516 0.470588
158 0.106638 0.970968 0.500000
159 0.107103 0.964516 0.500000
160 0.109425 0.964516 0.500000
161 0.105855 0.970968 0.470588
162 0.108049 0.967742 0.441176
163 0.100544 0.964516 0.470588
164 0.110096 0.958065 0.470588
165 0.104523 0.958065 0.500000
166 0.108241 0.970968 0.470588
167 0.109074 0.967742 0.470588
168 0.104708 0.961290 0.470588
169 0.108332 0.967742 0.500000
170 0.107134 0.970968 0.470588
171 0.110463 0.967742 0.441176
172 0.103998 0.970968 0.558824
173 0.106570 0.967742 0.500000
174 0.104789 0.964516 0.529412
175 0.109187 0.970968 0.441176
176 0.104758 0.970968 0.470588
177 0.105999 0.970968 0.441176
178 0.107279 0.970968 0.500000
179 0.107694 0.964516 0.470588
180 0.113464 0.970968 0.500000
181 0.105296 0.967742 0.500000
182 0.104300 0.974194 0.470588
183 0.108224 0.958065 0.441176
184 0.111317 0.961290 0.500000
185 0.102372 0.977419 0.500000
186 0.103189 0.970968 0.441176
187 0.108711 0.964516 0.441176
188 0.105734 0.970968 0.500000
189 0.111931 0.967742 0.470588
190 0.102655 0.967742 0.500000
191 0.105879 0.964516 0.529412
192 0.108516 0.970968 0.558824
193 0.108389 0.974194 0.558824
194 0.106369 0.974194 0.558824
195 0.107502 0.970968 0.500000
196 0.110859 0.967742 0.529412
197 0.102786 0.964516 0.470588
198 0.100507 0.977419 0.529412
199 0.111505 0.964516 0.529412
200 0.099249 0.974194 0.529412
201 0.094563 0.977419 0.500000
202 0.104778 0.967742 0.500000
203 0.101306 0.967742 0.470588
204 0.096617 0.970968 0.529412
205 0.100829 0.967742 0.470588
206 0.098714 0.974194 0.558824
207 0.099465 0.967742 0.500000
208 0.099698 0.964516 0.529412
209 0.096325 0.967742 0.558824
210 0.104460 0.970968 0.500000
211 0.102073 0.970968 0.529412
212 0.104284 0.970968 0.529412
213 0.099456 0.974194 0.588235
214 0.102448 0.974194 0.529412
215 0.099941 0.967742 0.500000
216 0.101683 0.970968 0.529412
217 0.093735 0.977419 0.529412
218 0.097491 0.967742 0.500000
219 0.104145 0.970968 0.588235
220 0.100310 0.967742 0.500000
221 0.096654 0.974194 0.529412
222 0.100462 0.967742 0.529412
223 0.104574 0.970968 0.558824
224 0.097841 0.974194 0.470588
225 0.095733 0.970968 0.500000
226 0.102416 0.964516 0.470588
227 0.099068 0.970968 0.500000
228 0.096972 0.970968 0.500000
229 0.092013 0.970968 0.500000
230 0.091804 0.970968 0.529412
231 0.096755 0.974194 0.529412
232 0.097434 0.967742 0.529412
233 0.096608 0.974194 0.558824
234 0.092240 0.970968 0.500000
235 0.094961 0.974194 0.500000
236 0.093238 0.964516 0.500000
237 0.103022 0.974194 0.500000
238 0.096491 0.967742 0.500000
239 0.092011 0.970968 0.529412
240 0.097443 0.967742 0.529412
241 0.098215 0.967742 0.529412
242 0.096251 0.977419 0.500000
243 0.089816 0.967742 0.558824
244 0.102953 0.967742 0.500000
245 0.099825 0.974194 0.470588
246 0.099102 0.974194 0.470588
247 0.093846 0.961290 0.470588
248 0.099252 0.974194 0.470588
249 0.093773 0.967742 0.529412
250 0.096608 0.974194 0.558824
251 0.095133 0.974194 0.500000
252 0.089873 0.977419 0.558824
253 0.088849 0.970968 0.529412
254 0.096333 0.977419 0.500000
255 0.087969 0.970968 0.500000
256 0.091863 0.977419 0.529412
257 0.089347 0.974194 0.500000
258 0.098603 0.970968 0.529412
259 0.090550 0.977419 0.529412
260 0.091363 0.974194 0.500000
261 0.094735 0.967742 0.529412
262 0.094196 0.974194 0.470588
263 0.090403 0.977419 0.529412
264 0.092091 0.970968 0.558824
265 0.092998 0.974194 0.529412
266 0.090859 0.977419 0.500000
267 0.091407 0.970968 0.558824
268 0.089562 0.977419 0.529412
269 0.097826 0.967742 0.558824
270 0.090077 0.970968 0.558824
271 0.089170 0.974194 0.529412
272 0.091928 0.970968 0.529412
273 0.096776 0.974194 0.500000
274 0.092276 0.970968 0.500000
275 0.089007 0.970968 0.529412
276 0.095928 0.974194 0.558824
277 0.091697 0.974194 0.500000
278 0.086992 0.974194 0.500000
279 0.088937 0.974194 0.558824
280 0.089434 0.974194 0.500000
281 0.091897 0.970968 0.500000
282 0.089399 0.977419 0.500000
283 0.087103 0.974194 0.500000
284 0.092146 0.974194 0.500000
285 0.091797 0.967742 0.529412
286 0.092146 0.977419 0.500000
287 0.093806 0.970968 0.529412
288 0.087280 0.970968 0.529412
289 0.090332 0.974194 0.500000
290 0.093400 0.970968 0.529412
291 0.091840 0.977419 0.500000
292 0.092614 0.977419 0.500000
293 0.085471 0.970968 0.500000
294 0.093813 0.970968 0.470588
295 0.089900 0.977419 0.470588
296 0.086137 0.974194 0.500000
297 0.090923 0.970968 0.500000
298 0.093241 0.970968 0.529412
299 0.087127 0.970968 0.470588
300 0.090863 0.977419 0.529412
301 0.085504 0.967742 0.500000
302 0.094058 0.970968 0.500000
303 0.088616 0.974194 0.529412
304 0.086730 0.974194 0.529412
305 0.087869 0.977419 0.500000
306 0.086646 0.977419 0.529412
307 0.090455 0.977419 0.500000
308 0.084908 0.974194 0.558824
309 0.089131 0.974194 0.500000
310 0.090986 0.974194 0.529412
311 0.088607 0.974194 0.529412
312 0.085273 0.974194 0.500000
313 0.089353 0.974194 0.500000
314 0.086523 0.974194 0.500000
315 0.088360 0.974194 0.529412
316 0.088934 0.977419 0.558824
317 0.090243 0.974194 0.529412
318 0.083061 0.974194 0.558824
319 0.091351 0.974194 0.500000
320 0.086333 0.974194 0.529412
321 0.091177 0.977419 0.529412
322 0.082749 0.977419 0.529412
323 0.086216 0.974194 0.558824
324 0.085328 0.974194 0.558824
325 0.084588 0.974194 0.529412
326 0.090083 0.974194 0.558824
327 0.088546 0.974194 0.558824
328 0.086400 0.974194 0.529412
329 0.087460 0.974194 0.529412
330 0.086413 0.974194 0.529412
331 0.086412 0.974194 0.558824
332 0.085992 0.970968 0.558824
333 0.084513 0.974194 0.529412
334 0.084143 0.967742 0.529412
335 0.085749 0.974194 0.529412
336 0.090362 0.977419 0.500000
337 0.085482 0.970968 0.500000
338 0.084157 0.970968 0.558824
339 0.087025 0.974194 0.529412
340 0.087657 0.970968 0.500000
341 0.084033 0.977419 0.500000
342 0.088599 0.977419 0.529412
343 0.088469 0.974194 0.529412
344 0.086815 0.974194 0.500000
345 0.087616 0.970968 0.529412
346 0.084577 0.967742 0.500000
347 0.083761 0.970968 0.529412
348 0.091698 0.974194 0.529412
349 0.089816 0.974194 0.529412
350 0.088233 0.977419 0.500000
