1 4.788862 0.513112 0.510949
2 1.955281 0.600162 0.600973
3 1.659171 0.668289 0.649635
4 1.268149 0.714517 0.676399
5 1.078369 0.655583 0.644769
6 1.161220 0.674777 0.642336
7 1.161340 0.713436 0.673966
8 1.029568 0.639903 0.625304
9 0.980833 0.542309 0.530414
10 0.816758 0.713706 0.683698
11 0.927440 0.686672 0.656934
12 0.820408 0.718843 0.703163
13 0.830638 0.705326 0.683698
14 1.110779 0.591782 0.593674
15 0.811312 0.680184 0.666667
16 0.833043 0.687213 0.669100
17 0.731296 0.727494 0.683698
18 0.650391 0.724790 0.695864
19 0.674619 0.720465 0.644769
20 0.650181 0.647743 0.613139
21 0.625795 0.714247 0.666667
22 0.624148 0.734523 0.703163
23 0.644423 0.720735 0.686131
24 0.636112 0.716410 0.690998
25 0.586016 0.705596 0.678832
26 0.594388 0.738848 0.688564
27 0.600478 0.722357 0.681265
28 0.585288 0.725061 0.686131
29 0.593766 0.711814 0.664234
30 0.575814 0.736145 0.690998
31 0.577564 0.717221 0.683698
32 0.592485 0.698567 0.639903
33 0.593199 0.722357 0.708029
34 0.580489 0.742092 0.712895
35 0.584728 0.740741 0.690998
36 0.580480 0.728575 0.693431
37 0.578268 0.719924 0.693431
38 0.582276 0.739119 0.693431
39 0.562669 0.740200 0.705596
40 0.577470 0.741281 0.686131
41 0.598342 0.739389 0.717762
42 0.569534 0.743985 0.686131
43 0.562671 0.732360 0.683698
44 0.563427 0.712625 0.647202
45 0.567965 0.735064 0.669100
46 0.547862 0.730738 0.656934
47 0.574610 0.738037 0.688564
48 0.547185 0.731008 0.686131
49 0.563750 0.741822 0.698297
50 0.549050 0.745066 0.727494
51 0.542069 0.746959 0.708029
52 0.541815 0.749662 0.693431
53 0.548899 0.736145 0.700730
54 0.546586 0.741011 0.705596
55 0.540420 0.754258 0.715328
56 0.532529 0.735064 0.705596
57 0.557416 0.747770 0.708029
58 0.536149 0.733171 0.678832
59 0.532979 0.755880 0.703163
60 0.556993 0.725331 0.676399
61 0.519394 0.747229 0.695864
62 0.533537 0.760746 0.715328
63 0.543888 0.754528 0.717762
64 0.544233 0.752366 0.722628
65 0.525427 0.739659 0.676399
66 0.540707 0.742363 0.703163
67 0.539542 0.752636 0.690998
68 0.533288 0.749932 0.727494
69 0.539605 0.752636 0.700730
70 0.530660 0.755880 0.727494
71 0.524777 0.765612 0.727494
72 0.521401 0.752906 0.717762
73 0.530235 0.755610 0.695864
74 0.531411 0.761828 0.756691
75 0.541942 0.752906 0.717762
76 0.527678 0.746959 0.686131
77 0.543811 0.765072 0.720195
78 0.545974 0.756150 0.703163
79 0.530024 0.754799 0.700730
80 0.530872 0.754799 0.703163
81 0.523403 0.753988 0.695864
82 0.534780 0.757502 0.698297
83 0.529257 0.751554 0.688564
84 0.524986 0.751554 0.710462
85 0.542842 0.755339 0.678832
86 0.543229 0.753177 0.686131
87 0.528451 0.762098 0.737226
88 0.528000 0.742363 0.710462
89 0.544580 0.741552 0.705596
90 0.523654 0.767234 0.722628
91 0.530883 0.754528 0.712895
92 0.525815 0.765342 0.737226
93 0.535955 0.760476 0.717762
94 0.520659 0.759124 0.693431
95 0.530004 0.758854 0.708029
96 0.512327 0.770208 0.725061
97 0.529018 0.770479 0.739659
98 0.527577 0.719924 0.661800
99 0.530076 0.765342 0.739659
100 0.516178 0.771290 0.727494
101 0.505188 0.771560 0.727494
102 0.514556 0.766423 0.720195
103 0.500575 0.774534 0.700730
104 0.504858 0.774804 0.744526
105 0.496304 0.777237 0.720195
106 0.508267 0.770208 0.717762
107 0.494738 0.774804 0.732360
108 0.514978 0.780481 0.737226
109 0.502286 0.773182 0.751825
110 0.497357 0.767505 0.708029
111 0.491983 0.780211 0.734793
112 0.492260 0.772101 0.720195
113 0.514223 0.769938 0.708029
114 0.503844 0.777507 0.746959
115 0.500417 0.774534 0.732360
116 0.509762 0.781563 0.746959
117 0.492227 0.778859 0.725061
118 0.490742 0.779941 0.734793
119 0.517181 0.775345 0.729927
120 0.496317 0.775615 0.712895
121 0.487128 0.773182 0.720195
122 0.473035 0.776156 0.710462
123 0.496894 0.776426 0.742092
124 0.503226 0.779400 0.749392
125 0.496027 0.776967 0.734793
126 0.495399 0.778589 0.705596
127 0.483152 0.785077 0.739659
128 0.484611 0.785618 0.725061
129 0.491828 0.788321 0.761557
130 0.487261 0.764531 0.725061
131 0.506762 0.783996 0.746959
132 0.498971 0.789403 0.739659
133 0.501047 0.790214 0.754258
134 0.499751 0.786158 0.737226
135 0.486684 0.770208 0.729927
136 0.488443 0.790484 0.734793
137 0.490125 0.789403 0.727494
138 0.496709 0.793458 0.737226
139 0.484343 0.794539 0.737226
140 0.481772 0.782644 0.737226
141 0.494363 0.773993 0.744526
142 0.483185 0.779941 0.739659
143 0.477361 0.793728 0.732360
144 0.473927 0.783725 0.720195
145 0.490255 0.780481 0.737226
146 0.479169 0.781563 0.710462
147 0.481081 0.790754 0.734793
148 0.488628 0.776696 0.732360
149 0.483093 0.781833 0.744526
150 0.468641 0.783455 0.734793
151 0.464505 0.795080 0.739659
152 0.462880 0.792106 0.727494
153 0.467687 0.786969 0.742092
154 0.476962 0.800757 0.739659
155 0.472283 0.789673 0.729927
156 0.471654 0.799405 0.746959
157 0.465087 0.800487 0.725061
158 0.450119 0.798594 0.722628
159 0.474107 0.797242 0.749392
160 0.467622 0.796972 0.727494
161 0.472934 0.783185 0.715328
162 0.454753 0.803190 0.742092
163 0.467986 0.799946 0.744526
164 0.467467 0.802379 0.756691
165 0.450975 0.807516 0.737226
166 0.475538 0.798324 0.732360
167 0.452721 0.807786 0.742092
168 0.459886 0.798594 0.734793
169 0.451420 0.802379 0.749392
170 0.446947 0.808056 0.761557
171 0.449885 0.805893 0.732360
172 0.451678 0.804542 0.737226
173 0.464741 0.805893 0.742092
174 0.454725 0.802920 0.739659
175 0.461691 0.806164 0.751825
176 0.464245 0.804001 0.734793
177 0.463187 0.805353 0.749392
178 0.449842 0.809138 0.744526
179 0.455888 0.806164 0.734793
180 0.453436 0.805082 0.742092
181 0.464707 0.794539 0.751825
182 0.454373 0.799676 0.742092
183 0.457600 0.810219 0.749392
184 0.462504 0.812922 0.751825
185 0.452136 0.798324 0.742092
186 0.460430 0.806434 0.734793
187 0.452146 0.794269 0.729927
188 0.451640 0.793187 0.729927
189 0.467096 0.810219 0.744526
190 0.441170 0.803190 0.751825
191 0.443467 0.807786 0.732360
192 0.441295 0.813193 0.744526
193 0.449089 0.812382 0.749392
194 0.433100 0.809949 0.742092
195 0.443070 0.817789 0.744526
196 0.451974 0.812382 0.722628
197 0.455414 0.804542 0.729927
198 0.450666 0.808327 0.725061
199 0.446984 0.821033 0.722628
200 0.444784 0.825088 0.727494
201 0.431805 0.811300 0.725061
202 0.448652 0.822925 0.725061
203 0.438879 0.823466 0.732360
204 0.436973 0.819951 0.722628
205 0.428015 0.819951 0.732360
206 0.441389 0.824818 0.737226
207 0.435789 0.825358 0.742092
208 0.433491 0.824006 0.749392
209 0.429454 0.818329 0.734793
210 0.436114 0.823466 0.722628
211 0.433357 0.818059 0.725061
212 0.422348 0.819681 0.732360
213 0.431672 0.828062 0.739659
214 0.426537 0.821033 0.744526
215 0.429038 0.822384 0.739659
216 0.425092 0.824547 0.744526
217 0.430785 0.827251 0.739659
218 0.432967 0.824006 0.746959
219 0.428366 0.826169 0.746959
220 0.434033 0.822655 0.710462
221 0.441123 0.830495 0.732360
222 0.416834 0.829684 0.744526
223 0.420286 0.821844 0.744526
224 0.424772 0.822925 0.749392
225 0.436435 0.821033 0.742092
226 0.424472 0.823195 0.739659
227 0.433892 0.823736 0.739659
228 0.434635 0.819681 0.727494
229 0.440572 0.830495 0.737226
230 0.427569 0.823736 0.742092
231 0.428854 0.824547 0.744526
232 0.425747 0.825899 0.742092
233 0.433452 0.830765 0.754258
234 0.419477 0.833198 0.742092
235 0.421515 0.832657 0.739659
236 0.424994 0.828062 0.751825
237 0.427547 0.826440 0.749392
238 0.436918 0.828332 0.754258
239 0.420802 0.836172 0.739659
240 0.419786 0.832117 0.744526
241 0.417488 0.827791 0.737226
242 0.425599 0.828332 0.751825
243 0.428572 0.829143 0.729927
244 0.421227 0.831846 0.746959
245 0.427442 0.836983 0.749392
246 0.424122 0.837794 0.734793
247 0.430625 0.831846 0.744526
248 0.428508 0.828602 0.742092
249 0.409784 0.831846 0.744526
250 0.421202 0.836713 0.739659
251 0.415159 0.838875 0.739659
252 0.411885 0.839416 0.749392
253 0.397652 0.842390 0.739659
254 0.406809 0.836983 0.749392
255 0.416368 0.840497 0.744526
256 0.410618 0.836442 0.737226
257 0.403042 0.835091 0.744526
258 0.410861 0.838335 0.742092
259 0.405534 0.839146 0.742092
260 0.421501 0.839416 0.742092
261 0.411531 0.837253 0.746959
262 0.403968 0.842119 0.751825
263 0.407291 0.842119 0.737226
264 0.410450 0.837524 0.729927
265 0.407571 0.841308 0.744526
266 0.414410 0.844012 0.739659
267 0.401865 0.832657 0.742092
268 0.415380 0.834550 0.746959
269 0.398601 0.839957 0.742092
270 0.411252 0.842119 0.739659
271 0.402168 0.839957 0.754258
272 0.413065 0.845904 0.746959
273 0.413568 0.836172 0.744526
274 0.409215 0.839416 0.734793
275 0.408546 0.844553 0.746959
276 0.410700 0.839957 0.739659
277 0.403849 0.834550 0.742092
278 0.402865 0.842390 0.739659
279 0.405735 0.842931 0.744526
280 0.403277 0.829954 0.749392
281 0.398940 0.843471 0.734793
282 0.405168 0.841579 0.737226
283 0.391186 0.839957 0.742092
284 0.405184 0.846175 0.751825
285 0.411696 0.837794 0.746959
286 0.399833 0.848608 0.744526
287 0.398221 0.844282 0.749392
288 0.401603 0.839416 0.742092
289 0.392900 0.844282 0.754258
290 0.394881 0.844282 0.744526
291 0.391500 0.840227 0.744526
292 0.411034 0.844553 0.742092
293 0.412007 0.845634 0.729927
294 0.408331 0.846175 0.737226
295 0.394860 0.844282 0.742092
296 0.418365 0.848608 0.742092
297 0.401685 0.842390 0.746959
298 0.401136 0.846445 0.737226
299 0.411047 0.848878 0.749392
300 0.401270 0.845364 0.744526
301 0.393081 0.847256 0.739659
302 0.410491 0.850230 0.749392
303 0.400192 0.849959 0.742092
304 0.403746 0.847526 0.744526
305 0.391689 0.850770 0.739659
306 0.400455 0.844823 0.746959
307 0.401340 0.848337 0.746959
308 0.392275 0.851582 0.746959
309 0.390182 0.849148 0.742092
310 0.395581 0.847526 0.742092
311 0.408976 0.852122 0.734793
312 0.400767 0.852663 0.734793
313 0.393761 0.850770 0.737226
314 0.389836 0.848878 0.739659
315 0.392549 0.844282 0.746959
316 0.391147 0.852933 0.746959
317 0.399447 0.846445 0.744526
318 0.385996 0.853744 0.734793
319 0.397076 0.851311 0.746959
320 0.397115 0.846175 0.742092
321 0.402745 0.847256 0.742092
322 0.404633 0.845093 0.739659
323 0.393606 0.852122 0.742092
324 0.402471 0.850230 0.737226
325 0.398578 0.847797 0.739659
326 0.390084 0.852933 0.744526
327 0.392619 0.844823 0.737226
328 0.397651 0.852122 0.746959
329 0.396387 0.849148 0.739659
330 0.390682 0.846445 0.742092
331 0.395397 0.840227 0.756691
332 0.401663 0.850230 0.739659
333 0.395818 0.849148 0.746959
334 0.385999 0.851041 0.734793
335 0.384135 0.851852 0.739659
336 0.395969 0.851311 0.737226
337 0.391341 0.846715 0.742092
338 0.395729 0.849148 0.749392
339 0.396178 0.857529 0.739659
340 0.387376 0.855096 0.737226
341 0.399280 0.854015 0.739659
342 0.381356 0.850230 0.734793
343 0.389406 0.850230 0.749392
344 0.387104 0.852663 0.749392
345 0.393935 0.851852 0.744526
346 0.397790 0.850230 0.742092
347 0.388719 0.853744 0.751825
348 0.393748 0.840227 0.749392
349 0.394605 0.855907 0.746959
350 0.384209 0.855096 0.737226
