1 1.902142 0.739645 0.736842
2 0.732002 0.603550 0.315789
3 0.619697 0.834320 0.736842
4 0.552855 0.834320 0.684211
5 0.504507 0.869822 0.684211
6 0.439461 0.668639 0.631579
7 0.657245 0.520710 0.631579
8 0.453606 0.881657 0.842105
9 0.356493 0.431953 0.368421
10 0.386394 0.875740 0.842105
11 0.349980 0.917160 0.789474
12 0.357115 0.875740 0.842105
13 0.276463 0.887574 0.789474
14 0.358720 0.668639 0.684211
15 0.446617 0.852071 0.789474
16 0.330305 0.917160 0.789474
17 0.274923 0.946746 0.842105
18 0.270327 0.899408 0.842105
19 0.261670 0.881657 0.894737
20 0.243388 0.934911 0.842105
21 0.284386 0.763314 0.736842
22 0.288808 0.917160 0.894737
23 0.241280 0.923077 0.842105
24 0.286517 0.946746 0.894737
25 0.256160 0.857988 0.842105
26 0.241243 0.840237 0.789474
27 0.253803 0.899408 0.842105
28 0.262692 0.893491 0.894737
29 0.266206 0.905325 0.894737
30 0.237584 0.911243 0.842105
31 0.246640 0.893491 0.842105
32 0.237985 0.905325 0.894737
33 0.234611 0.911243 0.894737
34 0.225020 0.928994 0.894737
35 0.242471 0.917160 0.789474
36 0.209346 0.923077 0.789474
37 0.229019 0.899408 0.894737
38 0.235691 0.923077 0.789474
39 0.241853 0.899408 0.894737
40 0.237343 0.905325 0.842105
41 0.228599 0.928994 0.842105
42 0.212892 0.928994 0.842105
43 0.218590 0.958580 0.894737
44 0.221295 0.934911 0.789474
45 0.207725 0.899408 0.894737
46 0.225156 0.745562 0.684211
47 0.235107 0.928994 0.789474
48 0.206985 0.881657 0.894737
49 0.210678 0.911243 0.894737
50 0.193810 0.928994 0.842105
51 0.189644 0.917160 0.842105
52 0.191408 0.952663 0.894737
53 0.192070 0.952663 0.842105
54 0.199756 0.940828 0.842105
55 0.201978 0.952663 0.894737
56 0.191925 0.923077 0.789474
57 0.191031 0.934911 0.842105
58 0.194372 0.917160 0.842105
59 0.193090 0.934911 0.842105
60 0.193503 0.928994 0.842105
61 0.189568 0.934911 0.842105
62 0.190590 0.917160 0.894737
63 0.190772 0.970414 0.842105
64 0.195062 0.911243 0.894737
65 0.187990 0.928994 0.842105
66 0.185029 0.958580 0.894737
67 0.188040 0.928994 0.842105
68 0.183819 0.928994 0.842105
69 0.193500 0.917160 0.842105
70 0.189189 0.928994 0.842105
71 0.192977 0.970414 0.894737
72 0.199205 0.911243 0.842105
73 0.202188 0.911243 0.894737
74 0.195238 0.952663 0.842105
75 0.182108 0.928994 0.842105
76 0.196525 0.934911 0.842105
77 0.191124 0.911243 0.894737
78 0.180918 0.952663 0.894737
79 0.197445 0.917160 0.894737
80 0.191248 0.934911 0.842105
81 0.180051 0.940828 0.894737
82 0.194714 0.946746 0.842105
83 0.191655 0.970414 0.842105
84 0.184632 0.911243 0.894737
85 0.183067 0.911243 0.894737
86 0.179393 0.946746 0.894737
87 0.187531 0.940828 0.842105
88 0.186118 0.958580 0.842105
89 0.209523 0.923077 0.842105
90 0.207973 0.917160 0.789474
91 0.191727 0.923077 0.842105
92 0.195075 0.952663 0.894737
93 0.190491 0.928994 0.842105
94 0.188868 0.964497 0.894737
95 0.180778 0.934911 0.842105
96 0.190822 0.946746 0.894737
97 0.191842 0.928994 0.842105
98 0.192945 0.928994 0.842105
99 0.186684 0.940828 0.842105
100 0.180338 0.952663 0.842105
101 0.177380 0.940828 0.842105
102 0.171192 0.946746 0.894737
103 0.179781 0.911243 0.894737
104 0.170688 0.970414 0.894737
105 0.178281 0.940828 0.842105
106 0.179717 0.952663 0.894737
107 0.176802 0.934911 0.842105
108 0.175414 0.946746 0.842105
109 0.178116 0.934911 0.842105
110 0.177301 0.928994 0.842105
111 0.180728 0.952663 0.894737
112 0.167545 0.928994 0.842105
113 0.170599 0.940828 0.842105
114 0.180046 0.946746 0.842105
115 0.177795 0.946746 0.842105
116 0.187083 0.911243 0.894737
117 0.175914 0.946746 0.789474
118 0.174901 0.946746 0.789474
119 0.174890 0.946746 0.894737
120 0.182435 0.928994 0.842105
121 0.181115 0.928994 0.789474
122 0.173676 0.934911 0.842105
123 0.176983 0.940828 0.842105
124 0.177554 0.952663 0.894737
125 0.174429 0.934911 0.789474
126 0.173239 0.928994 0.842105
127 0.177047 0.940828 0.842105
128 0.179590 0.881657 0.842105
129 0.183281 0.928994 0.789474
130 0.183232 0.928994 0.789474
131 0.168438 0.958580 0.842105
132 0.177546 0.946746 0.789474
133 0.180706 0.928994 0.789474
134 0.179257 0.940828 0.789474
135 0.178745 0.940828 0.789474
136 0.174589 0.940828 0.842105
137 0.177097 0.940828 0.789474
138 0.178834 0.940828 0.842105
139 0.174596 0.964497 0.842105
140 0.175561 0.940828 0.789474
141 0.175823 0.934911 0.789474
142 0.183201 0.928994 0.789474
143 0.181667 0.946746 0.842105
144 0.172974 0.911243 0.842105
145 0.178385 0.940828 0.842105
146 0.177018 0.952663 0.789474
147 0.175676 0.928994 0.842105
148 0.178895 0.917160 0.842105
149 0.175085 0.934911 0.842105
150 0.174897 0.928994 0.842105
151 0.172375 0.970414 0.894737
152 0.173047 0.940828 0.842105
153 0.172612 0.958580 0.894737
154 0.164475 0.940828 0.842105
155 0.165109 0.934911 0.789474
156 0.174175 0.958580 0.842105
157 0.176309 0.940828 0.789474
158 0.163583 0.940828 0.789474
159 0.171316 0.940828 0.789474
160 0.171700 0.946746 0.789474
161 0.171097 0.946746 0.789474
162 0.175470 0.946746 0.789474
163 0.175031 0.934911 0.789474
164 0.175862 0.946746 0.789474
165 0.168652 0.940828 0.789474
166 0.170329 0.964497 0.842105
167 0.165028 0.940828 0.789474
168 0.171595 0.946746 0.789474
169 0.170094 0.928994 0.789474
170 0.168826 0.940828 0.736842
171 0.171425 0.940828 0.789474
172 0.171991 0.928994 0.842105
173 0.164977 0.946746 0.789474
174 0.163165 0.940828 0.789474
175 0.174168 0.958580 0.842105
176 0.170254 0.940828 0.789474
177 0.166523 0.952663 0.789474
178 0.165571 0.934911 0.789474
179 0.171146 0.952663 0.842105
180 0.163214 0.946746 0.789474
181 0.169475 0.934911 0.789474
182 0.173951 0.946746 0.789474
183 0.173575 0.952663 0.789474
184 0.165374 0.923077 0.789474
185 0.171565 0.946746 0.894737
186 0.165409 0.946746 0.789474
187 0.175732 0.928994 0.789474
188 0.176995 0.964497 0.789474
189 0.170622 0.934911 0.789474
190 0.168311 0.911243 0.894737
191 0.160567 0.952663 0.789474
192 0.176157 0.952663 0.842105
193 0.166540 0.923077 0.842105
194 0.170676 0.946746 0.789474
195 0.167974 0.928994 0.842105
196 0.162668 0.928994 0.789474
197 0.174266 0.952663 0.842105
198 0.165653 0.928994 0.789474
199 0.169078 0.940828 0.789474
200 0.165859 0.934911 0.789474
201 0.163070 0.934911 0.789474
202 0.165235 0.946746 0.789474
203 0.168596 0.928994 0.789474
204 0.170472 0.946746 0.789474
205 0.161062 0.940828 0.789474
206 0.162312 0.940828 0.789474
207 0.171424 0.934911 0.842105
208 0.163130 0.940828 0.789474
209 0.173229 0.946746 0.789474
210 0.166159 0.946746 0.789474
211 0.165717 0.934911 0.789474
212 0.162957 0.946746 0.789474
213 0.161093 0.946746 0.789474
214 0.160643 0.946746 0.789474
215 0.163385 0.940828 0.789474
216 0.158780 0.940828 0.789474
217 0.168006 0.958580 0.842105
218 0.169478 0.946746 0.789474
219 0.169394 0.952663 0.789474
220 0.167398 0.946746 0.789474
221 0.165524 0.940828 0.789474
222 0.165632 0.952663 0.789474
223 0.167786 0.946746 0.789474
224 0.165345 0.946746 0.789474
225 0.171859 0.946746 0.789474
226 0.165325 0.952663 0.789474
227 0.161875 0.928994 0.789474
228 0.161606 0.940828 0.789474
229 0.165039 0.946746 0.789474
230 0.162536 0.940828 0.789474
231 0.166452 0.940828 0.789474
232 0.166570 0.940828 0.789474
233 0.164454 0.940828 0.789474
234 0.164158 0.928994 0.789474
235 0.167219 0.934911 0.789474
236 0.167401 0.940828 0.789474
237 0.170361 0.934911 0.789474
238 0.161430 0.946746 0.789474
239 0.163157 0.934911 0.789474
240 0.170755 0.946746 0.789474
241 0.165322 0.946746 0.789474
242 0.161956 0.946746 0.789474
243 0.163863 0.940828 0.789474
244 0.163237 0.928994 0.789474
245 0.159825 0.958580 0.842105
246 0.162143 0.934911 0.789474
247 0.171212 0.940828 0.789474
248 0.169350 0.952663 0.789474
249 0.165805 0.946746 0.789474
250 0.166097 0.940828 0.789474
251 0.162364 0.940828 0.789474
252 0.157907 0.952663 0.789474
253 0.165750 0.940828 0.789474
254 0.172040 0.940828 0.789474
255 0.161340 0.952663 0.789474
256 0.167441 0.940828 0.789474
257 0.159589 0.940828 0.789474
258 0.164542 0.958580 0.842105
259 0.168591 0.934911 0.789474
260 0.163970 0.934911 0.789474
261 0.161689 0.946746 0.789474
262 0.158193 0.946746 0.789474
263 0.169356 0.946746 0.789474
264 0.160386 0.934911 0.789474
265 0.161493 0.946746 0.789474
266 0.163194 0.946746 0.789474
267 0.158139 0.940828 0.789474
268 0.162498 0.952663 0.789474
269 0.159293 0.940828 0.789474
270 0.157628 0.946746 0.789474
271 0.165947 0.940828 0.789474
272 0.162572 0.934911 0.789474
273 0.164301 0.934911 0.789474
274 0.160427 0.952663 0.789474
275 0.156721 0.946746 0.789474
276 0.161680 0.940828 0.789474
277 0.165676 0.934911 0.789474
278 0.158804 0.952663 0.789474
279 0.161847 0.946746 0.789474
280 0.165286 0.928994 0.789474
281 0.158088 0.934911 0.789474
282 0.163053 0.946746 0.789474
283 0.158797 0.946746 0.789474
284 0.158778 0.946746 0.789474
285 0.166811 0.952663 0.789474
286 0.162794 0.946746 0.789474
287 0.164304 0.952663 0.789474
288 0.163898 0.946746 0.789474
289 0.167637 0.952663 0.789474
290 0.163202 0.946746 0.789474
291 0.161002 0.946746 0.789474
292 0.164124 0.940828 0.789474
293 0.165502 0.946746 0.789474
294 0.162285 0.940828 0.789474
295 0.163931 0.940828 0.789474
296 0.158635 0.940828 0.789474
297 0.163190 0.946746 0.789474
298 0.158745 0.946746 0.789474
299 0.166260 0.940828 0.789474
300 0.165354 0.952663 0.789474
301 0.161922 0.946746 0.789474
302 0.166390 0.952663 0.789474
303 0.158523 0.952663 0.789474
304 0.160447 0.940828 0.789474
305 0.164721 0.940828 0.789474
306 0.160711 0.946746 0.789474
307 0.165252 0.952663 0.789474
308 0.159102 0.946746 0.789474
309 0.162302 0.940828 0.789474
310 0.158412 0.946746 0.789474
311 0.163241 0.940828 0.789474
312 0.167655 0.946746 0.789474
313 0.165105 0.928994 0.789474
314 0.160812 0.934911 0.789474
315 0.163123 0.946746 0.789474
316 0.156572 0.946746 0.789474
317 0.161517 0.946746 0.789474
318 0.154534 0.946746 0.789474
319 0.160397 0.952663 0.789474
320 0.154548 0.946746 0.789474
321 0.164532 0.940828 0.789474
322 0.161839 0.928994 0.789474
323 0.163298 0.940828 0.789474
324 0.164706 0.940828 0.789474
325 0.163579 0.946746 0.789474
326 0.163797 0.946746 0.789474
327 0.170225 0.952663 0.789474
328 0.164971 0.940828 0.789474
329 0.154871 0.940828 0.789474
330 0.161524 0.934911 0.789474
331 0.156656 0.946746 0.789474
332 0.166075 0.940828 0.789474
333 0.160111 0.946746 0.789474
334 0.162346 0.946746 0.789474
335 0.155048 0.946746 0.789474
336 0.158333 0.940828 0.789474
337 0.162521 0.946746 0.789474
338 0.160882 0.946746 0.789474
339 0.150542 0.940828 0.789474
340 0.153096 0.934911 0.789474
341 0.161873 0.946746 0.789474
342 0.161881 0.952663 0.789474
343 0.161190 0.952663 0.789474
344 0.167162 0.940828 0.789474
345 0.165949 0.946746 0.789474
346 0.159304 0.946746 0.789474
347 0.159581 0.940828 0.789474
348 0.160056 0.940828 0.789474
349 0.157896 0.952663 0.842105
350 0.160513 0.940828 0.789474
