1 1.896941 0.674556 0.684211
2 0.712024 0.857988 0.894737
3 0.653202 0.857988 0.842105
4 0.443774 0.893491 0.894737
5 0.761570 0.869822 0.842105
6 0.565533 0.828402 0.789474
7 0.476735 0.840237 0.789474
8 0.390124 0.887574 0.894737
9 0.364555 0.857988 0.842105
10 0.381747 0.887574 0.894737
11 0.380992 0.893491 0.894737
12 0.325458 0.917160 0.894737
13 0.306902 0.786982 0.789474
14 0.383420 0.627219 0.631579
15 0.398221 0.899408 0.894737
16 0.338165 0.863905 0.842105
17 0.288089 0.727811 0.736842
18 0.283217 0.899408 0.842105
19 0.339405 0.893491 0.947368
20 0.324054 0.875740 0.894737
21 0.329527 0.893491 0.894737
22 0.354268 0.804734 0.842105
23 0.294291 0.905325 0.947368
24 0.264722 0.857988 0.894737
25 0.265650 0.893491 0.894737
26 0.251749 0.887574 0.842105
27 0.261323 0.934911 0.894737
28 0.272602 0.952663 0.894737
29 0.264518 0.828402 0.842105
30 0.307805 0.899408 0.894737
31 0.269388 0.875740 0.947368
32 0.295354 0.881657 0.894737
33 0.255371 0.852071 0.894737
34 0.244917 0.940828 0.947368
35 0.262022 0.928994 1.000000
36 0.238523 0.928994 0.894737
37 0.228104 0.940828 0.842105
38 0.255340 0.899408 0.894737
39 0.254416 0.857988 0.947368
40 0.277510 0.899408 0.947368
41 0.242382 0.917160 0.894737
42 0.265337 0.875740 0.894737
43 0.256201 0.958580 0.894737
44 0.263425 0.893491 0.947368
45 0.248942 0.893491 0.842105
46 0.273526 0.934911 0.947368
47 0.242987 0.923077 1.000000
48 0.225148 0.899408 0.894737
49 0.229657 0.917160 0.842105
50 0.213360 0.923077 0.894737
51 0.190762 0.964497 0.894737
52 0.191803 0.905325 0.894737
53 0.199339 0.946746 1.000000
54 0.208229 0.940828 0.894737
55 0.223527 0.946746 0.842105
56 0.191157 0.923077 0.894737
57 0.210003 0.934911 0.894737
58 0.206764 0.958580 1.000000
59 0.210061 0.917160 0.842105
60 0.208427 0.952663 0.842105
61 0.201191 0.917160 0.894737
62 0.213555 0.911243 0.842105
63 0.206488 0.923077 0.894737
64 0.200670 0.940828 0.842105
65 0.201295 0.917160 0.894737
66 0.196023 0.923077 0.947368
67 0.197217 0.852071 0.842105
68 0.211170 0.940828 0.894737
69 0.205914 0.940828 1.000000
70 0.206460 0.911243 0.894737
71 0.204492 0.917160 0.894737
72 0.198429 0.964497 1.000000
73 0.193173 0.917160 0.894737
74 0.196068 0.917160 0.894737
75 0.201823 0.958580 1.000000
76 0.204183 0.958580 0.947368
77 0.221315 0.857988 0.842105
78 0.198158 0.934911 0.894737
79 0.195261 0.934911 0.894737
80 0.197338 0.875740 0.842105
81 0.196286 0.946746 0.842105
82 0.232650 0.934911 0.894737
83 0.195997 0.952663 0.842105
84 0.189104 0.952663 0.842105
85 0.188423 0.917160 0.842105
86 0.205026 0.934911 0.842105
87 0.199458 0.917160 0.842105
88 0.211167 0.911243 0.894737
89 0.199126 0.958580 0.894737
90 0.202811 0.923077 0.894737
91 0.194706 0.928994 0.842105
92 0.193970 0.917160 0.894737
93 0.191259 0.917160 0.947368
94 0.202697 0.911243 0.894737
95 0.196915 0.958580 0.842105
96 0.196817 0.946746 0.842105
97 0.196382 0.934911 1.000000
98 0.197359 0.917160 0.894737
99 0.204434 0.917160 0.842105
100 0.194252 0.928994 0.894737
101 0.181848 0.952663 0.947368
102 0.176193 0.958580 0.894737
103 0.186890 0.946746 0.842105
104 0.184477 0.934911 0.894737
105 0.181884 0.934911 0.894737
106 0.185707 0.946746 0.894737
107 0.187387 0.952663 0.894737
108 0.179802 0.970414 0.842105
109 0.188946 0.928994 0.894737
110 0.182063 0.952663 1.000000
111 0.178293 0.923077 0.894737
112 0.177934 0.952663 0.842105
113 0.178274 0.970414 0.894737
114 0.179519 0.946746 0.894737
115 0.190761 0.917160 0.842105
116 0.192498 0.946746 0.894737
117 0.186682 0.946746 0.842105
118 0.180226 0.934911 0.894737
119 0.189577 0.946746 0.894737
120 0.179227 0.958580 0.947368
121 0.191723 0.940828 0.894737
122 0.175365 0.952663 0.894737
123 0.173934 0.964497 0.842105
124 0.183442 0.946746 0.842105
125 0.177775 0.970414 0.894737
126 0.180524 0.917160 0.894737
127 0.182936 0.881657 0.947368
128 0.183620 0.946746 0.894737
129 0.186326 0.934911 0.894737
130 0.186222 0.946746 0.842105
131 0.182973 0.964497 0.894737
132 0.190184 0.952663 0.947368
133 0.173944 0.928994 0.894737
134 0.180212 0.970414 0.894737
135 0.180125 0.923077 0.894737
136 0.178554 0.923077 0.842105
137 0.185160 0.946746 0.947368
138 0.182897 0.970414 0.894737
139 0.184505 0.940828 0.894737
140 0.186385 0.952663 1.000000
141 0.190845 0.917160 0.842105
142 0.183401 0.952663 1.000000
143 0.186240 0.911243 0.894737
144 0.181544 0.928994 0.894737
145 0.193597 0.923077 0.894737
146 0.190137 0.964497 0.894737
147 0.182502 0.964497 1.000000
148 0.179226 0.928994 1.000000
149 0.174453 0.940828 0.894737
150 0.179676 0.946746 0.894737
151 0.170316 0.934911 0.894737
152 0.172201 0.964497 1.000000
153 0.168555 0.958580 0.894737
154 0.170231 0.964497 0.842105
155 0.175887 0.964497 0.894737
156 0.177856 0.964497 1.000000
157 0.171317 0.946746 0.947368
158 0.175201 0.952663 0.894737
159 0.172047 0.946746 0.894737
160 0.176974 0.964497 0.894737
161 0.174135 0.940828 0.894737
162 0.169933 0.934911 0.894737
163 0.175911 0.952663 1.000000
164 0.179125 0.928994 0.894737
165 0.173268 0.934911 0.894737
166 0.166562 0.964497 0.947368
167 0.162199 0.934911 0.894737
168 0.172709 0.934911 0.894737
169 0.173130 0.952663 0.894737
170 0.170509 0.934911 0.894737
171 0.177614 0.952663 1.000000
172 0.182922 0.940828 0.842105
173 0.172531 0.923077 0.894737
174 0.179007 0.940828 0.894737
175 0.177030 0.958580 0.894737
176 0.186172 0.970414 0.894737
177 0.168619 0.952663 0.894737
178 0.161512 0.946746 0.947368
179 0.175852 0.952663 0.894737
180 0.175513 0.946746 0.894737
181 0.175802 0.952663 0.894737
182 0.173135 0.946746 1.000000
183 0.185317 0.970414 0.894737
184 0.169437 0.923077 0.894737
185 0.166963 0.934911 0.894737
186 0.166130 0.964497 0.894737
187 0.174043 0.958580 1.000000
188 0.172229 0.923077 0.894737
189 0.173037 0.934911 0.894737
190 0.171480 0.923077 0.894737
191 0.172065 0.958580 0.842105
192 0.183844 0.940828 0.894737
193 0.164244 0.934911 0.894737
194 0.170434 0.946746 0.894737
195 0.172477 0.934911 0.894737
196 0.160476 0.958580 0.894737
197 0.177221 0.923077 0.842105
198 0.158357 0.917160 0.842105
199 0.169519 0.928994 0.842105
200 0.166698 0.964497 0.894737
201 0.165122 0.940828 0.894737
202 0.171611 0.970414 0.894737
203 0.173724 0.946746 0.894737
204 0.171422 0.964497 0.894737
205 0.169942 0.970414 0.894737
206 0.166865 0.964497 0.894737
207 0.176758 0.958580 0.894737
208 0.161855 0.928994 0.894737
209 0.172354 0.946746 0.894737
210 0.166395 0.952663 0.894737
211 0.159961 0.970414 0.842105
212 0.172387 0.970414 0.894737
213 0.163592 0.934911 0.894737
214 0.165733 0.958580 0.894737
215 0.167197 0.928994 0.894737
216 0.163427 0.964497 1.000000
217 0.173163 0.964497 0.894737
218 0.170859 0.958580 0.894737
219 0.170504 0.934911 0.894737
220 0.168165 0.970414 0.894737
221 0.172293 0.928994 0.894737
222 0.167877 0.952663 0.947368
223 0.175518 0.934911 0.894737
224 0.166007 0.958580 0.894737
225 0.168723 0.970414 0.894737
226 0.170688 0.934911 0.842105
227 0.171347 0.946746 0.894737
228 0.174862 0.964497 0.894737
229 0.162016 0.946746 0.894737
230 0.168010 0.940828 0.894737
231 0.172289 0.952663 0.894737
232 0.163562 0.934911 0.894737
233 0.172673 0.952663 0.894737
234 0.166060 0.964497 0.894737
235 0.169284 0.940828 0.894737
236 0.164655 0.934911 0.894737
237 0.167761 0.940828 0.894737
238 0.167294 0.940828 0.894737
239 0.167132 0.964497 0.894737
240 0.167349 0.958580 0.894737
241 0.158762 0.940828 0.894737
242 0.161601 0.934911 0.894737
243 0.167901 0.946746 0.894737
244 0.171648 0.928994 0.894737
245 0.162905 0.934911 0.894737
246 0.166484 0.946746 0.894737
247 0.167963 0.952663 0.894737
248 0.171597 0.970414 0.894737
249 0.170387 0.940828 0.894737
250 0.170534 0.946746 0.894737
251 0.170603 0.946746 0.894737
252 0.160156 0.928994 0.894737
253 0.167856 0.958580 0.894737
254 0.167753 0.964497 0.894737
255 0.164620 0.952663 0.894737
256 0.166756 0.952663 0.894737
257 0.158606 0.952663 0.894737
258 0.163351 0.958580 0.894737
259 0.168177 0.958580 0.894737
260 0.166912 0.940828 0.894737
261 0.171539 0.964497 0.894737
262 0.167110 0.946746 0.894737
263 0.166201 0.940828 0.894737
264 0.165081 0.940828 0.894737
265 0.167653 0.946746 0.894737
266 0.166533 0.964497 0.894737
267 0.164277 0.934911 0.894737
268 0.164430 0.952663 0.894737
269 0.162493 0.952663 0.894737
270 0.168961 0.964497 0.894737
271 0.164332 0.934911 0.894737
272 0.166018 0.946746 0.894737
273 0.164232 0.952663 0.894737
274 0.165349 0.958580 0.894737
275 0.169144 0.964497 0.894737
276 0.168961 0.964497 0.894737
277 0.165272 0.952663 0.894737
278 0.157978 0.946746 0.894737
279 0.167359 0.952663 0.894737
280 0.157927 0.964497 0.894737
281 0.163678 0.964497 0.894737
282 0.167615 0.928994 0.894737
283 0.161201 0.946746 0.894737
284 0.154354 0.946746 0.894737
285 0.170242 0.970414 0.894737
286 0.169508 0.940828 0.894737
287 0.163067 0.934911 0.894737
288 0.162011 0.958580 0.894737
289 0.163896 0.952663 0.894737
290 0.161414 0.952663 0.894737
291 0.161758 0.946746 0.894737
292 0.157452 0.946746 0.842105
293 0.168736 0.952663 0.894737
294 0.166534 0.934911 0.894737
295 0.163084 0.934911 0.894737
296 0.162348 0.958580 0.894737
297 0.165551 0.964497 0.842105
298 0.162622 0.958580 0.894737
299 0.171625 0.952663 0.894737
300 0.168151 0.952663 0.894737
301 0.168081 0.958580 0.894737
302 0.161300 0.946746 0.894737
303 0.163574 0.958580 0.894737
304 0.166528 0.940828 0.894737
305 0.164982 0.952663 0.894737
306 0.166012 0.946746 0.894737
307 0.167118 0.952663 0.894737
308 0.164535 0.928994 0.894737
309 0.162315 0.946746 0.894737
310 0.165279 0.958580 0.894737
311 0.159650 0.946746 0.894737
312 0.167777 0.964497 0.894737
313 0.168732 0.946746 0.894737
314 0.160960 0.940828 0.894737
315 0.162572 0.958580 0.894737
316 0.165020 0.952663 0.894737
317 0.168414 0.946746 0.894737
318 0.156416 0.946746 0.894737
319 0.165806 0.964497 0.894737
320 0.157704 0.934911 0.894737
321 0.160333 0.928994 0.894737
322 0.164613 0.964497 0.894737
323 0.164161 0.952663 0.894737
324 0.167977 0.958580 0.894737
325 0.162369 0.946746 0.894737
326 0.164546 0.952663 0.894737
327 0.170998 0.964497 0.894737
328 0.161159 0.940828 0.894737
329 0.162570 0.952663 0.894737
330 0.163118 0.952663 0.894737
331 0.158749 0.958580 0.894737
332 0.164604 0.946746 0.894737
333 0.159615 0.964497 0.894737
334 0.159319 0.952663 0.894737
335 0.167079 0.952663 0.894737
336 0.160633 0.928994 0.894737
337 0.163593 0.964497 0.894737
338 0.164587 0.946746 0.894737
339 0.156801 0.958580 0.894737
340 0.163938 0.940828 0.894737
341 0.161188 0.946746 0.894737
342 0.165715 0.952663 0.894737
343 0.159215 0.964497 0.894737
344 0.168041 0.946746 0.894737
345 0.163420 0.964497 0.894737
346 0.158770 0.964497 0.894737
347 0.161318 0.952663 0.894737
348 0.166337 0.946746 0.894737
349 0.162381 0.964497 0.894737
350 0.164339 0.946746 0.894737
