1 3.838646 0.546094 0.523114
2 1.714639 0.652068 0.647202
3 1.376953 0.641525 0.652068
4 1.380087 0.651798 0.673966
5 1.295127 0.675047 0.686131
6 1.072731 0.661260 0.659367
7 0.974028 0.693701 0.693431
8 1.296877 0.652068 0.664234
9 1.233929 0.548797 0.540146
10 0.893111 0.683158 0.683698
11 1.011366 0.681536 0.686131
12 0.904782 0.682617 0.686131
13 0.855343 0.694242 0.695864
14 0.736250 0.692079 0.693431
15 0.646501 0.709111 0.710462
16 0.717435 0.689916 0.676399
17 0.765794 0.680184 0.681265
18 0.731347 0.713436 0.712895
19 0.697894 0.634496 0.644769
20 0.638246 0.679373 0.676399
21 0.621387 0.724520 0.708029
22 0.618110 0.698838 0.722628
23 0.614201 0.713706 0.712895
24 0.602542 0.713166 0.700730
25 0.604167 0.692890 0.676399
26 0.599277 0.714788 0.717762
27 0.574848 0.728575 0.720195
28 0.591871 0.722087 0.710462
29 0.575633 0.719654 0.705596
30 0.564114 0.722898 0.722628
31 0.583645 0.712895 0.703163
32 0.600536 0.738578 0.725061
33 0.585161 0.731279 0.727494
34 0.565648 0.731008 0.715328
35 0.564844 0.733441 0.720195
36 0.592631 0.738308 0.715328
37 0.579133 0.732901 0.732360
38 0.580559 0.733171 0.710462
39 0.574860 0.744255 0.720195
40 0.572359 0.735604 0.708029
41 0.580571 0.708570 0.700730
42 0.585845 0.733982 0.712895
43 0.580779 0.736145 0.737226
44 0.603090 0.728035 0.727494
45 0.608398 0.714788 0.715328
46 0.577952 0.734523 0.712895
47 0.572191 0.737226 0.712895
48 0.561838 0.741281 0.717762
49 0.549740 0.728035 0.708029
50 0.562179 0.738037 0.732360
51 0.539461 0.753447 0.720195
52 0.531006 0.752636 0.722628
53 0.547625 0.758043 0.727494
54 0.539180 0.755610 0.737226
55 0.551515 0.745066 0.705596
56 0.530804 0.742903 0.717762
57 0.543756 0.757502 0.739659
58 0.532916 0.759124 0.744526
59 0.538782 0.725602 0.708029
60 0.534939 0.756961 0.712895
61 0.551776 0.773182 0.746959
62 0.541658 0.765883 0.739659
63 0.522297 0.755610 0.734793
64 0.533277 0.752095 0.715328
65 0.521284 0.743444 0.700730
66 0.524860 0.765342 0.722628
67 0.515352 0.761016 0.729927
68 0.527357 0.761557 0.737226
69 0.514062 0.772101 0.729927
70 0.533956 0.749662 0.710462
71 0.524963 0.748310 0.727494
72 0.525844 0.766423 0.737226
73 0.532755 0.760205 0.729927
74 0.525410 0.763990 0.727494
75 0.517969 0.763450 0.729927
76 0.524882 0.770208 0.744526
77 0.524172 0.745877 0.727494
78 0.525148 0.766153 0.712895
79 0.521289 0.755880 0.725061
80 0.517175 0.765072 0.742092
81 0.513228 0.763990 0.739659
82 0.517633 0.772641 0.729927
83 0.524846 0.755880 0.742092
84 0.524597 0.762639 0.729927
85 0.503248 0.777507 0.744526
86 0.496648 0.763450 0.727494
87 0.525281 0.775885 0.729927
88 0.530796 0.772101 0.717762
89 0.531403 0.769127 0.744526
90 0.511440 0.772641 0.727494
91 0.503530 0.767234 0.734793
92 0.516843 0.774534 0.729927
93 0.510504 0.756691 0.742092
94 0.494540 0.765342 0.742092
95 0.526449 0.781292 0.734793
96 0.515576 0.781563 0.729927
97 0.513770 0.770479 0.742092
98 0.506908 0.736145 0.727494
99 0.514223 0.772101 0.749392
100 0.489132 0.783725 0.739659
101 0.478403 0.791836 0.739659
102 0.468466 0.783996 0.739659
103 0.481383 0.785347 0.742092
104 0.486032 0.790754 0.744526
105 0.486684 0.783725 0.756691
106 0.476133 0.792376 0.734793
107 0.471379 0.788321 0.746959
108 0.482633 0.790214 0.744526
109 0.474902 0.796972 0.744526
110 0.496494 0.799135 0.744526
111 0.474443 0.795080 0.751825
112 0.478974 0.794539 0.751825
113 0.481758 0.782374 0.722628
114 0.475044 0.788321 0.739659
115 0.474158 0.792917 0.751825
116 0.474770 0.798054 0.766423
117 0.481339 0.794809 0.761557
118 0.473344 0.797513 0.739659
119 0.466260 0.800757 0.768856
120 0.470274 0.792917 0.746959
121 0.469816 0.799405 0.763990
122 0.475258 0.794539 0.754258
123 0.460664 0.789943 0.742092
124 0.457867 0.811300 0.766423
125 0.466075 0.801838 0.761557
126 0.462300 0.804812 0.761557
127 0.470803 0.798054 0.749392
128 0.459263 0.807516 0.737226
129 0.463512 0.812111 0.761557
130 0.459432 0.802649 0.732360
131 0.460540 0.802920 0.749392
132 0.465340 0.808327 0.761557
133 0.467087 0.805893 0.759124
134 0.449890 0.815356 0.749392
135 0.466556 0.807516 0.759124
136 0.463106 0.812382 0.751825
137 0.450516 0.811841 0.751825
138 0.452759 0.808867 0.749392
139 0.452909 0.819951 0.759124
140 0.461395 0.812652 0.751825
141 0.442186 0.813463 0.756691
142 0.450867 0.821303 0.759124
143 0.446132 0.825358 0.759124
144 0.423508 0.822384 0.761557
145 0.432749 0.820762 0.739659
146 0.430727 0.825088 0.749392
147 0.446927 0.823466 0.756691
148 0.458603 0.802379 0.756691
149 0.443402 0.827791 0.742092
150 0.440625 0.827251 0.759124
151 0.418827 0.834550 0.749392
152 0.423892 0.834550 0.756691
153 0.414973 0.833739 0.771290
154 0.406450 0.838064 0.744526
155 0.426872 0.840768 0.756691
156 0.418149 0.835631 0.756691
157 0.429739 0.838875 0.771290
158 0.407508 0.842931 0.776156
159 0.413181 0.845904 0.771290
160 0.400916 0.839686 0.783455
161 0.415321 0.830495 0.756691
162 0.414493 0.843742 0.751825
163 0.416560 0.845634 0.756691
164 0.410908 0.844823 0.759124
165 0.404719 0.849959 0.759124
166 0.407179 0.848878 0.763990
167 0.412203 0.840768 0.768856
168 0.400991 0.845634 0.763990
169 0.411802 0.843201 0.761557
170 0.397622 0.846175 0.754258
171 0.380238 0.850500 0.763990
172 0.399088 0.845364 0.768856
173 0.399515 0.841849 0.759124
174 0.390228 0.840768 0.776156
175 0.391991 0.844823 0.751825
176 0.402136 0.846175 0.756691
177 0.412165 0.834820 0.751825
178 0.385462 0.846445 0.759124
179 0.396482 0.845364 0.744526
180 0.388454 0.853744 0.768856
181 0.405394 0.842119 0.754258
182 0.402789 0.846986 0.766423
183 0.395305 0.849959 0.783455
184 0.391917 0.849419 0.759124
185 0.377712 0.850500 0.771290
186 0.380985 0.853204 0.759124
187 0.399534 0.848337 0.771290
188 0.378451 0.847256 0.771290
189 0.384373 0.857259 0.771290
190 0.384984 0.856718 0.773723
191 0.394167 0.856988 0.768856
192 0.378670 0.852933 0.773723
193 0.386205 0.847526 0.754258
194 0.384603 0.846986 0.763990
195 0.380344 0.859962 0.768856
196 0.391807 0.846175 0.768856
197 0.407694 0.842119 0.759124
198 0.380555 0.856988 0.759124
199 0.381698 0.852933 0.781022
200 0.378661 0.871317 0.768856
201 0.366073 0.868072 0.773723
202 0.361331 0.869154 0.785888
203 0.366003 0.872668 0.768856
204 0.361702 0.873479 0.773723
205 0.366968 0.863206 0.778589
206 0.360825 0.869154 0.771290
207 0.356247 0.874561 0.793187
208 0.350564 0.873209 0.778589
209 0.350750 0.872398 0.766423
210 0.354119 0.872668 0.785888
211 0.362414 0.878345 0.785888
212 0.349073 0.876453 0.781022
213 0.352978 0.874020 0.785888
214 0.347118 0.872128 0.773723
215 0.350828 0.870506 0.776156
216 0.357198 0.872128 0.776156
217 0.352587 0.875372 0.778589
218 0.349027 0.875912 0.788321
219 0.353370 0.871587 0.773723
220 0.352950 0.873209 0.771290
221 0.344344 0.871317 0.766423
222 0.348029 0.879157 0.785888
223 0.334513 0.876723 0.771290
224 0.338503 0.872668 0.773723
225 0.351882 0.871317 0.778589
226 0.346945 0.876453 0.790754
227 0.357387 0.880508 0.768856
228 0.346250 0.880779 0.785888
229 0.336724 0.880779 0.783455
230 0.352269 0.881319 0.788321
231 0.342349 0.885915 0.776156
232 0.340612 0.881319 0.785888
233 0.351674 0.887267 0.783455
234 0.346530 0.879968 0.788321
235 0.335417 0.871046 0.783455
236 0.347690 0.881319 0.783455
237 0.336250 0.884563 0.785888
238 0.329589 0.886185 0.781022
239 0.341957 0.879697 0.778589
240 0.345284 0.885915 0.776156
241 0.340377 0.879427 0.778589
242 0.341786 0.880508 0.778589
243 0.330116 0.883752 0.785888
244 0.328282 0.884834 0.783455
245 0.333418 0.885374 0.800487
246 0.332140 0.886996 0.778589
247 0.331334 0.883212 0.783455
248 0.337125 0.883752 0.788321
249 0.331108 0.890241 0.781022
250 0.334675 0.887537 0.783455
251 0.327986 0.891052 0.793187
252 0.327931 0.892403 0.790754
253 0.331160 0.892133 0.788321
254 0.328760 0.891052 0.788321
255 0.323726 0.889700 0.798054
256 0.319070 0.888889 0.788321
257 0.329698 0.895107 0.795620
258 0.312640 0.890781 0.798054
259 0.309920 0.891052 0.800487
260 0.322973 0.889700 0.788321
261 0.324589 0.894836 0.788321
262 0.327469 0.896188 0.793187
263 0.314534 0.892944 0.793187
264 0.325061 0.896459 0.793187
265 0.324416 0.896188 0.793187
266 0.314927 0.892944 0.785888
267 0.309020 0.893214 0.778589
268 0.308584 0.895377 0.783455
269 0.318779 0.897540 0.795620
270 0.315624 0.897270 0.790754
271 0.320130 0.894566 0.798054
272 0.314212 0.898351 0.773723
273 0.321518 0.894566 0.793187
274 0.321108 0.895918 0.805353
275 0.330621 0.894566 0.793187
276 0.314809 0.892403 0.793187
277 0.312391 0.896729 0.802920
278 0.321378 0.898351 0.788321
279 0.317332 0.895647 0.783455
280 0.321432 0.895647 0.788321
281 0.322843 0.896459 0.807786
282 0.309177 0.897270 0.788321
283 0.303740 0.898892 0.805353
284 0.316586 0.897540 0.785888
285 0.317150 0.900243 0.793187
286 0.313160 0.896999 0.798054
287 0.319614 0.896999 0.802920
288 0.324167 0.895107 0.788321
289 0.306615 0.899162 0.793187
290 0.310142 0.899432 0.790754
291 0.308732 0.898081 0.788321
292 0.315253 0.894836 0.800487
293 0.310203 0.896188 0.790754
294 0.303848 0.896729 0.798054
295 0.313071 0.896729 0.800487
296 0.314248 0.897810 0.788321
297 0.310480 0.897270 0.805353
298 0.317208 0.899162 0.788321
299 0.302665 0.902947 0.795620
300 0.308477 0.898621 0.795620
301 0.302384 0.901054 0.798054
302 0.305566 0.902136 0.781022
303 0.301820 0.901325 0.793187
304 0.313608 0.901054 0.798054
305 0.302797 0.901865 0.790754
306 0.317184 0.904028 0.793187
307 0.310022 0.899162 0.783455
308 0.312820 0.905650 0.793187
309 0.308359 0.902136 0.798054
310 0.310645 0.904569 0.790754
311 0.309316 0.902947 0.802920
312 0.290620 0.901865 0.788321
313 0.296861 0.902136 0.778589
314 0.309619 0.905380 0.788321
315 0.308109 0.902136 0.795620
316 0.289389 0.902406 0.795620
317 0.300372 0.905650 0.785888
318 0.301514 0.904298 0.793187
319 0.312580 0.904569 0.788321
320 0.305341 0.904028 0.793187
321 0.306495 0.901325 0.790754
322 0.306966 0.901865 0.790754
323 0.302106 0.901595 0.793187
324 0.305026 0.900243 0.798054
325 0.302237 0.902406 0.793187
326 0.302330 0.904028 0.798054
327 0.294312 0.903758 0.793187
328 0.299329 0.905109 0.798054
329 0.304917 0.904839 0.790754
330 0.298792 0.903487 0.790754
331 0.299803 0.902136 0.788321
332 0.303739 0.902947 0.785888
333 0.306182 0.905921 0.795620
334 0.296079 0.903758 0.790754
335 0.299996 0.903758 0.802920
336 0.306192 0.904298 0.800487
337 0.295271 0.906461 0.798054
338 0.294878 0.905109 0.798054
339 0.302234 0.907002 0.798054
340 0.308355 0.902676 0.795620
341 0.302159 0.906191 0.800487
342 0.302219 0.902947 0.793187
343 0.299426 0.902406 0.793187
344 0.300915 0.902676 0.798054
345 0.304020 0.900784 0.795620
346 0.302199 0.904569 0.795620
347 0.305656 0.907002 0.790754
348 0.303881 0.904839 0.800487
349 0.305717 0.908624 0.793187
350 0.307226 0.907543 0.800487
