1 1.660082 0.668639 0.684211
2 0.675668 0.668639 0.684211
3 0.694981 0.857988 0.894737
4 0.664132 0.644970 0.736842
5 0.449268 0.810651 0.789474
6 0.363075 0.869822 0.736842
7 0.815069 0.846154 0.842105
8 0.439205 0.875740 0.789474
9 0.332593 0.917160 0.736842
10 0.347478 0.769231 0.789474
11 0.328829 0.893491 0.789474
12 0.302775 0.928994 0.789474
13 0.288248 0.923077 0.789474
14 0.262962 0.923077 0.789474
15 0.341446 0.946746 0.736842
16 0.296196 0.846154 0.789474
17 0.264182 0.887574 0.736842
18 0.255294 0.946746 0.842105
19 0.238564 0.905325 0.736842
20 0.280518 0.928994 0.789474
21 0.305872 0.911243 0.789474
22 0.261242 0.893491 0.789474
23 0.229196 0.934911 0.842105
24 0.243948 0.887574 0.789474
25 0.253660 0.911243 0.736842
26 0.247023 0.911243 0.789474
27 0.230607 0.928994 0.789474
28 0.276685 0.934911 0.789474
29 0.240630 0.905325 0.736842
30 0.230958 0.893491 0.736842
31 0.236830 0.727811 0.789474
32 0.243023 0.917160 0.789474
33 0.238370 0.911243 0.789474
34 0.222709 0.946746 0.789474
35 0.225702 0.887574 0.736842
36 0.213531 0.964497 0.789474
37 0.208397 0.928994 0.684211
38 0.222390 0.798817 0.789474
39 0.210777 0.928994 0.736842
40 0.240064 0.869822 0.789474
41 0.220793 0.846154 0.736842
42 0.226788 0.733728 0.842105
43 0.224095 0.917160 0.789474
44 0.211772 0.934911 0.736842
45 0.237922 0.905325 0.789474
46 0.211317 0.923077 0.789474
47 0.208832 0.905325 0.789474
48 0.200063 0.923077 0.842105
49 0.205100 0.928994 0.789474
50 0.180522 0.934911 0.789474
51 0.175014 0.958580 0.789474
52 0.178287 0.928994 0.789474
53 0.178930 0.964497 0.842105
54 0.189651 0.917160 0.789474
55 0.185949 0.958580 0.789474
56 0.187703 0.917160 0.789474
57 0.176760 0.917160 0.736842
58 0.185546 0.923077 0.789474
59 0.189370 0.917160 0.789474
60 0.186240 0.940828 0.842105
61 0.192245 0.952663 0.842105
62 0.180949 0.970414 0.842105
63 0.178374 0.928994 0.842105
64 0.189640 0.917160 0.736842
65 0.168226 0.958580 0.842105
66 0.175862 0.923077 0.789474
67 0.184191 0.958580 0.842105
68 0.161140 0.923077 0.789474
69 0.180620 0.964497 0.789474
70 0.190636 0.928994 0.842105
71 0.187757 0.911243 0.789474
72 0.187053 0.917160 0.789474
73 0.188836 0.739645 0.789474
74 0.179755 0.887574 0.736842
75 0.184437 0.940828 0.736842
76 0.187425 0.923077 0.789474
77 0.173350 0.917160 0.789474
78 0.173598 0.934911 0.789474
79 0.179070 0.899408 0.789474
80 0.185238 0.958580 0.894737
81 0.174289 0.946746 0.842105
82 0.176496 0.940828 0.789474
83 0.183998 0.905325 0.789474
84 0.178820 0.923077 0.789474
85 0.180637 0.964497 0.842105
86 0.176921 0.958580 0.789474
87 0.164640 0.905325 0.789474
88 0.190465 0.934911 0.789474
89 0.176797 0.917160 0.789474
90 0.170015 0.928994 0.789474
91 0.172879 0.934911 0.789474
92 0.173491 0.923077 0.789474
93 0.174199 0.923077 0.789474
94 0.175304 0.923077 0.789474
95 0.170317 0.911243 0.789474
96 0.176113 0.946746 0.842105
97 0.186264 0.923077 0.789474
98 0.175480 0.952663 0.842105
99 0.178537 0.917160 0.789474
100 0.169997 0.934911 0.789474
101 0.164435 0.940828 0.842105
102 0.156554 0.923077 0.789474
103 0.165310 0.917160 0.789474
104 0.165274 0.917160 0.789474
105 0.165520 0.958580 0.842105
106 0.160906 0.958580 0.894737
107 0.161422 0.958580 0.842105
108 0.156178 0.970414 0.842105
109 0.161150 0.964497 0.894737
110 0.158512 0.940828 0.789474
111 0.161360 0.964497 0.894737
112 0.165105 0.958580 0.894737
113 0.153113 0.940828 0.894737
114 0.152479 0.958580 0.842105
115 0.153736 0.952663 0.842105
116 0.154206 0.934911 0.789474
117 0.159131 0.952663 0.842105
118 0.164659 0.923077 0.789474
119 0.161735 0.946746 0.842105
120 0.163315 0.952663 0.894737
121 0.158284 0.958580 0.894737
122 0.163091 0.928994 0.842105
123 0.169007 0.946746 0.789474
124 0.158689 0.928994 0.789474
125 0.156709 0.952663 0.842105
126 0.154983 0.970414 0.842105
127 0.158573 0.940828 0.842105
128 0.165869 0.946746 0.842105
129 0.155327 0.911243 0.789474
130 0.158042 0.958580 0.894737
131 0.155801 0.934911 0.894737
132 0.156848 0.923077 0.789474
133 0.167141 0.928994 0.842105
134 0.165979 0.923077 0.789474
135 0.161318 0.928994 0.789474
136 0.160020 0.934911 0.789474
137 0.155576 0.964497 0.894737
138 0.148962 0.923077 0.842105
139 0.162226 0.923077 0.842105
140 0.159624 0.952663 0.842105
141 0.169668 0.934911 0.789474
142 0.167032 0.946746 0.842105
143 0.162911 0.940828 0.842105
144 0.146791 0.923077 0.789474
145 0.162204 0.934911 0.842105
146 0.156160 0.940828 0.789474
147 0.158572 0.952663 0.842105
148 0.161850 0.934911 0.789474
149 0.168582 0.917160 0.842105
150 0.151886 0.952663 0.842105
151 0.149447 0.934911 0.842105
152 0.147761 0.970414 0.842105
153 0.149479 0.940828 0.789474
154 0.146239 0.952663 0.789474
155 0.141807 0.964497 0.842105
156 0.147245 0.964497 0.842105
157 0.155542 0.946746 0.789474
158 0.141133 0.952663 0.842105
159 0.148537 0.940828 0.789474
160 0.140965 0.940828 0.789474
161 0.149509 0.952663 0.789474
162 0.153565 0.940828 0.789474
163 0.152196 0.964497 0.842105
164 0.157312 0.934911 0.789474
165 0.142116 0.952663 0.789474
166 0.144784 0.952663 0.894737
167 0.145356 0.923077 0.789474
168 0.148296 0.964497 0.842105
169 0.148625 0.934911 0.789474
170 0.151135 0.946746 0.789474
171 0.155252 0.964497 0.842105
172 0.152805 0.958580 0.894737
173 0.147760 0.934911 0.789474
174 0.144800 0.952663 0.789474
175 0.156546 0.952663 0.842105
176 0.147984 0.940828 0.789474
177 0.148894 0.970414 0.789474
178 0.143472 0.964497 0.789474
179 0.145107 0.946746 0.842105
180 0.146270 0.952663 0.842105
181 0.144407 0.952663 0.842105
182 0.148066 0.934911 0.842105
183 0.145034 0.952663 0.789474
184 0.144032 0.964497 0.842105
185 0.147237 0.928994 0.789474
186 0.146663 0.946746 0.789474
187 0.148004 0.946746 0.789474
188 0.148071 0.946746 0.789474
189 0.142761 0.958580 0.789474
190 0.145909 0.928994 0.789474
191 0.142064 0.958580 0.789474
192 0.157008 0.923077 0.789474
193 0.142880 0.964497 0.894737
194 0.141756 0.923077 0.789474
195 0.155190 0.958580 0.842105
196 0.144250 0.946746 0.842105
197 0.146288 0.928994 0.789474
198 0.149241 0.934911 0.789474
199 0.141859 0.970414 0.842105
200 0.137371 0.952663 0.789474
201 0.143361 0.946746 0.789474
202 0.146969 0.952663 0.789474
203 0.143202 0.952663 0.842105
204 0.142771 0.952663 0.736842
205 0.139979 0.940828 0.736842
206 0.145545 0.952663 0.842105
207 0.146781 0.952663 0.736842
208 0.134021 0.952663 0.736842
209 0.145870 0.940828 0.736842
210 0.145445 0.952663 0.789474
211 0.142295 0.952663 0.789474
212 0.147824 0.958580 0.789474
213 0.143420 0.946746 0.736842
214 0.136800 0.952663 0.842105
215 0.144263 0.946746 0.736842
216 0.137516 0.946746 0.789474
217 0.144570 0.940828 0.789474
218 0.140543 0.958580 0.842105
219 0.147256 0.946746 0.789474
220 0.149243 0.940828 0.736842
221 0.144232 0.946746 0.736842
222 0.138491 0.940828 0.789474
223 0.146334 0.958580 0.789474
224 0.142591 0.958580 0.842105
225 0.139968 0.940828 0.789474
226 0.148539 0.946746 0.789474
227 0.137441 0.952663 0.789474
228 0.145494 0.952663 0.789474
229 0.144180 0.940828 0.789474
230 0.144321 0.952663 0.789474
231 0.142414 0.964497 0.842105
232 0.139239 0.964497 0.842105
233 0.143563 0.952663 0.842105
234 0.140743 0.946746 0.789474
235 0.147004 0.964497 0.842105
236 0.138379 0.952663 0.789474
237 0.144840 0.946746 0.789474
238 0.141725 0.952663 0.842105
239 0.145155 0.958580 0.789474
240 0.146072 0.952663 0.842105
241 0.140375 0.946746 0.789474
242 0.139078 0.940828 0.789474
243 0.140648 0.964497 0.894737
244 0.138128 0.952663 0.842105
245 0.136508 0.952663 0.842105
246 0.145892 0.946746 0.789474
247 0.140411 0.958580 0.842105
248 0.145286 0.946746 0.736842
249 0.142290 0.952663 0.789474
250 0.143603 0.952663 0.736842
251 0.142582 0.946746 0.789474
252 0.134320 0.958580 0.789474
253 0.135900 0.952663 0.789474
254 0.148374 0.964497 0.789474
255 0.134327 0.952663 0.842105
256 0.140706 0.952663 0.842105
257 0.136291 0.958580 0.789474
258 0.146243 0.964497 0.842105
259 0.143952 0.952663 0.842105
260 0.143594 0.952663 0.842105
261 0.137795 0.952663 0.789474
262 0.140527 0.952663 0.842105
263 0.139499 0.946746 0.789474
264 0.136457 0.952663 0.789474
265 0.143173 0.958580 0.789474
266 0.142330 0.946746 0.736842
267 0.142882 0.952663 0.789474
268 0.136358 0.952663 0.842105
269 0.135381 0.946746 0.736842
270 0.135782 0.952663 0.789474
271 0.140661 0.952663 0.789474
272 0.140124 0.952663 0.789474
273 0.138583 0.958580 0.789474
274 0.141160 0.946746 0.736842
275 0.126115 0.952663 0.736842
276 0.136765 0.952663 0.789474
277 0.139718 0.958580 0.789474
278 0.134104 0.952663 0.789474
279 0.136173 0.952663 0.736842
280 0.143468 0.952663 0.736842
281 0.135304 0.946746 0.736842
282 0.148572 0.946746 0.736842
283 0.137534 0.952663 0.842105
284 0.131802 0.952663 0.789474
285 0.147445 0.958580 0.789474
286 0.138671 0.946746 0.736842
287 0.139475 0.946746 0.736842
288 0.137153 0.946746 0.842105
289 0.142236 0.952663 0.789474
290 0.141323 0.952663 0.842105
291 0.144785 0.952663 0.842105
292 0.138902 0.952663 0.789474
293 0.141425 0.958580 0.736842
294 0.142540 0.952663 0.789474
295 0.134227 0.946746 0.789474
296 0.137881 0.952663 0.736842
297 0.135765 0.952663 0.789474
298 0.137028 0.958580 0.789474
299 0.141177 0.958580 0.789474
300 0.137962 0.952663 0.736842
301 0.138687 0.952663 0.789474
302 0.139848 0.952663 0.789474
303 0.132186 0.946746 0.736842
304 0.138348 0.952663 0.736842
305 0.145696 0.952663 0.789474
306 0.142775 0.946746 0.736842
307 0.141132 0.946746 0.736842
308 0.135461 0.952663 0.736842
309 0.133668 0.946746 0.736842
310 0.137006 0.946746 0.736842
311 0.137064 0.946746 0.736842
312 0.135872 0.952663 0.789474
313 0.141959 0.952663 0.789474
314 0.137469 0.952663 0.842105
315 0.140407 0.952663 0.789474
316 0.136319 0.952663 0.736842
317 0.141693 0.946746 0.736842
318 0.130397 0.952663 0.736842
319 0.137732 0.946746 0.736842
320 0.134812 0.952663 0.789474
321 0.138457 0.952663 0.789474
322 0.130329 0.952663 0.789474
323 0.142058 0.952663 0.789474
324 0.138252 0.946746 0.736842
325 0.139448 0.952663 0.736842
326 0.143357 0.958580 0.736842
327 0.144626 0.946746 0.736842
328 0.142195 0.952663 0.736842
329 0.135587 0.952663 0.736842
330 0.131144 0.952663 0.736842
331 0.130256 0.952663 0.736842
332 0.141064 0.952663 0.736842
333 0.134347 0.952663 0.789474
334 0.137291 0.952663 0.789474
335 0.138363 0.952663 0.736842
336 0.134116 0.952663 0.789474
337 0.137450 0.946746 0.736842
338 0.133299 0.946746 0.736842
339 0.133889 0.952663 0.789474
340 0.129384 0.952663 0.736842
341 0.138720 0.952663 0.736842
342 0.140595 0.952663 0.789474
343 0.141740 0.946746 0.736842
344 0.134384 0.952663 0.789474
345 0.140789 0.952663 0.789474
346 0.141218 0.952663 0.789474
347 0.139099 0.946746 0.736842
348 0.136127 0.946746 0.736842
349 0.138627 0.952663 0.736842
350 0.137744 0.964497 0.736842
