1 3.160345 0.757778 0.720000
2 0.928153 0.736667 0.720000
3 0.561676 0.796667 0.640000
4 0.476457 0.825556 0.690000
5 0.570914 0.813333 0.690000
6 0.555786 0.817778 0.660000
7 0.593330 0.822222 0.670000
8 0.390524 0.858889 0.690000
9 0.424528 0.863333 0.660000
10 0.369830 0.860000 0.670000
11 0.368654 0.852222 0.650000
12 0.352182 0.856667 0.640000
13 0.367234 0.852222 0.660000
14 0.346635 0.851111 0.670000
15 0.308982 0.875556 0.660000
16 0.292972 0.857778 0.700000
17 0.369451 0.880000 0.660000
18 0.324700 0.878889 0.680000
19 0.308202 0.891111 0.660000
20 0.291696 0.894444 0.640000
21 0.283441 0.887778 0.650000
22 0.304101 0.864444 0.640000
23 0.390088 0.865556 0.700000
24 0.308878 0.888889 0.640000
25 0.264065 0.895556 0.720000
26 0.255067 0.893333 0.670000
27 0.270272 0.878889 0.660000
28 0.252105 0.904444 0.670000
29 0.283547 0.887778 0.670000
30 0.275396 0.882222 0.670000
31 0.303373 0.881111 0.620000
32 0.454798 0.847778 0.660000
33 0.379601 0.838889 0.650000
34 0.360722 0.886667 0.680000
35 0.301536 0.890000 0.650000
36 0.293464 0.865556 0.680000
37 0.296083 0.883333 0.720000
38 0.286075 0.880000 0.720000
39 0.253849 0.898889 0.690000
40 0.257124 0.898889 0.690000
41 0.261835 0.900000 0.700000
42 0.244639 0.902222 0.680000
43 0.227783 0.908889 0.670000
44 0.260497 0.907778 0.680000
45 0.236083 0.897778 0.690000
46 0.221853 0.904444 0.660000
47 0.244098 0.891111 0.640000
48 0.242399 0.907778 0.660000
49 0.223089 0.908889 0.660000
50 0.219644 0.904444 0.650000
51 0.199337 0.901111 0.690000
52 0.204929 0.907778 0.680000
53 0.191328 0.912222 0.650000
54 0.198812 0.914444 0.700000
55 0.206034 0.907778 0.660000
56 0.197859 0.912222 0.660000
57 0.195486 0.908889 0.660000
58 0.191317 0.911111 0.670000
59 0.195275 0.910000 0.690000
60 0.193532 0.913333 0.660000
61 0.197215 0.908889 0.690000
62 0.185007 0.913333 0.620000
63 0.195411 0.910000 0.700000
64 0.189761 0.907778 0.690000
65 0.210344 0.910000 0.690000
66 0.195941 0.907778 0.670000
67 0.190373 0.907778 0.650000
68 0.190158 0.914444 0.670000
69 0.184105 0.912222 0.670000
70 0.181202 0.907778 0.660000
71 0.188916 0.906667 0.690000
72 0.172436 0.908889 0.680000
73 0.188349 0.914444 0.650000
74 0.193378 0.913333 0.660000
75 0.199249 0.915556 0.660000
76 0.193266 0.910000 0.650000
77 0.184450 0.916667 0.690000
78 0.199592 0.902222 0.690000
79 0.203507 0.914444 0.660000
80 0.186408 0.918889 0.640000
81 0.186558 0.914444 0.660000
82 0.179160 0.915556 0.670000
83 0.184462 0.915556 0.670000
84 0.205167 0.908889 0.680000
85 0.203834 0.912222 0.650000
86 0.198151 0.912222 0.680000
87 0.197802 0.912222 0.660000
88 0.185211 0.913333 0.690000
89 0.176275 0.916667 0.670000
90 0.175444 0.915556 0.670000
91 0.183211 0.913333 0.670000
92 0.200717 0.890000 0.660000
93 0.202751 0.905556 0.650000
94 0.230385 0.914444 0.690000
95 0.209009 0.913333 0.650000
96 0.201089 0.912222 0.670000
97 0.182653 0.917778 0.660000
98 0.183535 0.912222 0.660000
99 0.183616 0.915556 0.660000
100 0.182171 0.918889 0.670000
101 0.169197 0.915556 0.680000
102 0.171731 0.915556 0.690000
103 0.172804 0.916667 0.710000
104 0.171511 0.918889 0.680000
105 0.175696 0.911111 0.680000
106 0.170066 0.916667 0.660000
107 0.174913 0.916667 0.670000
108 0.178753 0.915556 0.660000
109 0.177623 0.917778 0.660000
110 0.169661 0.917778 0.660000
111 0.162910 0.917778 0.670000
112 0.174501 0.915556 0.670000
113 0.170029 0.917778 0.660000
114 0.161569 0.917778 0.660000
115 0.168579 0.916667 0.670000
116 0.179050 0.918889 0.660000
117 0.163508 0.914444 0.670000
118 0.165345 0.918889 0.670000
119 0.158775 0.917778 0.680000
120 0.165998 0.917778 0.680000
121 0.173121 0.918889 0.660000
122 0.159683 0.917778 0.680000
123 0.175467 0.918889 0.650000
124 0.174657 0.917778 0.650000
125 0.166491 0.918889 0.650000
126 0.174805 0.913333 0.660000
127 0.166544 0.917778 0.650000
128 0.162620 0.918889 0.660000
129 0.162076 0.917778 0.670000
130 0.166937 0.915556 0.660000
131 0.172234 0.917778 0.680000
132 0.169523 0.912222 0.660000
133 0.166090 0.915556 0.660000
134 0.164511 0.917778 0.670000
135 0.167421 0.917778 0.650000
136 0.169127 0.916667 0.650000
137 0.164132 0.917778 0.650000
138 0.162467 0.915556 0.650000
139 0.167840 0.915556 0.680000
140 0.168682 0.918889 0.660000
141 0.160082 0.917778 0.670000
142 0.155181 0.918889 0.670000
143 0.161677 0.916667 0.660000
144 0.163785 0.916667 0.690000
145 0.162339 0.917778 0.710000
146 0.158545 0.918889 0.670000
147 0.163316 0.914444 0.670000
148 0.165336 0.918889 0.680000
149 0.164229 0.918889 0.670000
150 0.159809 0.918889 0.690000
151 0.163769 0.916667 0.670000
152 0.164245 0.917778 0.680000
153 0.166405 0.918889 0.660000
154 0.156682 0.920000 0.670000
155 0.157791 0.920000 0.660000
156 0.162632 0.918889 0.650000
157 0.160901 0.916667 0.660000
158 0.156112 0.918889 0.660000
159 0.156088 0.918889 0.650000
160 0.157040 0.915556 0.640000
161 0.162641 0.916667 0.670000
162 0.158969 0.918889 0.660000
163 0.166766 0.918889 0.660000
164 0.157062 0.918889 0.650000
165 0.157804 0.918889 0.650000
166 0.158439 0.921111 0.650000
167 0.160657 0.917778 0.660000
168 0.163759 0.918889 0.650000
169 0.157930 0.920000 0.660000
170 0.159893 0.920000 0.640000
171 0.164843 0.918889 0.660000
172 0.153765 0.916667 0.660000
173 0.162256 0.916667 0.670000
174 0.157083 0.918889 0.660000
175 0.167925 0.918889 0.660000
176 0.164447 0.917778 0.650000
177 0.153096 0.918889 0.660000
178 0.157108 0.920000 0.650000
179 0.157113 0.917778 0.670000
180 0.168333 0.918889 0.650000
181 0.161071 0.918889 0.650000
182 0.158768 0.918889 0.660000
183 0.149769 0.917778 0.660000
184 0.153156 0.921111 0.640000
185 0.156382 0.918889 0.650000
186 0.171426 0.920000 0.650000
187 0.169623 0.917778 0.660000
188 0.158647 0.918889 0.650000
189 0.150439 0.917778 0.650000
190 0.159489 0.918889 0.670000
191 0.156507 0.920000 0.650000
192 0.157281 0.918889 0.660000
193 0.156904 0.918889 0.660000
194 0.158528 0.917778 0.650000
195 0.166073 0.918889 0.680000
196 0.161566 0.917778 0.670000
197 0.154326 0.917778 0.670000
198 0.155067 0.918889 0.660000
199 0.154720 0.917778 0.670000
200 0.148724 0.920000 0.660000
201 0.155004 0.917778 0.670000
202 0.155377 0.920000 0.660000
203 0.155973 0.920000 0.670000
204 0.158075 0.920000 0.700000
205 0.154181 0.918889 0.680000
206 0.154316 0.920000 0.680000
207 0.158520 0.920000 0.680000
208 0.156995 0.918889 0.660000
209 0.153979 0.918889 0.660000
210 0.160648 0.918889 0.660000
211 0.156217 0.918889 0.640000
212 0.156316 0.920000 0.670000
213 0.152561 0.920000 0.660000
214 0.163445 0.918889 0.650000
215 0.153472 0.918889 0.670000
216 0.154389 0.918889 0.680000
217 0.157429 0.921111 0.650000
218 0.157698 0.918889 0.660000
219 0.164605 0.918889 0.670000
220 0.156176 0.918889 0.660000
221 0.155596 0.920000 0.630000
222 0.155711 0.921111 0.630000
223 0.157651 0.917778 0.660000
224 0.158008 0.918889 0.650000
225 0.155713 0.920000 0.650000
226 0.161147 0.920000 0.640000
227 0.164822 0.918889 0.650000
228 0.155506 0.916667 0.620000
229 0.149827 0.918889 0.660000
230 0.158325 0.920000 0.640000
231 0.156775 0.917778 0.650000
232 0.151930 0.920000 0.660000
233 0.151833 0.920000 0.660000
234 0.156347 0.920000 0.650000
235 0.155796 0.920000 0.680000
236 0.156706 0.918889 0.690000
237 0.155908 0.918889 0.670000
238 0.151835 0.918889 0.690000
239 0.152382 0.920000 0.660000
240 0.148797 0.918889 0.690000
241 0.151513 0.918889 0.680000
242 0.156692 0.917778 0.700000
243 0.151226 0.918889 0.670000
244 0.150238 0.917778 0.690000
245 0.154549 0.920000 0.660000
246 0.151135 0.921111 0.660000
247 0.172901 0.920000 0.670000
248 0.153966 0.918889 0.690000
249 0.153669 0.920000 0.680000
250 0.154508 0.920000 0.670000
251 0.153792 0.920000 0.660000
252 0.152906 0.920000 0.660000
253 0.148220 0.920000 0.670000
254 0.153416 0.918889 0.670000
255 0.154526 0.920000 0.660000
256 0.153701 0.920000 0.670000
257 0.148393 0.920000 0.670000
258 0.157068 0.920000 0.680000
259 0.152211 0.920000 0.690000
260 0.149972 0.920000 0.670000
261 0.153689 0.917778 0.670000
262 0.152755 0.918889 0.680000
263 0.153097 0.920000 0.660000
264 0.150008 0.920000 0.660000
265 0.153567 0.920000 0.670000
266 0.159021 0.921111 0.660000
267 0.155754 0.920000 0.670000
268 0.151657 0.921111 0.660000
269 0.154317 0.920000 0.670000
270 0.162416 0.921111 0.680000
271 0.156808 0.920000 0.680000
272 0.156796 0.920000 0.670000
273 0.149544 0.920000 0.650000
274 0.158458 0.918889 0.670000
275 0.154075 0.920000 0.660000
276 0.153961 0.921111 0.660000
277 0.155955 0.921111 0.650000
278 0.153919 0.920000 0.670000
279 0.159597 0.920000 0.670000
280 0.153525 0.920000 0.680000
281 0.152272 0.921111 0.650000
282 0.155242 0.920000 0.680000
283 0.151145 0.920000 0.680000
284 0.160898 0.918889 0.670000
285 0.155590 0.918889 0.690000
286 0.161709 0.920000 0.670000
287 0.151715 0.921111 0.660000
288 0.157896 0.921111 0.680000
289 0.159524 0.918889 0.660000
290 0.156539 0.918889 0.670000
291 0.154831 0.918889 0.670000
292 0.154222 0.918889 0.650000
293 0.152610 0.920000 0.690000
294 0.152670 0.920000 0.660000
295 0.149456 0.920000 0.670000
296 0.156654 0.918889 0.680000
297 0.151396 0.921111 0.670000
298 0.154519 0.921111 0.660000
299 0.153584 0.918889 0.670000
300 0.150990 0.921111 0.680000
301 0.146950 0.921111 0.650000
302 0.151098 0.921111 0.660000
303 0.153630 0.920000 0.660000
304 0.149508 0.920000 0.670000
305 0.149332 0.921111 0.660000
306 0.149142 0.920000 0.650000
307 0.149592 0.920000 0.670000
308 0.157131 0.920000 0.680000
309 0.155484 0.920000 0.650000
310 0.153797 0.920000 0.670000
311 0.157809 0.920000 0.650000
312 0.148281 0.921111 0.650000
313 0.155399 0.920000 0.670000
314 0.146910 0.921111 0.680000
315 0.147667 0.920000 0.670000
316 0.164135 0.921111 0.680000
317 0.156974 0.920000 0.660000
318 0.151610 0.918889 0.670000
319 0.151281 0.920000 0.670000
320 0.147375 0.921111 0.650000
321 0.150680 0.921111 0.670000
322 0.152776 0.921111 0.650000
323 0.156357 0.921111 0.650000
324 0.147893 0.920000 0.660000
325 0.153424 0.918889 0.660000
326 0.151265 0.920000 0.660000
327 0.145823 0.920000 0.670000
328 0.149597 0.920000 0.650000
329 0.151907 0.921111 0.660000
330 0.149847 0.921111 0.650000
331 0.154386 0.921111 0.660000
332 0.147864 0.920000 0.680000
333 0.146761 0.921111 0.680000
334 0.146981 0.920000 0.680000
335 0.146927 0.921111 0.670000
336 0.148452 0.920000 0.660000
337 0.152924 0.918889 0.670000
338 0.158562 0.922222 0.670000
339 0.151881 0.921111 0.670000
340 0.153325 0.921111 0.670000
341 0.150769 0.921111 0.680000
342 0.151694 0.921111 0.660000
343 0.160267 0.920000 0.680000
344 0.147689 0.920000 0.680000
345 0.155527 0.920000 0.650000
346 0.156563 0.920000 0.670000
347 0.155739 0.920000 0.660000
348 0.154666 0.920000 0.660000
349 0.156040 0.921111 0.670000
350 0.151118 0.921111 0.670000
