1 1.649535 0.674556 0.631579
2 1.069001 0.834320 0.789474
3 0.751128 0.834320 0.684211
4 0.581978 0.816568 0.684211
5 0.471708 0.881657 0.842105
6 0.486402 0.775148 0.842105
7 0.414001 0.792899 0.736842
8 0.454051 0.881657 0.789474
9 0.536106 0.875740 0.842105
10 0.412351 0.887574 0.842105
11 0.305438 0.887574 0.894737
12 0.385132 0.887574 0.894737
13 0.570983 0.869822 0.736842
14 0.333512 0.857988 0.842105
15 0.328673 0.881657 0.894737
16 0.285776 0.893491 0.894737
17 0.311734 0.798817 0.789474
18 0.274864 0.644970 0.631579
19 0.332873 0.757396 0.789474
20 0.306380 0.934911 0.947368
21 0.299328 0.911243 0.789474
22 0.286663 0.869822 0.736842
23 0.283051 0.846154 0.842105
24 0.274799 0.917160 0.789474
25 0.269086 0.905325 0.842105
26 0.283486 0.899408 0.894737
27 0.264715 0.899408 0.894737
28 0.288255 0.804734 0.736842
29 0.314172 0.899408 0.842105
30 0.273365 0.875740 0.789474
31 0.268538 0.940828 0.842105
32 0.270426 0.875740 0.842105
33 0.279387 0.905325 0.894737
34 0.251150 0.863905 0.842105
35 0.247784 0.911243 0.894737
36 0.255404 0.952663 0.842105
37 0.228387 0.917160 0.842105
38 0.228175 0.899408 0.894737
39 0.254401 0.905325 0.894737
40 0.278362 0.917160 0.894737
41 0.247194 0.852071 0.789474
42 0.235173 0.857988 0.789474
43 0.237198 0.940828 0.894737
44 0.245293 0.899408 0.894737
45 0.228618 0.905325 0.894737
46 0.254099 0.905325 0.894737
47 0.234480 0.899408 0.894737
48 0.220285 0.940828 0.894737
49 0.247693 0.881657 0.842105
50 0.224476 0.905325 0.894737
51 0.201393 0.958580 0.894737
52 0.210524 0.917160 0.894737
53 0.208270 0.940828 0.842105
54 0.210086 0.952663 0.842105
55 0.213150 0.964497 0.894737
56 0.197329 0.911243 0.894737
57 0.207622 0.946746 0.894737
58 0.197806 0.952663 0.894737
59 0.204204 0.893491 0.894737
60 0.211248 0.928994 0.842105
61 0.209025 0.952663 0.842105
62 0.198836 0.911243 0.894737
63 0.195434 0.911243 0.894737
64 0.198643 0.917160 0.894737
65 0.204023 0.911243 0.894737
66 0.216892 0.952663 0.842105
67 0.198054 0.928994 0.894737
68 0.190022 0.940828 0.894737
69 0.209961 0.946746 0.842105
70 0.213617 0.905325 0.894737
71 0.199813 0.964497 0.842105
72 0.197458 0.958580 0.894737
73 0.200195 0.917160 0.842105
74 0.197317 0.911243 0.894737
75 0.207528 0.934911 0.894737
76 0.225153 0.905325 0.894737
77 0.205066 0.911243 0.894737
78 0.207841 0.952663 0.894737
79 0.211153 0.905325 0.789474
80 0.202051 0.875740 0.789474
81 0.213183 0.952663 0.842105
82 0.201668 0.964497 0.789474
83 0.206770 0.928994 0.842105
84 0.210708 0.946746 0.842105
85 0.189468 0.905325 0.842105
86 0.195911 0.964497 0.789474
87 0.203965 0.952663 0.842105
88 0.201499 0.911243 0.842105
89 0.200329 0.952663 0.789474
90 0.208973 0.917160 0.894737
91 0.191272 0.917160 0.842105
92 0.206288 0.911243 0.842105
93 0.194537 0.887574 0.789474
94 0.199642 0.911243 0.842105
95 0.203369 0.952663 0.789474
96 0.198536 0.887574 0.789474
97 0.209867 0.917160 0.789474
98 0.180661 0.911243 0.842105
99 0.210049 0.911243 0.842105
100 0.194478 0.928994 0.894737
101 0.182917 0.911243 0.842105
102 0.181139 0.964497 0.789474
103 0.181179 0.928994 0.842105
104 0.189339 0.964497 0.842105
105 0.181430 0.952663 0.789474
106 0.191444 0.958580 0.789474
107 0.186071 0.923077 0.789474
108 0.186412 0.905325 0.842105
109 0.188029 0.964497 0.789474
110 0.181930 0.917160 0.789474
111 0.187945 0.934911 0.842105
112 0.181208 0.934911 0.789474
113 0.178009 0.958580 0.789474
114 0.189478 0.934911 0.842105
115 0.184361 0.928994 0.842105
116 0.180538 0.917160 0.894737
117 0.175264 0.928994 0.789474
118 0.194257 0.940828 0.789474
119 0.184835 0.958580 0.736842
120 0.186126 0.923077 0.789474
121 0.180422 0.940828 0.789474
122 0.184522 0.940828 0.789474
123 0.189026 0.911243 0.842105
124 0.183741 0.917160 0.842105
125 0.181294 0.928994 0.842105
126 0.180830 0.923077 0.842105
127 0.180128 0.917160 0.842105
128 0.176943 0.964497 0.789474
129 0.185052 0.964497 0.789474
130 0.185861 0.964497 0.789474
131 0.184913 0.964497 0.789474
132 0.194367 0.905325 0.842105
133 0.195743 0.940828 0.789474
134 0.188509 0.952663 0.789474
135 0.185972 0.940828 0.789474
136 0.179609 0.946746 0.789474
137 0.182347 0.946746 0.789474
138 0.184586 0.834320 0.684211
139 0.181225 0.940828 0.789474
140 0.186153 0.946746 0.789474
141 0.177608 0.958580 0.789474
142 0.186357 0.958580 0.789474
143 0.192090 0.946746 0.789474
144 0.180999 0.946746 0.789474
145 0.179130 0.940828 0.789474
146 0.186241 0.940828 0.789474
147 0.184866 0.928994 0.789474
148 0.186144 0.958580 0.789474
149 0.183588 0.905325 0.842105
150 0.171171 0.934911 0.789474
151 0.173633 0.928994 0.789474
152 0.173480 0.958580 0.789474
153 0.175190 0.917160 0.789474
154 0.173549 0.928994 0.789474
155 0.170168 0.928994 0.789474
156 0.176806 0.958580 0.789474
157 0.177915 0.923077 0.789474
158 0.173206 0.923077 0.789474
159 0.176711 0.958580 0.789474
160 0.171563 0.917160 0.789474
161 0.174759 0.946746 0.789474
162 0.171605 0.928994 0.789474
163 0.173929 0.946746 0.789474
164 0.169875 0.928994 0.789474
165 0.172687 0.964497 0.789474
166 0.176727 0.958580 0.789474
167 0.171580 0.917160 0.789474
168 0.165610 0.928994 0.789474
169 0.177865 0.923077 0.789474
170 0.180490 0.928994 0.789474
171 0.179949 0.952663 0.789474
172 0.169846 0.934911 0.789474
173 0.172079 0.934911 0.789474
174 0.165636 0.923077 0.789474
175 0.168429 0.923077 0.789474
176 0.176543 0.940828 0.789474
177 0.171131 0.928994 0.789474
178 0.168497 0.952663 0.789474
179 0.170362 0.934911 0.789474
180 0.168471 0.958580 0.789474
181 0.172957 0.946746 0.789474
182 0.173035 0.917160 0.736842
183 0.182909 0.964497 0.789474
184 0.174655 0.934911 0.789474
185 0.169856 0.946746 0.789474
186 0.168193 0.958580 0.789474
187 0.182564 0.958580 0.789474
188 0.174248 0.934911 0.789474
189 0.175281 0.952663 0.789474
190 0.167078 0.923077 0.789474
191 0.174752 0.952663 0.789474
192 0.176524 0.928994 0.789474
193 0.169473 0.952663 0.789474
194 0.172899 0.940828 0.789474
195 0.172853 0.952663 0.789474
196 0.164963 0.940828 0.789474
197 0.175460 0.928994 0.789474
198 0.170636 0.934911 0.789474
199 0.174756 0.946746 0.789474
200 0.160187 0.934911 0.736842
201 0.170652 0.934911 0.789474
202 0.170133 0.952663 0.789474
203 0.168341 0.934911 0.789474
204 0.164620 0.940828 0.789474
205 0.161958 0.934911 0.789474
206 0.170099 0.928994 0.789474
207 0.170222 0.940828 0.789474
208 0.165266 0.946746 0.736842
209 0.172703 0.952663 0.736842
210 0.167464 0.958580 0.789474
211 0.173083 0.923077 0.736842
212 0.178722 0.958580 0.789474
213 0.170471 0.934911 0.736842
214 0.167806 0.923077 0.736842
215 0.165774 0.928994 0.736842
216 0.168801 0.928994 0.736842
217 0.170781 0.940828 0.789474
218 0.175363 0.952663 0.789474
219 0.170720 0.934911 0.789474
220 0.171060 0.958580 0.736842
221 0.174005 0.928994 0.736842
222 0.164827 0.940828 0.736842
223 0.176894 0.952663 0.736842
224 0.167319 0.934911 0.736842
225 0.174081 0.940828 0.736842
226 0.172930 0.940828 0.736842
227 0.169411 0.940828 0.736842
228 0.168156 0.952663 0.736842
229 0.165669 0.952663 0.736842
230 0.170205 0.934911 0.736842
231 0.172698 0.940828 0.736842
232 0.165924 0.940828 0.736842
233 0.167641 0.928994 0.736842
234 0.165329 0.940828 0.736842
235 0.167736 0.934911 0.736842
236 0.167158 0.940828 0.736842
237 0.170314 0.940828 0.736842
238 0.154429 0.952663 0.736842
239 0.167142 0.958580 0.736842
240 0.171721 0.923077 0.736842
241 0.168292 0.940828 0.736842
242 0.161223 0.934911 0.736842
243 0.158953 0.946746 0.736842
244 0.160984 0.958580 0.736842
245 0.167853 0.928994 0.736842
246 0.169955 0.952663 0.736842
247 0.164470 0.940828 0.736842
248 0.171997 0.934911 0.736842
249 0.163970 0.952663 0.736842
250 0.161435 0.940828 0.736842
251 0.163348 0.934911 0.736842
252 0.160672 0.940828 0.736842
253 0.167614 0.940828 0.736842
254 0.169589 0.940828 0.736842
255 0.161954 0.934911 0.736842
256 0.168288 0.928994 0.736842
257 0.160294 0.940828 0.736842
258 0.165805 0.958580 0.736842
259 0.166619 0.934911 0.736842
260 0.170369 0.940828 0.736842
261 0.162731 0.940828 0.736842
262 0.159350 0.940828 0.736842
263 0.161506 0.934911 0.736842
264 0.158723 0.940828 0.736842
265 0.167382 0.934911 0.736842
266 0.163403 0.940828 0.736842
267 0.166818 0.934911 0.736842
268 0.165736 0.934911 0.736842
269 0.160442 0.940828 0.736842
270 0.164283 0.928994 0.736842
271 0.165481 0.934911 0.736842
272 0.166575 0.940828 0.736842
273 0.160086 0.934911 0.736842
274 0.161684 0.946746 0.736842
275 0.163752 0.952663 0.736842
276 0.161846 0.934911 0.736842
277 0.163205 0.934911 0.736842
278 0.165420 0.934911 0.736842
279 0.163085 0.940828 0.736842
280 0.164826 0.940828 0.736842
281 0.159081 0.940828 0.736842
282 0.167746 0.940828 0.736842
283 0.162367 0.934911 0.736842
284 0.166050 0.958580 0.736842
285 0.170210 0.946746 0.736842
286 0.165389 0.934911 0.736842
287 0.164778 0.928994 0.736842
288 0.163078 0.946746 0.736842
289 0.168340 0.934911 0.736842
290 0.165833 0.958580 0.736842
291 0.167246 0.940828 0.736842
292 0.162526 0.934911 0.736842
293 0.166299 0.946746 0.736842
294 0.162254 0.940828 0.736842
295 0.166880 0.940828 0.736842
296 0.162059 0.934911 0.736842
297 0.162200 0.940828 0.736842
298 0.164145 0.940828 0.736842
299 0.165844 0.940828 0.736842
300 0.169685 0.940828 0.736842
301 0.163117 0.940828 0.736842
302 0.171905 0.940828 0.736842
303 0.163585 0.946746 0.736842
304 0.159975 0.940828 0.736842
305 0.168676 0.940828 0.736842
306 0.160191 0.940828 0.736842
307 0.163928 0.940828 0.736842
308 0.160931 0.952663 0.736842
309 0.166982 0.940828 0.736842
310 0.162197 0.940828 0.736842
311 0.162577 0.934911 0.736842
312 0.162278 0.940828 0.736842
313 0.163738 0.958580 0.736842
314 0.173704 0.940828 0.736842
315 0.164497 0.940828 0.736842
316 0.157690 0.928994 0.736842
317 0.160971 0.940828 0.736842
318 0.158033 0.940828 0.736842
319 0.159825 0.940828 0.736842
320 0.156139 0.940828 0.736842
321 0.159449 0.928994 0.736842
322 0.161668 0.940828 0.736842
323 0.160721 0.934911 0.736842
324 0.160419 0.940828 0.736842
325 0.172688 0.958580 0.736842
326 0.163866 0.940828 0.736842
327 0.168232 0.928994 0.736842
328 0.164238 0.940828 0.736842
329 0.159686 0.934911 0.736842
330 0.168131 0.946746 0.736842
331 0.162958 0.934911 0.736842
332 0.162190 0.946746 0.736842
333 0.160814 0.946746 0.736842
334 0.163235 0.940828 0.736842
335 0.166004 0.934911 0.736842
336 0.162308 0.946746 0.736842
337 0.171091 0.934911 0.736842
338 0.167820 0.940828 0.736842
339 0.160685 0.940828 0.736842
340 0.168254 0.940828 0.736842
341 0.160657 0.940828 0.736842
342 0.158697 0.940828 0.736842
343 0.168104 0.934911 0.736842
344 0.170077 0.934911 0.736842
345 0.168558 0.928994 0.736842
346 0.159260 0.946746 0.736842
347 0.159265 0.946746 0.736842
348 0.162980 0.946746 0.736842
349 0.163690 0.940828 0.736842
350 0.169098 0.934911 0.736842
