1 2.306950 0.748889 0.700000
2 0.935385 0.712222 0.610000
3 0.602724 0.824444 0.720000
4 0.732033 0.807778 0.710000
5 0.630974 0.792222 0.730000
6 0.443457 0.826667 0.700000
7 0.426038 0.822222 0.670000
8 0.389892 0.836667 0.720000
9 0.402892 0.855556 0.710000
10 0.407154 0.857778 0.680000
11 0.338853 0.870000 0.700000
12 0.324272 0.872222 0.720000
13 0.321909 0.866667 0.660000
14 0.283273 0.877778 0.640000
15 0.305203 0.872222 0.670000
16 0.273404 0.868889 0.670000
17 0.280335 0.860000 0.650000
18 0.344435 0.877778 0.680000
19 0.482695 0.803333 0.690000
20 0.337347 0.878889 0.750000
21 0.306428 0.865556 0.730000
22 0.292273 0.855556 0.680000
23 0.289639 0.861111 0.680000
24 0.275329 0.873333 0.710000
25 0.272891 0.878889 0.730000
26 0.257909 0.868889 0.700000
27 0.257103 0.892222 0.710000
28 0.253559 0.874444 0.690000
29 0.249360 0.877778 0.710000
30 0.323437 0.873333 0.710000
31 0.257841 0.876667 0.700000
32 0.268327 0.876667 0.710000
33 0.247390 0.880000 0.710000
34 0.240104 0.877778 0.700000
35 0.284310 0.847778 0.680000
36 0.261390 0.880000 0.670000
37 0.236772 0.888889 0.690000
38 0.218912 0.882222 0.690000
39 0.249992 0.873333 0.710000
40 0.249788 0.891111 0.700000
41 0.254532 0.882222 0.700000
42 0.230031 0.890000 0.700000
43 0.227056 0.890000 0.700000
44 0.249451 0.894444 0.700000
45 0.224390 0.895556 0.650000
46 0.232720 0.890000 0.660000
47 0.226059 0.888889 0.680000
48 0.229979 0.873333 0.670000
49 0.226652 0.893333 0.700000
50 0.221638 0.890000 0.680000
51 0.231626 0.888889 0.710000
52 0.229467 0.893333 0.680000
53 0.214193 0.898889 0.670000
54 0.207191 0.900000 0.670000
55 0.205694 0.894444 0.650000
56 0.204608 0.896667 0.620000
57 0.205686 0.898889 0.620000
58 0.198796 0.900000 0.620000
59 0.205266 0.900000 0.680000
60 0.205195 0.901111 0.730000
61 0.197953 0.900000 0.700000
62 0.192955 0.901111 0.690000
63 0.220244 0.893333 0.650000
64 0.252813 0.895556 0.660000
65 0.228135 0.896667 0.680000
66 0.210788 0.904444 0.660000
67 0.202565 0.898889 0.630000
68 0.194403 0.901111 0.660000
69 0.198950 0.897778 0.650000
70 0.203748 0.900000 0.670000
71 0.208381 0.897778 0.680000
72 0.208769 0.897778 0.700000
73 0.209296 0.898889 0.700000
74 0.197652 0.900000 0.680000
75 0.193008 0.902222 0.670000
76 0.205202 0.898889 0.630000
77 0.200692 0.901111 0.670000
78 0.199837 0.898889 0.670000
79 0.192725 0.902222 0.680000
80 0.190019 0.902222 0.660000
81 0.189800 0.901111 0.660000
82 0.197910 0.902222 0.670000
83 0.206371 0.898889 0.650000
84 0.195671 0.903333 0.680000
85 0.202486 0.906667 0.700000
86 0.194706 0.897778 0.690000
87 0.201970 0.900000 0.710000
88 0.219777 0.903333 0.700000
89 0.214423 0.898889 0.620000
90 0.197504 0.903333 0.660000
91 0.191655 0.901111 0.630000
92 0.192580 0.898889 0.660000
93 0.195833 0.903333 0.650000
94 0.207325 0.904444 0.660000
95 0.210326 0.896667 0.690000
96 0.207368 0.897778 0.650000
97 0.199710 0.900000 0.660000
98 0.192447 0.897778 0.680000
99 0.209032 0.897778 0.620000
100 0.201718 0.904444 0.640000
101 0.182217 0.904444 0.650000
102 0.186717 0.907778 0.660000
103 0.178813 0.904444 0.660000
104 0.181337 0.903333 0.660000
105 0.182696 0.902222 0.630000
106 0.176323 0.905556 0.660000
107 0.183779 0.900000 0.650000
108 0.186799 0.906667 0.650000
109 0.181272 0.903333 0.640000
110 0.184034 0.904444 0.660000
111 0.180275 0.905556 0.680000
112 0.186028 0.903333 0.680000
113 0.178964 0.906667 0.670000
114 0.177268 0.902222 0.660000
115 0.181821 0.903333 0.680000
116 0.174178 0.906667 0.690000
117 0.172951 0.906667 0.670000
118 0.174314 0.904444 0.650000
119 0.183892 0.905556 0.650000
120 0.183371 0.904444 0.650000
121 0.181365 0.903333 0.650000
122 0.192397 0.904444 0.700000
123 0.181233 0.904444 0.680000
124 0.176082 0.902222 0.660000
125 0.186982 0.904444 0.670000
126 0.178343 0.902222 0.640000
127 0.186442 0.903333 0.680000
128 0.179246 0.903333 0.650000
129 0.183423 0.902222 0.670000
130 0.174402 0.902222 0.660000
131 0.185877 0.906667 0.660000
132 0.188367 0.903333 0.680000
133 0.182411 0.905556 0.700000
134 0.192923 0.906667 0.690000
135 0.179396 0.905556 0.720000
136 0.175494 0.901111 0.710000
137 0.174800 0.904444 0.720000
138 0.176949 0.905556 0.720000
139 0.178283 0.907778 0.720000
140 0.182244 0.904444 0.710000
141 0.178300 0.906667 0.710000
142 0.181120 0.905556 0.680000
143 0.178282 0.906667 0.690000
144 0.176026 0.907778 0.710000
145 0.184576 0.904444 0.710000
146 0.190433 0.904444 0.680000
147 0.189379 0.902222 0.680000
148 0.178225 0.904444 0.670000
149 0.181745 0.905556 0.690000
150 0.178913 0.907778 0.670000
151 0.169550 0.906667 0.690000
152 0.170304 0.906667 0.680000
153 0.177041 0.906667 0.700000
154 0.172566 0.906667 0.700000
155 0.177389 0.906667 0.690000
156 0.174134 0.907778 0.710000
157 0.175341 0.907778 0.710000
158 0.177558 0.905556 0.700000
159 0.174929 0.905556 0.690000
160 0.169462 0.907778 0.680000
161 0.168800 0.907778 0.700000
162 0.171800 0.905556 0.710000
163 0.170936 0.905556 0.690000
164 0.171929 0.906667 0.690000
165 0.168117 0.908889 0.690000
166 0.169180 0.906667 0.710000
167 0.176025 0.906667 0.690000
168 0.176761 0.906667 0.680000
169 0.168564 0.907778 0.690000
170 0.161864 0.907778 0.680000
171 0.175772 0.905556 0.700000
172 0.171494 0.906667 0.720000
173 0.184422 0.908889 0.700000
174 0.177661 0.906667 0.700000
175 0.178157 0.905556 0.700000
176 0.177811 0.905556 0.710000
177 0.174721 0.904444 0.710000
178 0.169921 0.906667 0.690000
179 0.178817 0.906667 0.690000
180 0.182536 0.905556 0.670000
181 0.162699 0.905556 0.690000
182 0.163708 0.906667 0.690000
183 0.167259 0.908889 0.680000
184 0.170189 0.905556 0.680000
185 0.172763 0.907778 0.680000
186 0.177428 0.906667 0.680000
187 0.173811 0.908889 0.690000
188 0.173387 0.904444 0.700000
189 0.172295 0.907778 0.700000
190 0.173842 0.905556 0.700000
191 0.170173 0.905556 0.700000
192 0.164698 0.903333 0.700000
193 0.174099 0.906667 0.720000
194 0.168458 0.907778 0.710000
195 0.172969 0.905556 0.720000
196 0.179031 0.908889 0.720000
197 0.174744 0.906667 0.730000
198 0.168153 0.907778 0.710000
199 0.175584 0.908889 0.720000
200 0.165513 0.908889 0.730000
201 0.167401 0.907778 0.720000
202 0.165283 0.908889 0.730000
203 0.171705 0.907778 0.730000
204 0.167411 0.908889 0.730000
205 0.161824 0.908889 0.730000
206 0.164163 0.908889 0.730000
207 0.167979 0.908889 0.720000
208 0.172971 0.907778 0.730000
209 0.169446 0.907778 0.710000
210 0.172932 0.908889 0.730000
211 0.167380 0.906667 0.700000
212 0.174621 0.907778 0.730000
213 0.171075 0.908889 0.720000
214 0.165879 0.908889 0.740000
215 0.169553 0.906667 0.730000
216 0.166652 0.906667 0.710000
217 0.165966 0.907778 0.740000
218 0.174943 0.907778 0.730000
219 0.169518 0.905556 0.730000
220 0.166558 0.907778 0.730000
221 0.163891 0.906667 0.730000
222 0.169980 0.907778 0.730000
223 0.168616 0.907778 0.730000
224 0.169284 0.908889 0.730000
225 0.168148 0.906667 0.730000
226 0.166281 0.905556 0.700000
227 0.160696 0.907778 0.700000
228 0.177734 0.905556 0.720000
229 0.166832 0.907778 0.680000
230 0.168734 0.906667 0.720000
231 0.167143 0.908889 0.730000
232 0.170718 0.908889 0.700000
233 0.166017 0.908889 0.710000
234 0.170690 0.910000 0.710000
235 0.165866 0.908889 0.710000
236 0.175979 0.907778 0.710000
237 0.175859 0.910000 0.700000
238 0.165640 0.908889 0.700000
239 0.174019 0.907778 0.720000
240 0.161133 0.908889 0.710000
241 0.171274 0.906667 0.730000
242 0.168630 0.906667 0.740000
243 0.172082 0.910000 0.730000
244 0.168350 0.910000 0.710000
245 0.170137 0.907778 0.720000
246 0.165858 0.908889 0.720000
247 0.169327 0.908889 0.730000
248 0.170905 0.908889 0.720000
249 0.169383 0.908889 0.730000
250 0.168341 0.908889 0.730000
251 0.173997 0.908889 0.730000
252 0.166360 0.906667 0.730000
253 0.167219 0.907778 0.720000
254 0.169851 0.908889 0.730000
255 0.168277 0.907778 0.730000
256 0.167345 0.907778 0.710000
257 0.166152 0.908889 0.730000
258 0.167442 0.907778 0.710000
259 0.164680 0.907778 0.720000
260 0.170923 0.908889 0.720000
261 0.169360 0.908889 0.710000
262 0.172579 0.910000 0.710000
263 0.164386 0.908889 0.720000
264 0.170888 0.907778 0.720000
265 0.163553 0.907778 0.710000
266 0.168744 0.908889 0.710000
267 0.166939 0.906667 0.710000
268 0.168679 0.907778 0.730000
269 0.163694 0.908889 0.710000
270 0.165512 0.910000 0.700000
271 0.167569 0.908889 0.720000
272 0.165966 0.910000 0.720000
273 0.171591 0.910000 0.700000
274 0.170057 0.910000 0.690000
275 0.162387 0.908889 0.710000
276 0.161983 0.908889 0.700000
277 0.164805 0.908889 0.700000
278 0.171462 0.908889 0.710000
279 0.166635 0.908889 0.720000
280 0.175049 0.908889 0.720000
281 0.166218 0.910000 0.730000
282 0.172760 0.908889 0.710000
283 0.173203 0.908889 0.710000
284 0.167390 0.907778 0.690000
285 0.172551 0.908889 0.700000
286 0.173818 0.908889 0.710000
287 0.173529 0.908889 0.700000
288 0.167364 0.910000 0.690000
289 0.161441 0.908889 0.690000
290 0.161172 0.910000 0.720000
291 0.170489 0.910000 0.720000
292 0.162914 0.908889 0.700000
293 0.159847 0.907778 0.730000
294 0.168107 0.907778 0.730000
295 0.162639 0.908889 0.720000
296 0.164913 0.908889 0.720000
297 0.168124 0.908889 0.720000
298 0.161126 0.908889 0.720000
299 0.159579 0.907778 0.730000
300 0.163648 0.908889 0.730000
301 0.164344 0.910000 0.720000
302 0.164541 0.908889 0.720000
303 0.168937 0.910000 0.720000
304 0.165895 0.910000 0.720000
305 0.168328 0.908889 0.700000
306 0.165269 0.911111 0.720000
307 0.172004 0.908889 0.710000
308 0.166341 0.907778 0.700000
309 0.170381 0.910000 0.730000
310 0.165153 0.908889 0.710000
311 0.169194 0.911111 0.700000
312 0.170130 0.911111 0.690000
313 0.171483 0.908889 0.720000
314 0.163359 0.908889 0.700000
315 0.163169 0.910000 0.700000
316 0.163495 0.907778 0.710000
317 0.168944 0.910000 0.700000
318 0.166849 0.908889 0.710000
319 0.164445 0.908889 0.720000
320 0.161560 0.910000 0.730000
321 0.163014 0.910000 0.720000
322 0.169487 0.908889 0.700000
323 0.166992 0.908889 0.730000
324 0.168536 0.910000 0.720000
325 0.166863 0.910000 0.730000
326 0.162993 0.910000 0.720000
327 0.168766 0.908889 0.700000
328 0.164482 0.908889 0.720000
329 0.165363 0.908889 0.730000
330 0.165980 0.908889 0.710000
331 0.165087 0.908889 0.710000
332 0.166446 0.908889 0.710000
333 0.162506 0.907778 0.700000
334 0.166458 0.908889 0.710000
335 0.162934 0.908889 0.710000
336 0.163177 0.910000 0.710000
337 0.169386 0.908889 0.710000
338 0.172754 0.907778 0.730000
339 0.163228 0.908889 0.700000
340 0.172708 0.908889 0.710000
341 0.167148 0.908889 0.720000
342 0.170021 0.910000 0.720000
343 0.165679 0.911111 0.720000
344 0.162471 0.910000 0.720000
345 0.166597 0.908889 0.710000
346 0.161244 0.910000 0.730000
347 0.163935 0.911111 0.700000
348 0.172731 0.908889 0.710000
349 0.165008 0.910000 0.720000
350 0.167458 0.911111 0.720000
