1 3.895727 0.683871 0.705882
2 1.699307 0.712903 0.735294
3 1.492256 0.738710 0.647059
4 1.055012 0.677419 0.647059
5 1.051551 0.593548 0.617647
6 1.118462 0.748387 0.794118
7 0.952243 0.729032 0.617647
8 0.586579 0.783871 0.676471
9 0.662012 0.732258 0.647059
10 0.588578 0.787097 0.676471
11 0.713282 0.738710 0.558824
12 0.535979 0.835484 0.735294
13 0.466293 0.877419 0.794118
14 0.504440 0.845161 0.676471
15 0.524037 0.890323 0.705882
16 0.423681 0.893548 0.705882
17 0.384090 0.880645 0.676471
18 0.391361 0.874194 0.735294
19 0.346552 0.874194 0.647059
20 0.375049 0.880645 0.647059
21 0.285524 0.903226 0.588235
22 0.291229 0.829032 0.647059
23 0.281861 0.916129 0.676471
24 0.301144 0.812903 0.676471
25 0.386142 0.887097 0.558824
26 0.368026 0.874194 0.647059
27 0.277331 0.922581 0.676471
28 0.277751 0.883871 0.735294
29 0.320180 0.938710 0.676471
30 0.232630 0.932258 0.647059
31 0.288925 0.896774 0.705882
32 0.259847 0.851613 0.676471
33 0.453106 0.900000 0.735294
34 0.286239 0.935484 0.735294
35 0.243010 0.938710 0.764706
36 0.215389 0.945161 0.705882
37 0.228808 0.935484 0.705882
38 0.228256 0.893548 0.647059
39 0.228456 0.925806 0.705882
40 0.219564 0.951613 0.705882
41 0.217851 0.912903 0.676471
42 0.367046 0.874194 0.794118
43 0.294262 0.919355 0.764706
44 0.238537 0.941935 0.764706
45 0.203518 0.945161 0.705882
46 0.197509 0.945161 0.676471
47 0.393479 0.880645 0.676471
48 0.288940 0.932258 0.676471
49 0.211296 0.935484 0.735294
50 0.185978 0.948387 0.705882
51 0.168123 0.951613 0.647059
52 0.172227 0.954839 0.617647
53 0.165918 0.954839 0.705882
54 0.160248 0.948387 0.647059
55 0.163885 0.954839 0.647059
56 0.170552 0.961290 0.676471
57 0.154657 0.945161 0.647059
58 0.151690 0.961290 0.676471
59 0.154056 0.951613 0.705882
60 0.167026 0.958065 0.676471
61 0.162226 0.961290 0.647059
62 0.148290 0.958065 0.588235
63 0.157384 0.964516 0.705882
64 0.165887 0.958065 0.647059
65 0.155757 0.951613 0.676471
66 0.156429 0.961290 0.647059
67 0.151124 0.961290 0.676471
68 0.145942 0.964516 0.647059
69 0.149882 0.967742 0.617647
70 0.160488 0.961290 0.647059
71 0.153279 0.948387 0.735294
72 0.163452 0.958065 0.676471
73 0.145192 0.967742 0.676471
74 0.147956 0.964516 0.617647
75 0.149789 0.958065 0.647059
76 0.142545 0.958065 0.617647
77 0.158319 0.948387 0.735294
78 0.160857 0.958065 0.705882
79 0.161060 0.945161 0.735294
80 0.162526 0.954839 0.676471
81 0.151959 0.954839 0.647059
82 0.148710 0.958065 0.676471
83 0.159648 0.951613 0.705882
84 0.188235 0.951613 0.705882
85 0.279968 0.877419 0.676471
86 0.236612 0.958065 0.676471
87 0.184409 0.954839 0.735294
88 0.163046 0.958065 0.735294
89 0.166472 0.964516 0.705882
90 0.143269 0.961290 0.676471
91 0.158384 0.964516 0.735294
92 0.142627 0.974194 0.705882
93 0.140983 0.970968 0.705882
94 0.132657 0.964516 0.676471
95 0.147691 0.964516 0.705882
96 0.148093 0.958065 0.705882
97 0.174176 0.951613 0.735294
98 0.149734 0.964516 0.705882
99 0.146453 0.970968 0.676471
100 0.130019 0.964516 0.705882
101 0.118657 0.958065 0.676471
102 0.120369 0.967742 0.705882
103 0.116576 0.967742 0.705882
104 0.122717 0.970968 0.764706
105 0.119654 0.961290 0.735294
106 0.123809 0.970968 0.705882
107 0.116323 0.958065 0.676471
108 0.131245 0.974194 0.705882
109 0.122108 0.974194 0.735294
110 0.115823 0.970968 0.705882
111 0.114659 0.974194 0.705882
112 0.120636 0.964516 0.764706
113 0.120239 0.958065 0.735294
114 0.129879 0.974194 0.705882
115 0.120118 0.970968 0.705882
116 0.118604 0.964516 0.764706
117 0.109637 0.977419 0.735294
118 0.116105 0.970968 0.764706
119 0.111775 0.970968 0.735294
120 0.115699 0.967742 0.735294
121 0.117104 0.967742 0.735294
122 0.114315 0.974194 0.705882
123 0.113835 0.974194 0.676471
124 0.116890 0.970968 0.764706
125 0.118748 0.970968 0.705882
126 0.121339 0.958065 0.705882
127 0.184834 0.912903 0.676471
128 0.256071 0.974194 0.705882
129 0.150264 0.958065 0.705882
130 0.126291 0.967742 0.705882
131 0.114203 0.974194 0.735294
132 0.124865 0.967742 0.705882
133 0.122334 0.967742 0.735294
134 0.116175 0.970968 0.735294
135 0.110824 0.974194 0.764706
136 0.115491 0.970968 0.705882
137 0.111163 0.974194 0.735294
138 0.107598 0.967742 0.735294
139 0.117418 0.967742 0.735294
140 0.112868 0.970968 0.735294
141 0.111790 0.977419 0.735294
142 0.116071 0.970968 0.676471
143 0.110965 0.974194 0.705882
144 0.114706 0.970968 0.705882
145 0.112141 0.974194 0.735294
146 0.112331 0.974194 0.705882
147 0.111083 0.980645 0.705882
148 0.122085 0.967742 0.705882
149 0.116755 0.977419 0.705882
150 0.106908 0.974194 0.705882
151 0.106708 0.970968 0.735294
152 0.101536 0.977419 0.705882
153 0.097507 0.974194 0.735294
154 0.092461 0.977419 0.705882
155 0.105172 0.970968 0.705882
156 0.105935 0.977419 0.735294
157 0.101410 0.977419 0.735294
158 0.096391 0.974194 0.705882
159 0.100829 0.967742 0.705882
160 0.101075 0.974194 0.676471
161 0.099583 0.974194 0.735294
162 0.095040 0.977419 0.705882
163 0.095214 0.974194 0.705882
164 0.102470 0.970968 0.735294
165 0.095427 0.974194 0.705882
166 0.096463 0.974194 0.735294
167 0.095164 0.974194 0.735294
168 0.100339 0.977419 0.676471
169 0.092541 0.977419 0.735294
170 0.102768 0.974194 0.705882
171 0.104191 0.974194 0.735294
172 0.105791 0.977419 0.735294
173 0.100675 0.970968 0.705882
174 0.090709 0.974194 0.705882
175 0.102639 0.974194 0.735294
176 0.092991 0.974194 0.735294
177 0.098668 0.977419 0.705882
178 0.097459 0.974194 0.705882
179 0.099204 0.977419 0.705882
180 0.100759 0.974194 0.735294
181 0.094902 0.977419 0.705882
182 0.100769 0.977419 0.705882
183 0.093538 0.974194 0.735294
184 0.100215 0.970968 0.705882
185 0.098084 0.974194 0.764706
186 0.101836 0.970968 0.735294
187 0.110439 0.974194 0.764706
188 0.100107 0.977419 0.705882
189 0.097285 0.974194 0.735294
190 0.100654 0.974194 0.735294
191 0.097494 0.970968 0.735294
192 0.101840 0.974194 0.705882
193 0.098912 0.977419 0.735294
194 0.094623 0.977419 0.705882
195 0.105837 0.974194 0.705882
196 0.099560 0.974194 0.705882
197 0.093359 0.974194 0.676471
198 0.097135 0.974194 0.705882
199 0.104449 0.980645 0.735294
200 0.090495 0.977419 0.735294
201 0.088324 0.974194 0.705882
202 0.099615 0.977419 0.735294
203 0.090281 0.974194 0.705882
204 0.090157 0.977419 0.735294
205 0.089750 0.977419 0.705882
206 0.087150 0.974194 0.705882
207 0.090087 0.977419 0.735294
208 0.092768 0.977419 0.705882
209 0.093372 0.977419 0.676471
210 0.089098 0.974194 0.705882
211 0.091301 0.977419 0.705882
212 0.099247 0.980645 0.735294
213 0.089550 0.977419 0.735294
214 0.092646 0.983871 0.764706
215 0.088241 0.974194 0.705882
216 0.091317 0.980645 0.735294
217 0.087395 0.977419 0.705882
218 0.090798 0.977419 0.764706
219 0.094492 0.977419 0.705882
220 0.088160 0.980645 0.705882
221 0.086341 0.974194 0.676471
222 0.093735 0.977419 0.705882
223 0.096387 0.977419 0.705882
224 0.085368 0.977419 0.735294
225 0.092933 0.970968 0.705882
226 0.090517 0.980645 0.705882
227 0.089289 0.977419 0.705882
228 0.088689 0.977419 0.705882
229 0.086215 0.977419 0.705882
230 0.084423 0.974194 0.676471
231 0.089335 0.970968 0.705882
232 0.085932 0.983871 0.705882
233 0.087124 0.977419 0.705882
234 0.082679 0.980645 0.705882
235 0.087795 0.977419 0.676471
236 0.082042 0.977419 0.676471
237 0.089554 0.980645 0.735294
238 0.090103 0.980645 0.676471
239 0.093937 0.977419 0.735294
240 0.089873 0.977419 0.676471
241 0.085934 0.977419 0.676471
242 0.084613 0.974194 0.676471
243 0.083923 0.974194 0.676471
244 0.091444 0.980645 0.676471
245 0.085171 0.983871 0.676471
246 0.090951 0.970968 0.676471
247 0.086992 0.983871 0.676471
248 0.087789 0.983871 0.676471
249 0.092480 0.980645 0.676471
250 0.087044 0.983871 0.676471
251 0.086238 0.977419 0.676471
252 0.084362 0.977419 0.676471
253 0.082630 0.983871 0.705882
254 0.088673 0.977419 0.705882
255 0.079050 0.983871 0.705882
256 0.083695 0.977419 0.676471
257 0.081425 0.983871 0.676471
258 0.085823 0.974194 0.676471
259 0.088146 0.980645 0.676471
260 0.082556 0.977419 0.676471
261 0.088379 0.974194 0.676471
262 0.084848 0.983871 0.676471
263 0.083711 0.980645 0.676471
264 0.083951 0.980645 0.676471
265 0.084445 0.980645 0.676471
266 0.080642 0.983871 0.676471
267 0.080426 0.983871 0.676471
268 0.085057 0.983871 0.676471
269 0.083197 0.977419 0.676471
270 0.082169 0.974194 0.676471
271 0.080657 0.983871 0.676471
272 0.080848 0.983871 0.676471
273 0.086797 0.983871 0.676471
274 0.083856 0.980645 0.676471
275 0.081400 0.980645 0.676471
276 0.082865 0.977419 0.676471
277 0.081741 0.980645 0.676471
278 0.078690 0.983871 0.676471
279 0.080483 0.980645 0.676471
280 0.080506 0.977419 0.676471
281 0.085226 0.980645 0.676471
282 0.081774 0.980645 0.676471
283 0.079598 0.980645 0.676471
284 0.082084 0.977419 0.676471
285 0.081268 0.983871 0.705882
286 0.080885 0.980645 0.676471
287 0.082957 0.983871 0.676471
288 0.078602 0.980645 0.676471
289 0.087440 0.980645 0.676471
290 0.085966 0.980645 0.676471
291 0.082489 0.983871 0.676471
292 0.078181 0.983871 0.676471
293 0.080548 0.980645 0.676471
294 0.080851 0.983871 0.676471
295 0.081261 0.983871 0.676471
296 0.084146 0.983871 0.676471
297 0.079358 0.983871 0.676471
298 0.081853 0.983871 0.676471
299 0.079201 0.980645 0.676471
300 0.078699 0.980645 0.676471
301 0.075413 0.980645 0.676471
302 0.081065 0.980645 0.676471
303 0.081925 0.980645 0.676471
304 0.077981 0.983871 0.676471
305 0.079076 0.983871 0.676471
306 0.078609 0.980645 0.676471
307 0.083160 0.980645 0.676471
308 0.075288 0.977419 0.676471
309 0.080228 0.980645 0.676471
310 0.083075 0.983871 0.676471
311 0.081255 0.983871 0.676471
312 0.079272 0.983871 0.676471
313 0.080918 0.980645 0.676471
314 0.076891 0.983871 0.676471
315 0.081960 0.983871 0.676471
316 0.077454 0.980645 0.676471
317 0.082253 0.980645 0.676471
318 0.076521 0.983871 0.676471
319 0.079814 0.980645 0.676471
320 0.077293 0.983871 0.676471
321 0.080751 0.983871 0.676471
322 0.076246 0.983871 0.676471
323 0.078578 0.983871 0.676471
324 0.076875 0.980645 0.676471
325 0.080616 0.977419 0.676471
326 0.080932 0.983871 0.676471
327 0.077434 0.980645 0.676471
328 0.078199 0.983871 0.676471
329 0.078619 0.983871 0.676471
330 0.077061 0.983871 0.676471
331 0.078553 0.983871 0.676471
332 0.072395 0.983871 0.676471
333 0.078211 0.983871 0.676471
334 0.073357 0.983871 0.676471
335 0.077822 0.983871 0.676471
336 0.079665 0.980645 0.676471
337 0.079631 0.977419 0.676471
338 0.077818 0.983871 0.676471
339 0.080310 0.983871 0.676471
340 0.080642 0.980645 0.676471
341 0.077497 0.983871 0.676471
342 0.081104 0.983871 0.676471
343 0.075550 0.980645 0.676471
344 0.079536 0.983871 0.676471
345 0.079346 0.983871 0.676471
346 0.080718 0.983871 0.676471
347 0.079453 0.983871 0.676471
348 0.079732 0.980645 0.676471
349 0.079782 0.983871 0.676471
350 0.082470 0.983871 0.676471
