1 8.001600 0.712288 0.714286
2 4.275563 0.705295 0.696429
3 2.683819 0.713287 0.714286
4 2.095934 0.742258 0.750000
5 2.574223 0.706294 0.669643
6 1.444129 0.561439 0.535714
7 1.390642 0.721279 0.696429
8 1.286935 0.731269 0.705357
9 1.086191 0.738262 0.758929
10 1.207310 0.721279 0.723214
11 1.219284 0.722278 0.687500
12 1.020549 0.731269 0.758929
13 1.185728 0.711289 0.750000
14 0.922942 0.746254 0.750000
15 0.802017 0.697303 0.741071
16 0.899288 0.736264 0.758929
17 1.021436 0.729271 0.723214
18 0.804367 0.718282 0.705357
19 0.752058 0.751249 0.776786
20 0.757756 0.731269 0.633929
21 0.725354 0.715285 0.785714
22 0.728012 0.748252 0.767857
23 0.640640 0.754246 0.758929
24 0.627617 0.726274 0.714286
25 0.621925 0.720280 0.741071
26 0.646391 0.711289 0.696429
27 0.613140 0.745255 0.758929
28 0.637942 0.744256 0.723214
29 0.637187 0.737263 0.750000
30 0.607580 0.737263 0.696429
31 0.596104 0.738262 0.732143
32 0.619381 0.738262 0.758929
33 0.589820 0.700300 0.642857
34 0.631578 0.732268 0.696429
35 0.571160 0.753247 0.767857
36 0.565856 0.761239 0.758929
37 0.553410 0.736264 0.705357
38 0.561188 0.764236 0.714286
39 0.548082 0.759241 0.741071
40 0.556373 0.753247 0.732143
41 0.538939 0.730270 0.696429
42 0.547533 0.728272 0.714286
43 0.561952 0.754246 0.758929
44 0.555009 0.744256 0.758929
45 0.556511 0.759241 0.705357
46 0.547782 0.750250 0.714286
47 0.552489 0.753247 0.758929
48 0.559428 0.753247 0.758929
49 0.542820 0.755245 0.750000
50 0.556321 0.757243 0.750000
51 0.547399 0.745255 0.705357
52 0.539570 0.756244 0.741071
53 0.547805 0.765235 0.750000
54 0.536326 0.772228 0.750000
55 0.543318 0.753247 0.758929
56 0.557327 0.755245 0.723214
57 0.534613 0.755245 0.741071
58 0.543709 0.744256 0.732143
59 0.528807 0.764236 0.776786
60 0.546845 0.759241 0.750000
61 0.547534 0.740260 0.732143
62 0.530742 0.725275 0.687500
63 0.536557 0.754246 0.723214
64 0.547475 0.730270 0.714286
65 0.541675 0.769231 0.732143
66 0.542026 0.755245 0.785714
67 0.530328 0.760240 0.758929
68 0.528791 0.756244 0.776786
69 0.536755 0.759241 0.741071
70 0.528580 0.764236 0.723214
71 0.540284 0.757243 0.723214
72 0.526301 0.768232 0.776786
73 0.518333 0.747253 0.732143
74 0.527463 0.763237 0.732143
75 0.521620 0.764236 0.723214
76 0.520018 0.755245 0.750000
77 0.539771 0.757243 0.714286
78 0.537713 0.767233 0.776786
79 0.535994 0.749251 0.705357
80 0.529351 0.758242 0.732143
81 0.538996 0.763237 0.767857
82 0.535580 0.758242 0.767857
83 0.541972 0.752248 0.767857
84 0.531317 0.758242 0.723214
85 0.534786 0.753247 0.758929
86 0.526147 0.738262 0.705357
87 0.542515 0.747253 0.750000
88 0.556184 0.765235 0.776786
89 0.527833 0.739261 0.714286
90 0.539688 0.765235 0.767857
91 0.532066 0.730270 0.696429
92 0.534353 0.763237 0.758929
93 0.537342 0.763237 0.732143
94 0.532216 0.737263 0.732143
95 0.531232 0.723277 0.696429
96 0.526350 0.762238 0.776786
97 0.536036 0.761239 0.741071
98 0.541275 0.747253 0.732143
99 0.517854 0.763237 0.750000
100 0.536241 0.753247 0.750000
101 0.522854 0.759241 0.776786
102 0.514795 0.744256 0.696429
103 0.533050 0.755245 0.714286
104 0.533118 0.753247 0.758929
105 0.537063 0.761239 0.767857
106 0.536091 0.727273 0.714286
107 0.534498 0.763237 0.776786
108 0.530763 0.763237 0.758929
109 0.527642 0.758242 0.750000
110 0.515022 0.734266 0.723214
111 0.516408 0.758242 0.794643
112 0.529238 0.749251 0.750000
113 0.527187 0.760240 0.750000
114 0.531751 0.766234 0.723214
115 0.526321 0.758242 0.758929
116 0.522993 0.765235 0.723214
117 0.520473 0.730270 0.696429
118 0.528659 0.768232 0.723214
119 0.520881 0.767233 0.714286
120 0.527129 0.770230 0.741071
121 0.523649 0.771229 0.758929
122 0.526310 0.744256 0.723214
123 0.523829 0.762238 0.776786
124 0.527736 0.765235 0.750000
125 0.519014 0.768232 0.714286
126 0.537409 0.769231 0.750000
127 0.528588 0.753247 0.767857
128 0.520918 0.762238 0.714286
129 0.517009 0.761239 0.741071
130 0.521127 0.761239 0.732143
131 0.519902 0.767233 0.776786
132 0.522505 0.766234 0.723214
133 0.527276 0.773227 0.750000
134 0.525906 0.772228 0.785714
135 0.532308 0.761239 0.732143
136 0.525039 0.768232 0.758929
137 0.525389 0.765235 0.776786
138 0.524466 0.754246 0.741071
139 0.519092 0.766234 0.758929
140 0.524108 0.760240 0.767857
141 0.529622 0.756244 0.741071
142 0.520089 0.772228 0.741071
143 0.532352 0.753247 0.750000
144 0.524979 0.749251 0.696429
145 0.527198 0.759241 0.723214
146 0.532651 0.765235 0.714286
147 0.529023 0.757243 0.785714
148 0.529379 0.756244 0.758929
149 0.525874 0.724276 0.723214
150 0.531581 0.758242 0.723214
151 0.517409 0.739261 0.714286
152 0.519683 0.769231 0.785714
153 0.516939 0.767233 0.776786
154 0.515319 0.760240 0.758929
155 0.511257 0.758242 0.705357
156 0.528919 0.761239 0.758929
157 0.528467 0.752248 0.741071
158 0.521277 0.756244 0.723214
159 0.516279 0.766234 0.785714
160 0.520411 0.767233 0.776786
161 0.522967 0.763237 0.776786
162 0.514322 0.773227 0.750000
163 0.513913 0.763237 0.732143
164 0.515050 0.766234 0.767857
165 0.510331 0.752248 0.732143
166 0.523313 0.761239 0.758929
167 0.522678 0.761239 0.741071
168 0.516983 0.768232 0.767857
169 0.531332 0.762238 0.705357
170 0.515552 0.761239 0.750000
171 0.522884 0.761239 0.767857
172 0.516141 0.767233 0.750000
173 0.520824 0.755245 0.732143
174 0.514730 0.763237 0.767857
175 0.526051 0.749251 0.723214
176 0.516165 0.768232 0.767857
177 0.519437 0.767233 0.750000
178 0.526213 0.760240 0.732143
179 0.517753 0.749251 0.705357
180 0.526635 0.761239 0.732143
181 0.518783 0.768232 0.741071
182 0.519774 0.771229 0.758929
183 0.499945 0.761239 0.741071
184 0.513652 0.761239 0.705357
185 0.529416 0.764236 0.732143
186 0.516231 0.766234 0.776786
187 0.519314 0.758242 0.767857
188 0.523281 0.759241 0.732143
189 0.520808 0.757243 0.723214
190 0.516047 0.739261 0.714286
191 0.511922 0.765235 0.758929
192 0.519797 0.753247 0.705357
193 0.521188 0.757243 0.758929
194 0.510528 0.749251 0.723214
195 0.513482 0.761239 0.723214
196 0.509542 0.768232 0.776786
197 0.524063 0.759241 0.767857
198 0.530340 0.764236 0.741071
199 0.518748 0.738262 0.687500
200 0.520208 0.764236 0.758929
201 0.519679 0.752248 0.705357
202 0.516024 0.767233 0.732143
203 0.514253 0.765235 0.750000
204 0.508406 0.767233 0.767857
205 0.520858 0.765235 0.723214
206 0.511652 0.771229 0.732143
207 0.512330 0.767233 0.723214
208 0.513772 0.763237 0.732143
209 0.511636 0.766234 0.732143
210 0.512859 0.763237 0.732143
211 0.506005 0.771229 0.758929
212 0.505321 0.762238 0.732143
213 0.510467 0.760240 0.723214
214 0.510455 0.765235 0.767857
215 0.512067 0.769231 0.741071
216 0.509596 0.772228 0.750000
217 0.520482 0.768232 0.750000
218 0.513515 0.772228 0.741071
219 0.507556 0.769231 0.732143
220 0.509638 0.770230 0.750000
221 0.504332 0.768232 0.741071
222 0.514608 0.772228 0.767857
223 0.502370 0.771229 0.750000
224 0.507593 0.760240 0.723214
225 0.517129 0.754246 0.705357
226 0.508555 0.768232 0.732143
227 0.509062 0.765235 0.758929
228 0.508509 0.769231 0.732143
229 0.512526 0.772228 0.750000
230 0.503985 0.770230 0.750000
231 0.510582 0.757243 0.705357
232 0.512033 0.765235 0.723214
233 0.509989 0.773227 0.741071
234 0.521242 0.773227 0.776786
235 0.516598 0.761239 0.714286
236 0.509559 0.774226 0.767857
237 0.510878 0.770230 0.732143
238 0.513953 0.770230 0.714286
239 0.517853 0.768232 0.732143
240 0.511372 0.770230 0.750000
241 0.510302 0.767233 0.732143
242 0.506431 0.769231 0.732143
243 0.507746 0.768232 0.732143
244 0.498689 0.765235 0.750000
245 0.509471 0.768232 0.732143
246 0.520623 0.774226 0.732143
247 0.509995 0.772228 0.758929
248 0.507887 0.768232 0.741071
249 0.504873 0.769231 0.741071
250 0.515648 0.769231 0.741071
251 0.512263 0.771229 0.741071
252 0.507317 0.770230 0.741071
253 0.510982 0.770230 0.732143
254 0.506007 0.768232 0.750000
255 0.510270 0.771229 0.732143
256 0.504977 0.772228 0.750000
257 0.495715 0.770230 0.758929
258 0.499990 0.770230 0.767857
259 0.506313 0.765235 0.741071
260 0.502468 0.774226 0.732143
261 0.495133 0.772228 0.741071
262 0.499823 0.771229 0.732143
263 0.501598 0.773227 0.741071
264 0.499582 0.774226 0.758929
265 0.509348 0.771229 0.767857
266 0.505919 0.773227 0.750000
267 0.506344 0.774226 0.714286
268 0.511604 0.769231 0.723214
269 0.508681 0.775225 0.767857
270 0.498535 0.772228 0.741071
271 0.507826 0.775225 0.741071
272 0.515264 0.769231 0.723214
273 0.504451 0.772228 0.750000
274 0.512167 0.765235 0.723214
275 0.509900 0.764236 0.732143
276 0.500982 0.771229 0.758929
277 0.506137 0.760240 0.714286
278 0.506164 0.772228 0.732143
279 0.502073 0.770230 0.714286
280 0.506031 0.771229 0.714286
281 0.497243 0.776224 0.767857
282 0.503852 0.773227 0.741071
283 0.511084 0.771229 0.732143
284 0.499918 0.771229 0.714286
285 0.503254 0.775225 0.741071
286 0.507125 0.766234 0.714286
287 0.509123 0.768232 0.741071
288 0.503940 0.774226 0.741071
289 0.511651 0.772228 0.732143
290 0.505452 0.770230 0.750000
291 0.507918 0.773227 0.732143
292 0.507538 0.774226 0.758929
293 0.501147 0.776224 0.741071
294 0.501927 0.775225 0.723214
295 0.516993 0.775225 0.723214
296 0.490954 0.778222 0.741071
297 0.503272 0.776224 0.723214
298 0.501393 0.775225 0.732143
299 0.497863 0.775225 0.732143
300 0.512739 0.775225 0.732143
301 0.501845 0.778222 0.741071
302 0.505144 0.774226 0.723214
303 0.490334 0.776224 0.732143
304 0.490502 0.776224 0.732143
305 0.511161 0.776224 0.732143
306 0.504509 0.776224 0.741071
307 0.511075 0.773227 0.732143
308 0.488796 0.776224 0.732143
309 0.495892 0.778222 0.741071
310 0.496794 0.777223 0.732143
311 0.506389 0.775225 0.732143
312 0.488553 0.777223 0.732143
313 0.495815 0.780220 0.750000
314 0.489619 0.780220 0.741071
315 0.507214 0.776224 0.741071
316 0.502575 0.774226 0.723214
317 0.495853 0.777223 0.741071
318 0.503189 0.777223 0.741071
319 0.498137 0.777223 0.741071
320 0.493006 0.778222 0.732143
321 0.496703 0.778222 0.714286
322 0.493499 0.779221 0.750000
323 0.497736 0.774226 0.732143
324 0.492705 0.778222 0.732143
325 0.487495 0.779221 0.741071
326 0.499866 0.776224 0.723214
327 0.497519 0.775225 0.723214
328 0.504133 0.778222 0.741071
329 0.491877 0.776224 0.732143
330 0.495315 0.774226 0.741071
331 0.492292 0.775225 0.750000
332 0.502517 0.775225 0.732143
333 0.498281 0.776224 0.723214
334 0.494890 0.774226 0.732143
335 0.501584 0.780220 0.723214
336 0.497687 0.774226 0.758929
337 0.498930 0.778222 0.732143
338 0.498490 0.778222 0.741071
339 0.499174 0.779221 0.732143
340 0.484073 0.776224 0.723214
341 0.491360 0.777223 0.723214
342 0.495060 0.779221 0.732143
343 0.501864 0.778222 0.723214
344 0.499002 0.776224 0.714286
345 0.494222 0.777223 0.741071
346 0.504382 0.774226 0.741071
347 0.492712 0.774226 0.741071
348 0.498417 0.779221 0.714286
349 0.494443 0.778222 0.741071
350 0.499510 0.778222 0.714286
