1 4.283528 0.695793 0.714286
2 1.590993 0.702265 0.657143
3 1.235354 0.715210 0.657143
4 1.227231 0.679612 0.600000
5 1.237514 0.757282 0.657143
6 0.938635 0.741100 0.657143
7 1.083230 0.792880 0.685714
8 0.818611 0.760518 0.628571
9 0.689370 0.809061 0.657143
10 0.858739 0.637540 0.628571
11 0.718642 0.828479 0.685714
12 0.515069 0.834951 0.685714
13 0.443055 0.841424 0.600000
14 0.452139 0.838188 0.714286
15 0.586433 0.841424 0.628571
16 0.445841 0.805825 0.657143
17 0.383306 0.860841 0.657143
18 0.503602 0.825243 0.657143
19 0.424261 0.864078 0.628571
20 0.375450 0.880259 0.628571
21 0.327179 0.867314 0.628571
22 0.280668 0.873786 0.657143
23 0.262609 0.922330 0.628571
24 0.281145 0.867314 0.600000
25 0.423288 0.883495 0.657143
26 0.338500 0.867314 0.628571
27 0.329088 0.847896 0.685714
28 0.305220 0.877023 0.685714
29 0.298087 0.886731 0.685714
30 0.267489 0.906149 0.657143
31 0.226976 0.922330 0.628571
32 0.236326 0.906149 0.600000
33 0.288021 0.889968 0.571429
34 0.252932 0.896440 0.628571
35 0.236934 0.915858 0.685714
36 0.262947 0.880259 0.600000
37 0.262225 0.922330 0.628571
38 0.250017 0.919094 0.628571
39 0.253457 0.919094 0.628571
40 0.372694 0.834951 0.628571
41 0.288896 0.902913 0.628571
42 0.245476 0.915858 0.657143
43 0.220091 0.928803 0.685714
44 0.210988 0.919094 0.628571
45 0.222317 0.915858 0.685714
46 0.256963 0.886731 0.600000
47 0.222778 0.932039 0.628571
48 0.191580 0.932039 0.657143
49 0.213168 0.925566 0.685714
50 0.179518 0.941748 0.600000
51 0.168797 0.941748 0.600000
52 0.169703 0.951456 0.600000
53 0.175674 0.948220 0.628571
54 0.170800 0.944984 0.657143
55 0.161614 0.951456 0.628571
56 0.172468 0.954693 0.600000
57 0.163848 0.944984 0.628571
58 0.156674 0.951456 0.600000
59 0.172667 0.902913 0.685714
60 0.194133 0.886731 0.542857
61 0.322022 0.909385 0.628571
62 0.211504 0.948220 0.628571
63 0.169314 0.948220 0.600000
64 0.161985 0.954693 0.628571
65 0.163536 0.961165 0.600000
66 0.145275 0.957929 0.600000
67 0.148963 0.948220 0.628571
68 0.156536 0.961165 0.657143
69 0.152999 0.954693 0.657143
70 0.158815 0.948220 0.628571
71 0.167134 0.919094 0.685714
72 0.240620 0.893204 0.600000
73 0.253850 0.935275 0.685714
74 0.189248 0.935275 0.657143
75 0.168081 0.961165 0.657143
76 0.150373 0.957929 0.657143
77 0.142969 0.957929 0.628571
78 0.148299 0.961165 0.628571
79 0.150342 0.948220 0.657143
80 0.161365 0.957929 0.714286
81 0.142474 0.964401 0.628571
82 0.154204 0.964401 0.628571
83 0.146189 0.948220 0.657143
84 0.146203 0.961165 0.628571
85 0.152026 0.957929 0.657143
86 0.143339 0.964401 0.628571
87 0.148569 0.964401 0.628571
88 0.157328 0.938511 0.685714
89 0.186440 0.944984 0.600000
90 0.301467 0.860841 0.628571
91 0.441889 0.857605 0.628571
92 0.263320 0.957929 0.628571
93 0.187996 0.957929 0.600000
94 0.149958 0.957929 0.714286
95 0.154345 0.951456 0.714286
96 0.167712 0.954693 0.628571
97 0.162450 0.957929 0.742857
98 0.148490 0.964401 0.628571
99 0.142355 0.967638 0.628571
100 0.131191 0.970874 0.657143
101 0.122860 0.967638 0.742857
102 0.130000 0.970874 0.628571
103 0.136017 0.967638 0.685714
104 0.130079 0.964401 0.685714
105 0.122771 0.967638 0.657143
106 0.128127 0.964401 0.628571
107 0.127988 0.964401 0.685714
108 0.120828 0.964401 0.714286
109 0.128645 0.957929 0.657143
110 0.118770 0.974110 0.714286
111 0.121540 0.967638 0.685714
112 0.118338 0.967638 0.657143
113 0.121813 0.964401 0.657143
114 0.127142 0.954693 0.657143
115 0.116735 0.961165 0.714286
116 0.120996 0.967638 0.771429
117 0.115299 0.970874 0.742857
118 0.122938 0.964401 0.628571
119 0.126998 0.967638 0.685714
120 0.118551 0.970874 0.714286
121 0.117758 0.967638 0.714286
122 0.119863 0.954693 0.685714
123 0.121511 0.964401 0.742857
124 0.113685 0.967638 0.714286
125 0.114008 0.967638 0.685714
126 0.124186 0.967638 0.714286
127 0.122582 0.964401 0.742857
128 0.127553 0.957929 0.685714
129 0.134585 0.961165 0.657143
130 0.115399 0.967638 0.628571
131 0.120591 0.967638 0.714286
132 0.123278 0.967638 0.771429
133 0.124932 0.970874 0.685714
134 0.122443 0.954693 0.657143
135 0.126624 0.961165 0.628571
136 0.153662 0.915858 0.742857
137 0.166754 0.967638 0.657143
138 0.123922 0.967638 0.685714
139 0.127280 0.967638 0.657143
140 0.124228 0.967638 0.685714
141 0.125456 0.967638 0.657143
142 0.115791 0.964401 0.685714
143 0.116134 0.967638 0.685714
144 0.119240 0.967638 0.714286
145 0.115798 0.970874 0.685714
146 0.116329 0.964401 0.714286
147 0.121736 0.961165 0.685714
148 0.126736 0.967638 0.657143
149 0.130484 0.964401 0.771429
150 0.118188 0.967638 0.685714
151 0.105811 0.967638 0.714286
152 0.107287 0.964401 0.657143
153 0.103593 0.970874 0.714286
154 0.109815 0.970874 0.714286
155 0.104567 0.970874 0.714286
156 0.105406 0.967638 0.714286
157 0.102300 0.967638 0.742857
158 0.105489 0.964401 0.742857
159 0.106697 0.964401 0.742857
160 0.106184 0.967638 0.742857
161 0.106734 0.967638 0.714286
162 0.108444 0.970874 0.771429
163 0.104540 0.970874 0.714286
164 0.104142 0.967638 0.742857
165 0.107370 0.964401 0.742857
166 0.103338 0.961165 0.742857
167 0.102052 0.964401 0.742857
168 0.104168 0.967638 0.742857
169 0.101605 0.970874 0.742857
170 0.109513 0.967638 0.714286
171 0.105012 0.974110 0.714286
172 0.112816 0.970874 0.685714
173 0.105418 0.967638 0.714286
174 0.105323 0.967638 0.714286
175 0.100655 0.974110 0.685714
176 0.108011 0.967638 0.742857
177 0.102540 0.967638 0.771429
178 0.107182 0.964401 0.742857
179 0.105707 0.961165 0.742857
180 0.105012 0.970874 0.685714
181 0.103093 0.967638 0.685714
182 0.102257 0.970874 0.714286
183 0.104325 0.967638 0.685714
184 0.098913 0.970874 0.685714
185 0.102052 0.964401 0.742857
186 0.106900 0.970874 0.742857
187 0.105615 0.967638 0.685714
188 0.102960 0.970874 0.714286
189 0.100375 0.964401 0.714286
190 0.103912 0.964401 0.714286
191 0.106740 0.970874 0.714286
192 0.120388 0.967638 0.742857
193 0.109439 0.964401 0.714286
194 0.101181 0.967638 0.714286
195 0.110013 0.970874 0.714286
196 0.103902 0.967638 0.685714
197 0.108216 0.967638 0.685714
198 0.098255 0.967638 0.714286
199 0.104957 0.964401 0.742857
200 0.095365 0.974110 0.714286
201 0.099202 0.970874 0.685714
202 0.100972 0.974110 0.685714
203 0.094888 0.970874 0.714286
204 0.097474 0.970874 0.685714
205 0.097409 0.967638 0.714286
206 0.094440 0.967638 0.685714
207 0.094511 0.964401 0.685714
208 0.095944 0.964401 0.685714
209 0.099075 0.967638 0.685714
210 0.091331 0.970874 0.685714
211 0.094468 0.974110 0.714286
212 0.094962 0.964401 0.685714
213 0.094200 0.967638 0.714286
214 0.099844 0.967638 0.714286
215 0.096106 0.970874 0.742857
216 0.091393 0.967638 0.742857
217 0.093197 0.970874 0.742857
218 0.100188 0.967638 0.742857
219 0.098154 0.967638 0.714286
220 0.097696 0.970874 0.742857
221 0.090415 0.970874 0.714286
222 0.096213 0.967638 0.742857
223 0.096238 0.970874 0.714286
224 0.090860 0.964401 0.742857
225 0.097245 0.967638 0.742857
226 0.096128 0.964401 0.714286
227 0.091070 0.964401 0.742857
228 0.098428 0.974110 0.742857
229 0.092932 0.974110 0.742857
230 0.090377 0.970874 0.742857
231 0.092860 0.964401 0.742857
232 0.093932 0.970874 0.742857
233 0.088647 0.967638 0.742857
234 0.089508 0.967638 0.742857
235 0.097669 0.974110 0.742857
236 0.091405 0.970874 0.742857
237 0.098240 0.964401 0.742857
238 0.093527 0.970874 0.742857
239 0.093546 0.974110 0.742857
240 0.095815 0.970874 0.742857
241 0.092189 0.967638 0.771429
242 0.091529 0.970874 0.742857
243 0.091325 0.970874 0.742857
244 0.096502 0.977346 0.714286
245 0.093872 0.967638 0.771429
246 0.095843 0.974110 0.714286
247 0.089677 0.970874 0.714286
248 0.100671 0.974110 0.742857
249 0.090391 0.970874 0.742857
250 0.095658 0.970874 0.742857
251 0.093252 0.970874 0.742857
252 0.089225 0.974110 0.742857
253 0.090068 0.974110 0.742857
254 0.089731 0.974110 0.742857
255 0.090832 0.970874 0.714286
256 0.086864 0.970874 0.742857
257 0.087600 0.974110 0.742857
258 0.089589 0.967638 0.742857
259 0.091341 0.970874 0.742857
260 0.089221 0.970874 0.742857
261 0.092171 0.970874 0.742857
262 0.092830 0.970874 0.742857
263 0.085851 0.974110 0.742857
264 0.086257 0.974110 0.742857
265 0.088951 0.967638 0.742857
266 0.088033 0.967638 0.714286
267 0.091430 0.974110 0.742857
268 0.091466 0.970874 0.742857
269 0.088096 0.977346 0.742857
270 0.089676 0.970874 0.742857
271 0.093032 0.970874 0.742857
272 0.090488 0.974110 0.714286
273 0.090326 0.970874 0.742857
274 0.090923 0.970874 0.742857
275 0.086756 0.977346 0.742857
276 0.093910 0.970874 0.742857
277 0.088882 0.974110 0.714286
278 0.089249 0.970874 0.742857
279 0.090530 0.970874 0.742857
280 0.086643 0.970874 0.742857
281 0.093223 0.974110 0.742857
282 0.085422 0.970874 0.742857
283 0.085384 0.970874 0.742857
284 0.085772 0.970874 0.742857
285 0.088687 0.967638 0.742857
286 0.084568 0.974110 0.742857
287 0.093687 0.967638 0.742857
288 0.086703 0.970874 0.742857
289 0.088651 0.967638 0.742857
290 0.088569 0.974110 0.742857
291 0.087899 0.970874 0.742857
292 0.088791 0.974110 0.742857
293 0.087135 0.970874 0.742857
294 0.087137 0.974110 0.742857
295 0.090063 0.970874 0.742857
296 0.090364 0.977346 0.742857
297 0.086401 0.974110 0.742857
298 0.089748 0.970874 0.742857
299 0.090957 0.970874 0.742857
300 0.084268 0.970874 0.742857
301 0.086725 0.970874 0.742857
302 0.082962 0.977346 0.742857
303 0.090901 0.970874 0.742857
304 0.086384 0.970874 0.742857
305 0.093330 0.974110 0.742857
306 0.090066 0.970874 0.742857
307 0.085072 0.967638 0.742857
308 0.086167 0.970874 0.742857
309 0.086332 0.970874 0.742857
310 0.089702 0.970874 0.742857
311 0.083756 0.970874 0.742857
312 0.085206 0.970874 0.742857
313 0.082348 0.970874 0.742857
314 0.086143 0.970874 0.742857
315 0.082353 0.970874 0.742857
316 0.089330 0.970874 0.742857
317 0.088701 0.970874 0.742857
318 0.082948 0.970874 0.742857
319 0.084219 0.974110 0.742857
320 0.085711 0.974110 0.742857
321 0.088183 0.970874 0.742857
322 0.084162 0.974110 0.742857
323 0.085637 0.974110 0.742857
324 0.083839 0.970874 0.742857
325 0.089362 0.970874 0.742857
326 0.088927 0.970874 0.742857
327 0.091595 0.970874 0.742857
328 0.087640 0.970874 0.742857
329 0.087445 0.974110 0.742857
330 0.087716 0.970874 0.742857
331 0.080571 0.970874 0.742857
332 0.083638 0.974110 0.742857
333 0.083816 0.970874 0.742857
334 0.088477 0.970874 0.742857
335 0.087496 0.970874 0.742857
336 0.086227 0.977346 0.742857
337 0.083365 0.974110 0.742857
338 0.082850 0.967638 0.742857
339 0.086350 0.970874 0.742857
340 0.089510 0.970874 0.742857
341 0.084640 0.970874 0.742857
342 0.086812 0.970874 0.742857
343 0.085804 0.970874 0.742857
344 0.085064 0.970874 0.742857
345 0.085277 0.970874 0.742857
346 0.084430 0.977346 0.742857
347 0.089718 0.970874 0.742857
348 0.086757 0.970874 0.742857
349 0.084120 0.970874 0.742857
350 0.087205 0.970874 0.742857
