1 3.919688 0.606921 0.622871
2 1.792499 0.645850 0.598540
3 1.216811 0.641795 0.639903
4 1.327364 0.688294 0.664234
5 1.231598 0.702352 0.671533
6 1.066013 0.635307 0.613139
7 0.957288 0.690998 0.647202
8 1.065035 0.682617 0.639903
9 0.988117 0.695053 0.661800
10 1.044860 0.682887 0.639903
11 0.758933 0.709651 0.644769
12 0.750110 0.666937 0.615572
13 0.705669 0.704785 0.656934
14 0.638097 0.713436 0.688564
15 0.698080 0.714247 0.686131
16 0.603145 0.665045 0.627737
17 0.654317 0.671803 0.632603
18 0.607725 0.721006 0.712895
19 0.591936 0.728035 0.656934
20 0.668657 0.682617 0.656934
21 0.648964 0.696134 0.649635
22 0.605988 0.712625 0.664234
23 0.608756 0.694242 0.659367
24 0.622174 0.724250 0.686131
25 0.579319 0.713436 0.673966
26 0.592963 0.701000 0.649635
27 0.604259 0.715058 0.698297
28 0.574747 0.708029 0.659367
29 0.582236 0.733441 0.688564
30 0.568222 0.720735 0.661800
31 0.573783 0.728305 0.683698
32 0.576956 0.736145 0.688564
33 0.661542 0.735875 0.673966
34 0.626804 0.720465 0.695864
35 0.607204 0.725602 0.676399
36 0.597076 0.716410 0.688564
37 0.576513 0.717491 0.690998
38 0.592989 0.725872 0.710462
39 0.558511 0.726953 0.710462
40 0.576077 0.729657 0.678832
41 0.586489 0.736956 0.698297
42 0.571975 0.734523 0.700730
43 0.577128 0.724250 0.686131
44 0.571963 0.731819 0.688564
45 0.568424 0.728575 0.693431
46 0.556960 0.731279 0.688564
47 0.570408 0.717221 0.671533
48 0.552913 0.717221 0.688564
49 0.575517 0.731549 0.693431
50 0.565662 0.738037 0.693431
51 0.557292 0.738848 0.688564
52 0.548919 0.732630 0.676399
53 0.565351 0.712895 0.683698
54 0.557498 0.732901 0.698297
55 0.582708 0.741281 0.686131
56 0.586565 0.720465 0.693431
57 0.575594 0.732090 0.698297
58 0.563803 0.721006 0.678832
59 0.550231 0.730738 0.688564
60 0.574592 0.701000 0.654501
61 0.535719 0.738037 0.681265
62 0.550482 0.735334 0.690998
63 0.559532 0.736956 0.688564
64 0.560655 0.725872 0.700730
65 0.557549 0.737497 0.690998
66 0.560956 0.737226 0.715328
67 0.548053 0.737497 0.712895
68 0.552847 0.730738 0.693431
69 0.559891 0.742363 0.703163
70 0.541090 0.736956 0.712895
71 0.558577 0.742633 0.703163
72 0.537545 0.733982 0.695864
73 0.553586 0.738578 0.690998
74 0.547068 0.737767 0.683698
75 0.567993 0.736956 0.715328
76 0.540221 0.747229 0.688564
77 0.560480 0.741011 0.727494
78 0.561010 0.733441 0.690998
79 0.561249 0.734253 0.703163
80 0.548110 0.739389 0.686131
81 0.532166 0.737767 0.708029
82 0.552030 0.743715 0.703163
83 0.543474 0.739659 0.700730
84 0.540222 0.747229 0.720195
85 0.554046 0.718302 0.673966
86 0.567995 0.717491 0.673966
87 0.545886 0.748851 0.722628
88 0.562840 0.732901 0.673966
89 0.549897 0.733441 0.698297
90 0.540648 0.738037 0.712895
91 0.551911 0.748581 0.705596
92 0.539711 0.734253 0.715328
93 0.557785 0.730738 0.698297
94 0.549609 0.737497 0.688564
95 0.547626 0.736415 0.673966
96 0.532887 0.759394 0.720195
97 0.546042 0.740741 0.700730
98 0.543383 0.705055 0.656934
99 0.553391 0.742633 0.727494
100 0.538599 0.748040 0.734793
101 0.530627 0.758854 0.744526
102 0.543648 0.756150 0.729927
103 0.528476 0.759394 0.729927
104 0.534508 0.754799 0.754258
105 0.520623 0.743985 0.708029
106 0.532125 0.758313 0.715328
107 0.521504 0.762909 0.746959
108 0.539433 0.763450 0.715328
109 0.525983 0.763720 0.717762
110 0.519010 0.759665 0.742092
111 0.522463 0.760746 0.737226
112 0.524800 0.761828 0.746959
113 0.529525 0.774263 0.729927
114 0.521043 0.762639 0.715328
115 0.525102 0.765342 0.746959
116 0.531255 0.771019 0.751825
117 0.519980 0.759935 0.715328
118 0.516349 0.766153 0.737226
119 0.532939 0.770208 0.739659
120 0.519077 0.750743 0.715328
121 0.520367 0.772912 0.746959
122 0.500312 0.761557 0.720195
123 0.530347 0.755880 0.737226
124 0.523611 0.769127 0.725061
125 0.525352 0.759665 0.727494
126 0.514305 0.767234 0.754258
127 0.510382 0.775345 0.754258
128 0.529175 0.778048 0.737226
129 0.512733 0.776156 0.756691
130 0.513479 0.763720 0.739659
131 0.529942 0.766153 0.746959
132 0.514868 0.772371 0.734793
133 0.524033 0.778318 0.732360
134 0.521067 0.761828 0.742092
135 0.505231 0.777237 0.742092
136 0.502955 0.772641 0.742092
137 0.509365 0.775615 0.742092
138 0.512257 0.780481 0.746959
139 0.503925 0.775074 0.727494
140 0.508166 0.773452 0.749392
141 0.513002 0.772101 0.751825
142 0.507230 0.781022 0.734793
143 0.498106 0.781292 0.756691
144 0.501844 0.780752 0.725061
145 0.504696 0.762368 0.722628
146 0.499977 0.771290 0.737226
147 0.503928 0.771560 0.729927
148 0.500762 0.762368 0.712895
149 0.503015 0.768856 0.742092
150 0.490038 0.784266 0.734793
151 0.481396 0.791836 0.749392
152 0.485133 0.773723 0.734793
153 0.488972 0.789132 0.744526
154 0.488418 0.795080 0.746959
155 0.494096 0.792106 0.742092
156 0.481246 0.798054 0.754258
157 0.483694 0.790754 0.754258
158 0.464025 0.791295 0.744526
159 0.486107 0.794539 0.751825
160 0.482678 0.793998 0.744526
161 0.484763 0.783185 0.720195
162 0.468164 0.796431 0.749392
163 0.474525 0.788592 0.756691
164 0.483566 0.801027 0.732360
165 0.467617 0.798324 0.734793
166 0.484342 0.798324 0.720195
167 0.462933 0.798324 0.727494
168 0.472761 0.795891 0.722628
169 0.464171 0.792647 0.739659
170 0.460594 0.800757 0.754258
171 0.456843 0.803460 0.732360
172 0.466527 0.801298 0.742092
173 0.470103 0.792376 0.742092
174 0.466468 0.795620 0.729927
175 0.467297 0.796702 0.729927
176 0.473119 0.806434 0.756691
177 0.474529 0.804542 0.737226
178 0.449723 0.809949 0.734793
179 0.466684 0.801568 0.727494
180 0.465164 0.805082 0.734793
181 0.472738 0.791565 0.744526
182 0.455199 0.805893 0.737226
183 0.453623 0.801568 0.742092
184 0.463844 0.801838 0.737226
185 0.452382 0.811300 0.739659
186 0.464837 0.804812 0.734793
187 0.449788 0.791295 0.722628
188 0.446895 0.801027 0.734793
189 0.469002 0.808597 0.742092
190 0.445496 0.811300 0.759124
191 0.452710 0.812922 0.732360
192 0.448339 0.817789 0.751825
193 0.452527 0.804812 0.725061
194 0.430053 0.822925 0.744526
195 0.444755 0.814004 0.742092
196 0.444222 0.809949 0.742092
197 0.463759 0.813733 0.717762
198 0.447419 0.806434 0.734793
199 0.457203 0.821844 0.720195
200 0.440915 0.816167 0.729927
201 0.429773 0.827251 0.725061
202 0.444923 0.826710 0.729927
203 0.431768 0.835902 0.729927
204 0.425945 0.826169 0.729927
205 0.428350 0.832387 0.727494
206 0.426731 0.829413 0.734793
207 0.432995 0.824818 0.739659
208 0.429367 0.823195 0.734793
209 0.421829 0.834820 0.744526
210 0.435532 0.829954 0.742092
211 0.423578 0.831306 0.742092
212 0.414749 0.829954 0.722628
213 0.417114 0.838605 0.732360
214 0.420288 0.831846 0.744526
215 0.419084 0.834280 0.725061
216 0.415728 0.843471 0.729927
217 0.417507 0.841849 0.737226
218 0.411129 0.840497 0.739659
219 0.417105 0.843201 0.727494
220 0.424578 0.833469 0.737226
221 0.420142 0.837253 0.698297
222 0.410867 0.835902 0.727494
223 0.412128 0.841579 0.722628
224 0.413316 0.838335 0.732360
225 0.420413 0.848608 0.734793
226 0.413051 0.841849 0.734793
227 0.419051 0.844553 0.729927
228 0.416946 0.841849 0.732360
229 0.425822 0.846986 0.739659
230 0.407462 0.838064 0.734793
231 0.413092 0.844823 0.742092
232 0.403256 0.844282 0.722628
233 0.412545 0.847256 0.749392
234 0.408902 0.846445 0.734793
235 0.411451 0.846445 0.739659
236 0.411214 0.839416 0.725061
237 0.409671 0.846445 0.742092
238 0.408337 0.847256 0.751825
239 0.403999 0.851311 0.744526
240 0.396893 0.849148 0.746959
241 0.399919 0.857259 0.729927
242 0.402541 0.850230 0.742092
243 0.405792 0.846986 0.734793
244 0.398453 0.849419 0.722628
245 0.410821 0.849689 0.742092
246 0.400197 0.853204 0.725061
247 0.408064 0.852393 0.737226
248 0.405592 0.851041 0.727494
249 0.393044 0.849959 0.759124
250 0.396801 0.855096 0.737226
251 0.392485 0.855366 0.749392
252 0.384512 0.861044 0.732360
253 0.385955 0.858881 0.742092
254 0.378237 0.855907 0.744526
255 0.393820 0.858610 0.739659
256 0.383794 0.855366 0.744526
257 0.375525 0.857259 0.746959
258 0.385161 0.856718 0.746959
259 0.380752 0.860232 0.749392
260 0.393224 0.862936 0.749392
261 0.394918 0.864017 0.742092
262 0.382938 0.863747 0.746959
263 0.382815 0.861855 0.749392
264 0.379615 0.866721 0.746959
265 0.386675 0.865099 0.746959
266 0.389887 0.866180 0.742092
267 0.379095 0.864828 0.746959
268 0.383596 0.865639 0.739659
269 0.377036 0.864558 0.734793
270 0.384740 0.866721 0.744526
271 0.374169 0.867802 0.749392
272 0.392213 0.864017 0.744526
273 0.389389 0.861855 0.737226
274 0.383271 0.865910 0.749392
275 0.376241 0.868072 0.744526
276 0.383672 0.862936 0.744526
277 0.385306 0.859421 0.751825
278 0.374996 0.870776 0.742092
279 0.378612 0.866180 0.742092
280 0.374886 0.863477 0.742092
281 0.359564 0.870776 0.744526
282 0.371441 0.867532 0.746959
283 0.362971 0.866991 0.737226
284 0.377861 0.866450 0.739659
285 0.383824 0.864017 0.759124
286 0.362245 0.867261 0.742092
287 0.364546 0.872668 0.749392
288 0.373259 0.867532 0.754258
289 0.361474 0.869965 0.756691
290 0.364337 0.872128 0.761557
291 0.367462 0.869154 0.751825
292 0.381254 0.867261 0.759124
293 0.378422 0.871046 0.742092
294 0.375248 0.871587 0.744526
295 0.371379 0.867802 0.746959
296 0.383533 0.868883 0.744526
297 0.365151 0.873209 0.739659
298 0.373581 0.868343 0.742092
299 0.383587 0.873209 0.751825
300 0.374881 0.875372 0.756691
301 0.359873 0.874831 0.746959
302 0.373812 0.875912 0.746959
303 0.364306 0.873209 0.754258
304 0.366835 0.878886 0.761557
305 0.355538 0.875372 0.759124
306 0.362277 0.872939 0.754258
307 0.358374 0.879157 0.761557
308 0.356093 0.878345 0.749392
309 0.361819 0.877264 0.759124
310 0.356554 0.879968 0.759124
311 0.371653 0.878886 0.756691
312 0.372567 0.879157 0.756691
313 0.364203 0.882941 0.756691
314 0.357457 0.878345 0.749392
315 0.361996 0.877534 0.754258
316 0.354593 0.879697 0.751825
317 0.365999 0.875101 0.759124
318 0.357192 0.878886 0.759124
319 0.361676 0.878075 0.751825
320 0.360620 0.874561 0.763990
321 0.362247 0.878886 0.763990
322 0.366415 0.879427 0.746959
323 0.360441 0.876183 0.761557
324 0.365103 0.876453 0.776156
325 0.366483 0.875101 0.749392
326 0.355375 0.876723 0.751825
327 0.362342 0.879968 0.773723
328 0.367142 0.875642 0.756691
329 0.366616 0.879697 0.754258
330 0.357683 0.875642 0.756691
331 0.361042 0.875642 0.759124
332 0.367284 0.880238 0.754258
333 0.359061 0.879157 0.751825
334 0.358818 0.879697 0.749392
335 0.356223 0.878886 0.756691
336 0.363910 0.882941 0.749392
337 0.356502 0.873209 0.768856
338 0.367701 0.876723 0.766423
339 0.361629 0.881590 0.759124
340 0.354604 0.882671 0.754258
341 0.363527 0.882401 0.766423
342 0.349904 0.880238 0.766423
343 0.351887 0.879697 0.761557
344 0.348475 0.882671 0.751825
345 0.361919 0.879968 0.763990
346 0.357947 0.878616 0.763990
347 0.358370 0.882401 0.749392
348 0.360443 0.879697 0.766423
349 0.365781 0.879697 0.754258
350 0.357448 0.882941 0.766423
