1 3.652618 0.693548 0.352941
2 1.797421 0.754839 0.441176
3 1.256119 0.748387 0.411765
4 1.035735 0.748387 0.588235
5 0.890616 0.609677 0.441176
6 0.669954 0.735484 0.441176
7 0.847859 0.780645 0.441176
8 0.851692 0.748387 0.500000
9 0.592732 0.693548 0.441176
10 0.624482 0.796774 0.588235
11 0.542866 0.754839 0.529412
12 0.661113 0.819355 0.588235
13 0.449755 0.822581 0.470588
14 0.409189 0.841935 0.500000
15 0.487451 0.848387 0.588235
16 0.441197 0.822581 0.500000
17 0.424191 0.835484 0.470588
18 0.408202 0.809677 0.529412
19 0.368494 0.848387 0.617647
20 0.398795 0.877419 0.558824
21 0.374640 0.887097 0.617647
22 0.333445 0.829032 0.558824
23 0.276247 0.864516 0.617647
24 0.335575 0.841935 0.500000
25 0.397294 0.890323 0.558824
26 0.313694 0.829032 0.588235
27 0.335365 0.880645 0.558824
28 0.318275 0.919355 0.588235
29 0.302463 0.858065 0.500000
30 0.265832 0.912903 0.529412
31 0.335326 0.906452 0.588235
32 0.363444 0.890323 0.529412
33 0.253510 0.922581 0.617647
34 0.252192 0.870968 0.558824
35 0.280909 0.867742 0.470588
36 0.263380 0.948387 0.500000
37 0.209492 0.938710 0.529412
38 0.205833 0.961290 0.529412
39 0.228376 0.906452 0.558824
40 0.281497 0.912903 0.588235
41 0.225369 0.941935 0.558824
42 0.214415 0.945161 0.588235
43 0.267114 0.854839 0.470588
44 0.246687 0.941935 0.617647
45 0.231758 0.938710 0.529412
46 0.245198 0.909677 0.617647
47 0.277337 0.919355 0.588235
48 0.211095 0.938710 0.529412
49 0.169776 0.964516 0.588235
50 0.159530 0.967742 0.588235
51 0.151595 0.970968 0.558824
52 0.143116 0.974194 0.558824
53 0.156197 0.974194 0.558824
54 0.146466 0.967742 0.588235
55 0.137272 0.974194 0.529412
56 0.160117 0.961290 0.529412
57 0.133894 0.967742 0.529412
58 0.137607 0.974194 0.529412
59 0.135301 0.977419 0.558824
60 0.129040 0.977419 0.529412
61 0.140207 0.970968 0.500000
62 0.141709 0.967742 0.588235
63 0.135375 0.967742 0.588235
64 0.141646 0.977419 0.588235
65 0.129937 0.974194 0.588235
66 0.136649 0.970968 0.529412
67 0.147827 0.954839 0.529412
68 0.140852 0.970968 0.558824
69 0.132810 0.970968 0.588235
70 0.153529 0.951613 0.529412
71 0.242776 0.945161 0.617647
72 0.183076 0.967742 0.558824
73 0.153348 0.935484 0.500000
74 0.175344 0.954839 0.588235
75 0.154020 0.977419 0.588235
76 0.129316 0.974194 0.529412
77 0.135299 0.974194 0.558824
78 0.142849 0.974194 0.500000
79 0.142952 0.970968 0.529412
80 0.167331 0.958065 0.558824
81 0.152212 0.951613 0.529412
82 0.149003 0.977419 0.529412
83 0.121931 0.958065 0.529412
84 0.147330 0.964516 0.529412
85 0.164567 0.974194 0.529412
86 0.134822 0.980645 0.529412
87 0.196607 0.929032 0.647059
88 0.172902 0.958065 0.500000
89 0.178079 0.970968 0.529412
90 0.140455 0.977419 0.558824
91 0.137514 0.974194 0.617647
92 0.121635 0.967742 0.529412
93 0.123521 0.974194 0.529412
94 0.129625 0.977419 0.588235
95 0.129607 0.980645 0.558824
96 0.122548 0.980645 0.588235
97 0.119933 0.980645 0.558824
98 0.118433 0.970968 0.529412
99 0.128860 0.974194 0.558824
100 0.114939 0.980645 0.529412
101 0.104451 0.970968 0.588235
102 0.097509 0.980645 0.529412
103 0.101374 0.983871 0.529412
104 0.094202 0.980645 0.558824
105 0.096048 0.980645 0.558824
106 0.111100 0.977419 0.617647
107 0.095786 0.983871 0.529412
108 0.105854 0.977419 0.558824
109 0.100211 0.987097 0.588235
110 0.102234 0.974194 0.529412
111 0.099544 0.983871 0.558824
112 0.101044 0.974194 0.529412
113 0.090372 0.974194 0.529412
114 0.110138 0.974194 0.558824
115 0.097365 0.983871 0.529412
116 0.094327 0.977419 0.558824
117 0.086071 0.980645 0.558824
118 0.092937 0.987097 0.558824
119 0.092984 0.977419 0.588235
120 0.094103 0.980645 0.558824
121 0.097423 0.980645 0.529412
122 0.102432 0.980645 0.529412
123 0.096152 0.980645 0.529412
124 0.096559 0.983871 0.529412
125 0.117690 0.964516 0.529412
126 0.195543 0.958065 0.647059
127 0.142250 0.980645 0.617647
128 0.109207 0.977419 0.588235
129 0.105264 0.974194 0.588235
130 0.099931 0.983871 0.558824
131 0.100205 0.980645 0.558824
132 0.102354 0.987097 0.558824
133 0.103170 0.983871 0.558824
134 0.095375 0.974194 0.529412
135 0.093586 0.980645 0.558824
136 0.094924 0.980645 0.529412
137 0.103115 0.977419 0.529412
138 0.096942 0.983871 0.529412
139 0.104389 0.980645 0.588235
140 0.102160 0.977419 0.558824
141 0.097652 0.980645 0.529412
142 0.095837 0.977419 0.588235
143 0.091482 0.983871 0.588235
144 0.097399 0.977419 0.558824
145 0.100824 0.983871 0.558824
146 0.095168 0.977419 0.529412
147 0.092291 0.983871 0.529412
148 0.088868 0.983871 0.558824
149 0.092713 0.983871 0.500000
150 0.092137 0.974194 0.500000
151 0.086054 0.983871 0.558824
152 0.081490 0.980645 0.529412
153 0.079095 0.977419 0.529412
154 0.083287 0.983871 0.529412
155 0.080461 0.983871 0.529412
156 0.079580 0.983871 0.558824
157 0.079197 0.980645 0.529412
158 0.077733 0.970968 0.558824
159 0.081640 0.987097 0.529412
160 0.081213 0.983871 0.558824
161 0.084590 0.974194 0.529412
162 0.077154 0.983871 0.529412
163 0.080540 0.980645 0.529412
164 0.079433 0.977419 0.529412
165 0.077480 0.974194 0.558824
166 0.076068 0.980645 0.558824
167 0.084183 0.983871 0.558824
168 0.077409 0.983871 0.529412
169 0.080795 0.980645 0.500000
170 0.075151 0.980645 0.529412
171 0.076044 0.980645 0.529412
172 0.082893 0.983871 0.529412
173 0.075559 0.980645 0.529412
174 0.077331 0.980645 0.529412
175 0.081547 0.983871 0.529412
176 0.085613 0.977419 0.529412
177 0.082282 0.983871 0.500000
178 0.076456 0.977419 0.529412
179 0.078118 0.983871 0.529412
180 0.085093 0.983871 0.558824
181 0.078144 0.980645 0.558824
182 0.074852 0.983871 0.529412
183 0.075089 0.977419 0.529412
184 0.084958 0.983871 0.558824
185 0.080999 0.983871 0.529412
186 0.082508 0.980645 0.558824
187 0.089497 0.983871 0.558824
188 0.081868 0.977419 0.558824
189 0.089930 0.980645 0.529412
190 0.079400 0.980645 0.558824
191 0.081112 0.977419 0.588235
192 0.082165 0.974194 0.558824
193 0.074220 0.983871 0.500000
194 0.079228 0.983871 0.500000
195 0.092673 0.987097 0.529412
196 0.071820 0.977419 0.529412
197 0.082763 0.980645 0.558824
198 0.077424 0.977419 0.558824
199 0.079951 0.977419 0.529412
200 0.069051 0.977419 0.529412
201 0.071063 0.983871 0.558824
202 0.077665 0.980645 0.558824
203 0.071270 0.980645 0.529412
204 0.072975 0.980645 0.500000
205 0.072161 0.983871 0.529412
206 0.073617 0.980645 0.529412
207 0.070159 0.977419 0.529412
208 0.073742 0.977419 0.529412
209 0.076182 0.980645 0.529412
210 0.069431 0.977419 0.558824
211 0.074321 0.980645 0.558824
212 0.075325 0.980645 0.558824
213 0.071275 0.983871 0.558824
214 0.074802 0.980645 0.500000
215 0.075497 0.977419 0.500000
216 0.070875 0.987097 0.558824
217 0.070699 0.980645 0.529412
218 0.072763 0.980645 0.529412
219 0.076989 0.980645 0.558824
220 0.072864 0.980645 0.529412
221 0.068058 0.980645 0.529412
222 0.071504 0.977419 0.529412
223 0.072312 0.980645 0.529412
224 0.073343 0.983871 0.558824
225 0.073486 0.983871 0.558824
226 0.072011 0.983871 0.558824
227 0.070462 0.980645 0.529412
228 0.074778 0.980645 0.558824
229 0.069682 0.983871 0.529412
230 0.070359 0.987097 0.558824
231 0.076395 0.980645 0.558824
232 0.079395 0.977419 0.558824
233 0.069393 0.983871 0.558824
234 0.086491 0.983871 0.617647
235 0.079863 0.980645 0.500000
236 0.072469 0.977419 0.500000
237 0.072143 0.983871 0.529412
238 0.071548 0.983871 0.500000
239 0.072043 0.980645 0.529412
240 0.077993 0.980645 0.500000
241 0.068135 0.983871 0.500000
242 0.068563 0.983871 0.500000
243 0.067083 0.983871 0.500000
244 0.074120 0.983871 0.500000
245 0.069144 0.983871 0.500000
246 0.069470 0.974194 0.500000
247 0.068307 0.983871 0.500000
248 0.072671 0.980645 0.529412
249 0.069644 0.977419 0.529412
250 0.072376 0.980645 0.500000
251 0.067989 0.983871 0.500000
252 0.063426 0.983871 0.529412
253 0.070061 0.980645 0.500000
254 0.068392 0.980645 0.500000
255 0.062252 0.983871 0.500000
256 0.065973 0.983871 0.500000
257 0.064847 0.980645 0.529412
258 0.071637 0.980645 0.529412
259 0.071262 0.980645 0.529412
260 0.068972 0.983871 0.500000
261 0.068349 0.983871 0.529412
262 0.068013 0.983871 0.500000
263 0.064369 0.983871 0.500000
264 0.064078 0.983871 0.500000
265 0.068514 0.980645 0.500000
266 0.067944 0.980645 0.500000
267 0.067777 0.980645 0.529412
268 0.065949 0.983871 0.529412
269 0.068936 0.983871 0.500000
270 0.062418 0.980645 0.529412
271 0.064736 0.983871 0.529412
272 0.069273 0.980645 0.500000
273 0.069774 0.983871 0.500000
274 0.070896 0.983871 0.529412
275 0.068263 0.983871 0.500000
276 0.064918 0.980645 0.529412
277 0.070795 0.983871 0.500000
278 0.067137 0.980645 0.500000
279 0.067630 0.983871 0.500000
280 0.064325 0.980645 0.500000
281 0.070506 0.980645 0.500000
282 0.065625 0.983871 0.558824
283 0.066445 0.983871 0.529412
284 0.068003 0.980645 0.529412
285 0.066971 0.983871 0.529412
286 0.065677 0.983871 0.529412
287 0.066885 0.983871 0.500000
288 0.063313 0.980645 0.500000
289 0.067811 0.983871 0.500000
290 0.066789 0.980645 0.529412
291 0.065605 0.980645 0.558824
292 0.067098 0.983871 0.500000
293 0.063604 0.983871 0.500000
294 0.066907 0.983871 0.558824
295 0.066101 0.983871 0.500000
296 0.066690 0.977419 0.500000
297 0.067437 0.980645 0.558824
298 0.069659 0.980645 0.529412
299 0.066354 0.983871 0.558824
300 0.065419 0.980645 0.558824
301 0.062559 0.983871 0.500000
302 0.070453 0.983871 0.529412
303 0.064835 0.983871 0.558824
304 0.061236 0.983871 0.529412
305 0.063269 0.980645 0.558824
306 0.063671 0.980645 0.529412
307 0.066934 0.983871 0.529412
308 0.066573 0.980645 0.529412
309 0.064401 0.983871 0.529412
310 0.063802 0.983871 0.529412
311 0.066673 0.980645 0.529412
312 0.067685 0.980645 0.529412
313 0.065135 0.980645 0.529412
314 0.061245 0.983871 0.529412
315 0.065282 0.983871 0.529412
316 0.064436 0.980645 0.529412
317 0.063543 0.983871 0.529412
318 0.063077 0.983871 0.558824
319 0.067213 0.980645 0.558824
320 0.062690 0.980645 0.529412
321 0.066372 0.983871 0.529412
322 0.065299 0.980645 0.500000
323 0.063065 0.980645 0.500000
324 0.062448 0.983871 0.529412
325 0.063475 0.983871 0.529412
326 0.063773 0.983871 0.529412
327 0.068554 0.980645 0.529412
328 0.063574 0.983871 0.529412
329 0.065300 0.983871 0.529412
330 0.062955 0.983871 0.529412
331 0.065285 0.983871 0.529412
332 0.063867 0.980645 0.529412
333 0.067378 0.983871 0.529412
334 0.064065 0.983871 0.529412
335 0.063653 0.980645 0.500000
336 0.063415 0.983871 0.529412
337 0.063730 0.983871 0.529412
338 0.064899 0.980645 0.529412
339 0.064662 0.980645 0.529412
340 0.066453 0.980645 0.529412
341 0.064175 0.987097 0.529412
342 0.063910 0.980645 0.529412
343 0.064686 0.980645 0.529412
344 0.061895 0.980645 0.558824
345 0.065700 0.980645 0.529412
346 0.066148 0.980645 0.558824
347 0.069454 0.983871 0.500000
348 0.066773 0.980645 0.500000
349 0.062306 0.983871 0.500000
350 0.067717 0.980645 0.500000
