1 2.002819 0.828402 0.736842
2 0.768497 0.579882 0.526316
3 0.632998 0.769231 0.789474
4 0.557284 0.757396 0.842105
5 0.389381 0.875740 0.789474
6 0.403156 0.899408 0.789474
7 0.417861 0.863905 0.789474
8 0.381534 0.881657 0.842105
9 0.322073 0.923077 0.789474
10 0.364885 0.834320 0.789474
11 0.339506 0.911243 0.789474
12 0.309408 0.786982 0.789474
13 0.308238 0.917160 0.789474
14 0.253577 0.828402 0.789474
15 0.312796 0.893491 0.789474
16 0.287222 0.875740 0.789474
17 0.248168 0.940828 0.789474
18 0.232951 0.940828 0.842105
19 0.238951 0.893491 0.842105
20 0.267772 0.940828 0.842105
21 0.249882 0.911243 0.789474
22 0.230608 0.899408 0.789474
23 0.206997 0.952663 0.894737
24 0.225589 0.940828 0.842105
25 0.238355 0.917160 0.789474
26 0.221079 0.952663 0.842105
27 0.206803 0.917160 0.842105
28 0.247430 0.917160 0.789474
29 0.222111 0.923077 0.736842
30 0.207719 0.911243 0.789474
31 0.212525 0.946746 0.842105
32 0.199749 0.917160 0.789474
33 0.215307 0.928994 0.789474
34 0.193956 0.958580 0.842105
35 0.208006 0.934911 0.789474
36 0.205779 0.934911 0.842105
37 0.195675 0.964497 0.789474
38 0.191931 0.905325 0.789474
39 0.192925 0.940828 0.842105
40 0.207270 0.905325 0.789474
41 0.200280 0.964497 0.894737
42 0.211289 0.952663 0.842105
43 0.191530 0.952663 0.842105
44 0.186786 0.917160 0.789474
45 0.176013 0.917160 0.789474
46 0.195324 0.928994 0.842105
47 0.181619 0.923077 0.789474
48 0.180112 0.958580 0.894737
49 0.190177 0.964497 0.789474
50 0.167176 0.934911 0.789474
51 0.164115 0.928994 0.789474
52 0.165287 0.940828 0.842105
53 0.174604 0.970414 0.842105
54 0.171897 0.964497 0.842105
55 0.168457 0.940828 0.789474
56 0.170302 0.928994 0.789474
57 0.162293 0.958580 0.894737
58 0.167742 0.923077 0.842105
59 0.166202 0.917160 0.789474
60 0.168440 0.946746 0.736842
61 0.173605 0.940828 0.842105
62 0.164531 0.928994 0.789474
63 0.163455 0.952663 0.842105
64 0.172537 0.964497 0.894737
65 0.155979 0.934911 0.842105
66 0.163197 0.917160 0.789474
67 0.164741 0.964497 0.894737
68 0.152150 0.964497 0.842105
69 0.166518 0.946746 0.842105
70 0.174736 0.964497 0.894737
71 0.176743 0.964497 0.842105
72 0.169402 0.934911 0.842105
73 0.167519 0.934911 0.789474
74 0.165580 0.940828 0.842105
75 0.164614 0.928994 0.894737
76 0.168979 0.958580 0.894737
77 0.161865 0.923077 0.842105
78 0.161826 0.934911 0.842105
79 0.168906 0.934911 0.789474
80 0.169495 0.934911 0.736842
81 0.166427 0.923077 0.789474
82 0.167112 0.958580 0.842105
83 0.169935 0.946746 0.789474
84 0.163641 0.958580 0.842105
85 0.162692 0.946746 0.842105
86 0.161348 0.964497 0.842105
87 0.156289 0.964497 0.894737
88 0.160166 0.946746 0.789474
89 0.161524 0.917160 0.789474
90 0.153617 0.964497 0.894737
91 0.162936 0.928994 0.736842
92 0.168737 0.917160 0.789474
93 0.169291 0.958580 0.842105
94 0.168251 0.917160 0.789474
95 0.161056 0.958580 0.789474
96 0.167878 0.952663 0.842105
97 0.163184 0.923077 0.789474
98 0.154871 0.958580 0.842105
99 0.165029 0.952663 0.789474
100 0.154454 0.934911 0.789474
101 0.155081 0.946746 0.789474
102 0.148004 0.934911 0.736842
103 0.155563 0.952663 0.736842
104 0.157006 0.958580 0.789474
105 0.153820 0.952663 0.789474
106 0.149330 0.964497 0.789474
107 0.148869 0.958580 0.842105
108 0.146095 0.952663 0.736842
109 0.153245 0.952663 0.842105
110 0.147717 0.946746 0.736842
111 0.150293 0.964497 0.842105
112 0.154037 0.923077 0.789474
113 0.142488 0.952663 0.842105
114 0.142705 0.946746 0.736842
115 0.147501 0.946746 0.736842
116 0.149324 0.952663 0.789474
117 0.146607 0.952663 0.789474
118 0.156664 0.928994 0.736842
119 0.153698 0.946746 0.789474
120 0.155040 0.946746 0.736842
121 0.153000 0.964497 0.789474
122 0.153677 0.946746 0.842105
123 0.153618 0.952663 0.736842
124 0.150884 0.952663 0.736842
125 0.147888 0.964497 0.789474
126 0.146001 0.964497 0.842105
127 0.152150 0.952663 0.789474
128 0.154692 0.952663 0.736842
129 0.146648 0.958580 0.789474
130 0.148843 0.923077 0.789474
131 0.146586 0.940828 0.842105
132 0.147204 0.928994 0.736842
133 0.156397 0.940828 0.789474
134 0.154433 0.940828 0.736842
135 0.153790 0.928994 0.789474
136 0.156955 0.970414 0.789474
137 0.150406 0.928994 0.789474
138 0.142192 0.964497 0.789474
139 0.153603 0.964497 0.842105
140 0.152575 0.952663 0.894737
141 0.153226 0.958580 0.736842
142 0.154893 0.952663 0.736842
143 0.155343 0.952663 0.736842
144 0.140927 0.940828 0.736842
145 0.153120 0.940828 0.789474
146 0.150355 0.970414 0.789474
147 0.147776 0.946746 0.736842
148 0.151610 0.958580 0.842105
149 0.156144 0.952663 0.736842
150 0.147296 0.946746 0.736842
151 0.144545 0.952663 0.789474
152 0.143008 0.964497 0.842105
153 0.143695 0.946746 0.736842
154 0.140404 0.952663 0.789474
155 0.137572 0.952663 0.736842
156 0.139192 0.958580 0.789474
157 0.146897 0.952663 0.789474
158 0.136332 0.952663 0.789474
159 0.142440 0.946746 0.736842
160 0.135015 0.952663 0.789474
161 0.140468 0.958580 0.736842
162 0.145284 0.952663 0.736842
163 0.146462 0.952663 0.736842
164 0.153009 0.946746 0.736842
165 0.138192 0.946746 0.736842
166 0.139206 0.952663 0.842105
167 0.140529 0.946746 0.736842
168 0.143047 0.952663 0.789474
169 0.140031 0.952663 0.789474
170 0.146017 0.952663 0.736842
171 0.149106 0.952663 0.789474
172 0.152673 0.952663 0.789474
173 0.145452 0.952663 0.736842
174 0.138878 0.946746 0.736842
175 0.150848 0.952663 0.736842
176 0.143679 0.946746 0.789474
177 0.147323 0.952663 0.842105
178 0.139921 0.952663 0.789474
179 0.140183 0.946746 0.789474
180 0.142346 0.970414 0.789474
181 0.141889 0.952663 0.789474
182 0.142866 0.952663 0.736842
183 0.139943 0.952663 0.842105
184 0.135810 0.952663 0.736842
185 0.145324 0.964497 0.789474
186 0.139351 0.946746 0.736842
187 0.142103 0.958580 0.736842
188 0.141129 0.946746 0.736842
189 0.139061 0.928994 0.789474
190 0.140975 0.940828 0.736842
191 0.134800 0.958580 0.789474
192 0.152506 0.946746 0.736842
193 0.137086 0.952663 0.789474
194 0.136494 0.952663 0.736842
195 0.148208 0.946746 0.736842
196 0.139514 0.946746 0.736842
197 0.141493 0.952663 0.736842
198 0.144355 0.964497 0.789474
199 0.137635 0.958580 0.789474
200 0.134358 0.952663 0.736842
201 0.139627 0.946746 0.789474
202 0.141608 0.952663 0.736842
203 0.138623 0.952663 0.789474
204 0.138647 0.946746 0.736842
205 0.134053 0.958580 0.736842
206 0.140173 0.952663 0.736842
207 0.141174 0.946746 0.789474
208 0.129590 0.952663 0.736842
209 0.140279 0.952663 0.736842
210 0.140793 0.952663 0.736842
211 0.138738 0.952663 0.736842
212 0.141243 0.952663 0.789474
213 0.139238 0.952663 0.736842
214 0.133107 0.952663 0.842105
215 0.139655 0.952663 0.736842
216 0.133618 0.952663 0.736842
217 0.139985 0.952663 0.736842
218 0.137324 0.952663 0.842105
219 0.143478 0.964497 0.736842
220 0.145867 0.958580 0.736842
221 0.138764 0.952663 0.789474
222 0.134681 0.952663 0.789474
223 0.140944 0.952663 0.789474
224 0.138294 0.952663 0.789474
225 0.137229 0.952663 0.736842
226 0.144773 0.952663 0.736842
227 0.133752 0.946746 0.736842
228 0.140355 0.952663 0.789474
229 0.138635 0.958580 0.736842
230 0.139206 0.952663 0.736842
231 0.137215 0.952663 0.842105
232 0.132910 0.958580 0.789474
233 0.140231 0.952663 0.789474
234 0.134736 0.946746 0.789474
235 0.143381 0.952663 0.789474
236 0.135230 0.958580 0.736842
237 0.142343 0.946746 0.789474
238 0.140723 0.952663 0.736842
239 0.139549 0.958580 0.789474
240 0.142567 0.952663 0.736842
241 0.136632 0.952663 0.789474
242 0.134686 0.964497 0.736842
243 0.136035 0.952663 0.842105
244 0.135662 0.958580 0.736842
245 0.132303 0.946746 0.736842
246 0.141371 0.946746 0.736842
247 0.137540 0.946746 0.736842
248 0.138710 0.952663 0.736842
249 0.138534 0.958580 0.842105
250 0.139318 0.964497 0.736842
251 0.138452 0.952663 0.736842
252 0.131348 0.958580 0.736842
253 0.133333 0.964497 0.736842
254 0.144401 0.952663 0.736842
255 0.131786 0.952663 0.789474
256 0.137282 0.952663 0.736842
257 0.133551 0.958580 0.736842
258 0.142337 0.952663 0.789474
259 0.140452 0.952663 0.736842
260 0.139465 0.952663 0.736842
261 0.134983 0.952663 0.736842
262 0.135941 0.952663 0.736842
263 0.136852 0.946746 0.736842
264 0.132539 0.952663 0.736842
265 0.139904 0.952663 0.736842
266 0.140229 0.952663 0.736842
267 0.139001 0.946746 0.736842
268 0.134618 0.952663 0.789474
269 0.131860 0.958580 0.736842
270 0.130620 0.952663 0.736842
271 0.137764 0.946746 0.736842
272 0.137438 0.952663 0.789474
273 0.135429 0.952663 0.789474
274 0.137229 0.958580 0.736842
275 0.123337 0.952663 0.736842
276 0.133281 0.958580 0.789474
277 0.136164 0.952663 0.736842
278 0.130186 0.958580 0.736842
279 0.133374 0.952663 0.736842
280 0.140550 0.952663 0.736842
281 0.132184 0.952663 0.789474
282 0.144715 0.946746 0.736842
283 0.134213 0.952663 0.842105
284 0.127441 0.946746 0.736842
285 0.144091 0.952663 0.736842
286 0.134546 0.946746 0.736842
287 0.136840 0.952663 0.736842
288 0.132345 0.952663 0.789474
289 0.137402 0.952663 0.789474
290 0.138573 0.952663 0.736842
291 0.140502 0.952663 0.789474
292 0.135912 0.952663 0.789474
293 0.138468 0.952663 0.736842
294 0.140235 0.952663 0.736842
295 0.131643 0.964497 0.736842
296 0.133903 0.946746 0.736842
297 0.132130 0.952663 0.789474
298 0.133580 0.952663 0.736842
299 0.136439 0.952663 0.789474
300 0.134342 0.952663 0.736842
301 0.134883 0.952663 0.736842
302 0.137127 0.952663 0.789474
303 0.128478 0.946746 0.736842
304 0.134364 0.946746 0.736842
305 0.143027 0.952663 0.736842
306 0.138808 0.946746 0.736842
307 0.138224 0.946746 0.736842
308 0.131432 0.946746 0.736842
309 0.130289 0.946746 0.736842
310 0.134447 0.946746 0.736842
311 0.134032 0.946746 0.736842
312 0.134190 0.952663 0.789474
313 0.138670 0.952663 0.736842
314 0.134446 0.952663 0.736842
315 0.136543 0.952663 0.789474
316 0.133795 0.946746 0.736842
317 0.138450 0.946746 0.736842
318 0.126875 0.958580 0.736842
319 0.135498 0.952663 0.736842
320 0.131293 0.946746 0.736842
321 0.135352 0.946746 0.736842
322 0.126528 0.952663 0.789474
323 0.139088 0.952663 0.789474
324 0.135650 0.946746 0.736842
325 0.136807 0.952663 0.736842
326 0.141218 0.946746 0.736842
327 0.141904 0.946746 0.736842
328 0.138709 0.952663 0.736842
329 0.134202 0.946746 0.736842
330 0.128598 0.958580 0.736842
331 0.128652 0.946746 0.736842
332 0.137123 0.952663 0.736842
333 0.132065 0.952663 0.789474
334 0.134598 0.952663 0.789474
335 0.136093 0.946746 0.736842
336 0.130979 0.952663 0.736842
337 0.133773 0.946746 0.736842
338 0.131003 0.946746 0.736842
339 0.130231 0.952663 0.789474
340 0.126539 0.952663 0.736842
341 0.136207 0.946746 0.736842
342 0.136841 0.952663 0.736842
343 0.138119 0.952663 0.736842
344 0.130546 0.946746 0.736842
345 0.137364 0.952663 0.736842
346 0.137515 0.952663 0.789474
347 0.136064 0.946746 0.736842
348 0.133176 0.958580 0.736842
349 0.136202 0.946746 0.736842
350 0.134075 0.952663 0.736842
