1 3.886006 0.680645 0.558824
2 1.448468 0.709677 0.382353
3 1.578381 0.700000 0.441176
4 1.007710 0.651613 0.470588
5 0.967584 0.732258 0.529412
6 0.807755 0.722581 0.470588
7 0.822915 0.741935 0.500000
8 0.640314 0.732258 0.558824
9 0.577035 0.735484 0.558824
10 0.693897 0.758065 0.588235
11 0.616278 0.800000 0.558824
12 0.589196 0.793548 0.500000
13 0.442151 0.829032 0.529412
14 0.422252 0.835484 0.500000
15 0.486057 0.774194 0.558824
16 0.449972 0.754839 0.529412
17 0.426711 0.829032 0.647059
18 0.346551 0.848387 0.529412
19 0.304682 0.861290 0.647059
20 0.342667 0.838710 0.617647
21 0.353376 0.890323 0.558824
22 0.335931 0.816129 0.558824
23 0.372132 0.870968 0.647059
24 0.276754 0.870968 0.558824
25 0.305718 0.880645 0.529412
26 0.301637 0.893548 0.558824
27 0.317655 0.887097 0.558824
28 0.261592 0.900000 0.617647
29 0.256930 0.893548 0.588235
30 0.239192 0.909677 0.617647
31 0.228444 0.887097 0.647059
32 0.264529 0.883871 0.588235
33 0.301151 0.832258 0.529412
34 0.462362 0.896774 0.647059
35 0.285595 0.883871 0.558824
36 0.255825 0.909677 0.617647
37 0.253324 0.896774 0.500000
38 0.281214 0.870968 0.529412
39 0.395791 0.838710 0.558824
40 0.307249 0.896774 0.558824
41 0.305821 0.912903 0.705882
42 0.267917 0.909677 0.617647
43 0.237994 0.909677 0.617647
44 0.242647 0.900000 0.617647
45 0.234811 0.922581 0.676471
46 0.213400 0.919355 0.647059
47 0.310160 0.903226 0.588235
48 0.215147 0.925806 0.617647
49 0.178522 0.938710 0.617647
50 0.173458 0.935484 0.617647
51 0.167266 0.932258 0.558824
52 0.169960 0.935484 0.647059
53 0.188740 0.945161 0.647059
54 0.168109 0.941935 0.588235
55 0.153899 0.938710 0.588235
56 0.158926 0.941935 0.617647
57 0.145896 0.948387 0.617647
58 0.156589 0.945161 0.617647
59 0.164012 0.938710 0.588235
60 0.151772 0.948387 0.588235
61 0.173299 0.932258 0.558824
62 0.185077 0.945161 0.647059
63 0.235309 0.925806 0.647059
64 0.166171 0.948387 0.588235
65 0.154787 0.958065 0.617647
66 0.145011 0.954839 0.617647
67 0.146065 0.945161 0.588235
68 0.150809 0.958065 0.617647
69 0.150336 0.948387 0.617647
70 0.144442 0.948387 0.676471
71 0.130702 0.964516 0.617647
72 0.138211 0.961290 0.588235
73 0.142612 0.951613 0.647059
74 0.141298 0.961290 0.617647
75 0.162351 0.932258 0.588235
76 0.179798 0.935484 0.617647
77 0.159202 0.941935 0.617647
78 0.148381 0.948387 0.647059
79 0.171593 0.941935 0.588235
80 0.147962 0.919355 0.676471
81 0.205665 0.929032 0.617647
82 0.304374 0.906452 0.617647
83 0.228468 0.935484 0.529412
84 0.149352 0.941935 0.617647
85 0.139627 0.967742 0.588235
86 0.130144 0.964516 0.617647
87 0.122649 0.970968 0.558824
88 0.137198 0.958065 0.617647
89 0.133680 0.954839 0.529412
90 0.136262 0.967742 0.647059
91 0.122509 0.974194 0.617647
92 0.113411 0.974194 0.588235
93 0.117982 0.961290 0.617647
94 0.110490 0.970968 0.617647
95 0.122580 0.967742 0.588235
96 0.119018 0.977419 0.588235
97 0.124149 0.967742 0.647059
98 0.114667 0.974194 0.588235
99 0.117853 0.974194 0.617647
100 0.109784 0.974194 0.617647
101 0.089261 0.974194 0.617647
102 0.087985 0.970968 0.588235
103 0.090204 0.977419 0.617647
104 0.082808 0.980645 0.617647
105 0.087871 0.977419 0.617647
106 0.091499 0.977419 0.617647
107 0.089916 0.974194 0.588235
108 0.088001 0.974194 0.617647
109 0.083727 0.977419 0.617647
110 0.085735 0.980645 0.617647
111 0.089891 0.977419 0.617647
112 0.091992 0.980645 0.617647
113 0.080113 0.977419 0.617647
114 0.089268 0.980645 0.617647
115 0.081835 0.980645 0.647059
116 0.093321 0.977419 0.558824
117 0.088079 0.980645 0.588235
118 0.084670 0.980645 0.617647
119 0.085705 0.977419 0.617647
120 0.135596 0.935484 0.617647
121 0.109147 0.974194 0.588235
122 0.111814 0.970968 0.558824
123 0.101997 0.974194 0.529412
124 0.135643 0.964516 0.617647
125 0.108200 0.977419 0.588235
126 0.106305 0.967742 0.558824
127 0.131530 0.980645 0.647059
128 0.103380 0.974194 0.588235
129 0.103190 0.977419 0.588235
130 0.096748 0.970968 0.588235
131 0.086780 0.974194 0.558824
132 0.085191 0.983871 0.617647
133 0.086208 0.977419 0.588235
134 0.080400 0.974194 0.617647
135 0.079278 0.980645 0.588235
136 0.080318 0.977419 0.588235
137 0.086127 0.980645 0.588235
138 0.085070 0.977419 0.558824
139 0.094307 0.977419 0.558824
140 0.088907 0.977419 0.588235
141 0.082794 0.980645 0.529412
142 0.083178 0.980645 0.588235
143 0.075350 0.980645 0.558824
144 0.086718 0.977419 0.558824
145 0.080802 0.980645 0.558824
146 0.079868 0.983871 0.558824
147 0.080014 0.977419 0.558824
148 0.078027 0.983871 0.558824
149 0.075242 0.980645 0.558824
150 0.078843 0.977419 0.617647
151 0.073400 0.977419 0.588235
152 0.072086 0.983871 0.588235
153 0.067933 0.977419 0.617647
154 0.073555 0.980645 0.588235
155 0.068518 0.980645 0.588235
156 0.068953 0.983871 0.617647
157 0.069022 0.977419 0.588235
158 0.069215 0.977419 0.588235
159 0.067327 0.987097 0.588235
160 0.071155 0.983871 0.588235
161 0.078676 0.977419 0.588235
162 0.067226 0.980645 0.588235
163 0.071105 0.974194 0.588235
164 0.073099 0.977419 0.588235
165 0.068629 0.983871 0.588235
166 0.066013 0.983871 0.588235
167 0.072861 0.980645 0.588235
168 0.067779 0.980645 0.588235
169 0.068805 0.977419 0.617647
170 0.065366 0.977419 0.588235
171 0.070690 0.977419 0.588235
172 0.076969 0.983871 0.588235
173 0.068357 0.974194 0.588235
174 0.094435 0.977419 0.588235
175 0.080708 0.977419 0.617647
176 0.073971 0.977419 0.617647
177 0.073677 0.980645 0.617647
178 0.067976 0.977419 0.588235
179 0.065664 0.980645 0.588235
180 0.075929 0.983871 0.617647
181 0.068571 0.983871 0.617647
182 0.063148 0.980645 0.588235
183 0.066678 0.980645 0.617647
184 0.073954 0.980645 0.588235
185 0.071979 0.970968 0.558824
186 0.076124 0.977419 0.588235
187 0.076055 0.983871 0.588235
188 0.077417 0.983871 0.558824
189 0.082152 0.980645 0.647059
190 0.070061 0.983871 0.617647
191 0.076351 0.977419 0.588235
192 0.074397 0.977419 0.588235
193 0.064933 0.977419 0.588235
194 0.071684 0.983871 0.588235
195 0.091661 0.980645 0.617647
196 0.103789 0.977419 0.558824
197 0.074817 0.977419 0.588235
198 0.070400 0.983871 0.588235
199 0.074215 0.977419 0.617647
200 0.066481 0.977419 0.588235
201 0.064344 0.980645 0.617647
202 0.069579 0.980645 0.588235
203 0.066293 0.980645 0.617647
204 0.067799 0.980645 0.588235
205 0.065997 0.983871 0.588235
206 0.068359 0.980645 0.588235
207 0.066159 0.980645 0.617647
208 0.073053 0.977419 0.558824
209 0.073242 0.983871 0.558824
210 0.064190 0.980645 0.558824
211 0.064611 0.977419 0.588235
212 0.068354 0.980645 0.558824
213 0.064708 0.980645 0.617647
214 0.069109 0.980645 0.588235
215 0.068377 0.977419 0.588235
216 0.063418 0.980645 0.558824
217 0.064017 0.977419 0.588235
218 0.067194 0.980645 0.588235
219 0.068674 0.983871 0.588235
220 0.062849 0.977419 0.617647
221 0.062982 0.977419 0.588235
222 0.065636 0.977419 0.617647
223 0.063188 0.977419 0.588235
224 0.063469 0.983871 0.558824
225 0.063555 0.980645 0.588235
226 0.064386 0.980645 0.617647
227 0.064129 0.980645 0.529412
228 0.066248 0.980645 0.558824
229 0.063298 0.983871 0.588235
230 0.063278 0.980645 0.617647
231 0.066786 0.983871 0.588235
232 0.067779 0.980645 0.588235
233 0.061725 0.980645 0.617647
234 0.055740 0.983871 0.558824
235 0.063382 0.983871 0.588235
236 0.062590 0.977419 0.588235
237 0.061828 0.983871 0.588235
238 0.061774 0.983871 0.588235
239 0.064159 0.980645 0.588235
240 0.068882 0.977419 0.588235
241 0.061885 0.983871 0.588235
242 0.060657 0.980645 0.588235
243 0.059531 0.980645 0.617647
244 0.064721 0.983871 0.588235
245 0.060322 0.980645 0.588235
246 0.061737 0.977419 0.588235
247 0.059080 0.977419 0.588235
248 0.064631 0.980645 0.558824
249 0.063209 0.977419 0.588235
250 0.065051 0.983871 0.588235
251 0.059989 0.983871 0.588235
252 0.057424 0.983871 0.588235
253 0.061950 0.977419 0.588235
254 0.064155 0.983871 0.588235
255 0.054630 0.983871 0.588235
256 0.058902 0.980645 0.588235
257 0.057443 0.980645 0.529412
258 0.062529 0.980645 0.558824
259 0.062125 0.977419 0.558824
260 0.060578 0.983871 0.529412
261 0.059955 0.983871 0.558824
262 0.059386 0.983871 0.558824
263 0.056390 0.983871 0.558824
264 0.057458 0.983871 0.588235
265 0.061407 0.980645 0.558824
266 0.060868 0.983871 0.558824
267 0.060089 0.983871 0.588235
268 0.058416 0.983871 0.558824
269 0.062473 0.983871 0.529412
270 0.054431 0.983871 0.588235
271 0.059540 0.983871 0.588235
272 0.059428 0.980645 0.588235
273 0.062712 0.983871 0.588235
274 0.062372 0.983871 0.588235
275 0.059648 0.983871 0.588235
276 0.057062 0.983871 0.588235
277 0.062526 0.983871 0.588235
278 0.057937 0.983871 0.558824
279 0.057695 0.983871 0.588235
280 0.057045 0.983871 0.558824
281 0.064546 0.983871 0.558824
282 0.058084 0.983871 0.558824
283 0.057759 0.983871 0.588235
284 0.060189 0.983871 0.588235
285 0.056101 0.983871 0.588235
286 0.057785 0.983871 0.588235
287 0.058353 0.980645 0.588235
288 0.054355 0.983871 0.588235
289 0.059403 0.983871 0.588235
290 0.058485 0.983871 0.588235
291 0.057982 0.980645 0.588235
292 0.058929 0.983871 0.588235
293 0.055974 0.983871 0.588235
294 0.057771 0.983871 0.588235
295 0.056599 0.983871 0.588235
296 0.057938 0.983871 0.588235
297 0.057619 0.983871 0.588235
298 0.061106 0.983871 0.588235
299 0.057197 0.983871 0.588235
300 0.055743 0.983871 0.588235
301 0.054656 0.983871 0.588235
302 0.059688 0.983871 0.588235
303 0.056825 0.983871 0.588235
304 0.053361 0.983871 0.588235
305 0.054104 0.983871 0.588235
306 0.054890 0.983871 0.588235
307 0.057749 0.983871 0.588235
308 0.055933 0.983871 0.588235
309 0.056245 0.983871 0.588235
310 0.055217 0.983871 0.588235
311 0.057002 0.980645 0.588235
312 0.058175 0.983871 0.588235
313 0.056818 0.983871 0.588235
314 0.054379 0.983871 0.588235
315 0.056975 0.983871 0.588235
316 0.053880 0.983871 0.588235
317 0.055813 0.983871 0.588235
318 0.055398 0.983871 0.588235
319 0.059660 0.983871 0.588235
320 0.055986 0.983871 0.588235
321 0.058144 0.983871 0.588235
322 0.058348 0.983871 0.588235
323 0.055500 0.983871 0.588235
324 0.056242 0.983871 0.588235
325 0.054565 0.983871 0.588235
326 0.056596 0.983871 0.588235
327 0.057581 0.983871 0.588235
328 0.054956 0.983871 0.588235
329 0.057720 0.983871 0.558824
330 0.054476 0.983871 0.588235
331 0.057901 0.983871 0.588235
332 0.055476 0.983871 0.558824
333 0.060475 0.983871 0.588235
334 0.056246 0.983871 0.588235
335 0.054504 0.983871 0.588235
336 0.054835 0.983871 0.588235
337 0.054805 0.983871 0.588235
338 0.057026 0.983871 0.588235
339 0.058132 0.983871 0.588235
340 0.057912 0.983871 0.588235
341 0.054242 0.983871 0.588235
342 0.055742 0.983871 0.588235
343 0.056988 0.983871 0.588235
344 0.051946 0.983871 0.617647
345 0.056113 0.983871 0.617647
346 0.056381 0.983871 0.588235
347 0.059534 0.983871 0.617647
348 0.058225 0.983871 0.617647
349 0.052287 0.983871 0.617647
350 0.057847 0.983871 0.617647
