1 4.744648 0.459259 0.406667
2 2.245098 0.499259 0.426667
3 1.790849 0.544444 0.460000
4 1.823073 0.511111 0.480000
5 1.575162 0.565185 0.453333
6 1.265920 0.564444 0.453333
7 1.376376 0.541481 0.453333
8 1.522123 0.511111 0.466667
9 1.385052 0.560741 0.453333
10 1.082812 0.582963 0.493333
11 1.019183 0.577037 0.493333
12 1.173709 0.575556 0.453333
13 1.036436 0.580741 0.466667
14 0.934973 0.588889 0.473333
15 1.026671 0.588148 0.473333
16 0.964782 0.533333 0.513333
17 1.212673 0.514074 0.500000
18 1.254722 0.552593 0.473333
19 1.128588 0.549630 0.446667
20 1.053078 0.584444 0.473333
21 0.916095 0.598519 0.480000
22 0.940839 0.583704 0.500000
23 0.959748 0.597037 0.480000
24 0.915821 0.586667 0.473333
25 0.903016 0.585185 0.520000
26 0.865796 0.617778 0.480000
27 0.860004 0.608889 0.506667
28 0.860162 0.618519 0.526667
29 0.859788 0.618519 0.473333
30 0.848980 0.611111 0.493333
31 0.845700 0.599259 0.440000
32 0.834165 0.616296 0.466667
33 0.833169 0.608889 0.466667
34 0.828993 0.573333 0.473333
35 0.825195 0.617037 0.520000
36 0.807660 0.617778 0.500000
37 0.839552 0.617037 0.500000
38 0.837898 0.628889 0.480000
39 0.799736 0.630370 0.486667
40 0.806167 0.576296 0.426667
41 0.793655 0.623704 0.493333
42 0.823776 0.622963 0.473333
43 0.795939 0.628889 0.506667
44 0.802206 0.637037 0.513333
45 0.788399 0.631852 0.493333
46 0.797254 0.623704 0.513333
47 0.787273 0.625185 0.500000
48 0.800838 0.626667 0.486667
49 0.795275 0.607407 0.466667
50 0.764430 0.631111 0.453333
