1 3.616638 0.633955 0.627737
2 1.702190 0.622601 0.630170
3 1.271870 0.552311 0.576642
4 1.258157 0.678291 0.666667
5 1.192417 0.591511 0.596107
6 1.111846 0.673155 0.690998
7 1.012781 0.657475 0.673966
8 0.759299 0.608543 0.622871
9 0.857142 0.603136 0.579075
10 0.760856 0.701811 0.695864
11 0.789455 0.668289 0.688564
12 0.691326 0.709381 0.705596
13 0.713523 0.709111 0.732360
14 0.728041 0.712084 0.708029
15 0.639098 0.687213 0.703163
16 0.627413 0.672074 0.676399
17 0.664295 0.682887 0.698297
18 0.619293 0.697486 0.693431
19 0.612162 0.713977 0.722628
20 0.624111 0.691268 0.705596
21 0.620868 0.725872 0.744526
22 0.635113 0.695864 0.683698
23 0.666514 0.639903 0.642336
24 0.646426 0.715328 0.717762
25 0.619326 0.683969 0.698297
26 0.687296 0.679373 0.683698
27 0.659887 0.642336 0.676399
28 0.734020 0.688024 0.683698
29 0.640650 0.680184 0.683698
30 0.614374 0.706948 0.729927
31 0.612942 0.704515 0.722628
32 0.619838 0.690727 0.671533
33 0.627618 0.713977 0.720195
34 0.619412 0.687753 0.686131
35 0.637050 0.668829 0.681265
36 0.617452 0.699649 0.746959
37 0.598448 0.703163 0.732360
38 0.588323 0.713166 0.734793
39 0.635415 0.710462 0.742092
40 0.580948 0.711544 0.732360
41 0.589140 0.692890 0.693431
42 0.603532 0.712084 0.739659
43 0.575187 0.705866 0.742092
44 0.610881 0.708029 0.754258
45 0.593616 0.717491 0.734793
46 0.581592 0.695864 0.703163
47 0.587487 0.721006 0.756691
48 0.577419 0.712355 0.746959
49 0.576819 0.704785 0.715328
50 0.579879 0.720465 0.732360
51 0.567304 0.715599 0.734793
52 0.573429 0.687213 0.681265
53 0.572015 0.711273 0.722628
54 0.579718 0.718573 0.763990
55 0.570393 0.706407 0.710462
56 0.561167 0.702082 0.705596
57 0.578486 0.724250 0.749392
58 0.570745 0.714517 0.717762
59 0.561524 0.710192 0.712895
60 0.568792 0.719654 0.737226
61 0.548512 0.727494 0.761557
62 0.565074 0.717491 0.754258
63 0.576869 0.722357 0.739659
64 0.569028 0.698838 0.703163
65 0.576271 0.720465 0.751825
66 0.568509 0.725061 0.759124
67 0.566245 0.719654 0.751825
68 0.551131 0.722357 0.725061
69 0.563315 0.727224 0.759124
70 0.565572 0.718302 0.744526
71 0.559539 0.724250 0.746959
72 0.557105 0.723439 0.742092
73 0.553610 0.722087 0.729927
74 0.568974 0.725331 0.751825
75 0.567584 0.728575 0.751825
76 0.567431 0.725602 0.754258
77 0.561439 0.724790 0.749392
78 0.567446 0.726953 0.749392
79 0.554478 0.729657 0.761557
80 0.549794 0.731279 0.751825
81 0.563044 0.726683 0.751825
82 0.562358 0.729927 0.749392
83 0.564937 0.723709 0.737226
84 0.562295 0.725602 0.751825
85 0.562510 0.728575 0.737226
86 0.555763 0.728846 0.746959
87 0.555913 0.726683 0.732360
88 0.572143 0.727764 0.742092
89 0.573720 0.730738 0.746959
90 0.540771 0.726142 0.739659
91 0.567240 0.733982 0.732360
92 0.546446 0.730468 0.761557
93 0.555464 0.737767 0.737226
94 0.555013 0.720735 0.734793
95 0.555503 0.730468 0.739659
96 0.554686 0.738308 0.746959
97 0.564396 0.742903 0.763990
98 0.552072 0.729386 0.732360
99 0.562369 0.737226 0.727494
100 0.549629 0.738308 0.754258
101 0.552612 0.729116 0.739659
102 0.537893 0.739659 0.739659
103 0.535583 0.745066 0.739659
104 0.547483 0.742633 0.746959
105 0.539710 0.742092 0.749392
106 0.536032 0.728846 0.725061
107 0.533030 0.741281 0.732360
108 0.536018 0.747770 0.732360
109 0.539947 0.738308 0.749392
110 0.545274 0.747499 0.734793
111 0.541645 0.736956 0.715328
112 0.531421 0.750743 0.739659
113 0.536341 0.742633 0.751825
114 0.540261 0.752906 0.746959
115 0.530450 0.752366 0.742092
116 0.528930 0.751284 0.732360
117 0.546402 0.746148 0.725061
118 0.540362 0.748310 0.739659
119 0.533694 0.748581 0.751825
120 0.528486 0.749121 0.746959
121 0.514087 0.753717 0.744526
122 0.533454 0.743715 0.725061
123 0.537387 0.733712 0.729927
124 0.534417 0.761016 0.749392
125 0.521661 0.749932 0.725061
126 0.527203 0.756421 0.739659
127 0.538382 0.751554 0.749392
128 0.523083 0.767505 0.744526
129 0.529164 0.759665 0.759124
130 0.529289 0.756421 0.734793
131 0.519457 0.761287 0.761557
132 0.529623 0.764261 0.742092
133 0.522300 0.763450 0.763990
134 0.510904 0.764801 0.763990
135 0.541795 0.770208 0.751825
136 0.529683 0.765072 0.756691
137 0.530528 0.761016 0.742092
138 0.521144 0.766153 0.756691
139 0.519556 0.768586 0.749392
140 0.528529 0.769127 0.742092
141 0.510836 0.770479 0.763990
142 0.512867 0.772912 0.773723
143 0.523671 0.761828 0.763990
144 0.510083 0.762909 0.761557
145 0.521860 0.772371 0.756691
146 0.513256 0.765883 0.746959
147 0.507502 0.762368 0.725061
148 0.514709 0.768316 0.783455
149 0.521555 0.764531 0.751825
150 0.508700 0.777237 0.754258
151 0.500643 0.774263 0.751825
152 0.507137 0.768045 0.739659
153 0.500704 0.777507 0.734793
154 0.488681 0.774804 0.742092
155 0.499765 0.774263 0.776156
156 0.499735 0.767775 0.744526
157 0.511719 0.772101 0.751825
158 0.499175 0.775885 0.761557
159 0.500843 0.774263 0.749392
160 0.485090 0.778318 0.759124
161 0.502925 0.773723 0.751825
162 0.499908 0.782103 0.756691
163 0.498018 0.771830 0.742092
164 0.496708 0.771019 0.742092
165 0.498004 0.784536 0.763990
166 0.495559 0.776967 0.761557
167 0.499514 0.781563 0.766423
168 0.495785 0.778859 0.773723
169 0.498295 0.773993 0.744526
170 0.501075 0.775885 0.744526
171 0.483946 0.778589 0.771290
172 0.494384 0.775345 0.746959
173 0.495583 0.781833 0.771290
174 0.509418 0.777507 0.768856
175 0.484492 0.779400 0.749392
176 0.492095 0.784807 0.766423
177 0.484777 0.782103 0.756691
178 0.485180 0.784266 0.754258
179 0.490873 0.786969 0.749392
180 0.494753 0.779941 0.759124
181 0.491138 0.785618 0.751825
182 0.490772 0.774534 0.744526
183 0.489673 0.787240 0.763990
184 0.489686 0.787240 0.759124
185 0.478223 0.785077 0.717762
186 0.475665 0.788051 0.744526
187 0.495580 0.781563 0.749392
188 0.494415 0.785347 0.742092
189 0.488591 0.788862 0.751825
190 0.479127 0.790754 0.759124
191 0.485943 0.795080 0.746959
192 0.481154 0.793458 0.739659
193 0.473404 0.789673 0.754258
194 0.479072 0.793728 0.754258
195 0.491253 0.793998 0.746959
196 0.482346 0.791025 0.742092
197 0.485940 0.792917 0.754258
198 0.478650 0.797513 0.768856
199 0.478843 0.796161 0.751825
200 0.476653 0.796972 0.759124
201 0.471236 0.797783 0.734793
202 0.469308 0.798324 0.742092
203 0.462434 0.795620 0.751825
204 0.458585 0.797513 0.759124
205 0.463282 0.793187 0.751825
206 0.460173 0.798324 0.739659
207 0.456002 0.797242 0.749392
208 0.454120 0.799405 0.751825
209 0.452379 0.802109 0.759124
210 0.460266 0.800216 0.734793
211 0.465564 0.796972 0.729927
212 0.455776 0.804001 0.744526
213 0.454074 0.806975 0.737226
214 0.448424 0.802649 0.746959
215 0.465402 0.798594 0.742092
216 0.455281 0.803190 0.746959
217 0.455489 0.805893 0.754258
218 0.457253 0.805623 0.749392
219 0.456395 0.803731 0.754258
220 0.453293 0.802379 0.737226
221 0.443567 0.804812 0.744526
222 0.449831 0.809408 0.734793
223 0.453979 0.802920 0.751825
224 0.452162 0.803460 0.739659
225 0.454399 0.808867 0.746959
226 0.453440 0.806705 0.749392
227 0.458887 0.812922 0.754258
228 0.456240 0.812382 0.746959
229 0.449349 0.815626 0.754258
230 0.440095 0.815356 0.749392
231 0.439597 0.808867 0.751825
232 0.438411 0.809408 0.739659
233 0.441177 0.811030 0.727494
234 0.432511 0.814004 0.751825
235 0.433228 0.813193 0.727494
236 0.446315 0.811571 0.737226
237 0.446359 0.816437 0.756691
238 0.435833 0.815356 0.749392
239 0.438758 0.817248 0.742092
240 0.439766 0.815356 0.756691
241 0.439696 0.812652 0.744526
242 0.429236 0.821844 0.734793
243 0.439296 0.821033 0.746959
244 0.428285 0.818059 0.754258
245 0.422848 0.827521 0.754258
246 0.424910 0.827251 0.744526
247 0.426770 0.821033 0.749392
248 0.427338 0.821033 0.751825
249 0.432438 0.817789 0.746959
250 0.433952 0.819411 0.756691
251 0.428738 0.824277 0.751825
252 0.415912 0.826169 0.754258
253 0.415485 0.828873 0.754258
254 0.418437 0.830224 0.742092
255 0.429630 0.829413 0.751825
256 0.411027 0.828873 0.756691
257 0.414008 0.831846 0.766423
258 0.409612 0.826980 0.749392
259 0.416068 0.828602 0.759124
260 0.419108 0.835902 0.761557
261 0.407789 0.831035 0.766423
262 0.417180 0.829954 0.773723
263 0.415418 0.833469 0.771290
264 0.402698 0.832387 0.776156
265 0.406939 0.832387 0.754258
266 0.417520 0.833739 0.763990
267 0.408886 0.826710 0.754258
268 0.419891 0.833739 0.756691
269 0.416321 0.836713 0.771290
270 0.414083 0.832657 0.761557
271 0.424193 0.833739 0.746959
272 0.418944 0.832117 0.766423
273 0.403100 0.836713 0.766423
274 0.403141 0.839146 0.771290
275 0.404292 0.831576 0.768856
276 0.416201 0.829684 0.756691
277 0.399312 0.834820 0.776156
278 0.410113 0.836442 0.768856
279 0.410770 0.836172 0.776156
280 0.407785 0.836172 0.761557
281 0.423209 0.837524 0.768856
282 0.403924 0.837794 0.759124
283 0.410342 0.836442 0.771290
284 0.407653 0.835902 0.781022
285 0.411110 0.834280 0.768856
286 0.396314 0.841579 0.783455
287 0.397651 0.842119 0.771290
288 0.417282 0.838335 0.771290
289 0.413503 0.839957 0.771290
290 0.402642 0.839957 0.776156
291 0.411005 0.837253 0.751825
292 0.401841 0.841849 0.771290
293 0.393538 0.846986 0.773723
294 0.393641 0.842931 0.768856
295 0.409892 0.841849 0.776156
296 0.393652 0.840227 0.781022
297 0.399033 0.841038 0.785888
298 0.407861 0.844282 0.768856
299 0.410113 0.842931 0.773723
300 0.411873 0.842119 0.763990
301 0.394474 0.845904 0.771290
302 0.393204 0.842119 0.761557
303 0.387839 0.845634 0.776156
304 0.387559 0.844823 0.776156
305 0.391445 0.847526 0.773723
306 0.396630 0.848067 0.766423
307 0.387847 0.846986 0.771290
308 0.377590 0.849148 0.771290
309 0.378542 0.844282 0.773723
310 0.393892 0.845904 0.776156
311 0.383935 0.849419 0.783455
312 0.385406 0.849959 0.776156
313 0.382154 0.848608 0.776156
314 0.383421 0.851582 0.778589
315 0.382375 0.848608 0.768856
316 0.378135 0.848878 0.768856
317 0.391501 0.849689 0.778589
318 0.383606 0.846175 0.768856
319 0.381671 0.850230 0.766423
320 0.387102 0.845634 0.771290
321 0.394318 0.851311 0.773723
322 0.398074 0.848878 0.771290
323 0.394169 0.846445 0.778589
324 0.385061 0.849959 0.778589
325 0.385799 0.848608 0.768856
326 0.398428 0.853204 0.771290
327 0.374099 0.853204 0.768856
328 0.381126 0.851041 0.773723
329 0.391260 0.848608 0.768856
330 0.373456 0.849959 0.790754
331 0.386485 0.850770 0.773723
332 0.395146 0.850500 0.768856
333 0.387173 0.851582 0.761557
334 0.391320 0.852122 0.778589
335 0.380008 0.852393 0.768856
336 0.386933 0.854555 0.766423
337 0.386041 0.851852 0.771290
338 0.386359 0.854285 0.768856
339 0.379778 0.853474 0.773723
340 0.384695 0.852663 0.790754
341 0.381858 0.857259 0.778589
342 0.387430 0.854015 0.773723
343 0.387736 0.852393 0.768856
344 0.376759 0.851311 0.773723
345 0.369014 0.851311 0.776156
346 0.369827 0.852663 0.773723
347 0.386878 0.853204 0.783455
348 0.386154 0.853204 0.773723
349 0.385747 0.852393 0.776156
350 0.374617 0.849959 0.761557
