1 1.532464 0.834320 0.684211
2 0.981630 0.674556 0.631579
3 0.555991 0.686391 0.684211
4 0.623167 0.692308 0.631579
5 0.578959 0.781065 0.631579
6 0.499385 0.668639 0.684211
7 0.471970 0.869822 0.736842
8 0.396237 0.899408 0.684211
9 0.511843 0.893491 0.684211
10 0.386568 0.816568 0.684211
11 0.515480 0.893491 0.684211
12 0.411993 0.869822 0.736842
13 0.339276 0.816568 0.684211
14 0.338221 0.923077 0.842105
15 0.329099 0.923077 0.736842
16 0.297985 0.893491 0.684211
17 0.357141 0.905325 0.736842
18 0.287861 0.828402 0.789474
19 0.321995 0.917160 0.842105
20 0.290377 0.923077 0.736842
21 0.291467 0.899408 0.684211
22 0.310810 0.899408 0.736842
23 0.298371 0.911243 0.789474
24 0.298069 0.875740 0.736842
25 0.304591 0.899408 0.684211
26 0.280254 0.899408 0.736842
27 0.282040 0.940828 0.842105
28 0.250698 0.917160 0.736842
29 0.258381 0.911243 0.736842
30 0.238162 0.923077 0.736842
31 0.250769 0.775148 0.842105
32 0.262271 0.934911 0.842105
33 0.259618 0.928994 0.684211
34 0.259666 0.840237 0.789474
35 0.263074 0.905325 0.789474
36 0.232270 0.911243 0.684211
37 0.251351 0.899408 0.842105
38 0.234864 0.875740 0.736842
39 0.245498 0.940828 0.842105
40 0.234074 0.923077 0.684211
41 0.268102 0.881657 0.684211
42 0.253722 0.946746 0.789474
43 0.232386 0.905325 0.631579
44 0.240341 0.911243 0.789474
45 0.215358 0.923077 0.684211
46 0.243229 0.822485 0.789474
47 0.227924 0.928994 0.684211
48 0.214443 0.893491 0.631579
49 0.237576 0.911243 0.736842
50 0.200571 0.917160 0.631579
51 0.198954 0.917160 0.789474
52 0.198552 0.934911 0.684211
53 0.208612 0.923077 0.789474
54 0.200671 0.958580 0.736842
55 0.210122 0.928994 0.631579
56 0.200727 0.923077 0.684211
57 0.210540 0.917160 0.631579
58 0.207254 0.928994 0.684211
59 0.199105 0.934911 0.736842
60 0.209673 0.946746 0.789474
61 0.207176 0.964497 0.736842
62 0.203495 0.934911 0.631579
63 0.203633 0.923077 0.736842
64 0.211480 0.934911 0.736842
65 0.198951 0.917160 0.578947
66 0.221358 0.934911 0.789474
67 0.197672 0.940828 0.684211
68 0.200375 0.928994 0.631579
69 0.196940 0.928994 0.684211
70 0.203352 0.928994 0.736842
71 0.193142 0.946746 0.789474
72 0.194804 0.934911 0.684211
73 0.192482 0.917160 0.631579
74 0.203160 0.928994 0.736842
75 0.198693 0.928994 0.578947
76 0.219261 0.923077 0.684211
77 0.194192 0.923077 0.631579
78 0.211013 0.952663 0.736842
79 0.217993 0.928994 0.684211
80 0.194882 0.928994 0.736842
81 0.189483 0.917160 0.789474
82 0.212452 0.846154 0.789474
83 0.199331 0.923077 0.578947
84 0.202876 0.928994 0.631579
85 0.198761 0.899408 0.578947
86 0.193327 0.923077 0.736842
87 0.189815 0.911243 0.684211
88 0.196235 0.893491 0.631579
89 0.194915 0.923077 0.736842
90 0.204823 0.934911 0.736842
91 0.204505 0.928994 0.684211
92 0.198475 0.928994 0.631579
93 0.191310 0.928994 0.684211
94 0.201998 0.899408 0.736842
95 0.196809 0.911243 0.631579
96 0.197492 0.834320 0.789474
97 0.197875 0.917160 0.578947
98 0.194196 0.923077 0.789474
99 0.193032 0.923077 0.684211
100 0.186655 0.934911 0.684211
101 0.184125 0.940828 0.684211
102 0.185720 0.934911 0.736842
103 0.182972 0.928994 0.631579
104 0.180722 0.881657 0.736842
105 0.187918 0.928994 0.631579
106 0.187476 0.911243 0.789474
107 0.180416 0.946746 0.736842
108 0.186864 0.923077 0.684211
109 0.181538 0.958580 0.736842
110 0.181861 0.928994 0.684211
111 0.183645 0.934911 0.736842
112 0.177295 0.917160 0.631579
113 0.182478 0.958580 0.789474
114 0.183731 0.934911 0.736842
115 0.189033 0.911243 0.684211
116 0.183978 0.923077 0.684211
117 0.177641 0.928994 0.684211
118 0.192557 0.923077 0.631579
119 0.188020 0.946746 0.736842
120 0.183464 0.934911 0.631579
121 0.183396 0.928994 0.684211
122 0.192401 0.923077 0.736842
123 0.178996 0.934911 0.736842
124 0.176882 0.923077 0.736842
125 0.177595 0.928994 0.684211
126 0.177950 0.940828 0.736842
127 0.184792 0.928994 0.684211
128 0.176189 0.917160 0.684211
129 0.185213 0.934911 0.736842
130 0.183034 0.917160 0.631579
131 0.187147 0.911243 0.736842
132 0.184102 0.934911 0.631579
133 0.184081 0.934911 0.736842
134 0.187846 0.934911 0.736842
135 0.192246 0.917160 0.684211
136 0.178290 0.928994 0.684211
137 0.189253 0.952663 0.736842
138 0.178366 0.952663 0.736842
139 0.180429 0.958580 0.789474
140 0.181663 0.928994 0.684211
141 0.182515 0.934911 0.684211
142 0.179528 0.928994 0.736842
143 0.190945 0.934911 0.631579
144 0.189998 0.917160 0.631579
145 0.183916 0.964497 0.789474
146 0.187151 0.946746 0.736842
147 0.187539 0.928994 0.684211
148 0.187488 0.911243 0.631579
149 0.186828 0.928994 0.736842
150 0.178716 0.905325 0.736842
151 0.174242 0.928994 0.684211
152 0.175546 0.934911 0.684211
153 0.172214 0.923077 0.684211
154 0.173837 0.917160 0.631579
155 0.177185 0.923077 0.631579
156 0.177963 0.934911 0.684211
157 0.176630 0.934911 0.684211
158 0.175480 0.923077 0.684211
159 0.173188 0.928994 0.684211
160 0.172218 0.934911 0.684211
161 0.175081 0.928994 0.736842
162 0.178254 0.928994 0.631579
163 0.184732 0.923077 0.684211
164 0.170669 0.940828 0.684211
165 0.170703 0.923077 0.684211
166 0.176041 0.946746 0.684211
167 0.171419 0.923077 0.631579
168 0.173487 0.923077 0.736842
169 0.174754 0.940828 0.631579
170 0.171128 0.928994 0.684211
171 0.180001 0.923077 0.631579
172 0.176149 0.923077 0.684211
173 0.176757 0.940828 0.736842
174 0.178665 0.923077 0.684211
175 0.176770 0.934911 0.736842
176 0.177468 0.928994 0.631579
177 0.172580 0.952663 0.736842
178 0.178178 0.934911 0.684211
179 0.169883 0.952663 0.736842
180 0.179298 0.928994 0.736842
181 0.179074 0.923077 0.684211
182 0.177048 0.923077 0.736842
183 0.174170 0.928994 0.684211
184 0.173359 0.928994 0.736842
185 0.172799 0.952663 0.789474
186 0.165279 0.934911 0.684211
187 0.185981 0.952663 0.789474
188 0.173014 0.917160 0.631579
189 0.179880 0.958580 0.736842
190 0.174484 0.934911 0.684211
191 0.176367 0.934911 0.684211
192 0.172587 0.934911 0.736842
193 0.175738 0.923077 0.684211
194 0.178930 0.940828 0.684211
195 0.171763 0.928994 0.736842
196 0.173817 0.928994 0.684211
197 0.177450 0.928994 0.684211
198 0.169448 0.934911 0.684211
199 0.177732 0.940828 0.684211
200 0.175486 0.928994 0.684211
201 0.168991 0.940828 0.684211
202 0.173927 0.940828 0.736842
203 0.171176 0.934911 0.684211
204 0.169418 0.946746 0.684211
205 0.164174 0.940828 0.684211
206 0.178779 0.923077 0.684211
207 0.171472 0.928994 0.736842
208 0.166250 0.940828 0.684211
209 0.169627 0.934911 0.631579
210 0.172633 0.940828 0.684211
211 0.174814 0.940828 0.631579
212 0.166156 0.928994 0.684211
213 0.168087 0.928994 0.684211
214 0.172083 0.934911 0.684211
215 0.166505 0.940828 0.631579
216 0.168596 0.928994 0.684211
217 0.168017 0.928994 0.684211
218 0.165355 0.946746 0.684211
219 0.171359 0.934911 0.631579
220 0.167131 0.934911 0.684211
221 0.169765 0.923077 0.631579
222 0.165456 0.946746 0.736842
223 0.172752 0.940828 0.684211
224 0.163040 0.917160 0.631579
225 0.168609 0.934911 0.736842
226 0.179896 0.934911 0.684211
227 0.173480 0.934911 0.736842
228 0.172180 0.940828 0.684211
229 0.174721 0.928994 0.684211
230 0.173967 0.940828 0.684211
231 0.171492 0.928994 0.684211
232 0.167464 0.923077 0.631579
233 0.170446 0.958580 0.736842
234 0.170828 0.934911 0.684211
235 0.164363 0.934911 0.684211
236 0.167323 0.934911 0.631579
237 0.171689 0.934911 0.684211
238 0.162028 0.928994 0.684211
239 0.163519 0.928994 0.684211
240 0.177515 0.928994 0.684211
241 0.170218 0.934911 0.631579
242 0.168290 0.940828 0.631579
243 0.171863 0.934911 0.684211
244 0.172082 0.934911 0.684211
245 0.166624 0.934911 0.631579
246 0.165418 0.928994 0.684211
247 0.170327 0.934911 0.684211
248 0.176511 0.934911 0.684211
249 0.165184 0.928994 0.684211
250 0.175441 0.940828 0.684211
251 0.163387 0.934911 0.631579
252 0.165466 0.928994 0.684211
253 0.162186 0.940828 0.684211
254 0.163855 0.928994 0.684211
255 0.172973 0.940828 0.631579
256 0.172254 0.928994 0.684211
257 0.165311 0.940828 0.684211
258 0.166779 0.928994 0.684211
259 0.164511 0.940828 0.684211
260 0.164443 0.934911 0.684211
261 0.167135 0.928994 0.684211
262 0.165352 0.934911 0.684211
263 0.164233 0.928994 0.684211
264 0.165574 0.934911 0.684211
265 0.162730 0.934911 0.684211
266 0.165904 0.940828 0.684211
267 0.161481 0.928994 0.684211
268 0.172384 0.934911 0.684211
269 0.166140 0.928994 0.684211
270 0.172122 0.934911 0.631579
271 0.169714 0.923077 0.684211
272 0.168963 0.928994 0.684211
273 0.170067 0.940828 0.684211
274 0.169264 0.934911 0.631579
275 0.162044 0.934911 0.684211
276 0.155557 0.928994 0.684211
277 0.167323 0.940828 0.684211
278 0.168407 0.928994 0.684211
279 0.160997 0.928994 0.684211
280 0.168769 0.940828 0.684211
281 0.164634 0.928994 0.684211
282 0.167866 0.928994 0.684211
283 0.162434 0.934911 0.684211
284 0.168389 0.928994 0.684211
285 0.170729 0.928994 0.684211
286 0.171744 0.934911 0.684211
287 0.169384 0.934911 0.684211
288 0.164402 0.934911 0.684211
289 0.169260 0.940828 0.684211
290 0.165650 0.940828 0.684211
291 0.162993 0.940828 0.684211
292 0.165942 0.934911 0.684211
293 0.166785 0.928994 0.684211
294 0.168337 0.934911 0.684211
295 0.166531 0.940828 0.684211
296 0.169826 0.928994 0.684211
297 0.164356 0.958580 0.736842
298 0.165162 0.934911 0.684211
299 0.167446 0.940828 0.631579
300 0.170020 0.934911 0.684211
301 0.163021 0.940828 0.684211
302 0.166711 0.928994 0.684211
303 0.164322 0.940828 0.684211
304 0.161108 0.940828 0.684211
305 0.171305 0.940828 0.684211
306 0.163784 0.928994 0.684211
307 0.167573 0.934911 0.684211
308 0.170288 0.940828 0.684211
309 0.170561 0.940828 0.684211
310 0.167908 0.928994 0.684211
311 0.168796 0.928994 0.684211
312 0.167065 0.928994 0.684211
313 0.169920 0.928994 0.684211
314 0.161522 0.934911 0.684211
315 0.161903 0.940828 0.684211
316 0.161076 0.928994 0.684211
317 0.166515 0.934911 0.684211
318 0.164400 0.940828 0.684211
319 0.161957 0.928994 0.684211
320 0.160182 0.928994 0.684211
321 0.166465 0.934911 0.631579
322 0.163913 0.940828 0.684211
323 0.165541 0.940828 0.684211
324 0.164369 0.940828 0.684211
325 0.171176 0.928994 0.684211
326 0.164059 0.940828 0.684211
327 0.164872 0.934911 0.684211
328 0.166109 0.934911 0.684211
329 0.165666 0.928994 0.684211
330 0.172627 0.940828 0.684211
331 0.167811 0.928994 0.684211
332 0.166101 0.928994 0.684211
333 0.161273 0.934911 0.684211
334 0.163540 0.928994 0.684211
335 0.161581 0.940828 0.684211
336 0.161995 0.928994 0.684211
337 0.167576 0.928994 0.684211
338 0.169231 0.928994 0.684211
339 0.164171 0.934911 0.684211
340 0.162846 0.946746 0.684211
341 0.166215 0.940828 0.684211
342 0.161717 0.934911 0.684211
343 0.166253 0.928994 0.684211
344 0.163771 0.934911 0.684211
345 0.167470 0.928994 0.684211
346 0.168570 0.934911 0.684211
347 0.164438 0.928994 0.684211
348 0.168202 0.940828 0.684211
349 0.164721 0.934911 0.684211
350 0.167689 0.928994 0.684211
