1 3.217521 0.692222 0.640000
2 1.066877 0.746667 0.620000
3 0.736995 0.784444 0.710000
4 0.542397 0.820000 0.690000
5 0.468474 0.800000 0.650000
6 0.433544 0.833333 0.640000
7 0.411949 0.822222 0.670000
8 0.401829 0.861111 0.660000
9 0.394362 0.860000 0.670000
10 0.354205 0.870000 0.640000
11 0.337091 0.856667 0.670000
12 0.464075 0.850000 0.680000
13 0.395336 0.860000 0.640000
14 0.349915 0.882222 0.700000
15 0.362595 0.867778 0.660000
16 0.313589 0.883333 0.670000
17 0.280427 0.886667 0.670000
18 0.309347 0.875556 0.680000
19 0.313955 0.877778 0.650000
20 0.270973 0.895556 0.710000
21 0.279225 0.877778 0.680000
22 0.284366 0.890000 0.710000
23 0.262375 0.881111 0.720000
24 0.258375 0.891111 0.670000
25 0.258696 0.872222 0.700000
26 0.250832 0.894444 0.660000
27 0.259836 0.885556 0.680000
28 0.258651 0.895556 0.710000
29 0.254465 0.901111 0.690000
30 0.240539 0.903333 0.690000
31 0.229336 0.867778 0.720000
32 0.297586 0.887778 0.740000
33 0.253716 0.896667 0.700000
34 0.288337 0.886667 0.680000
35 0.324984 0.887778 0.750000
36 0.281355 0.893333 0.760000
37 0.274079 0.887778 0.710000
38 0.252713 0.891111 0.690000
39 0.250774 0.900000 0.720000
40 0.281698 0.866667 0.660000
41 0.330678 0.884444 0.630000
42 0.271823 0.886667 0.630000
43 0.257015 0.898889 0.670000
44 0.260579 0.900000 0.630000
45 0.278372 0.871111 0.670000
46 0.306215 0.894444 0.670000
47 0.249328 0.894444 0.650000
48 0.237710 0.908889 0.690000
49 0.240928 0.896667 0.690000
50 0.208803 0.907778 0.670000
51 0.201686 0.908889 0.730000
52 0.194951 0.912222 0.710000
53 0.204683 0.911111 0.710000
54 0.198467 0.912222 0.690000
55 0.199013 0.908889 0.680000
56 0.184967 0.912222 0.680000
57 0.192171 0.912222 0.680000
58 0.199114 0.906667 0.690000
59 0.206873 0.907778 0.700000
60 0.198277 0.908889 0.720000
61 0.190309 0.911111 0.680000
62 0.197478 0.907778 0.690000
63 0.199777 0.912222 0.690000
64 0.188616 0.917778 0.700000
65 0.188322 0.914444 0.690000
66 0.199081 0.912222 0.650000
67 0.198369 0.911111 0.670000
68 0.186930 0.906667 0.660000
69 0.191679 0.910000 0.660000
70 0.190009 0.916667 0.690000
71 0.205738 0.912222 0.690000
72 0.215819 0.905556 0.660000
73 0.199542 0.911111 0.670000
74 0.196577 0.914444 0.670000
75 0.191117 0.912222 0.670000
76 0.191858 0.907778 0.660000
77 0.194990 0.914444 0.670000
78 0.211937 0.906667 0.660000
79 0.200250 0.913333 0.680000
80 0.188780 0.912222 0.660000
81 0.184534 0.913333 0.700000
82 0.186230 0.907778 0.680000
83 0.201005 0.903333 0.670000
84 0.201863 0.908889 0.640000
85 0.189393 0.906667 0.650000
86 0.199486 0.908889 0.700000
87 0.188834 0.915556 0.660000
88 0.189036 0.913333 0.620000
89 0.193399 0.915556 0.700000
90 0.177250 0.914444 0.650000
91 0.183472 0.907778 0.670000
92 0.244543 0.894444 0.710000
93 0.214882 0.911111 0.650000
94 0.187115 0.911111 0.650000
95 0.187265 0.907778 0.640000
96 0.208013 0.912222 0.670000
97 0.193115 0.912222 0.650000
98 0.187060 0.911111 0.650000
99 0.186215 0.907778 0.730000
100 0.198783 0.912222 0.680000
101 0.169122 0.914444 0.660000
102 0.172578 0.916667 0.640000
103 0.175594 0.910000 0.650000
104 0.183825 0.917778 0.660000
105 0.181317 0.908889 0.680000
106 0.165151 0.911111 0.710000
107 0.165193 0.914444 0.670000
108 0.170593 0.917778 0.660000
109 0.166918 0.912222 0.680000
110 0.166759 0.917778 0.670000
111 0.163002 0.913333 0.680000
112 0.174343 0.915556 0.660000
113 0.175026 0.917778 0.670000
114 0.168298 0.913333 0.680000
115 0.175534 0.905556 0.670000
116 0.173857 0.914444 0.660000
117 0.170110 0.913333 0.690000
118 0.170875 0.913333 0.680000
119 0.164668 0.916667 0.690000
120 0.165621 0.915556 0.670000
121 0.169851 0.916667 0.700000
122 0.168304 0.915556 0.680000
123 0.171952 0.913333 0.660000
124 0.176352 0.915556 0.630000
125 0.171500 0.917778 0.680000
126 0.168561 0.913333 0.680000
127 0.159272 0.910000 0.680000
128 0.170429 0.914444 0.680000
129 0.188991 0.913333 0.660000
130 0.185690 0.914444 0.670000
131 0.170906 0.911111 0.690000
132 0.180029 0.917778 0.680000
133 0.164323 0.917778 0.680000
134 0.179564 0.917778 0.650000
135 0.175168 0.913333 0.680000
136 0.163995 0.911111 0.670000
137 0.175105 0.912222 0.670000
138 0.169823 0.912222 0.680000
139 0.174384 0.917778 0.640000
140 0.171970 0.914444 0.660000
141 0.170071 0.913333 0.690000
142 0.168314 0.915556 0.680000
143 0.166388 0.916667 0.670000
144 0.175199 0.915556 0.660000
145 0.170199 0.915556 0.640000
146 0.172947 0.917778 0.690000
147 0.168691 0.918889 0.640000
148 0.167430 0.917778 0.630000
149 0.166068 0.920000 0.650000
150 0.165101 0.918889 0.670000
151 0.163232 0.916667 0.660000
152 0.166723 0.916667 0.660000
153 0.165981 0.913333 0.670000
154 0.165039 0.916667 0.680000
155 0.161548 0.913333 0.660000
156 0.166619 0.918889 0.690000
157 0.160705 0.915556 0.680000
158 0.158908 0.915556 0.660000
159 0.161169 0.915556 0.670000
160 0.161909 0.916667 0.690000
161 0.162286 0.918889 0.650000
162 0.169216 0.917778 0.670000
163 0.164208 0.916667 0.670000
164 0.162700 0.916667 0.690000
165 0.160596 0.916667 0.670000
166 0.160793 0.917778 0.660000
167 0.171014 0.916667 0.670000
168 0.164087 0.913333 0.680000
169 0.160644 0.917778 0.690000
170 0.158407 0.918889 0.670000
171 0.168406 0.914444 0.640000
172 0.175339 0.916667 0.670000
173 0.166914 0.917778 0.690000
174 0.163341 0.915556 0.680000
175 0.160415 0.913333 0.670000
176 0.166962 0.917778 0.650000
177 0.166865 0.916667 0.680000
178 0.158744 0.917778 0.650000
179 0.167726 0.917778 0.640000
180 0.163867 0.918889 0.650000
181 0.163844 0.914444 0.650000
182 0.161439 0.916667 0.660000
183 0.152452 0.918889 0.670000
184 0.168249 0.917778 0.670000
185 0.163986 0.918889 0.660000
186 0.159757 0.916667 0.650000
187 0.158960 0.917778 0.670000
188 0.153266 0.912222 0.680000
189 0.157598 0.915556 0.680000
190 0.154276 0.917778 0.680000
191 0.164563 0.920000 0.680000
192 0.164028 0.917778 0.680000
193 0.158167 0.915556 0.660000
194 0.165416 0.917778 0.670000
195 0.163053 0.913333 0.670000
196 0.167724 0.915556 0.670000
197 0.169718 0.916667 0.680000
198 0.157819 0.912222 0.690000
199 0.162512 0.916667 0.680000
200 0.160029 0.917778 0.670000
201 0.157501 0.920000 0.670000
202 0.164952 0.917778 0.680000
203 0.161217 0.918889 0.670000
204 0.153984 0.918889 0.670000
205 0.164699 0.917778 0.660000
206 0.160891 0.917778 0.670000
207 0.163649 0.920000 0.650000
208 0.158690 0.918889 0.660000
209 0.161439 0.917778 0.670000
210 0.159070 0.918889 0.670000
211 0.155939 0.918889 0.660000
212 0.159743 0.916667 0.660000
213 0.160998 0.917778 0.660000
214 0.162118 0.918889 0.670000
215 0.156231 0.917778 0.680000
216 0.160643 0.921111 0.660000
217 0.154825 0.917778 0.660000
218 0.166495 0.915556 0.680000
219 0.159392 0.916667 0.680000
220 0.158409 0.916667 0.680000
221 0.160575 0.918889 0.660000
222 0.161316 0.916667 0.690000
223 0.161320 0.918889 0.660000
224 0.157624 0.917778 0.660000
225 0.164926 0.917778 0.660000
226 0.158494 0.915556 0.660000
227 0.150847 0.916667 0.680000
228 0.165987 0.918889 0.660000
229 0.155633 0.918889 0.660000
230 0.161645 0.918889 0.660000
231 0.155313 0.917778 0.650000
232 0.154196 0.918889 0.660000
233 0.155858 0.917778 0.660000
234 0.161351 0.917778 0.660000
235 0.153861 0.915556 0.670000
236 0.156599 0.916667 0.670000
237 0.158353 0.917778 0.660000
238 0.152436 0.914444 0.670000
239 0.160360 0.912222 0.690000
240 0.159241 0.916667 0.680000
241 0.154307 0.918889 0.690000
242 0.155912 0.918889 0.680000
243 0.161424 0.917778 0.670000
244 0.160343 0.918889 0.660000
245 0.159302 0.917778 0.670000
246 0.165945 0.917778 0.670000
247 0.152243 0.918889 0.660000
248 0.160938 0.920000 0.660000
249 0.159254 0.917778 0.660000
250 0.157543 0.918889 0.660000
251 0.155580 0.917778 0.650000
252 0.156767 0.917778 0.660000
253 0.152514 0.917778 0.660000
254 0.159533 0.918889 0.670000
255 0.150869 0.918889 0.670000
256 0.163218 0.918889 0.670000
257 0.151780 0.918889 0.670000
258 0.162910 0.917778 0.670000
259 0.153940 0.918889 0.670000
260 0.157343 0.920000 0.660000
261 0.164740 0.918889 0.660000
262 0.155410 0.921111 0.670000
263 0.151258 0.920000 0.670000
264 0.159498 0.920000 0.660000
265 0.158941 0.917778 0.680000
266 0.161068 0.920000 0.650000
267 0.157028 0.918889 0.670000
268 0.150211 0.917778 0.680000
269 0.156388 0.917778 0.660000
270 0.164501 0.918889 0.660000
271 0.158358 0.917778 0.660000
272 0.153594 0.917778 0.660000
273 0.157708 0.917778 0.670000
274 0.157131 0.921111 0.660000
275 0.157708 0.918889 0.640000
276 0.151414 0.918889 0.650000
277 0.158744 0.917778 0.640000
278 0.156267 0.918889 0.670000
279 0.151689 0.917778 0.650000
280 0.159303 0.918889 0.660000
281 0.158382 0.918889 0.660000
282 0.158203 0.920000 0.650000
283 0.157270 0.918889 0.640000
284 0.164325 0.917778 0.650000
285 0.167006 0.920000 0.660000
286 0.158531 0.920000 0.670000
287 0.159155 0.920000 0.650000
288 0.157890 0.918889 0.650000
289 0.153940 0.920000 0.660000
290 0.155891 0.920000 0.640000
291 0.162685 0.921111 0.650000
292 0.160523 0.920000 0.650000
293 0.154636 0.920000 0.640000
294 0.163516 0.918889 0.650000
295 0.150035 0.918889 0.670000
296 0.153611 0.921111 0.660000
297 0.156686 0.918889 0.660000
298 0.158370 0.920000 0.660000
299 0.155731 0.920000 0.660000
300 0.148793 0.920000 0.650000
301 0.152895 0.920000 0.660000
302 0.165326 0.918889 0.660000
303 0.160025 0.920000 0.660000
304 0.150942 0.920000 0.660000
305 0.153713 0.918889 0.650000
306 0.154455 0.920000 0.650000
307 0.162544 0.920000 0.660000
308 0.155921 0.920000 0.650000
309 0.160070 0.920000 0.650000
310 0.156139 0.918889 0.670000
311 0.151104 0.917778 0.660000
312 0.158896 0.920000 0.650000
313 0.157480 0.920000 0.650000
314 0.151992 0.918889 0.660000
315 0.152627 0.918889 0.650000
316 0.159245 0.918889 0.650000
317 0.156720 0.917778 0.650000
318 0.161331 0.917778 0.660000
319 0.152942 0.918889 0.650000
320 0.156339 0.918889 0.650000
321 0.153711 0.917778 0.650000
322 0.158493 0.917778 0.650000
323 0.162727 0.920000 0.650000
324 0.156423 0.918889 0.660000
325 0.155773 0.917778 0.660000
326 0.159704 0.917778 0.660000
327 0.160747 0.917778 0.650000
328 0.154133 0.918889 0.660000
329 0.152197 0.920000 0.660000
330 0.152180 0.920000 0.660000
331 0.151142 0.920000 0.660000
332 0.157097 0.920000 0.650000
333 0.153973 0.918889 0.660000
334 0.155221 0.918889 0.650000
335 0.150713 0.918889 0.660000
336 0.159710 0.917778 0.650000
337 0.156537 0.917778 0.660000
338 0.157162 0.917778 0.660000
339 0.154791 0.918889 0.650000
340 0.162378 0.918889 0.650000
341 0.158879 0.918889 0.660000
342 0.157737 0.918889 0.650000
343 0.157367 0.918889 0.650000
344 0.156993 0.918889 0.660000
345 0.158103 0.917778 0.660000
346 0.161289 0.918889 0.660000
347 0.159125 0.918889 0.660000
348 0.156180 0.920000 0.650000
349 0.161353 0.918889 0.660000
350 0.159692 0.918889 0.650000
