1 5.440698 0.538254 0.537713
2 2.031628 0.635307 0.625304
3 1.582282 0.579886 0.576642
4 1.177449 0.649635 0.654501
5 0.985688 0.732090 0.710462
6 1.068193 0.712084 0.705596
7 1.275838 0.622871 0.613139
8 1.367529 0.716410 0.683698
9 1.008245 0.703433 0.666667
10 0.874259 0.735064 0.712895
11 0.796295 0.638821 0.591241
12 0.949818 0.721546 0.700730
13 1.020765 0.663423 0.671533
14 0.785627 0.720735 0.671533
15 0.789756 0.720465 0.693431
16 0.742981 0.683158 0.656934
17 0.715164 0.698567 0.654501
18 0.784934 0.677751 0.635036
19 0.756952 0.683158 0.666667
20 0.783108 0.725331 0.676399
21 0.630996 0.721276 0.705596
22 0.653962 0.654501 0.688564
23 0.704708 0.617464 0.608273
24 0.695057 0.727494 0.698297
25 0.634715 0.723439 0.686131
26 0.688955 0.735875 0.717762
27 0.587719 0.706948 0.661800
28 0.619897 0.709651 0.683698
29 0.619019 0.730738 0.678832
30 0.587772 0.726953 0.683698
31 0.604733 0.731549 0.698297
32 0.637654 0.680995 0.690998
33 0.614646 0.706677 0.681265
34 0.595742 0.730738 0.708029
35 0.600786 0.740741 0.698297
36 0.592151 0.740200 0.705596
37 0.584386 0.730197 0.690998
38 0.640532 0.722357 0.705596
39 0.611072 0.679643 0.635036
40 0.583655 0.729657 0.690998
41 0.567854 0.749662 0.722628
42 0.557360 0.737497 0.690998
43 0.610398 0.711544 0.690998
44 0.596105 0.741011 0.705596
45 0.586646 0.747229 0.705596
46 0.569487 0.721006 0.678832
47 0.566431 0.732630 0.686131
48 0.560857 0.745607 0.708029
49 0.560555 0.725872 0.688564
50 0.543817 0.752095 0.708029
51 0.543429 0.747770 0.717762
52 0.561730 0.737497 0.705596
53 0.560717 0.735334 0.681265
54 0.542943 0.752095 0.710462
55 0.547279 0.750743 0.708029
56 0.542038 0.742092 0.688564
57 0.536691 0.747770 0.705596
58 0.544331 0.739659 0.715328
59 0.563214 0.747770 0.703163
60 0.547185 0.752636 0.698297
61 0.550318 0.751284 0.708029
62 0.548130 0.753447 0.705596
63 0.545925 0.734793 0.673966
64 0.561017 0.743985 0.690998
65 0.524962 0.741822 0.708029
66 0.552379 0.749121 0.698297
67 0.538894 0.746959 0.690998
68 0.543671 0.753177 0.703163
69 0.559193 0.749932 0.715328
70 0.548152 0.753717 0.712895
71 0.532226 0.751284 0.698297
72 0.544524 0.756150 0.700730
73 0.551730 0.761016 0.705596
74 0.537347 0.764531 0.717762
75 0.546760 0.748040 0.690998
76 0.543124 0.732360 0.686131
77 0.545034 0.753988 0.705596
78 0.552493 0.741822 0.700730
79 0.533824 0.759665 0.717762
80 0.545205 0.756691 0.715328
81 0.520867 0.758583 0.725061
82 0.510521 0.751825 0.717762
83 0.535150 0.760205 0.705596
84 0.518899 0.751014 0.705596
85 0.528925 0.769397 0.722628
86 0.539385 0.743985 0.698297
87 0.547929 0.758583 0.690998
88 0.528376 0.763720 0.705596
89 0.534751 0.758043 0.710462
90 0.530402 0.758854 0.693431
91 0.542458 0.769667 0.700730
92 0.542340 0.769667 0.698297
93 0.552388 0.732901 0.673966
94 0.532747 0.732901 0.708029
95 0.541272 0.760205 0.722628
96 0.522258 0.765072 0.717762
97 0.525092 0.763179 0.705596
98 0.538901 0.727494 0.722628
99 0.531863 0.767505 0.712895
100 0.509627 0.779670 0.712895
101 0.504982 0.777778 0.727494
102 0.500009 0.777778 0.715328
103 0.510764 0.762909 0.686131
104 0.515397 0.776156 0.693431
105 0.493995 0.786699 0.715328
106 0.494650 0.773723 0.717762
107 0.500110 0.775074 0.715328
108 0.508656 0.775615 0.690998
109 0.499386 0.781833 0.729927
110 0.509284 0.775074 0.686131
111 0.499715 0.778048 0.715328
112 0.498517 0.788051 0.720195
113 0.501808 0.788051 0.717762
114 0.490801 0.772912 0.693431
115 0.494208 0.774263 0.698297
116 0.502238 0.775615 0.715328
117 0.502726 0.781292 0.742092
118 0.496127 0.783725 0.712895
119 0.498529 0.785347 0.710462
120 0.495171 0.783725 0.717762
121 0.503114 0.778318 0.703163
122 0.502271 0.784807 0.715328
123 0.492647 0.762368 0.708029
124 0.503499 0.788321 0.727494
125 0.494566 0.786158 0.703163
126 0.499983 0.784266 0.722628
127 0.488271 0.778048 0.727494
128 0.500388 0.771019 0.727494
129 0.498153 0.775345 0.720195
130 0.490754 0.782103 0.695864
131 0.495406 0.775615 0.695864
132 0.487844 0.785888 0.710462
133 0.494278 0.786429 0.727494
134 0.494488 0.780752 0.688564
135 0.478078 0.785077 0.725061
136 0.497827 0.782644 0.717762
137 0.502362 0.763990 0.715328
138 0.505452 0.793458 0.705596
139 0.494400 0.792917 0.722628
140 0.496359 0.781022 0.712895
141 0.486714 0.791025 0.703163
142 0.494961 0.788862 0.700730
143 0.496368 0.788592 0.717762
144 0.482905 0.794269 0.715328
145 0.482074 0.772371 0.715328
146 0.487019 0.793458 0.722628
147 0.476983 0.781833 0.705596
148 0.474803 0.800487 0.715328
149 0.471617 0.793728 0.732360
150 0.479927 0.795080 0.720195
151 0.466101 0.800487 0.720195
152 0.471554 0.778318 0.708029
153 0.472435 0.802109 0.722628
154 0.458492 0.797242 0.720195
155 0.464223 0.803731 0.722628
156 0.460227 0.809678 0.727494
157 0.460924 0.801298 0.732360
158 0.465954 0.805082 0.720195
159 0.459514 0.810760 0.727494
160 0.462463 0.806975 0.729927
161 0.475049 0.801838 0.725061
162 0.461230 0.805082 0.725061
163 0.463305 0.798865 0.715328
164 0.454605 0.807516 0.737226
165 0.457669 0.802649 0.717762
166 0.451489 0.804271 0.715328
167 0.452528 0.814274 0.710462
168 0.447701 0.810489 0.732360
169 0.448254 0.804001 0.727494
170 0.447692 0.814544 0.737226
171 0.449992 0.812922 0.722628
172 0.466283 0.803190 0.722628
173 0.463419 0.812382 0.734793
174 0.452610 0.813733 0.732360
175 0.449673 0.808867 0.705596
176 0.447480 0.819681 0.725061
177 0.454368 0.803190 0.727494
178 0.448622 0.812922 0.729927
179 0.459798 0.815896 0.717762
180 0.446603 0.815356 0.729927
181 0.449065 0.806164 0.710462
182 0.458046 0.812111 0.729927
183 0.449047 0.810219 0.708029
184 0.452192 0.792106 0.732360
185 0.459270 0.815085 0.725061
186 0.448848 0.812652 0.737226
187 0.448736 0.810760 0.727494
188 0.445343 0.807245 0.715328
189 0.447289 0.820222 0.725061
190 0.453140 0.821033 0.742092
191 0.445003 0.812922 0.732360
192 0.447582 0.808597 0.732360
193 0.439053 0.805893 0.732360
194 0.445756 0.807245 0.703163
195 0.452672 0.817789 0.720195
196 0.435772 0.826710 0.725061
197 0.440794 0.819681 0.727494
198 0.441373 0.814004 0.737226
199 0.437560 0.818600 0.722628
200 0.435177 0.827791 0.727494
201 0.423261 0.828873 0.720195
202 0.424284 0.829413 0.734793
203 0.433747 0.833739 0.717762
204 0.431845 0.827791 0.732360
205 0.414144 0.833198 0.722628
206 0.434488 0.825629 0.712895
207 0.427588 0.831576 0.727494
208 0.435515 0.825629 0.729927
209 0.419399 0.833739 0.729927
210 0.418268 0.833469 0.729927
211 0.415543 0.835902 0.725061
212 0.427481 0.833198 0.729927
213 0.415815 0.829413 0.717762
214 0.405502 0.841038 0.727494
215 0.421409 0.832928 0.729927
216 0.424800 0.842119 0.729927
217 0.418502 0.833739 0.739659
218 0.418372 0.837794 0.729927
219 0.427430 0.834009 0.720195
220 0.416285 0.844823 0.727494
221 0.413110 0.834280 0.737226
222 0.418889 0.840768 0.737226
223 0.410113 0.831035 0.732360
224 0.408371 0.837794 0.729927
225 0.412817 0.835902 0.737226
226 0.416568 0.843471 0.732360
227 0.400564 0.841849 0.739659
228 0.412577 0.845093 0.734793
229 0.405938 0.846175 0.722628
230 0.412318 0.844012 0.742092
231 0.413161 0.836983 0.744526
232 0.405693 0.844282 0.734793
233 0.401321 0.841579 0.749392
234 0.398676 0.844282 0.737226
235 0.416374 0.843742 0.754258
236 0.402963 0.847526 0.751825
237 0.410210 0.849148 0.722628
238 0.403966 0.845634 0.727494
239 0.394083 0.847256 0.744526
240 0.414688 0.847797 0.732360
241 0.401142 0.842660 0.749392
242 0.401302 0.844282 0.722628
243 0.398703 0.847256 0.734793
244 0.394767 0.848878 0.742092
245 0.407818 0.848608 0.742092
246 0.410199 0.845364 0.744526
247 0.389402 0.844553 0.751825
248 0.401698 0.849959 0.742092
249 0.397909 0.839957 0.742092
250 0.396029 0.851311 0.737226
251 0.401636 0.848608 0.744526
252 0.394490 0.852393 0.734793
253 0.393109 0.854285 0.742092
254 0.391354 0.854015 0.746959
255 0.383397 0.850770 0.744526
256 0.401445 0.856177 0.744526
257 0.396897 0.851852 0.751825
258 0.391562 0.849419 0.744526
259 0.377839 0.852933 0.734793
260 0.382604 0.852122 0.742092
261 0.392853 0.854015 0.742092
262 0.393254 0.855637 0.737226
263 0.383574 0.848337 0.742092
264 0.385188 0.854015 0.749392
265 0.395974 0.852393 0.742092
266 0.391085 0.854285 0.737226
267 0.394950 0.852393 0.749392
268 0.388356 0.856177 0.746959
269 0.390611 0.857529 0.739659
270 0.397200 0.854826 0.742092
271 0.389534 0.851311 0.737226
272 0.382214 0.855637 0.746959
273 0.378993 0.858610 0.739659
274 0.379954 0.856177 0.734793
275 0.387450 0.858340 0.744526
276 0.387074 0.850500 0.744526
277 0.398017 0.858070 0.744526
278 0.386773 0.856718 0.744526
279 0.380164 0.855366 0.734793
280 0.387101 0.858881 0.742092
281 0.380675 0.857259 0.734793
282 0.388450 0.852663 0.729927
283 0.377790 0.862395 0.744526
284 0.386935 0.858340 0.734793
285 0.394247 0.861584 0.744526
286 0.385252 0.856988 0.744526
287 0.379583 0.862936 0.739659
288 0.383260 0.859151 0.749392
289 0.377441 0.858610 0.737226
290 0.384147 0.861314 0.742092
291 0.378690 0.858881 0.749392
292 0.382277 0.857259 0.737226
293 0.369104 0.861044 0.742092
294 0.383484 0.861584 0.749392
295 0.381054 0.864828 0.749392
296 0.392954 0.862125 0.739659
297 0.385583 0.862395 0.744526
298 0.373031 0.861314 0.751825
299 0.381400 0.860232 0.734793
300 0.386462 0.861044 0.734793
301 0.378493 0.864288 0.734793
302 0.374633 0.858340 0.751825
303 0.372405 0.862666 0.754258
304 0.370149 0.862936 0.756691
305 0.369604 0.865099 0.759124
306 0.378702 0.865099 0.739659
307 0.380374 0.864828 0.737226
308 0.379716 0.864828 0.749392
309 0.380732 0.864828 0.751825
310 0.382003 0.864017 0.746959
311 0.374412 0.862395 0.734793
312 0.374700 0.860773 0.739659
313 0.369657 0.864017 0.746959
314 0.382020 0.862125 0.759124
315 0.368613 0.860503 0.742092
316 0.369629 0.860773 0.749392
317 0.371766 0.864288 0.756691
318 0.370394 0.868883 0.756691
319 0.372174 0.862936 0.734793
320 0.366360 0.864288 0.744526
321 0.380078 0.867532 0.746959
322 0.374992 0.865639 0.746959
323 0.369349 0.866450 0.759124
324 0.362130 0.865369 0.751825
325 0.374594 0.864558 0.749392
326 0.382074 0.866180 0.749392
327 0.374264 0.865639 0.746959
328 0.367667 0.867802 0.734793
329 0.373844 0.865639 0.734793
330 0.366943 0.866991 0.742092
331 0.366364 0.866721 0.744526
332 0.373468 0.862936 0.754258
333 0.371629 0.865910 0.746959
334 0.378361 0.865369 0.742092
335 0.363188 0.866991 0.739659
336 0.365552 0.869424 0.744526
337 0.369953 0.866721 0.739659
338 0.371599 0.863477 0.746959
339 0.373957 0.864288 0.749392
340 0.364611 0.865639 0.739659
341 0.358763 0.864558 0.742092
342 0.366288 0.866721 0.749392
343 0.365088 0.867802 0.754258
344 0.362973 0.868072 0.746959
345 0.379105 0.865369 0.739659
346 0.375917 0.866721 0.746959
347 0.367080 0.867261 0.746959
348 0.368663 0.863747 0.751825
349 0.362099 0.866180 0.734793
350 0.369968 0.867532 0.751825
