1 11.801949 0.718889 0.718000
2 2.575317 0.779333 0.750000
3 1.354030 0.770222 0.712000
4 0.941342 0.774889 0.726000
5 0.897926 0.779778 0.738000
6 0.923217 0.772667 0.736000
7 0.815085 0.796000 0.752000
8 0.835227 0.799556 0.764000
9 0.626049 0.801778 0.764000
10 0.649158 0.800222 0.764000
11 0.592088 0.806667 0.754000
12 0.572750 0.798222 0.760000
13 0.527569 0.807556 0.756000
14 0.506627 0.820889 0.780000
15 0.496027 0.811556 0.782000
16 0.536909 0.776444 0.750000
17 0.589993 0.816222 0.758000
18 0.550091 0.818222 0.788000
19 0.507919 0.784222 0.770000
20 0.530048 0.824667 0.758000
21 0.507146 0.829333 0.752000
22 0.566526 0.829778 0.760000
23 0.521751 0.806889 0.780000
24 0.479267 0.825556 0.780000
25 0.487668 0.836444 0.770000
26 0.481576 0.842667 0.802000
27 0.468613 0.842444 0.784000
28 0.466710 0.841333 0.782000
29 0.460753 0.846889 0.778000
30 0.463638 0.846222 0.782000
