1 1.797910 0.485207 0.526316
2 0.845823 0.337278 0.368421
3 0.829433 0.786982 0.789474
4 0.756104 0.822485 0.842105
5 0.613934 0.852071 0.947368
6 0.480290 0.846154 0.894737
7 0.462281 0.852071 0.947368
8 0.552947 0.834320 0.894737
9 0.511655 0.828402 0.894737
10 0.450595 0.804734 0.894737
11 0.407482 0.852071 0.894737
12 0.379715 0.857988 0.894737
13 0.582064 0.615385 0.578947
14 0.437593 0.881657 0.894737
15 0.346478 0.639053 0.631579
16 0.343587 0.893491 0.894737
17 0.298979 0.893491 0.947368
18 0.278885 0.887574 0.894737
19 0.293896 0.857988 0.842105
20 0.312582 0.544379 0.526316
21 0.355477 0.905325 0.894737
22 0.289150 0.905325 0.947368
23 0.269501 0.928994 0.894737
24 0.251371 0.928994 0.842105
25 0.199786 0.923077 0.894737
26 0.181426 0.911243 0.894737
27 0.174602 0.976331 0.842105
28 0.184387 0.946746 0.894737
29 0.161986 0.952663 0.894737
30 0.158110 0.946746 0.894737
31 0.167821 0.934911 0.894737
32 0.151897 0.893491 0.789474
33 0.150270 0.899408 0.947368
34 0.162458 0.786982 0.894737
35 0.243370 0.733728 0.789474
36 0.182231 0.905325 0.894737
37 0.162206 0.810651 0.631579
38 0.163436 0.822485 0.789474
39 0.167308 0.875740 0.842105
40 0.140240 0.952663 0.947368
41 0.121555 0.988166 0.842105
42 0.115649 0.893491 0.789474
43 0.121958 0.958580 0.736842
44 0.127221 0.940828 0.894737
45 0.125820 0.934911 0.947368
46 0.132406 0.970414 0.842105
47 0.128825 0.958580 0.842105
48 0.119360 0.911243 0.736842
49 0.128444 0.923077 0.736842
50 0.102696 0.982249 0.842105
51 0.092762 0.976331 0.736842
52 0.090245 0.982249 0.789474
53 0.092584 0.976331 0.842105
54 0.097851 0.976331 0.894737
55 0.088852 0.982249 0.736842
56 0.084026 0.852071 0.894737
57 0.101857 0.911243 0.894737
58 0.096034 0.988166 0.789474
59 0.085765 0.976331 0.842105
60 0.091279 0.976331 0.894737
61 0.087748 0.988166 0.894737
62 0.086393 0.970414 0.894737
63 0.092244 0.976331 0.842105
64 0.085076 0.970414 0.842105
65 0.091372 0.976331 0.736842
66 0.091599 0.970414 0.842105
67 0.121976 0.964497 0.842105
68 0.108666 0.952663 0.736842
69 0.110084 0.940828 0.842105
70 0.099671 0.976331 0.842105
