1 1.596799 0.674556 0.684211
2 0.695160 0.834320 0.842105
3 0.749189 0.692308 0.789474
4 0.543788 0.420118 0.473684
5 0.586295 0.852071 0.789474
6 0.451228 0.822485 0.894737
7 0.500793 0.828402 0.894737
8 0.508263 0.846154 0.842105
9 0.427923 0.863905 0.894737
10 0.454238 0.816568 0.894737
11 0.410643 0.816568 0.789474
12 0.421392 0.786982 0.684211
13 0.387962 0.863905 0.894737
14 0.391744 0.875740 0.842105
15 0.375767 0.863905 0.842105
16 0.457271 0.781065 0.894737
17 0.414379 0.390533 0.315789
18 0.367549 0.775148 0.473684
19 0.373466 0.834320 0.842105
20 0.398137 0.875740 0.842105
21 0.375778 0.810651 0.631579
22 0.352573 0.804734 0.842105
23 0.375756 0.485207 0.526316
24 0.385224 0.875740 0.842105
25 0.348044 0.887574 0.789474
26 0.349425 0.857988 0.736842
27 0.336245 0.899408 0.842105
28 0.356105 0.680473 0.473684
29 0.325737 0.893491 0.842105
30 0.389445 0.887574 0.842105
31 0.328359 0.887574 0.894737
32 0.294772 0.899408 0.842105
33 0.336993 0.846154 0.894737
34 0.334299 0.893491 0.842105
35 0.305635 0.875740 0.789474
36 0.276827 0.816568 0.631579
37 0.300596 0.899408 0.789474
38 0.276922 0.852071 0.842105
39 0.260806 0.887574 0.894737
40 0.278398 0.461538 0.315789
41 0.272031 0.573964 0.684211
42 0.281904 0.449704 0.421053
43 0.277332 0.834320 0.894737
44 0.270660 0.887574 0.894737
45 0.242187 0.893491 0.789474
46 0.247681 0.402367 0.368421
47 0.231959 0.603550 0.526316
48 0.230420 0.893491 0.894737
49 0.239528 0.828402 0.789474
50 0.212300 0.710059 0.736842
51 0.203487 0.526627 0.421053
52 0.209607 0.751479 0.578947
53 0.206968 0.875740 0.842105
54 0.205867 0.597633 0.526316
55 0.209382 0.875740 0.736842
56 0.199344 0.905325 0.789474
57 0.201600 0.514793 0.368421
58 0.199649 0.810651 0.684211
59 0.198446 0.899408 0.842105
60 0.211117 0.396450 0.315789
61 0.204835 0.875740 0.842105
62 0.209012 0.497041 0.578947
63 0.208422 0.402367 0.368421
64 0.218294 0.834320 0.736842
65 0.195529 0.863905 0.789474
66 0.197137 0.550296 0.526316
67 0.184037 0.887574 0.842105
68 0.195117 0.609467 0.631579
69 0.204724 0.863905 0.842105
70 0.189142 0.467456 0.368421
