1 1.703738 0.792899 0.368421
2 0.887546 0.751479 0.421053
3 0.590077 0.662722 0.473684
4 0.481913 0.763314 0.473684
5 0.459708 0.875740 0.631579
6 0.583380 0.846154 0.736842
7 0.452666 0.857988 0.631579
8 0.444486 0.881657 0.684211
9 0.364613 0.869822 0.631579
10 0.441894 0.875740 0.684211
11 0.356900 0.893491 0.578947
12 0.335590 0.846154 0.684211
13 0.350323 0.887574 0.631579
14 0.312976 0.905325 0.684211
15 0.325781 0.887574 0.736842
16 0.252932 0.911243 0.631579
17 0.241908 0.923077 0.736842
18 0.218658 0.923077 0.684211
19 0.269747 0.893491 0.684211
20 0.217086 0.804734 0.526316
21 0.216672 0.923077 0.578947
22 0.247049 0.834320 0.684211
23 0.245868 0.928994 0.684211
24 0.228931 0.946746 0.736842
25 0.208052 0.934911 0.631579
26 0.196445 0.917160 0.789474
27 0.184599 0.940828 0.736842
28 0.193604 0.881657 0.526316
29 0.182729 0.899408 0.631579
30 0.221063 0.887574 0.684211
31 0.165628 0.934911 0.631579
32 0.146979 0.940828 0.736842
33 0.141914 0.952663 0.736842
34 0.157186 0.928994 0.684211
35 0.195105 0.911243 0.684211
36 0.142217 0.911243 0.684211
37 0.124458 0.911243 0.684211
38 0.134515 0.964497 0.789474
39 0.145977 0.940828 0.684211
40 0.139311 0.881657 0.578947
41 0.115708 0.964497 0.736842
42 0.108921 0.934911 0.684211
43 0.113391 0.964497 0.684211
44 0.116326 0.875740 0.684211
45 0.177185 0.917160 0.631579
46 0.147183 0.792899 0.368421
47 0.168280 0.863905 0.789474
48 0.110894 0.952663 0.789474
49 0.097860 0.988166 0.736842
50 0.082791 0.958580 0.736842
51 0.077647 0.982249 0.736842
52 0.088081 0.952663 0.578947
53 0.082683 0.982249 0.736842
54 0.080243 0.976331 0.736842
55 0.080302 0.988166 0.789474
56 0.073689 0.976331 0.684211
57 0.066846 0.982249 0.789474
58 0.069452 0.988166 0.789474
59 0.071021 0.964497 0.684211
60 0.072743 0.982249 0.789474
61 0.072351 0.988166 0.736842
62 0.068846 0.976331 0.736842
63 0.070442 0.976331 0.736842
64 0.067616 0.982249 0.736842
65 0.068282 0.982249 0.736842
66 0.066021 0.970414 0.789474
67 0.069195 0.982249 0.789474
68 0.066479 0.988166 0.736842
69 0.064206 0.982249 0.736842
70 0.064256 0.946746 0.789474
