1 2.526332 0.728889 0.720000
2 0.847968 0.785556 0.740000
3 0.619311 0.783333 0.700000
4 0.486668 0.775556 0.690000
5 0.439049 0.830000 0.700000
6 0.474742 0.787778 0.720000
7 0.442209 0.823333 0.720000
8 0.420512 0.788889 0.760000
9 0.439068 0.832222 0.750000
10 0.408427 0.860000 0.750000
11 0.345488 0.835556 0.740000
12 0.368603 0.835556 0.750000
13 0.362299 0.833333 0.740000
14 0.350620 0.865556 0.680000
15 0.309865 0.883333 0.650000
16 0.290549 0.876667 0.670000
17 0.316753 0.865556 0.660000
18 0.315544 0.866667 0.660000
19 0.317843 0.855556 0.690000
20 0.314684 0.877778 0.670000
21 0.297226 0.873333 0.710000
22 0.268764 0.887778 0.650000
23 0.286709 0.860000 0.640000
24 0.250074 0.880000 0.680000
25 0.287664 0.885556 0.630000
26 0.274548 0.877778 0.660000
27 0.261452 0.884444 0.650000
28 0.255476 0.873333 0.700000
29 0.247471 0.894444 0.700000
30 0.265353 0.903333 0.670000
31 0.238535 0.911111 0.670000
32 0.253668 0.904444 0.700000
33 0.282531 0.904444 0.710000
34 0.245130 0.904444 0.680000
35 0.217638 0.910000 0.710000
36 0.232394 0.915556 0.700000
37 0.229382 0.903333 0.720000
38 0.221916 0.904444 0.700000
39 0.236504 0.895556 0.700000
40 0.256747 0.902222 0.700000
41 0.223901 0.902222 0.660000
42 0.233080 0.883333 0.660000
43 0.251084 0.906667 0.690000
44 0.237706 0.907778 0.660000
45 0.232950 0.902222 0.690000
46 0.210324 0.918889 0.690000
47 0.194796 0.914444 0.680000
48 0.211376 0.912222 0.730000
49 0.192933 0.897778 0.670000
50 0.187074 0.924444 0.660000
51 0.184042 0.924444 0.690000
52 0.161827 0.931111 0.660000
53 0.162070 0.925556 0.670000
54 0.189823 0.928889 0.670000
55 0.173315 0.938889 0.700000
56 0.162551 0.926667 0.680000
57 0.158490 0.934444 0.690000
58 0.223637 0.920000 0.700000
59 0.157942 0.923333 0.700000
60 0.169708 0.930000 0.670000
61 0.162400 0.914444 0.700000
62 0.169503 0.940000 0.690000
63 0.164211 0.935556 0.690000
64 0.160206 0.936667 0.690000
65 0.155728 0.937778 0.700000
66 0.156696 0.928889 0.650000
67 0.162949 0.932222 0.690000
68 0.180269 0.935556 0.680000
69 0.151576 0.932222 0.680000
70 0.155909 0.935556 0.700000
71 0.142031 0.940000 0.670000
72 0.147720 0.940000 0.680000
73 0.154983 0.935556 0.710000
74 0.181719 0.930000 0.680000
75 0.162057 0.925556 0.700000
76 0.142953 0.946667 0.700000
77 0.154923 0.934444 0.650000
78 0.147836 0.942222 0.650000
79 0.161809 0.928889 0.640000
80 0.143070 0.937778 0.670000
81 0.164770 0.941111 0.660000
82 0.198214 0.935556 0.690000
83 0.160865 0.944444 0.680000
84 0.150077 0.936667 0.700000
85 0.155198 0.930000 0.720000
86 0.154864 0.944444 0.670000
87 0.160995 0.942222 0.670000
88 0.143630 0.934444 0.650000
89 0.148122 0.942222 0.660000
90 0.156046 0.926667 0.700000
91 0.167540 0.931111 0.660000
92 0.153439 0.943333 0.680000
93 0.143197 0.937778 0.720000
94 0.157872 0.945556 0.670000
95 0.143197 0.946667 0.680000
96 0.168366 0.930000 0.640000
97 0.155202 0.936667 0.680000
98 0.157680 0.938889 0.690000
99 0.135177 0.944444 0.700000
100 0.135780 0.942222 0.700000
101 0.120191 0.948889 0.690000
102 0.123133 0.945556 0.670000
103 0.119672 0.948889 0.680000
104 0.120902 0.947778 0.670000
105 0.112450 0.946667 0.680000
106 0.135644 0.946667 0.700000
107 0.122736 0.942222 0.670000
108 0.107658 0.948889 0.680000
109 0.121107 0.948889 0.660000
110 0.121389 0.945556 0.660000
111 0.123871 0.946667 0.660000
112 0.118538 0.950000 0.650000
113 0.121241 0.944444 0.650000
114 0.118115 0.952222 0.680000
115 0.116145 0.945556 0.690000
116 0.144484 0.941111 0.690000
117 0.128468 0.950000 0.690000
118 0.128836 0.942222 0.700000
119 0.115393 0.952222 0.680000
120 0.113726 0.948889 0.690000
121 0.133645 0.947778 0.670000
122 0.124991 0.951111 0.690000
123 0.113247 0.951111 0.690000
124 0.116143 0.954444 0.650000
125 0.116217 0.950000 0.690000
126 0.125121 0.951111 0.690000
127 0.120184 0.947778 0.680000
128 0.112292 0.947778 0.690000
129 0.115448 0.951111 0.690000
130 0.116392 0.947778 0.670000
131 0.112117 0.951111 0.690000
132 0.115096 0.946667 0.660000
133 0.114982 0.947778 0.660000
134 0.106636 0.947778 0.640000
135 0.118786 0.945556 0.680000
136 0.137369 0.951111 0.690000
137 0.132664 0.947778 0.670000
138 0.107232 0.951111 0.690000
139 0.105886 0.943333 0.680000
140 0.127501 0.950000 0.690000
141 0.127946 0.953333 0.690000
142 0.116090 0.951111 0.680000
143 0.113233 0.952222 0.690000
144 0.112594 0.948889 0.670000
145 0.114550 0.947778 0.680000
146 0.110420 0.953333 0.680000
147 0.116561 0.951111 0.680000
148 0.103738 0.954444 0.680000
149 0.120110 0.947778 0.680000
150 0.121201 0.952222 0.670000
151 0.099086 0.953333 0.690000
152 0.097293 0.953333 0.680000
153 0.099106 0.954444 0.700000
154 0.097966 0.954444 0.680000
155 0.094252 0.953333 0.680000
156 0.096548 0.954444 0.670000
157 0.096543 0.954444 0.680000
158 0.102142 0.951111 0.680000
159 0.101517 0.955556 0.690000
160 0.100766 0.955556 0.690000
161 0.105871 0.953333 0.670000
162 0.096660 0.955556 0.680000
163 0.100838 0.955556 0.670000
164 0.101578 0.954444 0.670000
165 0.091218 0.954444 0.660000
166 0.090697 0.950000 0.670000
167 0.100943 0.954444 0.690000
168 0.098852 0.953333 0.690000
169 0.094233 0.955556 0.690000
170 0.091313 0.953333 0.670000
171 0.098337 0.955556 0.660000
172 0.103521 0.956667 0.680000
173 0.104467 0.956667 0.670000
174 0.100178 0.948889 0.650000
175 0.094911 0.956667 0.680000
176 0.098808 0.952222 0.650000
177 0.104893 0.955556 0.680000
178 0.096874 0.954444 0.680000
179 0.108729 0.956667 0.690000
180 0.107813 0.954444 0.700000
181 0.098810 0.955556 0.690000
182 0.097060 0.955556 0.700000
183 0.104943 0.955556 0.690000
184 0.113122 0.956667 0.670000
185 0.092456 0.956667 0.680000
186 0.103141 0.955556 0.700000
187 0.092897 0.953333 0.700000
188 0.098026 0.955556 0.710000
189 0.096246 0.955556 0.690000
190 0.097563 0.954444 0.700000
191 0.095091 0.956667 0.680000
192 0.094822 0.955556 0.700000
193 0.095427 0.956667 0.690000
194 0.088732 0.955556 0.690000
195 0.095988 0.953333 0.680000
196 0.093066 0.955556 0.710000
197 0.098130 0.953333 0.700000
198 0.097076 0.954444 0.700000
199 0.104064 0.954444 0.680000
200 0.097919 0.953333 0.690000
201 0.095469 0.955556 0.680000
202 0.090680 0.956667 0.690000
203 0.095490 0.955556 0.690000
204 0.089932 0.956667 0.690000
205 0.093233 0.956667 0.690000
206 0.089751 0.955556 0.680000
207 0.098210 0.955556 0.670000
208 0.095209 0.955556 0.680000
209 0.093995 0.956667 0.680000
210 0.086395 0.956667 0.690000
211 0.085737 0.956667 0.700000
212 0.092441 0.956667 0.700000
213 0.088061 0.955556 0.690000
214 0.088987 0.955556 0.680000
215 0.090518 0.956667 0.680000
216 0.086741 0.955556 0.690000
217 0.092869 0.956667 0.680000
218 0.093038 0.955556 0.680000
219 0.092575 0.956667 0.690000
220 0.096869 0.956667 0.680000
221 0.094243 0.955556 0.660000
222 0.104112 0.956667 0.690000
223 0.094967 0.956667 0.690000
224 0.091370 0.956667 0.700000
225 0.090193 0.956667 0.700000
226 0.089565 0.956667 0.700000
227 0.084116 0.956667 0.700000
228 0.088299 0.956667 0.700000
229 0.091314 0.955556 0.700000
230 0.089514 0.956667 0.700000
231 0.090400 0.956667 0.690000
232 0.081230 0.956667 0.690000
233 0.091084 0.956667 0.700000
234 0.091809 0.955556 0.680000
235 0.090097 0.956667 0.700000
236 0.089928 0.955556 0.690000
237 0.095426 0.956667 0.700000
238 0.088429 0.956667 0.680000
239 0.091709 0.955556 0.700000
240 0.091636 0.955556 0.680000
241 0.089809 0.956667 0.680000
242 0.094562 0.954444 0.680000
243 0.094611 0.956667 0.680000
244 0.084583 0.955556 0.690000
245 0.083793 0.956667 0.680000
246 0.086012 0.956667 0.700000
247 0.092170 0.956667 0.680000
248 0.092767 0.956667 0.680000
249 0.084260 0.956667 0.690000
250 0.091518 0.956667 0.690000
251 0.083729 0.956667 0.680000
252 0.084041 0.956667 0.680000
253 0.085734 0.955556 0.690000
254 0.086329 0.955556 0.680000
255 0.082797 0.956667 0.670000
256 0.086778 0.956667 0.690000
257 0.085954 0.956667 0.680000
258 0.094659 0.956667 0.670000
259 0.087287 0.955556 0.670000
260 0.086336 0.956667 0.670000
261 0.089654 0.956667 0.680000
262 0.090814 0.956667 0.690000
263 0.088281 0.956667 0.680000
264 0.087690 0.955556 0.680000
265 0.082649 0.955556 0.680000
266 0.087782 0.956667 0.690000
267 0.086836 0.956667 0.670000
268 0.089346 0.956667 0.680000
269 0.090285 0.956667 0.680000
270 0.094667 0.956667 0.660000
271 0.083071 0.956667 0.680000
272 0.083784 0.956667 0.690000
273 0.090856 0.956667 0.690000
274 0.092985 0.956667 0.690000
275 0.087242 0.956667 0.690000
276 0.086230 0.956667 0.680000
277 0.087356 0.956667 0.690000
278 0.090639 0.956667 0.690000
279 0.082773 0.956667 0.690000
280 0.087172 0.956667 0.690000
281 0.089250 0.956667 0.690000
282 0.091305 0.955556 0.690000
283 0.087156 0.956667 0.690000
284 0.091825 0.956667 0.700000
285 0.092218 0.956667 0.670000
286 0.089863 0.956667 0.680000
287 0.084528 0.956667 0.700000
288 0.087886 0.955556 0.700000
289 0.085251 0.955556 0.690000
290 0.087432 0.956667 0.690000
291 0.087775 0.955556 0.700000
292 0.088965 0.956667 0.690000
293 0.086578 0.956667 0.690000
294 0.092860 0.956667 0.700000
295 0.088279 0.956667 0.700000
296 0.084494 0.956667 0.700000
297 0.085122 0.956667 0.690000
298 0.094460 0.956667 0.690000
299 0.081046 0.956667 0.700000
300 0.082621 0.956667 0.690000
301 0.086622 0.956667 0.700000
302 0.087707 0.956667 0.680000
303 0.087759 0.956667 0.680000
304 0.085378 0.956667 0.690000
305 0.087599 0.956667 0.690000
306 0.084737 0.956667 0.690000
307 0.086886 0.956667 0.680000
308 0.088151 0.956667 0.700000
309 0.087692 0.956667 0.700000
310 0.089023 0.956667 0.700000
311 0.082994 0.956667 0.690000
312 0.086926 0.956667 0.700000
313 0.082091 0.956667 0.700000
314 0.086895 0.956667 0.690000
315 0.081430 0.956667 0.690000
316 0.083320 0.956667 0.690000
317 0.087805 0.956667 0.690000
318 0.088101 0.956667 0.700000
319 0.084113 0.956667 0.700000
320 0.082860 0.956667 0.700000
321 0.082463 0.956667 0.700000
322 0.076422 0.956667 0.710000
323 0.084922 0.956667 0.700000
324 0.083238 0.956667 0.710000
325 0.086287 0.956667 0.700000
326 0.080502 0.956667 0.700000
327 0.086618 0.956667 0.700000
328 0.085980 0.956667 0.700000
329 0.084966 0.956667 0.700000
330 0.088091 0.956667 0.700000
331 0.081457 0.956667 0.700000
332 0.083256 0.955556 0.700000
333 0.075934 0.956667 0.690000
334 0.085223 0.956667 0.690000
335 0.089043 0.956667 0.690000
336 0.085866 0.956667 0.690000
337 0.088462 0.955556 0.690000
338 0.086749 0.956667 0.700000
339 0.081745 0.956667 0.690000
340 0.086827 0.955556 0.690000
341 0.083536 0.956667 0.690000
342 0.088688 0.956667 0.690000
343 0.090516 0.956667 0.700000
344 0.085872 0.956667 0.690000
345 0.082853 0.956667 0.690000
346 0.086699 0.956667 0.690000
347 0.084747 0.956667 0.700000
348 0.089726 0.956667 0.690000
349 0.088856 0.956667 0.710000
350 0.086981 0.956667 0.700000
