1 4.369110 0.501481 0.480000
2 2.372302 0.455556 0.466667
3 1.742405 0.463704 0.453333
4 1.509423 0.487407 0.460000
5 1.249888 0.551111 0.506667
6 1.284788 0.531852 0.466667
7 1.268086 0.528889 0.473333
8 1.273275 0.534074 0.466667
9 0.993252 0.517037 0.453333
10 0.961945 0.549630 0.473333
11 0.938906 0.548148 0.466667
12 0.954136 0.529630 0.433333
13 0.938573 0.573333 0.446667
14 0.908298 0.575556 0.493333
15 0.916084 0.539259 0.453333
16 0.914940 0.574074 0.500000
17 0.926327 0.574074 0.473333
18 0.936001 0.570370 0.500000
19 0.884355 0.570370 0.460000
20 0.896211 0.597778 0.506667
21 0.904041 0.568889 0.473333
22 0.966398 0.572593 0.493333
23 0.921015 0.539259 0.446667
24 0.906321 0.591111 0.513333
25 0.889544 0.560000 0.446667
26 0.880282 0.550370 0.426667
27 0.879055 0.570370 0.453333
28 0.871612 0.602963 0.500000
29 0.896654 0.596296 0.473333
30 0.913309 0.582963 0.440000
31 0.877031 0.605926 0.480000
32 0.859674 0.528148 0.440000
33 0.886569 0.597037 0.480000
34 0.899143 0.602222 0.486667
35 0.865080 0.602963 0.433333
36 0.874350 0.591111 0.493333
37 0.864135 0.593333 0.460000
38 0.859269 0.597778 0.486667
39 0.851542 0.562963 0.486667
40 0.894938 0.573333 0.440000
41 1.009036 0.574815 0.493333
42 0.926916 0.585926 0.460000
43 0.943701 0.597037 0.473333
44 0.903321 0.599259 0.480000
45 0.858419 0.557778 0.466667
46 0.854428 0.602963 0.506667
47 0.850504 0.607407 0.460000
48 0.842948 0.605926 0.480000
49 0.845014 0.585185 0.500000
50 0.830645 0.620000 0.486667
51 0.811446 0.608889 0.486667
52 0.804186 0.620741 0.513333
53 0.810591 0.622222 0.480000
54 0.812986 0.614074 0.493333
55 0.793427 0.629630 0.486667
56 0.796665 0.623704 0.473333
57 0.787410 0.614815 0.473333
58 0.815617 0.622222 0.480000
59 0.795431 0.625926 0.500000
60 0.802917 0.627407 0.486667
61 0.802531 0.625926 0.486667
62 0.795248 0.626667 0.500000
63 0.799853 0.631111 0.506667
64 0.798291 0.632593 0.506667
65 0.790171 0.622963 0.486667
66 0.787973 0.618519 0.493333
67 0.788582 0.634815 0.500000
68 0.780194 0.612593 0.480000
69 0.795644 0.630370 0.480000
70 0.787434 0.617778 0.440000
