1 4.064544 0.608414 0.714286
2 1.526837 0.663430 0.600000
3 1.333287 0.579288 0.428571
4 1.482546 0.705502 0.600000
5 1.094526 0.715210 0.571429
6 0.983642 0.653722 0.400000
7 1.098003 0.728155 0.514286
8 0.910795 0.595469 0.457143
9 1.017455 0.663430 0.628571
10 0.910348 0.708738 0.657143
11 0.862579 0.754045 0.571429
12 0.674885 0.789644 0.542857
13 0.612307 0.763754 0.428571
14 0.482809 0.831715 0.485714
15 0.511941 0.776699 0.571429
16 0.543836 0.779935 0.485714
17 0.586257 0.666667 0.485714
18 0.562310 0.825243 0.514286
19 0.495287 0.851133 0.542857
20 0.465745 0.838188 0.542857
21 0.511581 0.825243 0.542857
22 0.462972 0.818770 0.571429
23 0.446088 0.815534 0.657143
24 0.403717 0.822006 0.571429
25 0.407359 0.809061 0.457143
26 0.402767 0.818770 0.457143
27 0.382587 0.828479 0.628571
28 0.390620 0.844660 0.600000
29 0.332085 0.834951 0.457143
30 0.468893 0.783172 0.571429
31 0.389274 0.867314 0.542857
32 0.344851 0.877023 0.514286
33 0.303458 0.870550 0.571429
34 0.293949 0.883495 0.428571
35 0.288518 0.838188 0.542857
36 0.327424 0.870550 0.514286
37 0.309731 0.919094 0.514286
38 0.269536 0.883495 0.542857
39 0.271696 0.818770 0.657143
40 0.304067 0.889968 0.542857
41 0.295968 0.889968 0.485714
42 0.328504 0.883495 0.628571
43 0.314451 0.909385 0.457143
44 0.243603 0.925566 0.600000
45 0.299353 0.915858 0.571429
46 0.217596 0.928803 0.542857
47 0.341604 0.896440 0.514286
48 0.308279 0.909385 0.542857
49 0.259412 0.938511 0.542857
50 0.170787 0.951456 0.600000
51 0.155687 0.974110 0.542857
52 0.141935 0.977346 0.600000
53 0.152135 0.987055 0.571429
54 0.143859 0.977346 0.600000
55 0.148228 0.944984 0.628571
56 0.136449 0.987055 0.600000
57 0.128010 0.880259 0.485714
58 0.185704 0.961165 0.571429
59 0.157542 0.977346 0.600000
60 0.156591 0.951456 0.514286
61 0.146804 0.957929 0.514286
62 0.157685 0.961165 0.571429
63 0.120860 0.977346 0.542857
64 0.175451 0.889968 0.628571
65 0.232357 0.928803 0.542857
66 0.177689 0.983819 0.514286
67 0.125016 0.970874 0.542857
68 0.145913 0.964401 0.485714
69 0.138937 0.974110 0.600000
70 0.114752 0.964401 0.628571
71 0.135308 0.951456 0.571429
72 0.142657 0.889968 0.600000
73 0.188109 0.938511 0.571429
74 0.168056 0.948220 0.542857
75 0.191615 0.922330 0.657143
76 0.213896 0.944984 0.571429
77 0.143755 0.990291 0.514286
78 0.118730 0.987055 0.457143
79 0.159318 0.922330 0.542857
80 0.260808 0.870550 0.685714
81 0.188705 0.935275 0.542857
82 0.160865 0.983819 0.571429
83 0.146479 0.977346 0.542857
84 0.104893 0.990291 0.571429
85 0.097597 0.983819 0.514286
86 0.094599 0.990291 0.600000
87 0.102748 0.990291 0.571429
88 0.133274 0.993528 0.571429
89 0.127852 0.957929 0.571429
90 0.120311 0.990291 0.571429
91 0.109057 0.977346 0.571429
92 0.198865 0.964401 0.600000
93 0.259801 0.770227 0.685714
94 0.298603 0.957929 0.514286
95 0.170300 0.990291 0.542857
96 0.125117 0.987055 0.542857
97 0.154036 0.948220 0.628571
98 0.124542 0.987055 0.457143
99 0.098554 0.967638 0.514286
100 0.082504 0.993528 0.514286
101 0.078702 0.993528 0.514286
102 0.077550 0.993528 0.514286
103 0.073061 0.993528 0.514286
104 0.074398 0.993528 0.514286
105 0.070671 0.993528 0.542857
106 0.075909 0.993528 0.514286
107 0.072504 0.993528 0.571429
108 0.069828 0.993528 0.514286
109 0.074109 0.993528 0.514286
110 0.074383 0.993528 0.571429
111 0.089591 0.993528 0.542857
112 0.078756 0.993528 0.485714
113 0.068324 0.993528 0.485714
114 0.076663 0.993528 0.485714
115 0.070785 0.993528 0.514286
116 0.076991 0.993528 0.514286
117 0.080050 0.993528 0.485714
118 0.074421 0.993528 0.542857
119 0.069039 0.993528 0.514286
120 0.083094 0.990291 0.542857
121 0.083413 0.993528 0.514286
122 0.074590 0.987055 0.514286
123 0.065420 0.993528 0.485714
124 0.067238 0.993528 0.571429
125 0.069921 0.993528 0.457143
126 0.071621 0.993528 0.542857
127 0.074803 0.993528 0.542857
128 0.078214 0.993528 0.542857
129 0.119913 0.935275 0.485714
130 0.082039 0.993528 0.571429
131 0.070534 0.990291 0.600000
132 0.083474 0.928803 0.657143
133 0.094183 0.990291 0.542857
134 0.092495 0.993528 0.514286
135 0.088421 0.993528 0.542857
136 0.073994 0.993528 0.514286
137 0.076133 0.993528 0.514286
138 0.071146 0.993528 0.485714
139 0.075846 0.993528 0.571429
140 0.080327 0.993528 0.514286
141 0.075829 0.993528 0.542857
142 0.085315 0.990291 0.571429
143 0.096542 0.990291 0.485714
144 0.128144 0.961165 0.514286
145 0.177164 0.983819 0.600000
146 0.096231 0.993528 0.514286
147 0.100090 0.993528 0.514286
148 0.091262 0.993528 0.542857
149 0.083526 0.993528 0.514286
150 0.072285 0.993528 0.628571
151 0.059540 0.993528 0.571429
152 0.060599 0.993528 0.514286
153 0.056423 0.993528 0.628571
154 0.059438 0.993528 0.485714
155 0.057411 0.993528 0.571429
156 0.062341 0.993528 0.542857
157 0.056883 0.993528 0.542857
158 0.054888 0.993528 0.542857
159 0.056151 0.993528 0.542857
160 0.057048 0.993528 0.514286
161 0.061101 0.993528 0.514286
162 0.056431 0.993528 0.571429
163 0.053783 0.993528 0.514286
164 0.058496 0.993528 0.571429
165 0.069048 0.993528 0.571429
166 0.065332 0.993528 0.571429
167 0.060048 0.993528 0.542857
168 0.053608 0.993528 0.542857
169 0.061428 0.993528 0.571429
170 0.057794 0.993528 0.542857
171 0.059088 0.990291 0.542857
172 0.055222 0.993528 0.542857
173 0.059699 0.993528 0.571429
174 0.057926 0.993528 0.628571
175 0.056592 0.993528 0.571429
176 0.055171 0.993528 0.542857
177 0.049708 0.993528 0.571429
178 0.057990 0.993528 0.485714
179 0.063145 0.990291 0.600000
180 0.063103 0.993528 0.542857
181 0.058741 0.993528 0.542857
182 0.059586 0.993528 0.542857
183 0.060805 0.993528 0.657143
184 0.055808 0.993528 0.628571
185 0.060136 0.993528 0.600000
186 0.051272 0.993528 0.600000
187 0.062583 0.993528 0.571429
188 0.053169 0.993528 0.571429
189 0.054586 0.993528 0.542857
190 0.054572 0.993528 0.542857
191 0.063837 0.993528 0.571429
192 0.074996 0.993528 0.514286
193 0.054510 0.993528 0.514286
194 0.060154 0.993528 0.514286
195 0.062765 0.993528 0.571429
196 0.052101 0.993528 0.542857
197 0.069150 0.993528 0.600000
198 0.058196 0.993528 0.542857
199 0.059523 0.993528 0.571429
200 0.048275 0.993528 0.600000
201 0.047986 0.993528 0.600000
202 0.055723 0.993528 0.628571
203 0.050379 0.993528 0.628571
204 0.052602 0.993528 0.485714
205 0.049576 0.993528 0.600000
206 0.047441 0.993528 0.571429
207 0.046671 0.993528 0.542857
208 0.051836 0.993528 0.571429
209 0.052275 0.993528 0.628571
210 0.051033 0.993528 0.628571
211 0.049053 0.993528 0.571429
212 0.056936 0.993528 0.600000
213 0.047887 0.993528 0.628571
214 0.053188 0.993528 0.514286
215 0.048797 0.993528 0.571429
216 0.047411 0.993528 0.571429
217 0.051572 0.993528 0.600000
218 0.048525 0.993528 0.571429
219 0.047249 0.993528 0.542857
220 0.049071 0.993528 0.514286
221 0.051715 0.993528 0.542857
222 0.052273 0.993528 0.514286
223 0.047599 0.993528 0.571429
224 0.046839 0.993528 0.514286
225 0.046098 0.993528 0.542857
226 0.048106 0.993528 0.571429
227 0.052602 0.993528 0.571429
228 0.054310 0.993528 0.600000
229 0.049078 0.993528 0.571429
230 0.048180 0.993528 0.571429
231 0.049562 0.993528 0.628571
232 0.046289 0.993528 0.571429
233 0.050429 0.993528 0.600000
234 0.045493 0.993528 0.628571
235 0.045756 0.993528 0.571429
236 0.044539 0.993528 0.628571
237 0.052136 0.993528 0.542857
238 0.046147 0.993528 0.600000
239 0.046985 0.993528 0.514286
240 0.049999 0.993528 0.571429
241 0.045916 0.993528 0.542857
242 0.043924 0.993528 0.542857
243 0.044209 0.993528 0.514286
244 0.045304 0.993528 0.542857
245 0.043915 0.993528 0.514286
246 0.051334 0.993528 0.542857
247 0.044066 0.993528 0.514286
248 0.051336 0.993528 0.571429
249 0.049742 0.993528 0.485714
250 0.049557 0.993528 0.514286
251 0.045984 0.993528 0.514286
252 0.042291 0.993528 0.542857
253 0.044362 0.993528 0.485714
254 0.046435 0.993528 0.542857
255 0.041171 0.993528 0.457143
256 0.042418 0.993528 0.542857
257 0.045847 0.993528 0.514286
258 0.044014 0.993528 0.542857
259 0.047095 0.993528 0.542857
260 0.045558 0.993528 0.542857
261 0.046968 0.993528 0.485714
262 0.047917 0.993528 0.514286
263 0.042059 0.993528 0.542857
264 0.049808 0.993528 0.542857
265 0.046689 0.993528 0.542857
266 0.044148 0.993528 0.542857
267 0.043812 0.993528 0.514286
268 0.049709 0.993528 0.542857
269 0.043900 0.993528 0.514286
270 0.046258 0.993528 0.514286
271 0.044781 0.993528 0.514286
272 0.043446 0.993528 0.514286
273 0.046913 0.993528 0.514286
274 0.049866 0.993528 0.571429
275 0.042885 0.993528 0.514286
276 0.044304 0.993528 0.542857
277 0.042885 0.993528 0.542857
278 0.043589 0.993528 0.571429
279 0.044006 0.993528 0.542857
280 0.040399 0.993528 0.514286
281 0.044307 0.993528 0.514286
282 0.049113 0.993528 0.542857
283 0.046546 0.993528 0.571429
284 0.044549 0.993528 0.571429
285 0.046534 0.993528 0.571429
286 0.043089 0.993528 0.514286
287 0.047503 0.993528 0.542857
288 0.043724 0.993528 0.542857
289 0.046226 0.993528 0.542857
290 0.042916 0.993528 0.514286
291 0.045383 0.993528 0.542857
292 0.043459 0.993528 0.542857
293 0.042335 0.993528 0.514286
294 0.045394 0.993528 0.485714
295 0.038872 0.993528 0.542857
296 0.045711 0.993528 0.600000
297 0.043119 0.993528 0.571429
298 0.044570 0.993528 0.600000
299 0.043011 0.993528 0.514286
300 0.043112 0.993528 0.542857
301 0.041543 0.993528 0.514286
302 0.039716 0.993528 0.514286
303 0.043839 0.993528 0.542857
304 0.039782 0.993528 0.514286
305 0.042903 0.993528 0.542857
306 0.041959 0.993528 0.514286
307 0.041461 0.993528 0.514286
308 0.040064 0.993528 0.485714
309 0.041608 0.993528 0.514286
310 0.046135 0.993528 0.514286
311 0.044815 0.993528 0.485714
312 0.038947 0.993528 0.514286
313 0.040885 0.993528 0.542857
314 0.041135 0.993528 0.485714
315 0.040151 0.993528 0.485714
316 0.041512 0.993528 0.485714
317 0.043274 0.993528 0.485714
318 0.041008 0.993528 0.485714
319 0.039647 0.993528 0.485714
320 0.039597 0.993528 0.514286
321 0.040898 0.993528 0.485714
322 0.037740 0.993528 0.485714
323 0.042330 0.993528 0.485714
324 0.041479 0.993528 0.485714
325 0.042198 0.993528 0.485714
326 0.042417 0.993528 0.485714
327 0.044793 0.993528 0.514286
328 0.042400 0.993528 0.485714
329 0.041823 0.993528 0.485714
330 0.043572 0.993528 0.514286
331 0.042294 0.993528 0.485714
332 0.042375 0.993528 0.514286
333 0.041669 0.993528 0.542857
334 0.042064 0.993528 0.542857
335 0.039737 0.993528 0.514286
336 0.041177 0.993528 0.514286
337 0.042174 0.993528 0.514286
338 0.041786 0.993528 0.485714
339 0.043324 0.993528 0.485714
340 0.043409 0.993528 0.485714
341 0.040896 0.993528 0.485714
342 0.041402 0.993528 0.485714
343 0.043701 0.993528 0.485714
344 0.041314 0.993528 0.485714
345 0.042129 0.993528 0.485714
346 0.045064 0.993528 0.514286
347 0.040708 0.993528 0.485714
348 0.044392 0.993528 0.485714
349 0.039411 0.993528 0.485714
350 0.042915 0.993528 0.485714
