1 4.389439 0.431852 0.400000
2 2.080943 0.514815 0.446667
3 1.524413 0.529630 0.540000
4 1.496666 0.483704 0.433333
5 1.461982 0.541481 0.460000
6 1.534452 0.461481 0.453333
7 1.134121 0.551111 0.506667
8 1.047891 0.517778 0.460000
9 1.144663 0.508889 0.440000
10 1.032798 0.560741 0.466667
11 0.977761 0.544444 0.466667
12 1.006520 0.569630 0.520000
13 0.977634 0.561481 0.440000
14 0.928619 0.576296 0.453333
15 0.945170 0.541481 0.446667
16 0.959691 0.574815 0.460000
17 0.909337 0.534815 0.446667
18 0.897166 0.559259 0.460000
19 0.902485 0.589630 0.500000
20 0.902826 0.599259 0.493333
21 0.874509 0.591111 0.526667
22 0.878887 0.598519 0.453333
23 0.931969 0.570370 0.440000
24 0.889369 0.580000 0.473333
25 0.938536 0.590370 0.486667
26 0.869509 0.608148 0.453333
27 0.871956 0.585185 0.386667
28 0.879410 0.577037 0.440000
29 0.890042 0.602222 0.473333
30 0.865282 0.596296 0.493333
31 0.859529 0.563704 0.453333
32 0.838494 0.584444 0.480000
33 0.843346 0.606667 0.420000
34 0.870426 0.591111 0.473333
35 0.874973 0.592593 0.500000
36 0.922748 0.567407 0.453333
37 0.874631 0.606667 0.453333
38 0.839935 0.600741 0.466667
39 0.867681 0.607407 0.486667
40 0.862071 0.594815 0.393333
41 0.859426 0.619259 0.493333
42 0.868947 0.602222 0.413333
43 0.872683 0.617778 0.460000
44 0.850649 0.611111 0.426667
45 0.860631 0.571111 0.420000
46 0.861953 0.581481 0.440000
47 0.854130 0.600000 0.466667
48 0.880102 0.601481 0.480000
49 0.851268 0.614074 0.500000
50 0.812568 0.610370 0.413333
51 0.804900 0.628889 0.446667
52 0.812951 0.624444 0.433333
53 0.802780 0.627407 0.453333
54 0.791626 0.631111 0.500000
55 0.801024 0.633333 0.480000
56 0.784069 0.631852 0.453333
57 0.783360 0.632593 0.460000
58 0.792617 0.634815 0.460000
59 0.796599 0.633333 0.493333
60 0.800974 0.634074 0.480000
61 0.785822 0.637037 0.466667
62 0.775305 0.637778 0.460000
63 0.781072 0.627407 0.440000
64 0.782706 0.637778 0.426667
65 0.783556 0.637037 0.466667
66 0.783537 0.645926 0.446667
67 0.773859 0.630370 0.486667
68 0.786382 0.621481 0.446667
69 0.791926 0.638519 0.453333
70 0.766980 0.636296 0.433333
