1 5.024396 0.533387 0.525547
2 1.793981 0.565829 0.574209
3 1.184896 0.632603 0.661800
4 1.042891 0.613950 0.610706
5 0.933841 0.695323 0.693431
6 0.838692 0.644228 0.673966
7 0.967581 0.716951 0.695864
8 1.072161 0.682347 0.659367
9 0.991106 0.680995 0.659367
10 0.811968 0.559881 0.566910
11 0.775586 0.671533 0.686131
12 0.842784 0.619627 0.649635
13 0.832003 0.608813 0.627737
14 0.886504 0.592593 0.610706
15 0.659531 0.727224 0.727494
16 0.653950 0.723439 0.729927
17 0.707780 0.550149 0.542579
18 0.705680 0.621790 0.666667
19 0.681803 0.569073 0.576642
20 0.749090 0.705596 0.695864
21 0.679331 0.658827 0.642336
22 0.688101 0.690187 0.681265
23 0.702808 0.691268 0.681265
24 0.671190 0.668018 0.649635
25 0.650868 0.657745 0.664234
26 0.674852 0.661800 0.647202
27 0.665129 0.709651 0.725061
28 0.729257 0.641795 0.632603
29 0.639158 0.729657 0.720195
30 0.660726 0.697486 0.688564
31 0.687303 0.718573 0.708029
32 0.677917 0.629089 0.620438
33 0.660895 0.694242 0.671533
34 0.662394 0.702352 0.686131
35 0.639822 0.714517 0.695864
36 0.638358 0.725331 0.700730
37 0.627717 0.618816 0.615572
38 0.622920 0.616653 0.647202
39 0.654707 0.684509 0.678832
40 0.644298 0.727494 0.727494
41 0.654429 0.581238 0.600973
42 0.644510 0.692890 0.673966
43 0.609104 0.697486 0.710462
44 0.605072 0.597188 0.598540
45 0.604108 0.697756 0.688564
46 0.619436 0.626926 0.615572
47 0.572848 0.703704 0.703163
48 0.578983 0.728305 0.708029
49 0.582036 0.664774 0.683698
50 0.594548 0.699919 0.717762
51 0.560847 0.740200 0.754258
52 0.553465 0.623952 0.625304
53 0.576567 0.739930 0.744526
54 0.579875 0.746418 0.766423
55 0.569915 0.618546 0.622871
56 0.556926 0.750743 0.742092
57 0.561170 0.727224 0.749392
58 0.539336 0.725602 0.737226
59 0.570810 0.696675 0.686131
60 0.554048 0.743715 0.768856
61 0.562100 0.749392 0.766423
62 0.561500 0.743444 0.756691
63 0.554841 0.743715 0.756691
64 0.572965 0.740200 0.749392
65 0.561434 0.742092 0.746959
66 0.573253 0.742092 0.771290
67 0.548443 0.730197 0.751825
68 0.565585 0.740741 0.727494
69 0.559064 0.731549 0.754258
70 0.571231 0.744796 0.734793
71 0.575975 0.702893 0.700730
72 0.542407 0.753447 0.749392
73 0.543794 0.716410 0.751825
74 0.557751 0.761557 0.776156
75 0.554559 0.758583 0.763990
76 0.546148 0.737497 0.751825
77 0.549721 0.748581 0.776156
78 0.541889 0.755339 0.759124
79 0.545432 0.744526 0.751825
80 0.552866 0.754799 0.785888
81 0.538178 0.748581 0.761557
82 0.543713 0.746959 0.759124
83 0.558893 0.741281 0.763990
84 0.558398 0.716680 0.746959
85 0.559299 0.742092 0.746959
86 0.539732 0.689646 0.690998
87 0.558924 0.736956 0.734793
88 0.562541 0.678021 0.715328
89 0.575193 0.743174 0.754258
90 0.544269 0.745337 0.766423
91 0.537759 0.762639 0.783455
92 0.542105 0.753177 0.746959
93 0.539076 0.748581 0.766423
94 0.547572 0.729116 0.742092
95 0.547434 0.758854 0.744526
96 0.544257 0.743174 0.749392
97 0.547887 0.751284 0.734793
98 0.541271 0.659097 0.659367
99 0.553670 0.702622 0.710462
100 0.531307 0.764801 0.778589
101 0.522873 0.751554 0.768856
102 0.530271 0.760205 0.776156
103 0.528212 0.764531 0.771290
104 0.533361 0.762368 0.773723
105 0.521188 0.769938 0.781022
106 0.521027 0.760205 0.773723
107 0.534429 0.759394 0.763990
108 0.521369 0.769397 0.763990
109 0.514791 0.773452 0.781022
110 0.527364 0.758854 0.754258
111 0.521268 0.688564 0.710462
112 0.513000 0.763720 0.778589
113 0.520331 0.769397 0.781022
114 0.517114 0.762909 0.778589
115 0.515799 0.723168 0.722628
116 0.521001 0.767234 0.773723
117 0.525985 0.755880 0.778589
118 0.519189 0.771830 0.768856
119 0.515768 0.771830 0.763990
120 0.520466 0.771019 0.776156
121 0.503285 0.739389 0.759124
122 0.503757 0.769127 0.776156
123 0.517535 0.771830 0.778589
124 0.515911 0.741011 0.742092
125 0.512899 0.777778 0.776156
126 0.509851 0.752636 0.766423
127 0.518455 0.748851 0.751825
128 0.502499 0.782103 0.781022
129 0.515368 0.774263 0.773723
130 0.505578 0.757232 0.739659
131 0.519046 0.763179 0.766423
132 0.507770 0.773993 0.766423
133 0.513175 0.752906 0.756691
134 0.513128 0.761016 0.727494
135 0.504307 0.785618 0.771290
136 0.496511 0.768586 0.766423
137 0.507996 0.774534 0.771290
138 0.507738 0.781292 0.783455
139 0.511299 0.771560 0.781022
140 0.510967 0.763720 0.773723
141 0.498647 0.722628 0.695864
142 0.509347 0.776156 0.763990
143 0.525776 0.783455 0.756691
144 0.500007 0.729116 0.734793
145 0.489074 0.792647 0.795620
146 0.504454 0.780481 0.759124
147 0.501355 0.792376 0.790754
148 0.514200 0.788862 0.771290
149 0.506536 0.788321 0.783455
150 0.478478 0.792917 0.785888
151 0.488252 0.787240 0.766423
152 0.488849 0.788592 0.783455
153 0.488938 0.777507 0.790754
154 0.479231 0.800757 0.788321
155 0.495067 0.788862 0.781022
156 0.470470 0.799135 0.783455
157 0.485922 0.790214 0.798054
158 0.483382 0.793458 0.781022
159 0.488367 0.797242 0.795620
160 0.479131 0.792106 0.781022
161 0.489473 0.791025 0.783455
162 0.469998 0.772641 0.778589
163 0.473824 0.793998 0.778589
164 0.489995 0.802379 0.783455
165 0.483188 0.803460 0.778589
166 0.486984 0.800757 0.795620
167 0.473117 0.773993 0.759124
168 0.473067 0.797513 0.776156
169 0.487896 0.787510 0.781022
170 0.466910 0.779129 0.802920
171 0.470764 0.802649 0.778589
172 0.477427 0.791565 0.798054
173 0.495049 0.803190 0.795620
174 0.485818 0.784536 0.737226
175 0.472472 0.806164 0.790754
176 0.481552 0.806434 0.776156
177 0.479919 0.805893 0.766423
178 0.461252 0.792647 0.763990
179 0.477816 0.807786 0.785888
180 0.466229 0.804542 0.788321
181 0.466969 0.792917 0.776156
182 0.464660 0.799135 0.778589
183 0.477578 0.795620 0.778589
184 0.465072 0.802109 0.783455
185 0.461268 0.811030 0.785888
186 0.477602 0.779941 0.759124
187 0.470353 0.804001 0.785888
188 0.476452 0.784266 0.771290
189 0.484400 0.804812 0.776156
190 0.466656 0.797783 0.768856
191 0.463096 0.804001 0.776156
192 0.466389 0.810489 0.788321
193 0.454354 0.805893 0.795620
194 0.465672 0.803460 0.766423
195 0.461709 0.801027 0.759124
196 0.473651 0.788592 0.768856
197 0.471294 0.806975 0.783455
198 0.465826 0.803731 0.783455
199 0.473200 0.810219 0.798054
200 0.455355 0.818870 0.795620
201 0.446210 0.808867 0.788321
202 0.445207 0.800487 0.759124
203 0.460962 0.814274 0.785888
204 0.449717 0.817248 0.788321
205 0.453107 0.811030 0.778589
206 0.453073 0.768856 0.763990
207 0.452849 0.806705 0.800487
208 0.453414 0.820492 0.776156
209 0.455989 0.822655 0.790754
210 0.454403 0.821033 0.783455
211 0.455431 0.817248 0.783455
212 0.445083 0.814004 0.785888
213 0.445092 0.817248 0.795620
214 0.449462 0.820222 0.802920
215 0.446570 0.815626 0.798054
216 0.427212 0.819681 0.781022
217 0.446929 0.825088 0.790754
218 0.452288 0.824818 0.802920
219 0.443470 0.819681 0.773723
220 0.448268 0.825629 0.776156
221 0.452779 0.821033 0.776156
222 0.447320 0.819411 0.790754
223 0.448433 0.824277 0.788321
224 0.445375 0.824006 0.793187
225 0.429933 0.821303 0.802920
226 0.441693 0.817518 0.776156
227 0.441195 0.812652 0.785888
228 0.448739 0.821033 0.790754
229 0.455064 0.808056 0.773723
230 0.437654 0.817248 0.785888
231 0.435049 0.822925 0.800487
232 0.452118 0.820762 0.773723
233 0.436022 0.828062 0.783455
234 0.435039 0.828873 0.790754
235 0.448078 0.815896 0.783455
236 0.430014 0.826710 0.798054
237 0.446349 0.827521 0.785888
238 0.440216 0.820762 0.798054
239 0.441275 0.820222 0.798054
240 0.430151 0.816707 0.793187
241 0.441435 0.828062 0.790754
242 0.446986 0.825629 0.783455
243 0.447996 0.832387 0.793187
244 0.441645 0.827521 0.781022
245 0.450556 0.826980 0.790754
246 0.446120 0.823736 0.771290
247 0.433191 0.817789 0.810219
248 0.437774 0.824818 0.788321
249 0.434148 0.827791 0.781022
250 0.425355 0.832657 0.790754
251 0.430162 0.835902 0.785888
252 0.435926 0.830224 0.778589
253 0.442261 0.828062 0.783455
254 0.429999 0.835631 0.790754
255 0.426289 0.830495 0.798054
256 0.425227 0.831576 0.790754
257 0.427491 0.831576 0.793187
258 0.422200 0.832928 0.800487
259 0.420707 0.828062 0.798054
260 0.421380 0.833739 0.798054
261 0.432144 0.830495 0.788321
262 0.435803 0.836172 0.785888
263 0.439557 0.827521 0.793187
264 0.421058 0.837524 0.783455
265 0.436261 0.838335 0.795620
266 0.431850 0.834550 0.800487
267 0.428718 0.833739 0.798054
268 0.440171 0.833739 0.790754
269 0.422622 0.833739 0.793187
270 0.437698 0.833469 0.790754
271 0.438040 0.831846 0.778589
272 0.420708 0.829684 0.785888
273 0.432607 0.831576 0.793187
274 0.429986 0.832657 0.788321
275 0.409827 0.838875 0.790754
276 0.422795 0.835361 0.788321
277 0.426457 0.835902 0.788321
278 0.426616 0.836983 0.790754
279 0.438081 0.834009 0.793187
280 0.421502 0.832657 0.790754
281 0.432657 0.837794 0.785888
282 0.433593 0.836983 0.788321
283 0.426646 0.835902 0.798054
284 0.430617 0.834009 0.798054
285 0.417465 0.838064 0.785888
286 0.425390 0.834280 0.781022
287 0.416480 0.834820 0.790754
288 0.422527 0.835361 0.793187
289 0.418722 0.839146 0.798054
290 0.431832 0.836172 0.783455
291 0.430037 0.832657 0.795620
292 0.418046 0.831846 0.785888
293 0.417496 0.837253 0.781022
294 0.427806 0.824818 0.771290
295 0.429949 0.837794 0.798054
296 0.421938 0.836172 0.771290
297 0.414866 0.839416 0.798054
298 0.413052 0.836983 0.781022
299 0.429348 0.834550 0.776156
300 0.409763 0.836172 0.790754
301 0.411034 0.839416 0.788321
302 0.414347 0.842390 0.788321
303 0.435989 0.842119 0.798054
304 0.417862 0.841579 0.800487
305 0.428560 0.837794 0.795620
306 0.419729 0.839686 0.793187
307 0.408639 0.836442 0.781022
308 0.403419 0.837794 0.793187
309 0.421943 0.841038 0.790754
310 0.418909 0.838064 0.795620
311 0.408337 0.838875 0.785888
312 0.415973 0.837253 0.798054
313 0.413767 0.838605 0.798054
314 0.407753 0.839146 0.798054
315 0.414655 0.838875 0.785888
316 0.417124 0.842660 0.788321
317 0.412222 0.840497 0.790754
318 0.416280 0.841579 0.800487
319 0.402528 0.843471 0.795620
320 0.411148 0.839416 0.788321
321 0.414453 0.843471 0.800487
322 0.420350 0.839957 0.781022
323 0.404344 0.837253 0.781022
324 0.417112 0.842660 0.798054
325 0.417294 0.843471 0.802920
326 0.416949 0.843201 0.790754
327 0.421560 0.843201 0.793187
328 0.416596 0.841038 0.805353
329 0.412724 0.840227 0.778589
330 0.428750 0.843201 0.798054
331 0.409125 0.844823 0.790754
332 0.403766 0.844823 0.798054
333 0.395291 0.843742 0.790754
334 0.401466 0.844012 0.795620
335 0.422642 0.846715 0.788321
336 0.405604 0.844282 0.795620
337 0.419325 0.842931 0.790754
338 0.419291 0.844012 0.793187
339 0.420820 0.840227 0.795620
340 0.410369 0.838335 0.793187
341 0.412931 0.843471 0.793187
342 0.415869 0.841038 0.798054
343 0.421908 0.844823 0.783455
344 0.418592 0.844282 0.802920
345 0.407680 0.842119 0.785888
346 0.413241 0.843742 0.800487
347 0.402801 0.840497 0.783455
348 0.429475 0.842119 0.793187
349 0.409603 0.841849 0.783455
350 0.428249 0.844012 0.798054
