1 4.109813 0.474074 0.440000
2 1.955620 0.497037 0.406667
3 1.636002 0.531852 0.440000
4 1.446735 0.528148 0.466667
5 1.376167 0.538519 0.520000
6 1.184536 0.514815 0.500000
7 1.200252 0.545926 0.440000
8 1.232809 0.475556 0.413333
9 1.042985 0.547407 0.493333
10 0.987720 0.517037 0.466667
11 1.001899 0.534815 0.486667
12 1.006635 0.545185 0.480000
13 0.929656 0.551111 0.473333
14 0.928392 0.578519 0.493333
15 0.955039 0.574074 0.500000
16 0.929369 0.529630 0.473333
17 0.906932 0.552593 0.520000
18 0.920193 0.542963 0.493333
19 0.904384 0.584444 0.520000
20 0.898039 0.582963 0.486667
21 1.021297 0.561481 0.493333
22 0.955433 0.523704 0.426667
23 0.924995 0.560741 0.460000
24 0.920956 0.552593 0.500000
25 0.907945 0.551111 0.460000
26 0.903406 0.579259 0.493333
27 0.902650 0.571111 0.506667
28 0.903526 0.571852 0.480000
29 0.868349 0.591852 0.520000
30 0.879196 0.595556 0.506667
31 0.901053 0.582222 0.506667
32 0.886270 0.572593 0.540000
33 0.886885 0.581481 0.526667
34 0.873861 0.593333 0.566667
35 0.869988 0.599259 0.526667
36 0.868343 0.589630 0.520000
37 0.868059 0.605185 0.533333
38 0.865353 0.592593 0.493333
39 0.852933 0.568148 0.433333
40 0.864316 0.594074 0.526667
41 0.870223 0.545926 0.433333
42 0.867500 0.605185 0.513333
43 0.861878 0.596296 0.506667
44 0.873029 0.573333 0.513333
45 0.871305 0.575556 0.460000
46 0.864767 0.566667 0.480000
47 0.867213 0.588889 0.493333
48 0.847573 0.607407 0.506667
49 0.850973 0.600741 0.486667
50 0.821199 0.612593 0.506667
51 0.820263 0.622963 0.533333
52 0.796210 0.628148 0.526667
53 0.804570 0.616296 0.533333
54 0.822161 0.608889 0.520000
55 0.792909 0.620000 0.560000
56 0.796090 0.630370 0.540000
57 0.785225 0.621481 0.506667
58 0.797536 0.591111 0.486667
59 0.790154 0.624444 0.540000
60 0.772596 0.631852 0.540000
61 0.807974 0.596296 0.446667
62 0.801742 0.634815 0.546667
63 0.794806 0.633333 0.546667
64 0.782145 0.631111 0.520000
65 0.765685 0.634815 0.513333
66 0.783335 0.631111 0.546667
67 0.803693 0.630370 0.546667
68 0.796549 0.628889 0.533333
69 0.796773 0.625926 0.520000
70 0.773069 0.633333 0.540000
