1 2.616548 0.599892 0.581509
2 1.138316 0.521763 0.527981
3 1.048429 0.700189 0.666667
4 0.955275 0.666396 0.664234
5 0.810269 0.698297 0.654501
6 0.794001 0.568802 0.564477
7 0.862095 0.642606 0.630170
8 0.804396 0.595296 0.588808
9 0.885179 0.612057 0.593674
10 0.936066 0.573128 0.564477
11 0.796407 0.602595 0.605839
12 0.779454 0.575291 0.566910
13 0.684881 0.713706 0.703163
14 1.041392 0.657205 0.637470
15 0.684011 0.567451 0.559611
16 0.700844 0.688294 0.686131
17 0.635624 0.714247 0.686131
18 0.605303 0.663963 0.666667
19 0.587410 0.701811 0.683698
20 0.629424 0.726413 0.725061
21 0.629696 0.673696 0.659367
22 0.628606 0.728305 0.715328
23 0.668233 0.674777 0.676399
24 0.615915 0.721546 0.710462
25 0.628639 0.673696 0.637470
26 0.671654 0.723709 0.695864
27 0.601096 0.733982 0.708029
28 0.610967 0.732090 0.715328
29 0.580242 0.718302 0.703163
30 0.593837 0.690727 0.676399
31 0.575358 0.729386 0.732360
32 0.583535 0.726683 0.729927
33 0.597438 0.722087 0.703163
34 0.609984 0.722087 0.712895
35 0.588350 0.707489 0.715328
36 0.610987 0.740200 0.744526
37 0.569190 0.740470 0.756691
38 0.587028 0.733441 0.734793
39 0.575212 0.728035 0.683698
40 0.593118 0.716680 0.673966
41 0.577088 0.738848 0.737226
42 0.554233 0.724250 0.683698
43 0.577700 0.731819 0.725061
44 0.590887 0.738308 0.734793
45 0.583687 0.744796 0.742092
46 0.565299 0.732630 0.729927
47 0.554123 0.741011 0.725061
48 0.563618 0.746959 0.744526
49 0.555306 0.739119 0.710462
50 0.548372 0.758854 0.744526
51 0.541526 0.741552 0.739659
52 0.549036 0.763450 0.754258
53 0.546674 0.749121 0.732360
54 0.538901 0.769127 0.744526
55 0.533757 0.758313 0.751825
56 0.538429 0.755069 0.754258
57 0.536448 0.749662 0.751825
58 0.530070 0.762639 0.763990
59 0.552587 0.756150 0.768856
60 0.533050 0.770208 0.763990
61 0.529601 0.762909 0.742092
62 0.543514 0.764531 0.763990
63 0.541539 0.768856 0.759124
64 0.538435 0.760205 0.739659
65 0.515656 0.773452 0.776156
66 0.529469 0.774804 0.756691
67 0.511692 0.770208 0.754258
68 0.520143 0.755069 0.761557
69 0.543068 0.658286 0.666667
70 0.523695 0.769667 0.759124
71 0.528771 0.770749 0.771290
72 0.521936 0.781292 0.754258
73 0.519516 0.775345 0.734793
74 0.522480 0.772912 0.766423
75 0.532365 0.785888 0.783455
76 0.531679 0.772641 0.742092
77 0.508638 0.784266 0.773723
78 0.510707 0.775615 0.763990
79 0.515937 0.774263 0.759124
80 0.527555 0.768586 0.771290
81 0.499309 0.782374 0.766423
82 0.501240 0.785618 0.783455
83 0.507951 0.772101 0.751825
84 0.487780 0.795080 0.763990
85 0.504064 0.780481 0.776156
86 0.501823 0.766694 0.754258
87 0.524411 0.766964 0.759124
88 0.497921 0.780211 0.761557
89 0.515780 0.782103 0.763990
90 0.509295 0.790214 0.756691
91 0.501849 0.783185 0.746959
92 0.511300 0.779941 0.761557
93 0.504169 0.790754 0.756691
94 0.507062 0.791295 0.766423
95 0.494771 0.793728 0.773723
96 0.487714 0.798865 0.783455
97 0.493105 0.788592 0.759124
98 0.485467 0.776967 0.722628
99 0.485781 0.804001 0.771290
100 0.477617 0.814815 0.776156
101 0.475852 0.812652 0.763990
102 0.464799 0.815085 0.785888
103 0.472813 0.805893 0.766423
104 0.474661 0.814544 0.766423
105 0.455411 0.811841 0.776156
106 0.457904 0.812111 0.773723
107 0.446625 0.816437 0.766423
108 0.462545 0.825358 0.768856
109 0.459387 0.824547 0.776156
110 0.463324 0.823195 0.778589
111 0.460887 0.815896 0.768856
112 0.443825 0.821033 0.763990
113 0.467305 0.825358 0.749392
114 0.444902 0.819411 0.763990
115 0.439725 0.830224 0.761557
116 0.465918 0.830224 0.778589
117 0.443320 0.824547 0.761557
118 0.448378 0.821573 0.778589
119 0.457538 0.818870 0.759124
120 0.441685 0.827791 0.776156
121 0.447912 0.831576 0.766423
122 0.444684 0.826980 0.766423
123 0.436963 0.835361 0.788321
124 0.442850 0.834820 0.756691
125 0.428788 0.839146 0.788321
126 0.426210 0.831846 0.759124
127 0.424737 0.833198 0.771290
128 0.437859 0.827521 0.776156
129 0.444214 0.827521 0.778589
130 0.428756 0.838335 0.783455
131 0.428941 0.844553 0.790754
132 0.420450 0.830495 0.781022
133 0.424735 0.833198 0.763990
134 0.431259 0.840497 0.776156
135 0.410236 0.841579 0.778589
136 0.423721 0.832117 0.756691
137 0.417343 0.750743 0.712895
138 0.427504 0.852122 0.798054
139 0.423482 0.842390 0.783455
140 0.432407 0.829143 0.785888
141 0.421325 0.846986 0.768856
142 0.405829 0.836983 0.776156
143 0.419643 0.846715 0.783455
144 0.402314 0.846986 0.788321
145 0.404460 0.846445 0.783455
146 0.415033 0.849419 0.802920
147 0.400496 0.848067 0.759124
148 0.404224 0.846175 0.766423
149 0.401830 0.851852 0.790754
150 0.399433 0.856177 0.798054
151 0.381680 0.858881 0.763990
152 0.386816 0.860503 0.802920
153 0.376237 0.868343 0.785888
154 0.373252 0.865910 0.795620
155 0.374764 0.864017 0.766423
156 0.368738 0.871046 0.781022
157 0.365041 0.868883 0.788321
158 0.373361 0.866991 0.783455
159 0.370403 0.865099 0.798054
160 0.378474 0.861584 0.802920
161 0.388461 0.871046 0.807786
162 0.365678 0.871587 0.788321
163 0.363995 0.870235 0.807786
164 0.370103 0.874831 0.798054
165 0.359491 0.872398 0.805353
166 0.358054 0.872668 0.807786
167 0.353790 0.874831 0.793187
168 0.349108 0.882130 0.793187
169 0.342435 0.869424 0.773723
170 0.361443 0.871587 0.790754
171 0.343647 0.876183 0.805353
172 0.350785 0.881319 0.800487
173 0.349306 0.882941 0.798054
174 0.350864 0.878616 0.805353
175 0.345356 0.879968 0.812652
176 0.330145 0.878616 0.783455
177 0.346960 0.877805 0.785888
178 0.335411 0.887267 0.800487
179 0.353538 0.880238 0.781022
180 0.333472 0.888889 0.800487
181 0.333477 0.888078 0.783455
182 0.345740 0.883212 0.793187
183 0.340889 0.884834 0.790754
184 0.334261 0.881049 0.817518
185 0.346108 0.881319 0.790754
186 0.341002 0.879427 0.812652
187 0.344432 0.878075 0.822384
188 0.339425 0.887267 0.807786
189 0.341150 0.886726 0.790754
190 0.335403 0.890511 0.810219
191 0.326139 0.893485 0.810219
192 0.326126 0.893485 0.807786
193 0.323768 0.876453 0.810219
194 0.309992 0.891592 0.793187
195 0.316575 0.897810 0.795620
196 0.333533 0.889159 0.793187
197 0.326800 0.895377 0.810219
198 0.326859 0.884293 0.788321
199 0.313173 0.895918 0.807786
200 0.316218 0.902406 0.810219
201 0.299937 0.899703 0.807786
202 0.294029 0.907272 0.805353
203 0.313587 0.912679 0.800487
204 0.303097 0.912679 0.812652
205 0.292758 0.908624 0.807786
206 0.309849 0.906191 0.822384
207 0.300676 0.909435 0.815085
208 0.309085 0.904839 0.810219
209 0.292221 0.910787 0.817518
210 0.288722 0.910246 0.805353
211 0.290527 0.912679 0.802920
212 0.306936 0.908083 0.819951
213 0.283082 0.912409 0.807786
214 0.282271 0.914301 0.832117
215 0.291394 0.911057 0.795620
216 0.293984 0.914842 0.815085
217 0.282519 0.912138 0.807786
218 0.281662 0.911327 0.793187
219 0.299351 0.914031 0.800487
220 0.290143 0.921330 0.795620
221 0.278909 0.917275 0.817518
222 0.300420 0.915112 0.819951
223 0.277641 0.918356 0.817518
224 0.263970 0.917005 0.807786
225 0.279174 0.919167 0.817518
226 0.284355 0.918627 0.802920
227 0.275883 0.912949 0.810219
228 0.278672 0.919167 0.807786
229 0.284062 0.919708 0.815085
230 0.280496 0.921871 0.827251
231 0.289204 0.920249 0.827251
232 0.274861 0.915923 0.827251
233 0.279614 0.914842 0.819951
234 0.267801 0.924034 0.810219
235 0.276691 0.924304 0.812652
236 0.275454 0.921871 0.822384
237 0.275259 0.924574 0.822384
238 0.268974 0.919167 0.793187
239 0.257442 0.927548 0.827251
240 0.275503 0.924845 0.807786
241 0.259708 0.927278 0.827251
242 0.265682 0.929170 0.817518
243 0.272095 0.925926 0.827251
244 0.256224 0.927278 0.834550
245 0.273011 0.925385 0.815085
246 0.268583 0.926196 0.790754
247 0.255396 0.925385 0.829684
248 0.259718 0.930792 0.815085
249 0.261112 0.925926 0.822384
250 0.269385 0.930522 0.836983
251 0.262956 0.932955 0.810219
252 0.251747 0.933225 0.812652
253 0.239706 0.934036 0.815085
254 0.247146 0.934577 0.822384
255 0.246849 0.938902 0.824818
256 0.260557 0.934307 0.836983
257 0.248096 0.937551 0.817518
258 0.245341 0.936469 0.834550
259 0.244921 0.937551 0.817518
260 0.238949 0.936740 0.812652
261 0.253470 0.936469 0.834550
262 0.247459 0.939984 0.819951
263 0.235326 0.936199 0.822384
264 0.229779 0.937280 0.832117
265 0.247394 0.937280 0.819951
266 0.246343 0.937821 0.819951
267 0.251888 0.936740 0.815085
268 0.242794 0.937010 0.819951
269 0.244196 0.939713 0.832117
270 0.243260 0.939173 0.822384
271 0.241120 0.938632 0.815085
272 0.238280 0.941876 0.834550
273 0.230990 0.937821 0.824818
274 0.234879 0.944309 0.829684
275 0.228611 0.943498 0.812652
276 0.238063 0.942687 0.819951
277 0.239268 0.941876 0.812652
278 0.239094 0.943228 0.822384
279 0.246834 0.941065 0.829684
280 0.238004 0.943498 0.832117
281 0.236969 0.941876 0.819951
282 0.236334 0.940254 0.810219
283 0.225752 0.943228 0.824818
284 0.224601 0.944309 0.846715
285 0.235331 0.942147 0.819951
286 0.227745 0.945391 0.817518
287 0.236958 0.944039 0.829684
288 0.234589 0.942147 0.834550
289 0.215827 0.945391 0.815085
290 0.235663 0.943228 0.815085
291 0.231813 0.945661 0.819951
292 0.220352 0.944039 0.822384
293 0.222926 0.947553 0.819951
294 0.227470 0.946472 0.822384
295 0.229819 0.945120 0.815085
296 0.241291 0.941065 0.819951
297 0.230119 0.946742 0.819951
298 0.217680 0.945661 0.817518
299 0.230619 0.946472 0.815085
300 0.232219 0.945661 0.824818
301 0.215883 0.951068 0.832117
302 0.213783 0.950798 0.834550
303 0.216413 0.950798 0.819951
304 0.218180 0.949716 0.810219
305 0.213706 0.950527 0.807786
306 0.219449 0.950527 0.827251
307 0.212154 0.953501 0.824818
308 0.216290 0.951879 0.829684
309 0.224116 0.949986 0.822384
310 0.223411 0.949986 0.834550
311 0.225333 0.951068 0.812652
312 0.214129 0.951879 0.832117
313 0.198008 0.951879 0.834550
314 0.215101 0.951879 0.827251
315 0.213784 0.952149 0.822384
316 0.213588 0.952149 0.829684
317 0.210016 0.953501 0.810219
318 0.206441 0.953771 0.822384
319 0.206685 0.950257 0.827251
320 0.201422 0.949446 0.817518
321 0.224410 0.952960 0.827251
322 0.215577 0.952690 0.805353
323 0.201063 0.954042 0.824818
324 0.214160 0.952149 0.822384
325 0.207622 0.953771 0.822384
326 0.208112 0.953501 0.815085
327 0.208580 0.954042 0.819951
328 0.221166 0.952960 0.824818
329 0.220687 0.953231 0.827251
330 0.211232 0.955123 0.822384
331 0.203844 0.954582 0.829684
332 0.205486 0.952420 0.817518
333 0.214574 0.952690 0.829684
334 0.217676 0.954312 0.822384
335 0.201489 0.955934 0.817518
336 0.208250 0.952960 0.817518
337 0.211962 0.954582 0.819951
338 0.205310 0.955393 0.829684
339 0.204217 0.957826 0.832117
340 0.203257 0.956745 0.829684
341 0.210005 0.955123 0.822384
342 0.206750 0.956204 0.827251
343 0.204848 0.955664 0.829684
344 0.204131 0.954582 0.824818
345 0.202802 0.955664 0.824818
346 0.199569 0.957556 0.824818
347 0.201573 0.953501 0.812652
348 0.206257 0.958097 0.822384
349 0.204569 0.957826 0.824818
350 0.199678 0.958097 0.822384
