1 2.814827 0.745556 0.730000
2 0.733750 0.771111 0.680000
3 0.619884 0.742222 0.760000
4 0.479521 0.785556 0.690000
5 0.486716 0.768889 0.730000
6 0.436922 0.822222 0.720000
7 0.404811 0.818889 0.760000
8 0.370890 0.858889 0.750000
9 0.374634 0.841111 0.720000
10 0.370496 0.824444 0.730000
11 0.342690 0.871111 0.750000
12 0.339442 0.851111 0.760000
13 0.354006 0.807778 0.730000
14 0.315479 0.874444 0.710000
15 0.295238 0.863333 0.740000
16 0.288778 0.888889 0.720000
17 0.289771 0.885556 0.790000
18 0.281772 0.850000 0.750000
19 0.287567 0.871111 0.700000
20 0.280436 0.890000 0.700000
21 0.477704 0.825556 0.750000
22 0.402635 0.853333 0.730000
23 0.332837 0.878889 0.750000
24 0.320211 0.863333 0.790000
25 0.287899 0.881111 0.770000
26 0.292142 0.877778 0.750000
27 0.290129 0.875556 0.750000
28 0.300183 0.866667 0.740000
29 0.317718 0.876667 0.760000
30 0.284701 0.885556 0.740000
31 0.267414 0.883333 0.760000
32 0.276344 0.885556 0.740000
33 0.252380 0.900000 0.760000
34 0.236971 0.887778 0.740000
35 0.256758 0.903333 0.720000
36 0.227979 0.897778 0.750000
37 0.270654 0.873333 0.770000
38 0.236773 0.898889 0.720000
39 0.262505 0.897778 0.740000
40 0.226090 0.906667 0.750000
41 0.241925 0.888889 0.750000
42 0.266348 0.904444 0.750000
43 0.225115 0.894444 0.760000
44 0.226644 0.902222 0.720000
45 0.214977 0.910000 0.800000
46 0.211964 0.912222 0.760000
47 0.211556 0.917778 0.740000
48 0.230425 0.901111 0.740000
49 0.236691 0.898889 0.780000
50 0.211128 0.921111 0.750000
51 0.189841 0.914444 0.720000
52 0.181350 0.918889 0.770000
53 0.170914 0.924444 0.730000
54 0.179799 0.915556 0.730000
55 0.179306 0.925556 0.750000
56 0.176130 0.927778 0.730000
57 0.202200 0.918889 0.710000
58 0.177712 0.928889 0.740000
59 0.195324 0.923333 0.710000
60 0.187114 0.927778 0.720000
61 0.179256 0.926667 0.720000
62 0.183518 0.926667 0.740000
63 0.177247 0.927778 0.740000
64 0.191314 0.923333 0.740000
65 0.173583 0.925556 0.710000
66 0.171931 0.923333 0.740000
67 0.206601 0.923333 0.750000
68 0.178359 0.915556 0.760000
69 0.176002 0.931111 0.730000
70 0.167171 0.926667 0.740000
71 0.162796 0.927778 0.740000
72 0.170409 0.930000 0.720000
73 0.174422 0.927778 0.710000
74 0.165023 0.932222 0.720000
75 0.195738 0.925556 0.750000
76 0.166628 0.925556 0.740000
77 0.163950 0.931111 0.710000
78 0.187162 0.930000 0.730000
79 0.164144 0.934444 0.720000
80 0.172075 0.931111 0.770000
81 0.181077 0.933333 0.740000
82 0.166467 0.928889 0.700000
83 0.161506 0.933333 0.730000
84 0.156294 0.932222 0.730000
85 0.161762 0.925556 0.710000
86 0.168147 0.936667 0.730000
87 0.162677 0.923333 0.740000
88 0.188005 0.914444 0.680000
89 0.172315 0.932222 0.720000
90 0.178525 0.930000 0.730000
91 0.171131 0.931111 0.700000
92 0.162762 0.933333 0.730000
93 0.168626 0.931111 0.710000
94 0.151190 0.926667 0.740000
95 0.150866 0.936667 0.740000
96 0.153869 0.937778 0.730000
97 0.172283 0.933333 0.750000
98 0.174564 0.935556 0.740000
99 0.168380 0.932222 0.710000
100 0.151599 0.937778 0.740000
101 0.138882 0.937778 0.720000
102 0.136092 0.935556 0.740000
103 0.139523 0.942222 0.750000
104 0.142470 0.931111 0.730000
105 0.136077 0.934444 0.750000
106 0.136668 0.940000 0.750000
107 0.139887 0.940000 0.740000
108 0.144595 0.940000 0.740000
109 0.150038 0.936667 0.720000
110 0.167563 0.934444 0.700000
111 0.131223 0.931111 0.720000
112 0.140606 0.940000 0.760000
113 0.130211 0.937778 0.760000
114 0.118012 0.940000 0.740000
115 0.132313 0.943333 0.730000
116 0.133561 0.944444 0.730000
117 0.132944 0.938889 0.730000
118 0.125427 0.940000 0.720000
119 0.129451 0.945556 0.710000
120 0.130653 0.941111 0.740000
121 0.138202 0.942222 0.730000
122 0.142057 0.938889 0.740000
123 0.133770 0.938889 0.730000
124 0.135094 0.942222 0.730000
125 0.138761 0.937778 0.720000
126 0.135589 0.940000 0.750000
127 0.146853 0.940000 0.730000
128 0.134134 0.938889 0.710000
129 0.128208 0.941111 0.720000
130 0.126184 0.942222 0.730000
131 0.126434 0.944444 0.720000
132 0.136562 0.933333 0.750000
133 0.131839 0.934444 0.710000
134 0.124389 0.944444 0.740000
135 0.131107 0.942222 0.750000
136 0.123376 0.942222 0.760000
137 0.126449 0.944444 0.740000
138 0.121002 0.946667 0.730000
139 0.173469 0.938889 0.730000
140 0.138324 0.938889 0.760000
141 0.135544 0.942222 0.740000
142 0.137602 0.944444 0.720000
143 0.124325 0.942222 0.750000
144 0.131545 0.945556 0.750000
145 0.142720 0.941111 0.730000
146 0.132677 0.940000 0.740000
147 0.123228 0.946667 0.740000
148 0.132667 0.946667 0.750000
149 0.133764 0.942222 0.760000
150 0.132287 0.948889 0.760000
151 0.123236 0.946667 0.750000
152 0.114572 0.945556 0.740000
153 0.116001 0.945556 0.750000
154 0.120970 0.946667 0.750000
155 0.116185 0.944444 0.750000
156 0.114436 0.948889 0.750000
157 0.110736 0.945556 0.730000
158 0.114631 0.946667 0.740000
159 0.111220 0.945556 0.750000
160 0.114680 0.945556 0.730000
161 0.120829 0.948889 0.750000
162 0.138356 0.945556 0.730000
163 0.120107 0.946667 0.740000
164 0.120766 0.947778 0.740000
165 0.111648 0.945556 0.740000
166 0.113195 0.946667 0.730000
167 0.120522 0.941111 0.740000
168 0.129523 0.941111 0.750000
169 0.110305 0.944444 0.740000
170 0.119955 0.942222 0.750000
171 0.115937 0.946667 0.720000
172 0.116065 0.945556 0.720000
173 0.120648 0.946667 0.720000
174 0.114370 0.946667 0.720000
175 0.115922 0.946667 0.750000
176 0.109524 0.946667 0.730000
177 0.121576 0.947778 0.760000
178 0.121693 0.945556 0.740000
179 0.114452 0.945556 0.760000
180 0.114439 0.948889 0.730000
181 0.112254 0.948889 0.740000
182 0.107308 0.946667 0.710000
183 0.118682 0.946667 0.740000
184 0.118587 0.948889 0.710000
185 0.112485 0.945556 0.730000
186 0.109744 0.950000 0.730000
187 0.117922 0.945556 0.720000
188 0.119088 0.948889 0.760000
189 0.111608 0.948889 0.730000
190 0.116028 0.943333 0.730000
191 0.114048 0.948889 0.720000
192 0.118611 0.947778 0.730000
193 0.117646 0.946667 0.730000
194 0.114970 0.945556 0.730000
195 0.119866 0.948889 0.740000
196 0.119154 0.951111 0.730000
197 0.113113 0.948889 0.730000
198 0.110086 0.948889 0.730000
199 0.113132 0.946667 0.740000
200 0.105782 0.947778 0.740000
201 0.109764 0.948889 0.730000
202 0.110567 0.947778 0.740000
203 0.114972 0.948889 0.720000
204 0.108665 0.950000 0.720000
205 0.107433 0.947778 0.740000
206 0.106294 0.947778 0.710000
207 0.117858 0.948889 0.730000
208 0.112337 0.950000 0.740000
209 0.104835 0.948889 0.730000
210 0.100187 0.950000 0.730000
211 0.106497 0.950000 0.750000
212 0.110430 0.950000 0.720000
213 0.108968 0.951111 0.720000
214 0.111379 0.950000 0.730000
215 0.107944 0.950000 0.730000
216 0.108900 0.951111 0.720000
217 0.109128 0.946667 0.720000
218 0.119013 0.948889 0.720000
219 0.106482 0.950000 0.740000
220 0.114484 0.947778 0.730000
221 0.105433 0.950000 0.710000
222 0.110625 0.948889 0.740000
223 0.104007 0.947778 0.740000
224 0.102058 0.950000 0.740000
225 0.097697 0.946667 0.730000
226 0.110299 0.948889 0.740000
227 0.103371 0.948889 0.730000
228 0.112980 0.950000 0.720000
229 0.108780 0.951111 0.730000
230 0.113238 0.952222 0.730000
231 0.111443 0.952222 0.730000
232 0.100255 0.947778 0.740000
233 0.100031 0.950000 0.730000
234 0.103521 0.948889 0.720000
235 0.111990 0.950000 0.720000
236 0.114199 0.951111 0.730000
237 0.105642 0.948889 0.720000
238 0.107271 0.948889 0.730000
239 0.104279 0.951111 0.730000
240 0.105854 0.951111 0.720000
241 0.109658 0.952222 0.720000
242 0.103606 0.951111 0.720000
243 0.108085 0.950000 0.730000
244 0.103609 0.951111 0.730000
245 0.110244 0.952222 0.730000
246 0.102756 0.951111 0.730000
247 0.106169 0.952222 0.710000
248 0.109856 0.951111 0.740000
249 0.104177 0.948889 0.740000
250 0.112855 0.951111 0.730000
251 0.106161 0.948889 0.760000
252 0.095948 0.950000 0.740000
253 0.101489 0.951111 0.740000
254 0.103406 0.950000 0.740000
255 0.101512 0.951111 0.720000
256 0.103439 0.947778 0.740000
257 0.097622 0.950000 0.740000
258 0.106172 0.952222 0.730000
259 0.100048 0.951111 0.720000
260 0.101735 0.951111 0.710000
261 0.098122 0.953333 0.740000
262 0.105809 0.951111 0.720000
263 0.107170 0.951111 0.720000
264 0.102627 0.952222 0.730000
265 0.098806 0.952222 0.730000
266 0.099992 0.952222 0.730000
267 0.104187 0.951111 0.720000
268 0.101694 0.951111 0.720000
269 0.097698 0.951111 0.730000
270 0.107463 0.951111 0.720000
271 0.098086 0.951111 0.720000
272 0.097626 0.951111 0.740000
273 0.097260 0.951111 0.720000
274 0.104010 0.951111 0.740000
275 0.102270 0.952222 0.720000
276 0.100760 0.952222 0.730000
277 0.101182 0.952222 0.730000
278 0.103351 0.952222 0.760000
279 0.097587 0.953333 0.730000
280 0.100145 0.952222 0.720000
281 0.102609 0.951111 0.720000
282 0.101701 0.953333 0.730000
283 0.104570 0.951111 0.740000
284 0.099972 0.952222 0.730000
285 0.103057 0.952222 0.740000
286 0.106607 0.952222 0.740000
287 0.099675 0.951111 0.740000
288 0.101961 0.952222 0.740000
289 0.098087 0.951111 0.730000
290 0.112463 0.950000 0.720000
291 0.102162 0.952222 0.740000
292 0.102009 0.952222 0.740000
293 0.092629 0.952222 0.720000
294 0.105840 0.951111 0.720000
295 0.097057 0.952222 0.740000
296 0.097631 0.951111 0.740000
297 0.095685 0.951111 0.720000
298 0.111473 0.951111 0.730000
299 0.102023 0.951111 0.740000
300 0.099562 0.951111 0.740000
301 0.104919 0.950000 0.730000
302 0.094318 0.951111 0.730000
303 0.097032 0.952222 0.720000
304 0.093655 0.951111 0.710000
305 0.101667 0.951111 0.720000
306 0.100920 0.952222 0.720000
307 0.095822 0.951111 0.720000
308 0.098343 0.951111 0.720000
309 0.102610 0.952222 0.740000
310 0.099316 0.952222 0.720000
311 0.101064 0.951111 0.740000
312 0.089688 0.951111 0.710000
313 0.088090 0.951111 0.710000
314 0.104899 0.951111 0.710000
315 0.098416 0.953333 0.720000
316 0.097474 0.952222 0.710000
317 0.101618 0.951111 0.710000
318 0.100529 0.952222 0.720000
319 0.097720 0.951111 0.710000
320 0.098250 0.951111 0.710000
321 0.096147 0.952222 0.740000
322 0.105726 0.952222 0.730000
323 0.101790 0.952222 0.730000
324 0.104672 0.952222 0.730000
325 0.103602 0.952222 0.730000
326 0.095665 0.953333 0.730000
327 0.101918 0.952222 0.710000
328 0.101613 0.951111 0.730000
329 0.102394 0.951111 0.720000
330 0.102716 0.951111 0.720000
331 0.099674 0.952222 0.730000
332 0.097836 0.952222 0.720000
333 0.098074 0.951111 0.720000
334 0.104996 0.951111 0.720000
335 0.101575 0.952222 0.720000
336 0.099915 0.952222 0.730000
337 0.106475 0.952222 0.720000
338 0.099069 0.951111 0.730000
339 0.096934 0.952222 0.710000
340 0.100661 0.952222 0.730000
341 0.094973 0.952222 0.730000
342 0.099803 0.952222 0.720000
343 0.107547 0.952222 0.740000
344 0.098215 0.953333 0.730000
345 0.101685 0.952222 0.720000
346 0.104213 0.951111 0.730000
347 0.097389 0.952222 0.730000
348 0.099707 0.951111 0.720000
349 0.100716 0.952222 0.730000
350 0.099793 0.952222 0.730000
