1 4.167792 0.429630 0.406667
2 2.773517 0.477037 0.440000
3 2.180194 0.457037 0.513333
4 1.364900 0.532593 0.500000
5 1.306693 0.480741 0.486667
6 1.374302 0.524444 0.506667
7 1.195757 0.531111 0.520000
8 1.041056 0.548889 0.513333
9 1.547049 0.548148 0.493333
10 1.126711 0.536296 0.453333
11 1.004882 0.557778 0.460000
12 1.084528 0.553333 0.473333
13 1.101659 0.564444 0.446667
14 0.939509 0.556296 0.493333
15 0.963434 0.576296 0.466667
16 0.943963 0.569630 0.513333
17 0.934105 0.521481 0.466667
18 0.893853 0.578519 0.466667
19 0.910853 0.582222 0.473333
20 0.896060 0.595556 0.493333
21 0.915864 0.591111 0.506667
22 0.890735 0.601481 0.460000
23 0.916208 0.590370 0.466667
24 0.927434 0.573333 0.453333
25 0.977751 0.598519 0.460000
26 0.897168 0.585185 0.466667
27 0.882591 0.586667 0.466667
28 0.875593 0.600741 0.466667
29 0.897135 0.593333 0.440000
30 1.105501 0.583704 0.446667
31 0.927118 0.602222 0.473333
32 0.853144 0.602222 0.480000
33 0.869278 0.597778 0.473333
34 0.894495 0.607407 0.446667
35 0.864138 0.615556 0.480000
36 0.885933 0.588889 0.460000
37 0.858024 0.617037 0.473333
38 0.815285 0.614815 0.460000
39 0.860929 0.614074 0.440000
40 0.845990 0.608889 0.460000
41 0.864965 0.611852 0.460000
42 0.893716 0.602222 0.473333
43 0.852524 0.612593 0.486667
44 0.848475 0.614815 0.426667
45 0.841179 0.591111 0.446667
46 0.846106 0.581481 0.433333
47 0.846380 0.621481 0.460000
48 0.838070 0.618519 0.480000
49 0.833747 0.625926 0.480000
50 0.803453 0.634815 0.440000
51 0.793918 0.629630 0.466667
52 0.807621 0.637037 0.453333
53 0.783596 0.637037 0.460000
54 0.772158 0.635556 0.486667
55 0.789724 0.637778 0.453333
56 0.795212 0.637778 0.460000
57 0.775210 0.640000 0.480000
58 0.782073 0.647407 0.506667
59 0.773801 0.646667 0.473333
60 0.769825 0.637778 0.480000
61 0.780962 0.650370 0.493333
62 0.772761 0.645185 0.480000
63 0.774776 0.650370 0.466667
64 0.760749 0.637037 0.440000
65 0.771013 0.641481 0.426667
66 0.765217 0.642222 0.420000
67 0.763477 0.645185 0.500000
68 0.795235 0.624444 0.453333
69 0.773125 0.647407 0.480000
70 0.751926 0.652593 0.466667
