1 2.632826 0.714444 0.770000
2 0.688467 0.741111 0.670000
3 1.082158 0.733333 0.690000
4 0.553961 0.790000 0.710000
5 0.491116 0.758889 0.710000
6 0.440298 0.810000 0.720000
7 0.451067 0.810000 0.780000
8 0.411056 0.840000 0.710000
9 0.388157 0.826667 0.800000
10 0.377912 0.843333 0.780000
11 0.345227 0.858889 0.700000
12 0.344538 0.846667 0.710000
13 0.383651 0.844444 0.770000
14 0.333080 0.847778 0.770000
15 0.328817 0.861111 0.750000
16 0.318042 0.865556 0.770000
17 0.290073 0.881111 0.720000
18 0.285352 0.872222 0.740000
19 0.356418 0.857778 0.690000
20 0.332365 0.862222 0.710000
21 0.302314 0.876667 0.730000
22 0.343365 0.870000 0.770000
23 0.293976 0.881111 0.770000
24 0.272631 0.873333 0.750000
25 0.290010 0.858889 0.740000
26 0.271425 0.882222 0.690000
27 0.259043 0.885556 0.690000
28 0.275966 0.888889 0.770000
29 0.247725 0.887778 0.700000
30 0.253671 0.885556 0.710000
31 0.237471 0.890000 0.750000
32 0.249133 0.874444 0.760000
33 0.256576 0.901111 0.740000
34 0.236001 0.876667 0.720000
35 0.889469 0.823333 0.720000
36 0.350908 0.824444 0.760000
37 0.332418 0.873333 0.770000
38 0.295743 0.870000 0.790000
39 0.316833 0.865556 0.760000
40 0.280431 0.880000 0.710000
41 0.281955 0.868889 0.760000
42 0.240457 0.893333 0.730000
43 0.243210 0.886667 0.740000
44 0.247793 0.892222 0.770000
45 0.235192 0.887778 0.750000
46 0.292111 0.871111 0.730000
47 0.308931 0.893333 0.720000
48 0.243347 0.887778 0.720000
49 0.228753 0.894444 0.760000
50 0.224650 0.896667 0.730000
51 0.197554 0.916667 0.750000
52 0.192638 0.911111 0.750000
53 0.191591 0.910000 0.750000
54 0.186395 0.907778 0.720000
55 0.194559 0.914444 0.730000
56 0.192484 0.913333 0.760000
57 0.196480 0.913333 0.790000
58 0.184565 0.912222 0.740000
59 0.217970 0.908889 0.740000
60 0.187194 0.918889 0.750000
61 0.181501 0.913333 0.780000
62 0.195847 0.918889 0.730000
63 0.200344 0.913333 0.780000
64 0.209058 0.903333 0.770000
65 0.185106 0.926667 0.770000
66 0.187852 0.916667 0.800000
67 0.200644 0.916667 0.760000
68 0.202982 0.915556 0.780000
69 0.175120 0.918889 0.750000
70 0.182059 0.921111 0.740000
71 0.198128 0.926667 0.730000
72 0.192673 0.926667 0.750000
73 0.185563 0.925556 0.780000
74 0.169999 0.927778 0.760000
75 0.191599 0.922222 0.790000
76 0.173907 0.900000 0.760000
77 0.180597 0.925556 0.780000
78 0.183341 0.926667 0.760000
79 0.191686 0.926667 0.730000
80 0.172174 0.921111 0.740000
81 0.177504 0.923333 0.730000
82 0.167445 0.930000 0.770000
83 0.183537 0.920000 0.770000
84 0.176942 0.924444 0.750000
85 0.177076 0.922222 0.790000
86 0.165770 0.924444 0.730000
87 0.169051 0.924444 0.750000
88 0.187943 0.920000 0.780000
89 0.180011 0.927778 0.770000
90 0.182662 0.931111 0.770000
91 0.167430 0.914444 0.760000
92 0.176798 0.924444 0.760000
93 0.174920 0.930000 0.790000
94 0.181942 0.922222 0.780000
95 0.168419 0.924444 0.750000
96 0.171372 0.917778 0.780000
97 0.173371 0.923333 0.750000
98 0.166260 0.932222 0.800000
99 0.180564 0.928889 0.780000
100 0.161288 0.933333 0.800000
101 0.146149 0.934444 0.760000
102 0.152595 0.938889 0.790000
103 0.147841 0.934444 0.750000
104 0.161136 0.937778 0.780000
105 0.165005 0.938889 0.780000
106 0.149712 0.936667 0.800000
107 0.137912 0.934444 0.780000
108 0.147404 0.936667 0.790000
109 0.146552 0.940000 0.770000
110 0.139703 0.941111 0.780000
111 0.147005 0.934444 0.800000
112 0.150154 0.935556 0.770000
113 0.140844 0.938889 0.810000
114 0.131669 0.937778 0.780000
115 0.146435 0.938889 0.790000
116 0.151275 0.933333 0.740000
117 0.148553 0.938889 0.800000
118 0.137507 0.925556 0.730000
119 0.142599 0.940000 0.790000
120 0.141768 0.942222 0.790000
121 0.146676 0.938889 0.780000
122 0.145188 0.936667 0.750000
123 0.160948 0.942222 0.760000
124 0.150426 0.941111 0.770000
125 0.139349 0.942222 0.800000
126 0.144625 0.938889 0.770000
127 0.133538 0.940000 0.800000
128 0.135009 0.937778 0.770000
129 0.146960 0.935556 0.780000
130 0.145179 0.941111 0.760000
131 0.146297 0.935556 0.740000
132 0.175593 0.936667 0.750000
133 0.150763 0.941111 0.730000
134 0.141582 0.947778 0.770000
135 0.131460 0.946667 0.760000
136 0.134959 0.941111 0.810000
137 0.155168 0.935556 0.770000
138 0.137550 0.944444 0.780000
139 0.141925 0.945556 0.750000
140 0.139111 0.944444 0.780000
141 0.136312 0.944444 0.800000
142 0.130628 0.938889 0.770000
143 0.135298 0.950000 0.760000
144 0.154667 0.943333 0.750000
145 0.141416 0.943333 0.770000
146 0.135963 0.945556 0.780000
147 0.130518 0.947778 0.790000
148 0.141811 0.940000 0.800000
149 0.132331 0.942222 0.790000
150 0.126271 0.948889 0.770000
151 0.122945 0.948889 0.780000
152 0.120536 0.953333 0.780000
153 0.127627 0.947778 0.790000
154 0.123316 0.948889 0.800000
155 0.112300 0.952222 0.790000
156 0.125690 0.946667 0.790000
157 0.120994 0.950000 0.770000
158 0.119093 0.950000 0.790000
159 0.122190 0.952222 0.780000
160 0.120806 0.948889 0.770000
161 0.132965 0.953333 0.790000
162 0.119860 0.952222 0.770000
163 0.134374 0.948889 0.770000
164 0.129281 0.950000 0.780000
165 0.120761 0.948889 0.790000
166 0.118649 0.952222 0.780000
167 0.124232 0.947778 0.790000
168 0.123325 0.950000 0.780000
169 0.121836 0.951111 0.780000
170 0.115115 0.952222 0.770000
171 0.121353 0.947778 0.780000
172 0.118493 0.950000 0.770000
173 0.134559 0.947778 0.770000
174 0.117654 0.955556 0.750000
175 0.115317 0.950000 0.770000
176 0.120218 0.953333 0.790000
177 0.109100 0.953333 0.780000
178 0.115159 0.947778 0.750000
179 0.145808 0.953333 0.770000
180 0.135877 0.948889 0.790000
181 0.116607 0.952222 0.770000
182 0.124532 0.951111 0.770000
183 0.161486 0.952222 0.750000
184 0.129615 0.953333 0.780000
185 0.249676 0.951111 0.750000
186 0.172882 0.950000 0.780000
187 0.121187 0.955556 0.770000
188 0.127076 0.950000 0.770000
189 0.128476 0.953333 0.780000
190 0.113036 0.952222 0.790000
191 0.115132 0.951111 0.770000
192 0.112272 0.950000 0.740000
193 0.115874 0.952222 0.780000
194 0.117691 0.951111 0.770000
195 0.115719 0.950000 0.770000
196 0.116899 0.955556 0.780000
197 0.113236 0.953333 0.760000
198 0.119509 0.951111 0.760000
199 0.118461 0.955556 0.780000
200 0.115285 0.954444 0.760000
201 0.116078 0.954444 0.780000
202 0.117438 0.952222 0.780000
203 0.112773 0.954444 0.770000
204 0.108128 0.954444 0.760000
205 0.105245 0.954444 0.760000
206 0.113184 0.954444 0.750000
207 0.108216 0.953333 0.780000
208 0.110269 0.952222 0.760000
209 0.112425 0.954444 0.750000
210 0.113877 0.953333 0.780000
211 0.116946 0.955556 0.770000
212 0.110434 0.954444 0.750000
213 0.110233 0.954444 0.790000
214 0.107077 0.954444 0.790000
215 0.110497 0.954444 0.770000
216 0.107262 0.956667 0.750000
217 0.113309 0.954444 0.770000
218 0.109625 0.952222 0.790000
219 0.113076 0.955556 0.770000
220 0.103703 0.954444 0.750000
221 0.110685 0.954444 0.770000
222 0.107801 0.954444 0.770000
223 0.114554 0.954444 0.770000
224 0.106334 0.954444 0.760000
225 0.122242 0.953333 0.760000
226 0.111653 0.952222 0.760000
227 0.105259 0.952222 0.780000
228 0.106885 0.952222 0.770000
229 0.104336 0.955556 0.780000
230 0.111866 0.954444 0.760000
231 0.106273 0.953333 0.760000
232 0.108654 0.955556 0.770000
233 0.102689 0.955556 0.770000
234 0.106824 0.954444 0.760000
235 0.100516 0.953333 0.770000
236 0.104373 0.954444 0.740000
237 0.111126 0.954444 0.770000
238 0.102952 0.955556 0.780000
239 0.115611 0.953333 0.770000
240 0.108147 0.953333 0.780000
241 0.112843 0.954444 0.760000
242 0.107946 0.955556 0.760000
243 0.120261 0.951111 0.770000
244 0.112624 0.955556 0.770000
245 0.109760 0.954444 0.760000
246 0.108828 0.953333 0.770000
247 0.113346 0.954444 0.770000
248 0.113905 0.955556 0.760000
249 0.108100 0.954444 0.780000
250 0.120102 0.955556 0.760000
251 0.108446 0.955556 0.770000
252 0.113628 0.954444 0.770000
253 0.103298 0.955556 0.760000
254 0.101997 0.955556 0.750000
255 0.108317 0.954444 0.790000
256 0.105038 0.955556 0.750000
257 0.099458 0.955556 0.770000
258 0.111661 0.952222 0.780000
259 0.103177 0.956667 0.770000
260 0.103990 0.955556 0.780000
261 0.108235 0.954444 0.760000
262 0.106506 0.956667 0.780000
263 0.097171 0.954444 0.780000
264 0.110725 0.955556 0.780000
265 0.100465 0.954444 0.780000
266 0.103095 0.954444 0.760000
267 0.108015 0.954444 0.770000
268 0.109889 0.955556 0.770000
269 0.102916 0.956667 0.770000
270 0.110276 0.955556 0.780000
271 0.114530 0.955556 0.780000
272 0.100962 0.954444 0.770000
273 0.101371 0.955556 0.780000
274 0.111756 0.954444 0.780000
275 0.100755 0.956667 0.780000
276 0.102173 0.954444 0.780000
277 0.110965 0.954444 0.780000
278 0.108939 0.956667 0.780000
279 0.109070 0.956667 0.770000
280 0.101871 0.956667 0.760000
281 0.104486 0.955556 0.770000
282 0.107451 0.955556 0.760000
283 0.107920 0.956667 0.760000
284 0.112033 0.955556 0.760000
285 0.106871 0.956667 0.760000
286 0.109170 0.955556 0.760000
287 0.108623 0.954444 0.770000
288 0.106765 0.956667 0.760000
289 0.103604 0.955556 0.760000
290 0.105885 0.955556 0.780000
291 0.101937 0.955556 0.770000
292 0.102611 0.955556 0.770000
293 0.097204 0.955556 0.770000
294 0.102941 0.955556 0.770000
295 0.098319 0.955556 0.770000
296 0.102337 0.955556 0.790000
297 0.096771 0.955556 0.780000
298 0.098547 0.955556 0.770000
299 0.104798 0.955556 0.760000
300 0.109688 0.955556 0.770000
301 0.102269 0.955556 0.760000
302 0.108775 0.956667 0.770000
303 0.102576 0.955556 0.770000
304 0.101911 0.955556 0.760000
305 0.103970 0.955556 0.770000
306 0.099228 0.956667 0.780000
307 0.092256 0.955556 0.780000
308 0.101442 0.956667 0.770000
309 0.101996 0.956667 0.780000
310 0.103365 0.956667 0.780000
311 0.096872 0.956667 0.780000
312 0.096087 0.955556 0.770000
313 0.104258 0.956667 0.760000
314 0.099439 0.955556 0.770000
315 0.102534 0.956667 0.760000
316 0.103695 0.956667 0.770000
317 0.101322 0.956667 0.770000
318 0.103782 0.956667 0.770000
319 0.098214 0.956667 0.770000
320 0.102631 0.956667 0.780000
321 0.102585 0.956667 0.770000
322 0.101465 0.956667 0.760000
323 0.104124 0.956667 0.770000
324 0.100225 0.956667 0.760000
325 0.103528 0.955556 0.790000
326 0.104989 0.956667 0.760000
327 0.102671 0.954444 0.770000
328 0.102178 0.954444 0.780000
329 0.104026 0.956667 0.770000
330 0.100602 0.956667 0.760000
331 0.104396 0.956667 0.770000
332 0.099418 0.956667 0.760000
333 0.103088 0.956667 0.780000
334 0.098078 0.956667 0.760000
335 0.100836 0.956667 0.770000
336 0.105214 0.955556 0.770000
337 0.099628 0.956667 0.780000
338 0.107956 0.955556 0.760000
339 0.106154 0.954444 0.780000
340 0.109552 0.956667 0.770000
341 0.104002 0.954444 0.770000
342 0.107179 0.956667 0.770000
343 0.100873 0.956667 0.780000
344 0.104599 0.956667 0.780000
345 0.104970 0.956667 0.770000
346 0.108366 0.956667 0.780000
347 0.101447 0.956667 0.760000
348 0.100721 0.956667 0.770000
349 0.107450 0.956667 0.780000
350 0.099284 0.954444 0.780000
