1 5.751146 0.626386 0.642336
2 1.546248 0.585564 0.593674
3 2.036073 0.693971 0.698297
4 0.900381 0.579886 0.596107
5 1.007359 0.721546 0.737226
6 0.846668 0.608002 0.605839
7 0.826027 0.687753 0.681265
8 0.939073 0.671803 0.676399
9 1.132525 0.549067 0.547445
10 0.805186 0.521492 0.525547
11 0.784788 0.611517 0.600973
12 0.808839 0.659638 0.678832
13 0.703593 0.579346 0.576642
14 0.744575 0.660178 0.673966
15 0.794899 0.583401 0.588808
16 0.789172 0.718032 0.700730
17 0.781616 0.714517 0.734793
18 0.727226 0.569343 0.557178
19 0.622355 0.695864 0.717762
20 0.830789 0.716139 0.744526
21 0.674867 0.634225 0.652068
22 0.698428 0.648554 0.659367
23 0.749547 0.656664 0.688564
24 0.658569 0.630441 0.644769
25 0.679952 0.666396 0.669100
26 0.692030 0.670181 0.683698
27 0.649512 0.679373 0.661800
28 0.596316 0.718843 0.732360
29 0.628147 0.719654 0.695864
30 0.659739 0.584482 0.571776
31 0.857338 0.596648 0.598540
32 0.641882 0.597999 0.579075
33 0.591781 0.667478 0.659367
34 0.603639 0.696945 0.695864
35 0.623393 0.673696 0.681265
36 0.660824 0.660178 0.686131
37 0.623786 0.599351 0.598540
38 0.615747 0.730197 0.734793
39 0.641976 0.638551 0.649635
40 0.620659 0.736686 0.734793
41 0.630883 0.652338 0.656934
42 0.630706 0.728846 0.729927
43 0.659332 0.725331 0.751825
44 0.645198 0.703163 0.676399
45 0.645920 0.587997 0.593674
46 0.611186 0.658556 0.656934
47 0.591083 0.734253 0.720195
48 0.600003 0.717762 0.722628
49 0.597613 0.688024 0.676399
50 0.576090 0.726413 0.729927
51 0.561062 0.747770 0.744526
52 0.573573 0.745877 0.737226
53 0.559801 0.750203 0.744526
54 0.558333 0.740741 0.751825
55 0.563603 0.688835 0.705596
56 0.554842 0.738578 0.732360
57 0.549821 0.745877 0.729927
58 0.553579 0.749121 0.746959
59 0.556637 0.709651 0.722628
60 0.561798 0.709381 0.725061
61 0.549992 0.748310 0.749392
62 0.555493 0.740470 0.754258
63 0.569211 0.736415 0.749392
64 0.547159 0.737226 0.742092
65 0.545435 0.655312 0.666667
66 0.566999 0.724520 0.739659
67 0.552040 0.692349 0.673966
68 0.553816 0.750743 0.749392
69 0.528673 0.702893 0.727494
70 0.548063 0.736686 0.746959
71 0.548129 0.711273 0.739659
72 0.554713 0.736686 0.720195
73 0.547487 0.685320 0.678832
74 0.535603 0.748040 0.756691
75 0.546234 0.712895 0.705596
76 0.533747 0.703163 0.729927
77 0.548649 0.749121 0.763990
78 0.547674 0.745607 0.732360
79 0.536360 0.752636 0.739659
80 0.546858 0.750473 0.761557
81 0.538831 0.752366 0.742092
82 0.528230 0.759124 0.788321
83 0.556776 0.752906 0.744526
84 0.540328 0.763990 0.768856
85 0.556753 0.752366 0.759124
86 0.536256 0.745066 0.768856
87 0.562842 0.766153 0.773723
88 0.548243 0.656394 0.635036
89 0.547079 0.752095 0.766423
90 0.527231 0.753717 0.781022
91 0.549839 0.733712 0.756691
92 0.541806 0.762368 0.759124
93 0.545350 0.764801 0.771290
94 0.520283 0.748581 0.763990
95 0.544972 0.728575 0.732360
96 0.537785 0.767775 0.776156
97 0.536976 0.685861 0.659367
98 0.538414 0.757502 0.751825
99 0.555909 0.728035 0.734793
100 0.523404 0.756961 0.763990
101 0.517622 0.775885 0.768856
102 0.518685 0.757232 0.768856
103 0.507168 0.771560 0.771290
104 0.514114 0.757502 0.746959
105 0.505541 0.768316 0.761557
106 0.514282 0.759935 0.756691
107 0.515359 0.775885 0.788321
108 0.509045 0.785888 0.785888
109 0.501773 0.764261 0.773723
110 0.529745 0.775615 0.788321
111 0.519259 0.769938 0.783455
112 0.507770 0.756691 0.781022
113 0.505748 0.775885 0.771290
114 0.522206 0.751554 0.776156
115 0.500361 0.780752 0.793187
116 0.512263 0.781022 0.790754
117 0.516474 0.713166 0.720195
118 0.502418 0.780481 0.781022
119 0.512038 0.772641 0.773723
120 0.517696 0.783725 0.795620
121 0.502387 0.764531 0.749392
122 0.503794 0.781833 0.783455
123 0.513438 0.778318 0.781022
124 0.525028 0.785618 0.773723
125 0.511065 0.775615 0.783455
126 0.501715 0.781833 0.763990
127 0.499894 0.768045 0.781022
128 0.489150 0.782374 0.781022
129 0.494258 0.772101 0.800487
130 0.508749 0.776426 0.746959
131 0.504064 0.789943 0.788321
132 0.502034 0.787240 0.793187
133 0.509797 0.793998 0.776156
134 0.497657 0.778859 0.785888
135 0.480842 0.774804 0.785888
136 0.495791 0.799135 0.776156
137 0.505262 0.784536 0.773723
138 0.499593 0.726683 0.737226
139 0.505734 0.788051 0.773723
140 0.499124 0.749121 0.756691
141 0.499949 0.786969 0.788321
142 0.506980 0.736415 0.739659
143 0.491727 0.781563 0.768856
144 0.489034 0.791565 0.802920
145 0.502972 0.786969 0.761557
146 0.505862 0.786969 0.785888
147 0.493813 0.780752 0.773723
148 0.503134 0.732360 0.734793
149 0.501085 0.788321 0.766423
150 0.494055 0.792376 0.781022
151 0.472846 0.797513 0.788321
152 0.479202 0.788051 0.781022
153 0.477656 0.792917 0.776156
154 0.493506 0.791025 0.763990
155 0.479272 0.793458 0.785888
156 0.470656 0.793458 0.781022
157 0.486288 0.792917 0.793187
158 0.470795 0.801027 0.802920
159 0.474558 0.796161 0.778589
160 0.471662 0.802649 0.781022
161 0.471715 0.806975 0.778589
162 0.472803 0.803731 0.793187
163 0.464346 0.802649 0.795620
164 0.469597 0.802649 0.781022
165 0.476452 0.797783 0.783455
166 0.473713 0.796702 0.788321
167 0.463580 0.800216 0.781022
168 0.460798 0.802379 0.773723
169 0.482472 0.798594 0.771290
170 0.466685 0.802920 0.785888
171 0.464320 0.804001 0.795620
172 0.473812 0.805623 0.788321
173 0.463129 0.787780 0.766423
174 0.482769 0.808327 0.773723
175 0.462473 0.793728 0.771290
176 0.473513 0.807786 0.790754
177 0.482720 0.802379 0.798054
178 0.462474 0.797513 0.771290
179 0.469466 0.803731 0.783455
180 0.459812 0.805893 0.781022
181 0.453811 0.803460 0.776156
182 0.461572 0.805893 0.771290
183 0.467844 0.812111 0.788321
184 0.473814 0.804271 0.773723
185 0.463212 0.806164 0.790754
186 0.449480 0.805623 0.793187
187 0.461379 0.812111 0.790754
188 0.460458 0.756150 0.763990
189 0.476999 0.811300 0.798054
190 0.459480 0.810489 0.793187
191 0.462334 0.802649 0.785888
192 0.461039 0.781563 0.766423
193 0.460821 0.806434 0.781022
194 0.460450 0.789132 0.759124
195 0.453328 0.779129 0.739659
196 0.455597 0.799135 0.778589
197 0.470982 0.813733 0.793187
198 0.463244 0.816978 0.776156
199 0.472493 0.811841 0.778589
200 0.451165 0.816437 0.807786
201 0.446574 0.817248 0.817518
202 0.452075 0.819411 0.795620
203 0.442595 0.818600 0.802920
204 0.451321 0.817248 0.802920
205 0.446275 0.820492 0.805353
206 0.435212 0.818329 0.785888
207 0.432604 0.821844 0.790754
208 0.450951 0.825088 0.798054
209 0.452392 0.825629 0.793187
210 0.448603 0.819411 0.783455
211 0.444301 0.816437 0.783455
212 0.439137 0.815085 0.795620
213 0.445004 0.827791 0.790754
214 0.439692 0.819951 0.795620
215 0.446434 0.824547 0.798054
216 0.439528 0.828332 0.788321
217 0.432435 0.823195 0.785888
218 0.437121 0.821844 0.805353
219 0.444592 0.825358 0.781022
220 0.430825 0.825358 0.793187
221 0.444439 0.831035 0.793187
222 0.436320 0.823195 0.805353
223 0.436317 0.821303 0.788321
224 0.435079 0.821033 0.788321
225 0.445639 0.818870 0.776156
226 0.442072 0.822384 0.798054
227 0.444467 0.820762 0.793187
228 0.428814 0.826440 0.800487
229 0.422488 0.823466 0.802920
230 0.428047 0.831846 0.800487
231 0.428793 0.829684 0.800487
232 0.431241 0.824818 0.810219
233 0.455559 0.826169 0.793187
234 0.430117 0.829413 0.793187
235 0.439241 0.829413 0.798054
236 0.429206 0.825088 0.800487
237 0.442725 0.831846 0.788321
238 0.450055 0.829413 0.807786
239 0.436267 0.833739 0.798054
240 0.426647 0.832387 0.793187
241 0.440409 0.835361 0.812652
242 0.435660 0.831306 0.800487
243 0.433270 0.835091 0.788321
244 0.440612 0.832387 0.805353
245 0.440500 0.824277 0.783455
246 0.431835 0.830224 0.795620
247 0.434452 0.819140 0.800487
248 0.429931 0.838335 0.798054
249 0.433032 0.830765 0.805353
250 0.416551 0.834009 0.800487
251 0.418115 0.836713 0.798054
252 0.426813 0.836172 0.793187
253 0.411381 0.837794 0.817518
254 0.412313 0.842119 0.788321
255 0.411465 0.830224 0.798054
256 0.422872 0.836172 0.785888
257 0.424694 0.835361 0.795620
258 0.431431 0.837794 0.788321
259 0.417485 0.834550 0.783455
260 0.431011 0.839146 0.800487
261 0.422173 0.835091 0.800487
262 0.422655 0.838605 0.793187
263 0.415646 0.832928 0.793187
264 0.417740 0.832117 0.800487
265 0.419386 0.839416 0.790754
266 0.422020 0.836442 0.805353
267 0.419687 0.835091 0.802920
268 0.422797 0.837524 0.798054
269 0.405005 0.836713 0.798054
270 0.427758 0.836442 0.798054
271 0.416748 0.834550 0.805353
272 0.410659 0.839146 0.807786
273 0.415420 0.836172 0.798054
274 0.431731 0.836983 0.793187
275 0.407639 0.839957 0.798054
276 0.405181 0.836983 0.785888
277 0.423628 0.844553 0.790754
278 0.428976 0.840497 0.795620
279 0.419040 0.837794 0.807786
280 0.411386 0.842119 0.805353
281 0.426421 0.843201 0.798054
282 0.425770 0.841849 0.798054
283 0.416009 0.839146 0.795620
284 0.417670 0.839957 0.802920
285 0.419877 0.843471 0.793187
286 0.421408 0.844553 0.783455
287 0.405160 0.847256 0.793187
288 0.428066 0.838605 0.798054
289 0.423281 0.848067 0.790754
290 0.405059 0.846715 0.790754
291 0.413680 0.844282 0.795620
292 0.421744 0.844553 0.795620
293 0.420654 0.840497 0.788321
294 0.413908 0.841308 0.800487
295 0.421460 0.842119 0.790754
296 0.419342 0.843742 0.795620
297 0.407985 0.845904 0.798054
298 0.415429 0.848608 0.795620
299 0.411692 0.844553 0.798054
300 0.414726 0.845364 0.785888
301 0.393347 0.845904 0.798054
302 0.401752 0.847256 0.790754
303 0.416301 0.844012 0.795620
304 0.413878 0.850230 0.793187
305 0.411190 0.845093 0.800487
306 0.401835 0.845634 0.793187
307 0.415808 0.845904 0.805353
308 0.410267 0.850500 0.790754
309 0.404715 0.848337 0.795620
310 0.399568 0.847256 0.798054
311 0.430505 0.847256 0.800487
312 0.413661 0.847797 0.793187
313 0.404579 0.840227 0.798054
314 0.400547 0.846986 0.793187
315 0.399101 0.846175 0.798054
316 0.411214 0.847256 0.793187
317 0.410548 0.846715 0.790754
318 0.407116 0.848608 0.800487
319 0.397244 0.851852 0.795620
320 0.410178 0.848067 0.793187
321 0.412904 0.851311 0.795620
322 0.405543 0.847256 0.788321
323 0.407255 0.846986 0.793187
324 0.409846 0.846175 0.795620
325 0.398981 0.847256 0.802920
326 0.403120 0.848067 0.783455
327 0.408386 0.846715 0.793187
328 0.416799 0.846986 0.795620
329 0.403362 0.849419 0.798054
330 0.401747 0.849959 0.802920
331 0.406319 0.848337 0.800487
332 0.413255 0.848878 0.795620
333 0.391355 0.846715 0.793187
334 0.384893 0.848337 0.793187
335 0.407100 0.847797 0.800487
336 0.395659 0.850500 0.788321
337 0.400627 0.852933 0.800487
338 0.396348 0.847256 0.783455
339 0.408575 0.854015 0.795620
340 0.400488 0.849148 0.785888
341 0.392587 0.851582 0.795620
342 0.394972 0.853744 0.798054
343 0.399166 0.854285 0.798054
344 0.410137 0.853204 0.790754
345 0.401011 0.849959 0.805353
346 0.410072 0.849689 0.785888
347 0.391446 0.849689 0.793187
348 0.393502 0.848608 0.798054
349 0.402710 0.856448 0.810219
350 0.404250 0.851582 0.790754
