1 3.218680 0.583871 0.588235
2 2.185226 0.716129 0.588235
3 1.395690 0.670968 0.588235
4 1.283640 0.561290 0.529412
5 2.141148 0.674194 0.588235
6 1.182378 0.512903 0.411765
7 0.789567 0.687097 0.588235
8 0.736902 0.716129 0.470588
9 0.802875 0.700000 0.676471
10 0.731049 0.622581 0.470588
11 0.686495 0.729032 0.588235
12 0.584949 0.754839 0.588235
13 0.533951 0.790323 0.411765
14 0.511426 0.787097 0.470588
15 0.541875 0.832258 0.558824
16 0.498848 0.816129 0.558824
17 0.610275 0.787097 0.617647
18 0.486597 0.806452 0.441176
19 0.419751 0.822581 0.558824
20 0.408112 0.845161 0.529412
21 0.435218 0.851613 0.617647
22 0.421333 0.851613 0.647059
23 0.379200 0.909677 0.676471
24 0.401122 0.848387 0.676471
25 0.490982 0.832258 0.617647
26 0.419429 0.867742 0.441176
27 0.364156 0.822581 0.617647
28 0.351655 0.841935 0.558824
29 0.413188 0.870968 0.558824
30 0.366853 0.900000 0.705882
31 0.333516 0.803226 0.558824
32 0.422735 0.735484 0.529412
33 0.363533 0.887097 0.588235
34 0.405329 0.829032 0.558824
35 0.340815 0.893548 0.500000
36 0.306275 0.932258 0.588235
37 0.312582 0.767742 0.558824
38 0.346975 0.841935 0.647059
39 0.328875 0.900000 0.529412
40 0.315033 0.900000 0.705882
41 0.287751 0.909677 0.529412
42 0.354282 0.919355 0.558824
43 0.263898 0.883871 0.441176
44 0.224609 0.903226 0.588235
45 0.282329 0.877419 0.500000
46 0.281179 0.929032 0.470588
47 0.266957 0.922581 0.500000
48 0.260291 0.887097 0.441176
49 0.270029 0.800000 0.500000
50 0.168395 0.970968 0.588235
51 0.141601 0.987097 0.411765
52 0.126556 0.987097 0.382353
53 0.115324 0.990323 0.441176
54 0.119919 0.987097 0.558824
55 0.120002 0.929032 0.411765
56 0.121365 0.990323 0.529412
57 0.102267 0.951613 0.411765
58 0.140437 0.980645 0.529412
59 0.130748 0.993548 0.500000
60 0.122717 0.970968 0.617647
61 0.122527 0.964516 0.588235
62 0.120680 0.980645 0.382353
63 0.111057 0.993548 0.500000
64 0.093736 0.990323 0.588235
65 0.105133 0.990323 0.558824
66 0.111915 0.990323 0.588235
67 0.090888 0.987097 0.529412
68 0.126627 0.977419 0.529412
69 0.200432 0.919355 0.441176
70 0.167986 0.954839 0.441176
71 0.126486 0.961290 0.529412
72 0.332237 0.929032 0.529412
73 0.141830 0.980645 0.470588
74 0.114267 0.990323 0.529412
75 0.133930 0.970968 0.441176
76 0.134930 0.990323 0.588235
77 0.125501 0.990323 0.529412
78 0.143360 0.987097 0.529412
79 0.151733 0.993548 0.558824
80 0.093907 0.993548 0.617647
81 0.104866 0.993548 0.558824
82 0.102790 0.993548 0.588235
83 0.100524 0.983871 0.529412
84 0.116130 0.993548 0.500000
85 0.121118 0.951613 0.617647
86 0.173637 0.977419 0.588235
87 0.123475 0.974194 0.558824
88 0.107807 0.990323 0.588235
89 0.134994 0.993548 0.470588
90 0.088128 0.993548 0.500000
91 0.116671 0.990323 0.294118
92 0.114037 0.970968 0.588235
93 0.202702 0.948387 0.588235
94 0.123442 0.961290 0.470588
95 0.132495 0.980645 0.588235
96 0.126977 0.980645 0.470588
97 0.146365 0.958065 0.500000
98 0.146030 0.935484 0.647059
99 0.140120 0.993548 0.500000
100 0.085171 0.993548 0.588235
101 0.068593 0.990323 0.529412
102 0.065915 0.993548 0.441176
103 0.066156 0.993548 0.411765
104 0.072655 0.993548 0.411765
105 0.065145 0.993548 0.470588
106 0.072439 0.987097 0.411765
107 0.070261 0.993548 0.500000
108 0.064341 0.993548 0.441176
109 0.066643 0.993548 0.470588
110 0.062673 0.993548 0.470588
111 0.068894 0.993548 0.470588
112 0.060567 0.993548 0.470588
113 0.055704 0.993548 0.500000
114 0.065272 0.993548 0.529412
115 0.063544 0.993548 0.441176
116 0.062741 0.993548 0.470588
117 0.056558 0.993548 0.470588
118 0.070134 0.993548 0.470588
119 0.059063 0.993548 0.441176
120 0.067046 0.987097 0.411765
121 0.065283 0.993548 0.441176
122 0.063122 0.993548 0.411765
123 0.064686 0.993548 0.441176
124 0.062802 0.993548 0.470588
125 0.063154 0.993548 0.441176
126 0.095938 0.983871 0.500000
127 0.086870 0.990323 0.470588
128 0.071063 0.993548 0.529412
129 0.073414 0.993548 0.411765
130 0.139659 0.951613 0.500000
131 0.211966 0.990323 0.441176
132 0.097000 0.993548 0.500000
133 0.072386 0.993548 0.470588
134 0.068935 0.990323 0.617647
135 0.083884 0.990323 0.470588
136 0.075097 0.993548 0.441176
137 0.067466 0.993548 0.441176
138 0.060103 0.993548 0.441176
139 0.065438 0.993548 0.470588
140 0.059065 0.993548 0.470588
141 0.054755 0.993548 0.500000
142 0.063457 0.993548 0.500000
143 0.057900 0.993548 0.470588
144 0.063441 0.993548 0.411765
145 0.066882 0.990323 0.441176
146 0.117352 0.977419 0.529412
147 0.132577 0.990323 0.529412
148 0.090029 0.993548 0.529412
149 0.080037 0.993548 0.500000
150 0.060054 0.993548 0.470588
151 0.056409 0.993548 0.470588
152 0.052038 0.993548 0.441176
153 0.052573 0.993548 0.441176
154 0.050467 0.993548 0.441176
155 0.050584 0.993548 0.441176
156 0.055789 0.993548 0.441176
157 0.053581 0.993548 0.441176
158 0.052261 0.993548 0.500000
159 0.046680 0.993548 0.411765
160 0.053385 0.993548 0.500000
161 0.057842 0.993548 0.441176
162 0.050991 0.993548 0.411765
163 0.050616 0.993548 0.411765
164 0.050239 0.993548 0.441176
165 0.048845 0.993548 0.470588
166 0.055120 0.993548 0.441176
167 0.051927 0.993548 0.441176
168 0.052369 0.993548 0.441176
169 0.051233 0.993548 0.411765
170 0.054170 0.993548 0.411765
171 0.049664 0.993548 0.470588
172 0.049664 0.993548 0.500000
173 0.048725 0.993548 0.411765
174 0.049376 0.993548 0.441176
175 0.052532 0.993548 0.470588
176 0.049466 0.993548 0.382353
177 0.045782 0.993548 0.441176
178 0.052118 0.993548 0.500000
179 0.049793 0.993548 0.441176
180 0.058253 0.993548 0.500000
181 0.050740 0.993548 0.441176
182 0.051582 0.993548 0.411765
183 0.049187 0.993548 0.411765
184 0.052454 0.993548 0.500000
185 0.048354 0.993548 0.441176
186 0.051309 0.993548 0.411765
187 0.054339 0.993548 0.470588
188 0.050893 0.993548 0.441176
189 0.070960 0.993548 0.382353
190 0.059265 0.990323 0.441176
191 0.058822 0.993548 0.500000
192 0.065453 0.993548 0.470588
193 0.062049 0.993548 0.441176
194 0.059267 0.993548 0.529412
195 0.067898 0.993548 0.441176
196 0.072638 0.993548 0.382353
197 0.057929 0.993548 0.441176
198 0.055637 0.993548 0.470588
199 0.056260 0.993548 0.441176
200 0.045400 0.993548 0.441176
201 0.045099 0.993548 0.470588
202 0.050025 0.993548 0.411765
203 0.043883 0.993548 0.441176
204 0.048997 0.993548 0.441176
205 0.044579 0.993548 0.411765
206 0.046015 0.993548 0.441176
207 0.048557 0.990323 0.500000
208 0.040950 0.993548 0.441176
209 0.048508 0.993548 0.411765
210 0.044963 0.993548 0.441176
211 0.044966 0.993548 0.470588
212 0.051215 0.993548 0.411765
213 0.045843 0.993548 0.500000
214 0.052639 0.993548 0.411765
215 0.047177 0.993548 0.411765
216 0.040683 0.993548 0.411765
217 0.043931 0.993548 0.441176
218 0.048743 0.993548 0.470588
219 0.049827 0.993548 0.441176
220 0.043891 0.993548 0.470588
221 0.047163 0.993548 0.470588
222 0.045779 0.993548 0.470588
223 0.044780 0.993548 0.411765
224 0.043884 0.993548 0.411765
225 0.044341 0.993548 0.441176
226 0.046024 0.993548 0.441176
227 0.045097 0.993548 0.470588
228 0.047130 0.993548 0.411765
229 0.043747 0.993548 0.441176
230 0.043740 0.993548 0.470588
231 0.043946 0.993548 0.411765
232 0.048187 0.993548 0.411765
233 0.043935 0.993548 0.441176
234 0.045121 0.993548 0.441176
235 0.042297 0.993548 0.441176
236 0.044484 0.993548 0.411765
237 0.044551 0.993548 0.382353
238 0.043844 0.993548 0.382353
239 0.040802 0.993548 0.441176
240 0.047000 0.993548 0.411765
241 0.044918 0.993548 0.382353
242 0.044666 0.993548 0.411765
243 0.040687 0.993548 0.411765
244 0.046906 0.993548 0.470588
245 0.042504 0.993548 0.441176
246 0.047457 0.993548 0.411765
247 0.044504 0.993548 0.382353
248 0.046779 0.993548 0.411765
249 0.044111 0.993548 0.411765
250 0.046916 0.993548 0.441176
251 0.043040 0.993548 0.441176
252 0.042122 0.993548 0.441176
253 0.041384 0.993548 0.441176
254 0.045445 0.993548 0.441176
255 0.040511 0.993548 0.441176
256 0.040509 0.993548 0.441176
257 0.040147 0.993548 0.411765
258 0.045788 0.993548 0.470588
259 0.043389 0.993548 0.382353
260 0.045010 0.993548 0.441176
261 0.044721 0.993548 0.411765
262 0.044584 0.993548 0.411765
263 0.037741 0.993548 0.411765
264 0.039231 0.993548 0.411765
265 0.044194 0.993548 0.411765
266 0.042560 0.993548 0.382353
267 0.043917 0.993548 0.382353
268 0.042556 0.993548 0.382353
269 0.042353 0.993548 0.411765
270 0.037775 0.993548 0.411765
271 0.042320 0.993548 0.411765
272 0.040376 0.993548 0.411765
273 0.044229 0.993548 0.382353
274 0.042939 0.993548 0.441176
275 0.040018 0.993548 0.411765
276 0.039591 0.993548 0.411765
277 0.041228 0.993548 0.470588
278 0.038811 0.993548 0.411765
279 0.043951 0.993548 0.411765
280 0.039110 0.993548 0.382353
281 0.045551 0.993548 0.382353
282 0.044533 0.993548 0.382353
283 0.042402 0.993548 0.382353
284 0.043563 0.993548 0.382353
285 0.040261 0.993548 0.411765
286 0.038504 0.993548 0.411765
287 0.041518 0.993548 0.382353
288 0.040230 0.993548 0.382353
289 0.042553 0.993548 0.382353
290 0.043363 0.993548 0.382353
291 0.040415 0.993548 0.382353
292 0.042669 0.993548 0.382353
293 0.038507 0.993548 0.382353
294 0.039342 0.993548 0.382353
295 0.042615 0.993548 0.382353
296 0.038051 0.993548 0.382353
297 0.041582 0.993548 0.411765
298 0.042640 0.993548 0.411765
299 0.041153 0.993548 0.382353
300 0.043689 0.993548 0.382353
301 0.040691 0.993548 0.411765
302 0.043142 0.993548 0.441176
303 0.041413 0.993548 0.441176
304 0.038006 0.993548 0.470588
305 0.039146 0.993548 0.441176
306 0.039530 0.993548 0.470588
307 0.040462 0.993548 0.382353
308 0.040179 0.993548 0.441176
309 0.042848 0.993548 0.411765
310 0.044978 0.993548 0.382353
311 0.037536 0.993548 0.441176
312 0.038482 0.993548 0.411765
313 0.039028 0.993548 0.441176
314 0.038295 0.993548 0.411765
315 0.038181 0.993548 0.411765
316 0.038061 0.993548 0.411765
317 0.043205 0.993548 0.411765
318 0.035692 0.993548 0.382353
319 0.039572 0.993548 0.411765
320 0.037640 0.993548 0.411765
321 0.039720 0.993548 0.411765
322 0.039989 0.993548 0.382353
323 0.037110 0.993548 0.411765
324 0.038689 0.993548 0.382353
325 0.043097 0.993548 0.382353
326 0.041277 0.993548 0.382353
327 0.040827 0.993548 0.382353
328 0.040587 0.993548 0.411765
329 0.040138 0.993548 0.441176
330 0.043438 0.993548 0.411765
331 0.038086 0.993548 0.411765
332 0.039550 0.993548 0.411765
333 0.037609 0.993548 0.411765
334 0.038399 0.993548 0.382353
335 0.039397 0.993548 0.382353
336 0.038901 0.993548 0.411765
337 0.037481 0.993548 0.382353
338 0.037952 0.993548 0.411765
339 0.038503 0.993548 0.382353
340 0.042170 0.993548 0.411765
341 0.036748 0.993548 0.382353
342 0.039221 0.993548 0.382353
343 0.037756 0.993548 0.411765
344 0.038056 0.993548 0.382353
345 0.039054 0.993548 0.382353
346 0.041275 0.993548 0.382353
347 0.041009 0.993548 0.382353
348 0.041438 0.993548 0.382353
349 0.038044 0.993548 0.411765
350 0.042711 0.993548 0.382353
