1 8.802796 0.681778 0.672000
2 1.900914 0.772444 0.770000
3 1.219483 0.771333 0.732000
4 0.902412 0.768889 0.770000
5 0.727169 0.775333 0.760000
6 0.774758 0.773333 0.702000
7 0.737842 0.786889 0.726000
8 0.637039 0.763778 0.720000
9 0.588814 0.803333 0.774000
10 0.574820 0.804444 0.776000
11 0.562084 0.816222 0.774000
12 0.538464 0.814889 0.770000
13 0.510311 0.812444 0.780000
14 0.493336 0.812667 0.802000
15 0.512803 0.793778 0.750000
16 0.518726 0.819111 0.776000
17 0.492213 0.818667 0.780000
18 0.489969 0.826444 0.762000
19 0.484110 0.819111 0.760000
20 0.477282 0.836444 0.824000
21 0.444344 0.841333 0.786000
22 0.479222 0.835333 0.788000
23 0.479221 0.821111 0.756000
24 0.452542 0.835778 0.802000
25 0.435278 0.845556 0.792000
26 0.455870 0.839333 0.776000
27 0.510991 0.845778 0.804000
28 0.474721 0.845333 0.794000
29 0.429228 0.836667 0.762000
30 0.428014 0.838000 0.782000
