1 4.164429 0.437037 0.333333
2 2.194529 0.482222 0.340000
3 1.879125 0.552593 0.473333
4 1.337390 0.531852 0.433333
5 1.359656 0.502963 0.353333
6 1.191833 0.534815 0.406667
7 1.094516 0.555556 0.453333
8 1.215057 0.505185 0.393333
9 0.988026 0.521481 0.346667
10 1.022649 0.549630 0.426667
11 0.996212 0.565185 0.466667
12 0.967313 0.562963 0.453333
13 0.967686 0.551852 0.493333
14 0.916069 0.562963 0.480000
15 0.919327 0.573333 0.406667
16 0.912555 0.534074 0.420000
17 0.954103 0.516296 0.306667
18 0.911523 0.548148 0.420000
19 0.908536 0.580000 0.500000
20 0.887089 0.602222 0.480000
21 0.876816 0.592593 0.480000
22 0.909655 0.583704 0.426667
23 0.883795 0.592593 0.460000
24 0.880402 0.592593 0.453333
25 0.896746 0.574815 0.466667
26 0.889661 0.592593 0.506667
27 0.875077 0.594074 0.480000
28 0.852720 0.607407 0.493333
29 0.865930 0.604444 0.486667
30 0.894221 0.612593 0.473333
31 0.857846 0.610370 0.466667
32 0.863413 0.559259 0.380000
33 0.866937 0.592593 0.460000
34 0.876630 0.605926 0.500000
35 0.876851 0.571111 0.440000
36 0.986556 0.548889 0.400000
37 0.950320 0.588889 0.493333
38 0.878651 0.611111 0.493333
39 0.870190 0.560000 0.420000
40 0.864883 0.558519 0.400000
41 0.852683 0.604444 0.473333
42 0.878108 0.605185 0.486667
43 0.876484 0.604444 0.513333
44 0.857269 0.605926 0.500000
45 0.860030 0.605926 0.513333
46 0.840811 0.616296 0.520000
47 0.867153 0.611852 0.480000
48 0.818560 0.624444 0.473333
49 0.830479 0.609630 0.493333
50 0.818041 0.618519 0.460000
51 0.805124 0.634815 0.513333
52 0.784731 0.631111 0.500000
53 0.787829 0.628889 0.486667
54 0.788196 0.631852 0.513333
55 0.768911 0.636296 0.500000
56 0.773096 0.637778 0.513333
57 0.778085 0.630370 0.480000
58 0.785826 0.634815 0.500000
59 0.770475 0.626667 0.493333
60 0.776968 0.637037 0.513333
61 0.782584 0.631852 0.513333
62 0.797721 0.637037 0.493333
63 0.786391 0.637778 0.500000
64 0.784861 0.645185 0.500000
65 0.778628 0.625185 0.466667
66 0.762143 0.645926 0.520000
67 0.755236 0.636296 0.480000
68 0.801121 0.642222 0.506667
69 0.781946 0.645185 0.493333
70 0.775037 0.644444 0.466667
