1 2.700793 0.752222 0.770000
2 0.752246 0.780000 0.730000
3 0.553564 0.781111 0.730000
4 0.478866 0.784444 0.700000
5 0.467973 0.753333 0.680000
6 0.426889 0.795556 0.660000
7 0.517297 0.786667 0.750000
8 0.443024 0.818889 0.770000
9 0.416634 0.834444 0.780000
10 0.386528 0.826667 0.780000
11 0.374630 0.824444 0.680000
12 0.385064 0.828889 0.740000
13 0.411653 0.836667 0.750000
14 0.359699 0.843333 0.790000
15 0.343937 0.866667 0.780000
16 0.333099 0.850000 0.670000
17 0.323804 0.864444 0.720000
18 0.312944 0.867778 0.690000
19 0.337641 0.863333 0.780000
20 0.335331 0.854444 0.740000
21 0.304354 0.866667 0.760000
22 0.302734 0.865556 0.730000
23 0.308624 0.884444 0.760000
24 0.300552 0.851111 0.710000
25 0.308162 0.872222 0.750000
26 0.376603 0.850000 0.720000
27 0.317259 0.852222 0.750000
28 0.310329 0.856667 0.750000
29 0.299346 0.866667 0.740000
30 0.293372 0.868889 0.750000
31 0.277132 0.882222 0.720000
32 0.350319 0.858889 0.760000
33 0.321039 0.873333 0.750000
34 0.263828 0.882222 0.750000
35 0.828316 0.817778 0.740000
36 0.348624 0.875556 0.740000
37 0.326941 0.857778 0.780000
38 0.343191 0.855556 0.710000
39 0.291468 0.878889 0.740000
40 0.319423 0.878889 0.760000
41 0.276300 0.854444 0.770000
42 0.272052 0.880000 0.740000
43 0.248788 0.884444 0.740000
44 0.304625 0.875556 0.720000
45 0.289273 0.882222 0.780000
46 0.320529 0.880000 0.750000
47 0.275140 0.882222 0.760000
48 0.256392 0.900000 0.770000
49 0.254383 0.881111 0.730000
50 0.276737 0.898889 0.780000
51 0.233655 0.906667 0.720000
52 0.226553 0.907778 0.770000
53 0.217244 0.898889 0.690000
54 0.213205 0.911111 0.780000
55 0.216388 0.901111 0.720000
56 0.220155 0.912222 0.740000
57 0.215346 0.904444 0.770000
58 0.206677 0.922222 0.740000
59 0.207376 0.916667 0.740000
60 0.199146 0.913333 0.750000
61 0.218379 0.894444 0.790000
62 0.236516 0.900000 0.780000
63 0.225480 0.905556 0.740000
64 0.209936 0.913333 0.760000
65 0.194745 0.917778 0.760000
66 0.207778 0.912222 0.750000
67 0.221179 0.915556 0.760000
68 0.216239 0.902222 0.720000
69 0.220492 0.910000 0.750000
70 0.199842 0.920000 0.770000
71 0.200095 0.908889 0.770000
72 0.190356 0.916667 0.760000
73 0.203373 0.912222 0.750000
74 0.210780 0.910000 0.750000
75 0.204133 0.924444 0.750000
76 0.195547 0.896667 0.780000
77 0.208696 0.921111 0.720000
78 0.195893 0.916667 0.740000
79 0.203580 0.915556 0.760000
80 0.180517 0.920000 0.740000
81 0.189808 0.918889 0.760000
82 0.191448 0.914444 0.760000
83 0.194230 0.920000 0.770000
84 0.191994 0.916667 0.720000
85 0.196225 0.927778 0.710000
86 0.172058 0.922222 0.710000
87 0.196288 0.911111 0.730000
88 0.197962 0.920000 0.760000
89 0.199405 0.923333 0.760000
90 0.200847 0.922222 0.760000
91 0.195842 0.920000 0.690000
92 0.195009 0.918889 0.730000
93 0.198093 0.910000 0.730000
94 0.194794 0.914444 0.800000
95 0.205808 0.921111 0.800000
96 0.178792 0.924444 0.780000
97 0.191680 0.904444 0.730000
98 0.205257 0.918889 0.760000
99 0.193101 0.918889 0.760000
100 0.172648 0.932222 0.760000
101 0.169812 0.927778 0.760000
102 0.168988 0.926667 0.750000
103 0.173660 0.927778 0.770000
104 0.171672 0.930000 0.760000
105 0.173041 0.930000 0.750000
106 0.167589 0.928889 0.760000
107 0.157416 0.927778 0.760000
108 0.161678 0.930000 0.750000
109 0.160568 0.930000 0.760000
110 0.164758 0.925556 0.720000
111 0.160645 0.934444 0.740000
112 0.201366 0.921111 0.750000
113 0.198228 0.933333 0.760000
114 0.157816 0.930000 0.720000
115 0.171044 0.935556 0.760000
116 0.171358 0.932222 0.750000
117 0.156667 0.935556 0.770000
118 0.154786 0.931111 0.720000
119 0.156041 0.935556 0.740000
120 0.157304 0.933333 0.690000
121 0.151968 0.930000 0.730000
122 0.152492 0.928889 0.740000
123 0.177522 0.925556 0.750000
124 0.190598 0.935556 0.730000
125 0.165404 0.933333 0.760000
126 0.161707 0.938889 0.740000
127 0.148569 0.936667 0.780000
128 0.150589 0.928889 0.760000
129 0.161837 0.928889 0.770000
130 0.159615 0.934444 0.780000
131 0.150115 0.933333 0.710000
132 0.148416 0.937778 0.740000
133 0.148032 0.931111 0.740000
134 0.142612 0.932222 0.740000
135 0.146587 0.930000 0.740000
136 0.162742 0.935556 0.770000
137 0.173486 0.933333 0.760000
138 0.151184 0.934444 0.750000
139 0.157039 0.931111 0.740000
140 0.169955 0.935556 0.720000
141 0.167589 0.936667 0.760000
142 0.141179 0.937778 0.730000
143 0.154070 0.936667 0.740000
144 0.156983 0.938889 0.720000
145 0.153930 0.937778 0.750000
146 0.152901 0.933333 0.750000
147 0.152169 0.941111 0.760000
148 0.160114 0.937778 0.770000
149 0.153306 0.933333 0.760000
150 0.146315 0.935556 0.730000
151 0.140672 0.936667 0.740000
152 0.172864 0.940000 0.780000
153 0.147851 0.938889 0.750000
154 0.136123 0.936667 0.730000
155 0.134427 0.940000 0.750000
156 0.140677 0.941111 0.770000
157 0.135530 0.936667 0.780000
158 0.141717 0.940000 0.760000
159 0.134127 0.941111 0.750000
160 0.142262 0.938889 0.740000
161 0.147411 0.940000 0.760000
162 0.141339 0.943333 0.780000
163 0.143193 0.941111 0.790000
164 0.135767 0.944444 0.770000
165 0.136122 0.942222 0.770000
166 0.138092 0.944444 0.780000
167 0.147158 0.940000 0.770000
168 0.147176 0.943333 0.770000
169 0.135689 0.944444 0.760000
170 0.137412 0.942222 0.750000
171 0.141522 0.943333 0.770000
172 0.132974 0.942222 0.750000
173 0.141067 0.944444 0.760000
174 0.143830 0.941111 0.750000
175 0.142255 0.942222 0.760000
176 0.144187 0.941111 0.750000
177 0.129185 0.942222 0.760000
178 0.130989 0.941111 0.750000
179 0.136121 0.941111 0.760000
180 0.128193 0.944444 0.770000
181 0.134855 0.944444 0.770000
182 0.153951 0.941111 0.740000
183 0.253488 0.942222 0.790000
184 0.153740 0.942222 0.740000
185 0.139135 0.942222 0.770000
186 0.140578 0.945556 0.770000
187 0.140282 0.945556 0.760000
188 0.139644 0.944444 0.750000
189 0.141832 0.942222 0.780000
190 0.134399 0.946667 0.770000
191 0.131856 0.941111 0.760000
192 0.134657 0.942222 0.740000
193 0.142915 0.943333 0.750000
194 0.136287 0.944444 0.770000
195 0.134653 0.942222 0.760000
196 0.141116 0.944444 0.740000
197 0.135341 0.946667 0.750000
198 0.130502 0.944444 0.760000
199 0.139980 0.947778 0.760000
200 0.132259 0.945556 0.750000
201 0.137116 0.947778 0.740000
202 0.136070 0.945556 0.750000
203 0.132457 0.946667 0.740000
204 0.133184 0.946667 0.770000
205 0.120734 0.946667 0.750000
206 0.130171 0.945556 0.750000
207 0.125046 0.945556 0.770000
208 0.126393 0.946667 0.760000
209 0.130407 0.945556 0.740000
210 0.125950 0.946667 0.770000
211 0.131951 0.946667 0.760000
212 0.121502 0.943333 0.780000
213 0.131646 0.950000 0.740000
214 0.123560 0.948889 0.730000
215 0.128081 0.948889 0.740000
216 0.130724 0.944444 0.750000
217 0.127991 0.947778 0.770000
218 0.126883 0.946667 0.770000
219 0.132893 0.948889 0.780000
220 0.125169 0.947778 0.750000
221 0.129047 0.946667 0.760000
222 0.129207 0.948889 0.750000
223 0.129892 0.950000 0.780000
224 0.127329 0.946667 0.750000
225 0.129757 0.946667 0.770000
226 0.126638 0.945556 0.770000
227 0.125799 0.942222 0.750000
228 0.128432 0.945556 0.760000
229 0.119155 0.950000 0.770000
230 0.125399 0.947778 0.750000
231 0.124497 0.947778 0.760000
232 0.125771 0.946667 0.740000
233 0.122894 0.946667 0.740000
234 0.127043 0.947778 0.740000
235 0.118919 0.950000 0.750000
236 0.123443 0.948889 0.760000
237 0.133690 0.948889 0.770000
238 0.122394 0.946667 0.770000
239 0.135277 0.945556 0.750000
240 0.132823 0.943333 0.730000
241 0.137019 0.951111 0.750000
242 0.127118 0.947778 0.750000
243 0.135188 0.943333 0.730000
244 0.124491 0.945556 0.730000
245 0.132397 0.944444 0.760000
246 0.129446 0.946667 0.750000
247 0.130004 0.948889 0.750000
248 0.128929 0.951111 0.760000
249 0.123399 0.948889 0.750000
250 0.135616 0.951111 0.750000
251 0.121324 0.948889 0.750000
252 0.131914 0.951111 0.770000
253 0.122157 0.950000 0.760000
254 0.123820 0.950000 0.770000
255 0.126658 0.950000 0.760000
256 0.127507 0.947778 0.770000
257 0.119789 0.946667 0.770000
258 0.124941 0.948889 0.760000
259 0.121411 0.948889 0.780000
260 0.122037 0.950000 0.770000
261 0.125685 0.948889 0.750000
262 0.130354 0.950000 0.760000
263 0.111340 0.952222 0.760000
264 0.122560 0.952222 0.760000
265 0.118560 0.950000 0.750000
266 0.121661 0.948889 0.760000
267 0.121902 0.950000 0.760000
268 0.128386 0.950000 0.750000
269 0.114499 0.948889 0.760000
270 0.125961 0.945556 0.770000
271 0.125824 0.950000 0.770000
272 0.123662 0.951111 0.770000
273 0.117947 0.950000 0.770000
274 0.132352 0.948889 0.760000
275 0.115220 0.948889 0.770000
276 0.119137 0.951111 0.770000
277 0.129505 0.948889 0.780000
278 0.126500 0.950000 0.770000
279 0.130597 0.951111 0.770000
280 0.117260 0.952222 0.760000
281 0.121767 0.952222 0.760000
282 0.123006 0.950000 0.750000
283 0.120351 0.950000 0.750000
284 0.128157 0.947778 0.760000
285 0.126399 0.952222 0.770000
286 0.122853 0.950000 0.750000
287 0.129839 0.952222 0.770000
288 0.118636 0.950000 0.740000
289 0.123708 0.947778 0.760000
290 0.121386 0.948889 0.770000
291 0.118511 0.947778 0.770000
292 0.126650 0.946667 0.740000
293 0.122665 0.948889 0.750000
294 0.120374 0.952222 0.760000
295 0.120299 0.950000 0.760000
296 0.124757 0.951111 0.770000
297 0.117270 0.951111 0.770000
298 0.112905 0.948889 0.740000
299 0.120369 0.952222 0.750000
300 0.126273 0.952222 0.760000
301 0.116082 0.953333 0.770000
302 0.133346 0.952222 0.770000
303 0.121098 0.953333 0.770000
304 0.112916 0.953333 0.770000
305 0.120712 0.951111 0.770000
306 0.113289 0.951111 0.770000
307 0.108286 0.953333 0.760000
308 0.115516 0.952222 0.760000
309 0.121868 0.951111 0.770000
310 0.120637 0.953333 0.760000
311 0.115938 0.952222 0.760000
312 0.115387 0.952222 0.760000
313 0.125985 0.950000 0.770000
314 0.120397 0.950000 0.750000
315 0.117615 0.952222 0.760000
316 0.122327 0.952222 0.770000
317 0.121750 0.952222 0.770000
318 0.118210 0.953333 0.760000
319 0.115583 0.952222 0.770000
320 0.118407 0.951111 0.770000
321 0.121162 0.953333 0.770000
322 0.117812 0.951111 0.750000
323 0.119718 0.950000 0.760000
324 0.121399 0.952222 0.770000
325 0.118855 0.950000 0.770000
326 0.119193 0.952222 0.760000
327 0.116410 0.951111 0.770000
328 0.118750 0.952222 0.760000
329 0.126888 0.953333 0.770000
330 0.116790 0.952222 0.770000
331 0.121373 0.952222 0.760000
332 0.124824 0.951111 0.760000
333 0.119990 0.950000 0.770000
334 0.116200 0.950000 0.770000
335 0.116353 0.954444 0.770000
336 0.121470 0.952222 0.770000
337 0.117254 0.953333 0.760000
338 0.123889 0.954444 0.770000
339 0.119192 0.953333 0.770000
340 0.124983 0.952222 0.770000
341 0.120008 0.951111 0.770000
342 0.124287 0.950000 0.770000
343 0.122589 0.952222 0.770000
344 0.123220 0.953333 0.770000
345 0.120414 0.952222 0.760000
346 0.123365 0.953333 0.770000
347 0.118610 0.952222 0.770000
348 0.119861 0.952222 0.770000
349 0.122773 0.953333 0.770000
350 0.111903 0.952222 0.770000
