1 10.431388 0.597556 0.596000
2 1.759948 0.768444 0.758000
3 1.069435 0.757111 0.732000
4 0.889408 0.770222 0.740000
5 0.839792 0.772444 0.778000
6 0.676236 0.776222 0.774000
7 0.626121 0.796444 0.810000
8 0.577987 0.806222 0.786000
9 0.577174 0.810889 0.792000
10 0.604836 0.788667 0.778000
11 0.548573 0.810889 0.802000
12 0.586722 0.813333 0.806000
13 0.540849 0.816222 0.788000
14 0.563433 0.804000 0.760000
15 0.529559 0.819778 0.808000
16 0.508224 0.811556 0.808000
17 0.527926 0.828000 0.788000
18 0.501784 0.825556 0.806000
19 0.500826 0.815556 0.798000
20 0.499683 0.829556 0.784000
21 0.489584 0.811333 0.768000
22 0.452843 0.832000 0.808000
23 0.459179 0.828444 0.800000
24 0.459968 0.827556 0.780000
25 0.440997 0.850222 0.802000
26 0.447003 0.834444 0.788000
27 0.469564 0.844000 0.822000
28 0.445254 0.852000 0.816000
29 0.439605 0.841778 0.808000
30 0.432409 0.838000 0.798000
