1 3.078614 0.577453 0.523114
2 1.323518 0.615301 0.588808
3 1.120770 0.589619 0.569343
4 0.917647 0.666937 0.630170
5 0.765936 0.566099 0.598540
6 0.808708 0.700460 0.666667
7 0.739828 0.683698 0.637470
8 0.928539 0.622871 0.605839
9 0.751675 0.702622 0.686131
10 0.787881 0.696134 0.666667
11 0.758564 0.693701 0.666667
12 0.781537 0.502298 0.498783
13 0.701881 0.712625 0.686131
14 0.863100 0.676669 0.654501
15 0.747892 0.589619 0.574209
16 0.698861 0.727494 0.710462
17 0.643687 0.715869 0.671533
18 0.656545 0.712084 0.698297
19 0.637258 0.726142 0.712895
20 0.639978 0.712355 0.703163
21 0.614553 0.724520 0.732360
22 0.620011 0.722628 0.693431
23 0.611700 0.650446 0.620438
24 0.613820 0.727224 0.727494
25 0.613297 0.721546 0.703163
26 0.657992 0.685050 0.673966
27 0.646223 0.657205 0.661800
28 0.591512 0.730738 0.725061
29 0.611470 0.674236 0.666667
30 0.593524 0.731008 0.708029
31 0.578120 0.725872 0.708029
32 0.611465 0.716139 0.712895
33 0.579386 0.686402 0.661800
34 0.594462 0.687753 0.671533
35 0.598351 0.731549 0.732360
36 0.575211 0.735064 0.722628
37 0.587451 0.738037 0.717762
38 0.580393 0.729116 0.717762
39 0.616776 0.731819 0.732360
40 0.578316 0.743985 0.720195
41 0.582251 0.733441 0.708029
42 0.580435 0.738308 0.734793
43 0.554200 0.744526 0.739659
44 0.596659 0.710733 0.688564
45 0.585292 0.738848 0.727494
46 0.558300 0.683698 0.669100
47 0.567875 0.748851 0.729927
48 0.569304 0.642606 0.613139
49 0.549843 0.744526 0.710462
50 0.548068 0.757232 0.737226
51 0.540143 0.756691 0.742092
52 0.526898 0.752366 0.754258
53 0.537849 0.755880 0.739659
54 0.533907 0.716951 0.710462
55 0.518585 0.739119 0.710462
56 0.524948 0.725331 0.722628
57 0.547050 0.753177 0.729927
58 0.539513 0.758313 0.742092
59 0.520651 0.712895 0.695864
60 0.531644 0.739930 0.737226
61 0.521727 0.760205 0.742092
62 0.527499 0.759665 0.754258
63 0.525701 0.744526 0.725061
64 0.522573 0.758043 0.761557
65 0.526280 0.747499 0.749392
66 0.523696 0.752906 0.744526
67 0.532270 0.743985 0.712895
68 0.516217 0.755610 0.737226
69 0.509692 0.761557 0.756691
70 0.526360 0.713436 0.715328
71 0.530334 0.759665 0.746959
72 0.523502 0.764531 0.754258
73 0.517263 0.768856 0.763990
74 0.544971 0.765342 0.742092
75 0.532639 0.778589 0.766423
76 0.519369 0.771290 0.776156
77 0.509374 0.760476 0.763990
78 0.516203 0.774263 0.761557
79 0.524850 0.767234 0.768856
80 0.507944 0.771560 0.754258
81 0.520298 0.775885 0.739659
82 0.517095 0.761016 0.739659
83 0.507896 0.732901 0.712895
84 0.514016 0.756150 0.754258
85 0.519810 0.768316 0.766423
86 0.509322 0.720195 0.708029
87 0.514123 0.761557 0.732360
88 0.519818 0.771830 0.746959
89 0.507740 0.775345 0.737226
90 0.508889 0.781292 0.725061
91 0.525584 0.775615 0.751825
92 0.491817 0.781563 0.788321
93 0.501260 0.785888 0.751825
94 0.494562 0.763179 0.737226
95 0.502774 0.771290 0.729927
96 0.503930 0.786429 0.759124
97 0.493498 0.792376 0.778589
98 0.492498 0.774804 0.729927
99 0.509000 0.792106 0.763990
100 0.491832 0.791025 0.768856
101 0.476810 0.798324 0.771290
102 0.458914 0.809408 0.759124
103 0.481752 0.800487 0.776156
104 0.465627 0.809138 0.778589
105 0.462721 0.809138 0.781022
106 0.461590 0.805893 0.773723
107 0.472723 0.817248 0.778589
108 0.468398 0.819140 0.768856
109 0.445663 0.814274 0.768856
110 0.455149 0.802920 0.778589
111 0.455989 0.811030 0.795620
112 0.439747 0.817248 0.773723
113 0.456070 0.806705 0.781022
114 0.452733 0.823736 0.785888
115 0.432749 0.831306 0.788321
116 0.441013 0.813463 0.778589
117 0.451071 0.833198 0.788321
118 0.447383 0.822655 0.785888
119 0.434498 0.821844 0.788321
120 0.444922 0.814544 0.795620
121 0.428287 0.826980 0.783455
122 0.439070 0.825629 0.773723
123 0.430283 0.833469 0.781022
124 0.438884 0.843201 0.781022
125 0.443352 0.841579 0.805353
126 0.413946 0.831306 0.798054
127 0.434916 0.845634 0.788321
128 0.420454 0.835361 0.798054
129 0.438023 0.832928 0.793187
130 0.420183 0.851852 0.795620
131 0.410998 0.837524 0.783455
132 0.429105 0.840227 0.773723
133 0.413231 0.845364 0.798054
134 0.407890 0.848067 0.783455
135 0.407562 0.820492 0.793187
136 0.418984 0.819681 0.737226
137 0.404777 0.843742 0.788321
138 0.413038 0.840497 0.795620
139 0.404510 0.854015 0.798054
140 0.408050 0.839146 0.781022
141 0.409890 0.854826 0.778589
142 0.404732 0.849419 0.783455
143 0.394211 0.859962 0.798054
144 0.388382 0.862666 0.781022
145 0.406235 0.864288 0.800487
146 0.393930 0.853204 0.793187
147 0.394453 0.862395 0.805353
148 0.390342 0.856988 0.781022
149 0.382475 0.862666 0.788321
150 0.369712 0.871046 0.812652
151 0.356630 0.874020 0.798054
152 0.359267 0.876994 0.817518
153 0.358550 0.874561 0.788321
154 0.359651 0.871587 0.795620
155 0.347045 0.872939 0.790754
156 0.355064 0.882401 0.802920
157 0.337957 0.874561 0.802920
158 0.369077 0.878886 0.807786
159 0.351111 0.864288 0.800487
160 0.356539 0.878345 0.812652
161 0.363208 0.878886 0.802920
162 0.350130 0.881590 0.800487
163 0.334675 0.876453 0.817518
164 0.339459 0.883212 0.802920
165 0.348100 0.883482 0.778589
166 0.345757 0.890241 0.793187
167 0.331248 0.885645 0.785888
168 0.337740 0.883212 0.785888
169 0.322464 0.869695 0.812652
170 0.321202 0.885915 0.824818
171 0.330782 0.888348 0.802920
172 0.337854 0.885374 0.807786
173 0.329561 0.893214 0.805353
174 0.325869 0.895647 0.795620
175 0.326770 0.884834 0.802920
176 0.314401 0.896188 0.810219
177 0.324994 0.890241 0.819951
178 0.305213 0.895107 0.795620
179 0.322672 0.887537 0.795620
180 0.331454 0.892674 0.776156
181 0.313749 0.895377 0.788321
182 0.322561 0.889700 0.805353
183 0.340095 0.895107 0.807786
184 0.317752 0.901054 0.805353
185 0.329056 0.893214 0.798054
186 0.305609 0.900784 0.802920
187 0.313130 0.901865 0.810219
188 0.299561 0.896999 0.793187
189 0.302335 0.903487 0.798054
190 0.325289 0.889700 0.805353
191 0.322904 0.903217 0.810219
192 0.307089 0.880238 0.776156
193 0.307396 0.902676 0.790754
194 0.298294 0.908624 0.805353
195 0.305898 0.903217 0.785888
196 0.311264 0.908354 0.793187
197 0.324329 0.901865 0.802920
198 0.294566 0.896459 0.781022
199 0.300812 0.906191 0.802920
200 0.284886 0.917816 0.805353
201 0.276753 0.917816 0.790754
202 0.276867 0.914842 0.788321
203 0.295073 0.916734 0.788321
204 0.287254 0.920249 0.795620
205 0.277024 0.916734 0.802920
206 0.272401 0.914572 0.781022
207 0.270540 0.916464 0.778589
208 0.273219 0.920249 0.785888
209 0.273904 0.917816 0.795620
210 0.273967 0.921600 0.785888
211 0.270462 0.922952 0.810219
212 0.258266 0.924845 0.788321
213 0.249773 0.926737 0.802920
214 0.268797 0.926737 0.783455
215 0.270820 0.927548 0.788321
216 0.259414 0.925926 0.800487
217 0.271034 0.924034 0.795620
218 0.272763 0.932144 0.788321
219 0.277371 0.926196 0.790754
220 0.254040 0.923493 0.783455
221 0.258598 0.924845 0.785888
222 0.255630 0.924304 0.781022
223 0.270443 0.922952 0.802920
224 0.251507 0.925656 0.785888
225 0.256798 0.929981 0.793187
226 0.259682 0.928900 0.795620
227 0.251237 0.932685 0.788321
228 0.277762 0.936469 0.783455
229 0.251998 0.927548 0.778589
230 0.241156 0.931333 0.783455
231 0.256687 0.929440 0.778589
232 0.253617 0.935388 0.778589
233 0.253400 0.935118 0.790754
234 0.253164 0.933225 0.776156
235 0.246670 0.931062 0.788321
236 0.246704 0.933225 0.795620
237 0.246167 0.932685 0.810219
238 0.242007 0.933496 0.788321
239 0.234926 0.932144 0.800487
240 0.255282 0.937551 0.790754
241 0.248565 0.931873 0.795620
242 0.257274 0.931873 0.790754
243 0.238124 0.937551 0.783455
244 0.239411 0.939173 0.795620
245 0.233406 0.937010 0.781022
246 0.238393 0.939984 0.790754
247 0.242838 0.938362 0.785888
248 0.240543 0.943498 0.773723
249 0.240076 0.941876 0.785888
250 0.236871 0.942958 0.788321
251 0.227995 0.947013 0.788321
252 0.223755 0.944580 0.795620
253 0.210447 0.945391 0.785888
254 0.218525 0.944039 0.788321
255 0.215331 0.948364 0.788321
256 0.221142 0.948364 0.776156
257 0.212913 0.947553 0.795620
258 0.224358 0.949986 0.785888
259 0.212170 0.956204 0.788321
260 0.216826 0.950798 0.793187
261 0.218823 0.951609 0.785888
262 0.224273 0.947824 0.788321
263 0.214713 0.951068 0.785888
264 0.213890 0.953231 0.783455
265 0.213286 0.952420 0.785888
266 0.226303 0.951609 0.771290
267 0.208304 0.951338 0.781022
268 0.203642 0.952149 0.788321
269 0.204786 0.956745 0.771290
270 0.209661 0.954853 0.793187
271 0.202932 0.953501 0.788321
272 0.217241 0.951338 0.788321
273 0.212596 0.954042 0.795620
274 0.211610 0.956745 0.766423
275 0.192954 0.958097 0.768856
276 0.197286 0.957286 0.763990
277 0.213429 0.958367 0.790754
278 0.197562 0.958367 0.778589
279 0.210035 0.957826 0.781022
280 0.210048 0.955664 0.766423
281 0.223030 0.958908 0.773723
282 0.204627 0.957015 0.781022
283 0.199560 0.956475 0.781022
284 0.202400 0.956204 0.783455
285 0.207428 0.959178 0.776156
286 0.210492 0.958097 0.773723
287 0.198782 0.960260 0.781022
288 0.221894 0.957826 0.773723
289 0.215390 0.960530 0.783455
290 0.202805 0.955664 0.773723
291 0.198557 0.960260 0.776156
292 0.196739 0.961882 0.781022
293 0.187075 0.957556 0.788321
294 0.205458 0.956745 0.783455
295 0.194858 0.956475 0.783455
296 0.210012 0.961611 0.773723
297 0.191475 0.960260 0.776156
298 0.190583 0.960260 0.778589
299 0.198010 0.960260 0.783455
300 0.189789 0.961341 0.788321
301 0.184584 0.963504 0.781022
302 0.185984 0.962152 0.781022
303 0.177652 0.963233 0.761557
304 0.184556 0.962152 0.773723
305 0.213795 0.963504 0.771290
306 0.185197 0.966207 0.771290
307 0.186621 0.961882 0.785888
308 0.188728 0.964585 0.773723
309 0.190336 0.964855 0.785888
310 0.188681 0.967288 0.771290
311 0.186872 0.966748 0.768856
312 0.187149 0.964585 0.776156
313 0.192157 0.965396 0.766423
314 0.186724 0.964585 0.776156
315 0.175053 0.966477 0.778589
316 0.184943 0.962693 0.783455
317 0.200879 0.966207 0.773723
318 0.181936 0.963504 0.778589
319 0.181643 0.966477 0.773723
320 0.181711 0.965666 0.776156
321 0.182735 0.967018 0.771290
322 0.178452 0.962963 0.771290
323 0.189960 0.966477 0.773723
324 0.191551 0.966477 0.763990
325 0.182736 0.965126 0.771290
326 0.183545 0.967559 0.773723
327 0.169607 0.968099 0.771290
328 0.182977 0.964044 0.768856
329 0.176425 0.969181 0.783455
330 0.191444 0.968640 0.768856
331 0.174245 0.967018 0.763990
332 0.190467 0.967288 0.776156
333 0.184572 0.966207 0.771290
334 0.183977 0.966207 0.768856
335 0.168329 0.964855 0.776156
336 0.190135 0.966748 0.763990
337 0.180026 0.967829 0.763990
338 0.188947 0.967288 0.773723
339 0.184737 0.967288 0.768856
340 0.169874 0.968099 0.771290
341 0.178864 0.967018 0.766423
342 0.177655 0.967559 0.768856
343 0.173630 0.969451 0.768856
344 0.166193 0.969451 0.768856
345 0.179696 0.969722 0.766423
346 0.172068 0.969181 0.766423
347 0.175007 0.969722 0.781022
348 0.191508 0.967288 0.773723
349 0.177421 0.969181 0.771290
350 0.176145 0.969992 0.776156
