1 3.467116 0.574194 0.558824
2 1.688618 0.509677 0.470588
3 1.354930 0.693548 0.647059
4 1.382160 0.474194 0.470588
5 0.986606 0.596774 0.558824
6 0.877461 0.516129 0.500000
7 0.834005 0.638710 0.558824
8 0.683896 0.735484 0.529412
9 0.646030 0.719355 0.558824
10 0.798743 0.648387 0.529412
11 0.844068 0.683871 0.647059
12 0.660840 0.606452 0.470588
13 0.557251 0.741935 0.617647
14 0.547513 0.767742 0.617647
15 0.573449 0.696774 0.647059
16 0.493759 0.722581 0.647059
17 0.524954 0.783871 0.588235
18 0.448184 0.835484 0.617647
19 0.409628 0.848387 0.617647
20 0.422620 0.851613 0.617647
21 0.412992 0.858065 0.647059
22 0.359526 0.867742 0.647059
23 0.337902 0.912903 0.617647
24 0.335148 0.900000 0.588235
25 0.371212 0.900000 0.647059
26 0.308328 0.748387 0.558824
27 0.348429 0.877419 0.647059
28 0.281582 0.925806 0.676471
29 0.258207 0.893548 0.676471
30 0.227058 0.906452 0.617647
31 0.286214 0.922581 0.676471
32 0.198642 0.958065 0.676471
33 0.139404 0.916129 0.617647
34 0.320621 0.887097 0.617647
35 0.231711 0.958065 0.617647
36 0.156301 0.977419 0.676471
37 0.159930 0.877419 0.647059
38 0.233862 0.829032 0.588235
39 0.179186 0.941935 0.647059
40 0.163203 0.909677 0.705882
41 0.165856 0.954839 0.647059
42 0.127394 0.990323 0.705882
43 0.070656 0.990323 0.705882
44 0.086946 0.983871 0.647059
45 0.259908 0.974194 0.676471
46 0.089097 0.993548 0.617647
47 0.107238 0.967742 0.676471
48 0.099102 0.983871 0.647059
49 0.082534 0.990323 0.588235
50 0.062753 0.993548 0.705882
51 0.048651 0.993548 0.647059
52 0.046431 0.993548 0.676471
53 0.050336 0.993548 0.676471
54 0.044087 0.993548 0.647059
55 0.045530 0.993548 0.676471
56 0.040319 0.993548 0.647059
57 0.040334 0.993548 0.617647
58 0.036947 0.993548 0.617647
59 0.067363 0.987097 0.735294
60 0.107878 0.980645 0.705882
61 0.097397 0.832258 0.617647
62 0.094017 0.993548 0.617647
63 0.058715 0.990323 0.676471
64 0.052303 0.993548 0.676471
65 0.057299 0.990323 0.647059
66 0.061177 0.987097 0.705882
67 0.046574 0.993548 0.705882
68 0.045141 0.993548 0.676471
69 0.044672 0.993548 0.705882
70 0.042301 0.993548 0.647059
71 0.037883 0.993548 0.676471
72 0.042055 0.993548 0.647059
73 0.048886 0.993548 0.647059
74 0.039559 0.993548 0.676471
75 0.044309 0.993548 0.676471
76 0.065504 0.987097 0.647059
77 0.062826 0.987097 0.617647
78 0.137688 0.948387 0.617647
79 0.222550 0.974194 0.676471
80 0.079393 0.990323 0.647059
81 0.063689 0.993548 0.647059
82 0.045638 0.993548 0.676471
83 0.050481 0.993548 0.647059
84 0.042572 0.993548 0.617647
85 0.041134 0.993548 0.647059
86 0.039412 0.993548 0.617647
87 0.043073 0.993548 0.676471
88 0.040653 0.993548 0.617647
89 0.043808 0.993548 0.676471
90 0.043236 0.993548 0.676471
91 0.050751 0.993548 0.676471
92 0.048585 0.993548 0.647059
93 0.043766 0.993548 0.676471
94 0.038030 0.993548 0.676471
95 0.042013 0.993548 0.705882
96 0.099851 0.958065 0.764706
97 0.143790 0.932258 0.735294
98 0.084148 0.993548 0.676471
99 0.097415 0.958065 0.735294
100 0.068253 0.993548 0.676471
101 0.041194 0.993548 0.676471
102 0.039312 0.993548 0.676471
103 0.039033 0.993548 0.676471
104 0.032960 0.993548 0.676471
105 0.034383 0.993548 0.647059
106 0.040271 0.993548 0.705882
107 0.035079 0.993548 0.647059
108 0.038262 0.993548 0.647059
109 0.039125 0.993548 0.647059
110 0.031171 0.993548 0.647059
111 0.039461 0.993548 0.676471
112 0.034230 0.993548 0.705882
113 0.036845 0.993548 0.676471
114 0.037759 0.993548 0.676471
115 0.032218 0.993548 0.705882
116 0.035127 0.993548 0.676471
117 0.038644 0.993548 0.676471
118 0.035588 0.993548 0.647059
119 0.035411 0.993548 0.705882
120 0.037213 0.993548 0.647059
121 0.032580 0.993548 0.735294
122 0.038265 0.993548 0.676471
123 0.033264 0.993548 0.705882
124 0.033786 0.993548 0.676471
125 0.035444 0.993548 0.705882
126 0.036829 0.993548 0.676471
127 0.038339 0.993548 0.705882
128 0.034201 0.993548 0.735294
129 0.033154 0.993548 0.676471
130 0.032670 0.993548 0.676471
131 0.033218 0.993548 0.676471
132 0.036362 0.993548 0.705882
133 0.039614 0.993548 0.705882
134 0.035404 0.993548 0.705882
135 0.035862 0.993548 0.676471
136 0.151475 0.854839 0.588235
137 0.068610 0.993548 0.735294
138 0.038770 0.993548 0.676471
139 0.038968 0.993548 0.676471
140 0.035789 0.993548 0.676471
141 0.034208 0.993548 0.705882
142 0.040428 0.993548 0.705882
143 0.033580 0.993548 0.705882
144 0.038314 0.993548 0.705882
145 0.032815 0.993548 0.735294
146 0.036830 0.993548 0.735294
147 0.034354 0.993548 0.705882
148 0.033158 0.993548 0.705882
149 0.042111 0.977419 0.647059
150 0.051808 0.993548 0.647059
151 0.034676 0.993548 0.647059
152 0.030245 0.993548 0.647059
153 0.029895 0.993548 0.647059
154 0.031393 0.993548 0.647059
155 0.028115 0.993548 0.647059
156 0.028782 0.993548 0.647059
157 0.030619 0.993548 0.676471
158 0.025024 0.993548 0.676471
159 0.028227 0.993548 0.647059
160 0.029008 0.993548 0.705882
161 0.034098 0.993548 0.676471
162 0.030602 0.993548 0.676471
163 0.029990 0.993548 0.705882
164 0.027114 0.993548 0.705882
165 0.027470 0.993548 0.676471
166 0.029493 0.993548 0.705882
167 0.027050 0.993548 0.676471
168 0.028151 0.993548 0.676471
169 0.029774 0.993548 0.676471
170 0.029663 0.993548 0.705882
171 0.027923 0.993548 0.676471
172 0.029730 0.993548 0.676471
173 0.029683 0.993548 0.676471
174 0.035120 0.993548 0.676471
175 0.031361 0.993548 0.676471
176 0.029972 0.993548 0.676471
177 0.027966 0.993548 0.647059
178 0.030579 0.993548 0.676471
179 0.031767 0.993548 0.676471
180 0.032115 0.993548 0.676471
181 0.032125 0.993548 0.676471
182 0.029225 0.993548 0.676471
183 0.059172 0.948387 0.647059
184 0.070612 0.993548 0.676471
185 0.064678 0.993548 0.647059
186 0.050390 0.993548 0.676471
187 0.032288 0.993548 0.647059
188 0.038229 0.993548 0.676471
189 0.032529 0.993548 0.676471
190 0.032661 0.993548 0.647059
191 0.029842 0.993548 0.676471
192 0.032116 0.993548 0.676471
193 0.026415 0.993548 0.676471
194 0.030850 0.993548 0.647059
195 0.032892 0.993548 0.647059
196 0.029975 0.993548 0.676471
197 0.033250 0.993548 0.705882
198 0.030953 0.993548 0.676471
199 0.035183 0.993548 0.676471
200 0.027151 0.993548 0.647059
201 0.027640 0.993548 0.676471
202 0.027797 0.993548 0.647059
203 0.027007 0.993548 0.676471
204 0.027046 0.993548 0.676471
205 0.025196 0.993548 0.676471
206 0.028672 0.993548 0.676471
207 0.024883 0.993548 0.676471
208 0.027903 0.993548 0.676471
209 0.029667 0.993548 0.676471
210 0.029268 0.993548 0.647059
211 0.027728 0.993548 0.647059
212 0.029233 0.993548 0.676471
213 0.026805 0.993548 0.676471
214 0.029620 0.993548 0.676471
215 0.029472 0.993548 0.676471
216 0.027269 0.993548 0.676471
217 0.026128 0.993548 0.647059
218 0.026457 0.993548 0.676471
219 0.026721 0.993548 0.647059
220 0.026968 0.993548 0.676471
221 0.026004 0.993548 0.676471
222 0.028471 0.993548 0.676471
223 0.028472 0.993548 0.676471
224 0.028082 0.993548 0.647059
225 0.027002 0.993548 0.647059
226 0.025901 0.993548 0.647059
227 0.025992 0.993548 0.647059
228 0.027814 0.993548 0.647059
229 0.029093 0.993548 0.647059
230 0.028416 0.993548 0.647059
231 0.030213 0.993548 0.647059
232 0.030207 0.993548 0.647059
233 0.025820 0.993548 0.647059
234 0.023422 0.993548 0.617647
235 0.024587 0.993548 0.617647
236 0.025143 0.993548 0.647059
237 0.029669 0.993548 0.647059
238 0.026725 0.993548 0.647059
239 0.026458 0.993548 0.647059
240 0.028397 0.993548 0.647059
241 0.024796 0.993548 0.647059
242 0.025414 0.993548 0.647059
243 0.024027 0.993548 0.647059
244 0.029056 0.993548 0.676471
245 0.025967 0.993548 0.647059
246 0.027295 0.993548 0.647059
247 0.024641 0.993548 0.647059
248 0.027851 0.993548 0.647059
249 0.024867 0.993548 0.647059
250 0.028659 0.993548 0.647059
251 0.028468 0.993548 0.647059
252 0.023734 0.993548 0.647059
253 0.024490 0.993548 0.676471
254 0.025143 0.993548 0.647059
255 0.024401 0.993548 0.647059
256 0.025297 0.993548 0.647059
257 0.024402 0.993548 0.676471
258 0.024948 0.993548 0.705882
259 0.025690 0.993548 0.647059
260 0.025547 0.993548 0.676471
261 0.028110 0.993548 0.676471
262 0.028081 0.993548 0.647059
263 0.022563 0.993548 0.676471
264 0.023083 0.993548 0.647059
265 0.027253 0.993548 0.647059
266 0.026667 0.993548 0.647059
267 0.025316 0.993548 0.647059
268 0.026213 0.993548 0.647059
269 0.025591 0.993548 0.647059
270 0.022478 0.993548 0.647059
271 0.025367 0.993548 0.647059
272 0.025306 0.993548 0.647059
273 0.024745 0.993548 0.647059
274 0.025049 0.993548 0.647059
275 0.023173 0.993548 0.647059
276 0.024586 0.993548 0.647059
277 0.024877 0.993548 0.647059
278 0.024199 0.993548 0.647059
279 0.026154 0.993548 0.647059
280 0.023532 0.993548 0.647059
281 0.030224 0.993548 0.647059
282 0.025943 0.993548 0.647059
283 0.022325 0.993548 0.647059
284 0.024501 0.993548 0.647059
285 0.023267 0.993548 0.647059
286 0.022300 0.993548 0.676471
287 0.026513 0.993548 0.647059
288 0.025400 0.993548 0.647059
289 0.023418 0.993548 0.647059
290 0.023238 0.993548 0.647059
291 0.025137 0.993548 0.647059
292 0.023614 0.993548 0.647059
293 0.023260 0.993548 0.647059
294 0.026389 0.993548 0.676471
295 0.025173 0.993548 0.647059
296 0.023422 0.993548 0.647059
297 0.028105 0.993548 0.647059
298 0.025729 0.993548 0.676471
299 0.023907 0.993548 0.676471
300 0.023263 0.993548 0.647059
301 0.023569 0.993548 0.647059
302 0.023546 0.993548 0.647059
303 0.025788 0.993548 0.647059
304 0.022813 0.993548 0.647059
305 0.022934 0.993548 0.647059
306 0.023375 0.993548 0.647059
307 0.023345 0.993548 0.647059
308 0.022200 0.993548 0.647059
309 0.023466 0.993548 0.647059
310 0.026141 0.993548 0.647059
311 0.025104 0.993548 0.676471
312 0.024767 0.993548 0.676471
313 0.023383 0.993548 0.676471
314 0.020807 0.993548 0.647059
315 0.024562 0.993548 0.676471
316 0.026737 0.993548 0.676471
317 0.027014 0.993548 0.676471
318 0.023919 0.993548 0.676471
319 0.025700 0.993548 0.676471
320 0.022704 0.993548 0.676471
321 0.023801 0.993548 0.676471
322 0.022272 0.993548 0.676471
323 0.024190 0.993548 0.676471
324 0.025398 0.993548 0.676471
325 0.023391 0.993548 0.676471
326 0.026873 0.993548 0.676471
327 0.021381 0.993548 0.676471
328 0.023605 0.993548 0.676471
329 0.022910 0.993548 0.676471
330 0.022824 0.993548 0.676471
331 0.023186 0.993548 0.676471
332 0.024617 0.993548 0.676471
333 0.023855 0.993548 0.676471
334 0.022576 0.993548 0.676471
335 0.022969 0.993548 0.647059
336 0.025549 0.993548 0.676471
337 0.021906 0.993548 0.647059
338 0.022088 0.993548 0.676471
339 0.024866 0.993548 0.676471
340 0.023443 0.993548 0.676471
341 0.021929 0.993548 0.676471
342 0.024458 0.993548 0.676471
343 0.022910 0.993548 0.676471
344 0.021705 0.993548 0.676471
345 0.021850 0.993548 0.676471
346 0.023233 0.993548 0.676471
347 0.023576 0.993548 0.676471
348 0.022213 0.993548 0.647059
349 0.024571 0.993548 0.676471
350 0.026057 0.993548 0.676471
