1 9.668513 0.723556 0.702000
2 1.948082 0.757778 0.718000
3 1.309790 0.736667 0.694000
4 0.987226 0.793333 0.762000
5 0.958812 0.772889 0.714000
6 0.788200 0.798667 0.740000
7 0.762033 0.779778 0.736000
8 0.697329 0.766000 0.728000
9 0.592484 0.787111 0.736000
10 0.601597 0.794889 0.742000
11 0.597736 0.784000 0.716000
12 0.615881 0.817333 0.770000
13 0.554010 0.828222 0.776000
14 0.524642 0.825111 0.774000
15 0.565423 0.831111 0.764000
16 0.531348 0.824444 0.754000
17 0.546200 0.824667 0.760000
18 0.534860 0.832667 0.780000
19 0.496682 0.794667 0.736000
20 0.487806 0.837778 0.742000
21 0.495250 0.826222 0.764000
22 0.509074 0.835556 0.758000
23 0.485936 0.795778 0.750000
24 0.481571 0.838889 0.778000
25 0.485261 0.836000 0.770000
26 0.500004 0.807333 0.746000
27 0.487688 0.828889 0.750000
28 0.497518 0.834444 0.762000
29 0.460241 0.812444 0.740000
30 0.474873 0.842444 0.788000
