1 1.521931 0.514793 0.473684
2 0.801665 0.739645 0.684211
3 0.533083 0.775148 0.684211
4 0.613154 0.745562 0.684211
5 0.892012 0.786982 0.789474
6 0.492798 0.763314 0.842105
7 0.496506 0.852071 0.894737
8 0.478129 0.846154 0.842105
9 0.428538 0.893491 0.894737
10 0.448807 0.822485 0.789474
11 0.426735 0.792899 0.736842
12 0.486850 0.585799 0.736842
13 0.440519 0.727811 0.842105
14 0.450756 0.822485 0.842105
15 0.412073 0.798817 0.947368
16 0.389271 0.792899 0.789474
17 0.467013 0.609467 0.842105
18 0.416269 0.739645 0.947368
19 0.394674 0.834320 0.789474
20 0.390755 0.869822 0.842105
21 0.410643 0.798817 0.894737
22 0.415564 0.792899 0.789474
23 0.371194 0.781065 0.842105
24 0.389073 0.869822 0.894737
25 0.422776 0.479290 0.631579
26 0.362265 0.887574 0.894737
27 0.392642 0.869822 0.894737
28 0.369055 0.893491 0.842105
29 0.366305 0.360947 0.473684
30 0.361147 0.840237 0.789474
31 0.349164 0.343195 0.421053
32 0.319724 0.662722 0.789474
33 0.329995 0.355030 0.473684
34 0.377490 0.479290 0.578947
35 0.327274 0.857988 0.894737
36 0.318493 0.532544 0.578947
37 0.297654 0.852071 0.894737
38 0.306578 0.857988 0.736842
39 0.329517 0.644970 0.842105
40 0.303837 0.804734 0.789474
41 0.329232 0.846154 0.894737
42 0.276539 0.449704 0.473684
43 0.282046 0.905325 0.947368
44 0.312503 0.366864 0.526316
45 0.252750 0.426036 0.526316
46 0.267118 0.863905 0.894737
47 0.269769 0.781065 0.684211
48 0.249710 0.781065 0.736842
49 0.265822 0.390533 0.526316
50 0.213590 0.822485 0.789474
51 0.209561 0.349112 0.473684
52 0.207800 0.692308 0.947368
53 0.199949 0.881657 0.894737
54 0.200576 0.863905 0.894737
55 0.209009 0.881657 0.894737
56 0.199012 0.798817 0.736842
57 0.196379 0.857988 0.789474
58 0.197405 0.431953 0.473684
59 0.187480 0.816568 0.736842
60 0.196015 0.887574 0.894737
61 0.179191 0.609467 0.526316
62 0.215333 0.816568 0.947368
63 0.204497 0.390533 0.526316
64 0.195155 0.544379 0.526316
65 0.195517 0.508876 0.473684
66 0.189792 0.384615 0.473684
67 0.194059 0.520710 0.473684
68 0.185514 0.609467 0.789474
69 0.189693 0.733728 0.631579
70 0.191270 0.881657 0.894737
