1 4.113560 0.582320 0.540146
2 1.757613 0.592052 0.588808
3 1.181337 0.552311 0.552311
4 1.335975 0.687213 0.666667
5 0.961314 0.693160 0.703163
6 0.893590 0.687753 0.659367
7 0.793805 0.642065 0.622871
8 0.963217 0.606110 0.605839
9 0.940320 0.647202 0.635036
10 0.866116 0.571235 0.571776
11 0.785883 0.683969 0.656934
12 0.717537 0.659097 0.656934
13 0.672056 0.712084 0.698297
14 0.677333 0.726953 0.700730
15 0.659748 0.717491 0.698297
16 0.702879 0.666667 0.642336
17 0.734482 0.509057 0.501217
18 0.717467 0.644769 0.630170
19 0.647944 0.645039 0.627737
20 0.708744 0.719113 0.705596
21 0.670055 0.720195 0.725061
22 0.642347 0.701541 0.693431
23 0.641180 0.665045 0.635036
24 0.626761 0.727224 0.710462
25 0.625178 0.727764 0.686131
26 0.684545 0.679643 0.666667
27 0.685333 0.707489 0.671533
28 0.681068 0.592593 0.579075
29 0.654353 0.720195 0.703163
30 0.646442 0.696134 0.683698
31 0.609320 0.709922 0.710462
32 0.643435 0.546634 0.559611
33 0.636049 0.712895 0.705596
34 0.592008 0.713977 0.710462
35 0.605431 0.729116 0.715328
36 0.607156 0.677210 0.678832
37 0.589019 0.668018 0.654501
38 0.595957 0.728846 0.700730
39 0.651389 0.724520 0.712895
40 0.637931 0.721276 0.688564
41 0.613619 0.568802 0.562044
42 0.601865 0.722628 0.725061
43 0.569730 0.718573 0.700730
44 0.625184 0.609895 0.613139
45 0.621187 0.741281 0.712895
46 0.577552 0.732901 0.739659
47 0.575194 0.738037 0.737226
48 0.610984 0.718573 0.710462
49 0.595390 0.729386 0.708029
50 0.588043 0.708300 0.686131
51 0.570064 0.733441 0.722628
52 0.547558 0.738037 0.725061
53 0.553228 0.751284 0.727494
54 0.542805 0.735334 0.734793
55 0.528351 0.682887 0.652068
56 0.541707 0.729116 0.705596
57 0.553672 0.702082 0.666667
58 0.565736 0.752906 0.739659
59 0.539626 0.652338 0.632603
60 0.561602 0.735064 0.712895
61 0.531221 0.745877 0.732360
62 0.543843 0.733441 0.732360
63 0.549348 0.751554 0.725061
64 0.541387 0.752366 0.729927
65 0.538559 0.746959 0.725061
66 0.553770 0.725061 0.703163
67 0.566238 0.736956 0.695864
68 0.536467 0.745066 0.732360
69 0.530514 0.760476 0.749392
70 0.553598 0.699378 0.686131
71 0.539720 0.755339 0.749392
72 0.553114 0.760476 0.742092
73 0.540604 0.758583 0.746959
74 0.554366 0.744796 0.729927
75 0.571918 0.749121 0.715328
76 0.543034 0.762909 0.744526
77 0.538638 0.744255 0.725061
78 0.547097 0.752366 0.754258
79 0.542309 0.722357 0.698297
80 0.532859 0.733982 0.717762
81 0.535364 0.750743 0.751825
82 0.540614 0.752366 0.737226
83 0.531083 0.737767 0.715328
84 0.548633 0.756691 0.732360
85 0.554204 0.630981 0.605839
86 0.536696 0.759935 0.712895
87 0.541388 0.729116 0.712895
88 0.556322 0.743444 0.700730
89 0.543924 0.745337 0.732360
90 0.528775 0.760746 0.734793
91 0.552405 0.726683 0.712895
92 0.524269 0.758854 0.739659
93 0.533886 0.733441 0.729927
94 0.540551 0.745877 0.725061
95 0.532155 0.763179 0.734793
96 0.525627 0.779941 0.749392
97 0.525902 0.774534 0.756691
98 0.529933 0.767775 0.761557
99 0.543082 0.756421 0.729927
100 0.520827 0.782914 0.754258
101 0.514238 0.764801 0.732360
102 0.500051 0.773452 0.737226
103 0.518075 0.771290 0.744526
104 0.496921 0.765072 0.763990
105 0.500137 0.782103 0.749392
106 0.502239 0.779400 0.759124
107 0.506619 0.782914 0.754258
108 0.503934 0.729927 0.705596
109 0.498024 0.768316 0.739659
110 0.507246 0.735875 0.729927
111 0.498287 0.785618 0.771290
112 0.499173 0.761287 0.749392
113 0.501663 0.780752 0.749392
114 0.506171 0.778859 0.766423
115 0.500899 0.763990 0.749392
116 0.497699 0.779670 0.759124
117 0.510900 0.771290 0.746959
118 0.517935 0.772641 0.778589
119 0.493994 0.777778 0.763990
120 0.504758 0.753988 0.737226
121 0.498980 0.767234 0.720195
122 0.508110 0.790214 0.763990
123 0.498328 0.767775 0.768856
124 0.503702 0.788321 0.746959
125 0.506316 0.789403 0.763990
126 0.490561 0.778318 0.749392
127 0.500495 0.781563 0.759124
128 0.489109 0.786429 0.766423
129 0.489408 0.790214 0.771290
130 0.497856 0.785077 0.759124
131 0.479290 0.785888 0.744526
132 0.499418 0.789132 0.756691
133 0.480901 0.773993 0.756691
134 0.490818 0.786158 0.766423
135 0.496754 0.788862 0.759124
136 0.507144 0.773993 0.725061
137 0.486181 0.790484 0.763990
138 0.497191 0.793998 0.766423
139 0.480087 0.782374 0.756691
140 0.493851 0.792106 0.751825
141 0.490278 0.781833 0.781022
142 0.500166 0.771019 0.737226
143 0.495715 0.749121 0.727494
144 0.488363 0.752095 0.710462
145 0.496857 0.785077 0.754258
146 0.496696 0.748310 0.717762
147 0.472239 0.783455 0.761557
148 0.492822 0.696404 0.671533
149 0.498393 0.792647 0.759124
150 0.480725 0.794809 0.781022
151 0.477410 0.792376 0.759124
152 0.477541 0.804001 0.778589
153 0.466815 0.800757 0.781022
154 0.453466 0.806434 0.768856
155 0.462022 0.803731 0.776156
156 0.467215 0.796431 0.785888
157 0.458909 0.798054 0.785888
158 0.477384 0.800487 0.788321
159 0.481393 0.803460 0.781022
160 0.467640 0.804001 0.788321
161 0.487949 0.801298 0.771290
162 0.468639 0.801027 0.788321
163 0.458210 0.793728 0.751825
164 0.462309 0.802920 0.788321
165 0.460407 0.811571 0.800487
166 0.467240 0.803731 0.783455
167 0.462550 0.804812 0.771290
168 0.464494 0.813193 0.773723
169 0.446786 0.800216 0.776156
170 0.455772 0.806705 0.783455
171 0.462280 0.809408 0.781022
172 0.460743 0.812652 0.781022
173 0.458133 0.812111 0.785888
174 0.457391 0.804001 0.778589
175 0.462918 0.810760 0.776156
176 0.457587 0.809678 0.790754
177 0.469914 0.796972 0.761557
178 0.453947 0.810489 0.788321
179 0.463104 0.812652 0.798054
180 0.459073 0.810760 0.788321
181 0.462320 0.802109 0.790754
182 0.459761 0.803460 0.768856
183 0.466717 0.811030 0.781022
184 0.452024 0.814544 0.771290
185 0.455007 0.807245 0.778589
186 0.447495 0.806705 0.788321
187 0.455637 0.807516 0.783455
188 0.444544 0.810489 0.773723
189 0.448679 0.819951 0.771290
190 0.473830 0.816978 0.788321
191 0.466811 0.808327 0.771290
192 0.460098 0.819411 0.798054
193 0.451793 0.818059 0.785888
194 0.441202 0.818329 0.781022
195 0.438843 0.818600 0.781022
196 0.453007 0.788592 0.729927
197 0.454614 0.821844 0.785888
198 0.443066 0.828062 0.798054
199 0.453432 0.813463 0.788321
200 0.446985 0.825629 0.790754
201 0.442870 0.831576 0.795620
202 0.442788 0.815356 0.778589
203 0.449007 0.827791 0.790754
204 0.441607 0.829413 0.790754
205 0.446442 0.829684 0.790754
206 0.436004 0.828332 0.793187
207 0.432718 0.826440 0.800487
208 0.441856 0.822925 0.790754
209 0.433965 0.835631 0.793187
210 0.441776 0.832657 0.778589
211 0.438774 0.832657 0.810219
212 0.431391 0.833198 0.790754
213 0.416422 0.831576 0.795620
214 0.432576 0.836172 0.793187
215 0.424839 0.827791 0.788321
216 0.424388 0.835091 0.800487
217 0.441381 0.834820 0.778589
218 0.443162 0.838064 0.781022
219 0.433363 0.837253 0.790754
220 0.433892 0.827521 0.768856
221 0.435640 0.832657 0.785888
222 0.426257 0.828602 0.798054
223 0.439884 0.831306 0.798054
224 0.424588 0.831846 0.783455
225 0.430180 0.835631 0.790754
226 0.422067 0.840768 0.795620
227 0.426584 0.836442 0.793187
228 0.443995 0.843201 0.795620
229 0.429205 0.837524 0.798054
230 0.426095 0.835361 0.802920
231 0.423953 0.839957 0.798054
232 0.428739 0.835091 0.790754
233 0.435939 0.835902 0.785888
234 0.433165 0.830495 0.793187
235 0.419038 0.834550 0.776156
236 0.415748 0.839686 0.798054
237 0.437324 0.843742 0.793187
238 0.420718 0.838875 0.795620
239 0.411854 0.839416 0.788321
240 0.433864 0.837253 0.785888
241 0.417365 0.833469 0.788321
242 0.440306 0.836442 0.783455
243 0.420982 0.834009 0.795620
244 0.420490 0.842119 0.785888
245 0.416870 0.839957 0.781022
246 0.406519 0.838875 0.802920
247 0.418757 0.845093 0.795620
248 0.424197 0.830495 0.788321
249 0.423635 0.845364 0.798054
250 0.429894 0.846986 0.785888
251 0.417009 0.847797 0.810219
252 0.406030 0.844553 0.788321
253 0.396628 0.845904 0.788321
254 0.402067 0.846986 0.793187
255 0.406472 0.848878 0.798054
256 0.407765 0.848337 0.802920
257 0.407540 0.847526 0.807786
258 0.401020 0.847526 0.802920
259 0.400416 0.849959 0.790754
260 0.412096 0.850230 0.795620
261 0.416605 0.848067 0.798054
262 0.419643 0.846445 0.798054
263 0.413817 0.845364 0.812652
264 0.402468 0.849689 0.793187
265 0.413748 0.847526 0.793187
266 0.425453 0.849689 0.798054
267 0.405677 0.847256 0.802920
268 0.403354 0.850500 0.785888
269 0.400757 0.852122 0.805353
270 0.402277 0.851582 0.798054
271 0.393194 0.847797 0.807786
272 0.408545 0.849419 0.810219
273 0.416313 0.851311 0.800487
274 0.404272 0.849148 0.793187
275 0.398104 0.851311 0.798054
276 0.404596 0.854555 0.785888
277 0.414287 0.850500 0.783455
278 0.397932 0.851041 0.800487
279 0.407745 0.853744 0.800487
280 0.412938 0.853474 0.790754
281 0.406338 0.845634 0.790754
282 0.405357 0.851311 0.795620
283 0.387149 0.853204 0.793187
284 0.406235 0.855096 0.807786
285 0.411693 0.851311 0.795620
286 0.401125 0.851582 0.798054
287 0.411525 0.848337 0.788321
288 0.420549 0.856177 0.817518
289 0.408975 0.854555 0.800487
290 0.404130 0.849689 0.793187
291 0.389683 0.855907 0.795620
292 0.412521 0.852393 0.795620
293 0.405518 0.853744 0.800487
294 0.398919 0.851041 0.800487
295 0.402310 0.853474 0.807786
296 0.416548 0.852663 0.800487
297 0.396879 0.855907 0.800487
298 0.404544 0.853204 0.800487
299 0.402031 0.851852 0.776156
300 0.398853 0.855366 0.793187
301 0.387006 0.856448 0.805353
302 0.388222 0.858070 0.800487
303 0.391392 0.858070 0.798054
304 0.397386 0.857259 0.798054
305 0.413397 0.859421 0.790754
306 0.391896 0.859151 0.802920
307 0.381562 0.860773 0.802920
308 0.397753 0.860232 0.805353
309 0.387178 0.860773 0.798054
310 0.413620 0.856448 0.795620
311 0.389990 0.854015 0.800487
312 0.397750 0.856448 0.800487
313 0.403852 0.858340 0.798054
314 0.390824 0.858340 0.795620
315 0.390288 0.858881 0.802920
316 0.399739 0.857259 0.790754
317 0.403043 0.860232 0.785888
318 0.392680 0.856718 0.802920
319 0.388555 0.859421 0.790754
320 0.398863 0.860503 0.800487
321 0.402189 0.860773 0.795620
322 0.399014 0.858340 0.807786
323 0.406175 0.860773 0.800487
324 0.400973 0.857799 0.800487
325 0.390428 0.857799 0.795620
326 0.397691 0.859692 0.802920
327 0.383817 0.861044 0.798054
328 0.391860 0.863477 0.795620
329 0.391466 0.861584 0.798054
330 0.400549 0.855366 0.790754
331 0.391752 0.860503 0.805353
332 0.398420 0.859692 0.807786
333 0.402778 0.862125 0.805353
334 0.384634 0.858881 0.790754
335 0.384077 0.864828 0.810219
336 0.405261 0.864828 0.790754
337 0.387259 0.861044 0.805353
338 0.398206 0.862395 0.810219
339 0.395145 0.859692 0.790754
340 0.381188 0.863206 0.805353
341 0.391186 0.861314 0.802920
342 0.391991 0.862125 0.810219
343 0.394722 0.861314 0.812652
344 0.385522 0.860232 0.798054
345 0.403149 0.861855 0.800487
346 0.391096 0.860503 0.800487
347 0.394187 0.862395 0.795620
348 0.411335 0.863206 0.810219
349 0.388826 0.864558 0.802920
350 0.393012 0.864017 0.800487
