1 4.119548 0.566099 0.552311
2 2.140855 0.667478 0.688564
3 1.527417 0.507705 0.518248
4 1.155533 0.624223 0.635036
5 0.962118 0.525277 0.535280
6 0.805541 0.697215 0.695864
7 0.753523 0.658827 0.666667
8 0.842945 0.713166 0.734793
9 0.869424 0.632333 0.637470
10 0.851841 0.617464 0.635036
11 0.745534 0.708840 0.715328
12 0.897251 0.592863 0.613139
13 0.735748 0.726413 0.720195
14 0.695652 0.719113 0.732360
15 0.745464 0.594485 0.583942
16 0.710201 0.715058 0.720195
17 0.737428 0.713977 0.717762
18 0.779864 0.692079 0.712895
19 0.653591 0.708300 0.708029
20 0.749997 0.518789 0.515815
21 0.764793 0.705596 0.712895
22 0.716592 0.702622 0.720195
23 0.670251 0.715599 0.727494
24 0.662581 0.500406 0.501217
25 0.841151 0.630981 0.639903
26 0.701115 0.682076 0.712895
27 0.618606 0.666937 0.690998
28 0.658514 0.611517 0.596107
29 0.615643 0.681265 0.688564
30 0.610691 0.720735 0.737226
31 0.670784 0.716410 0.720195
32 0.716731 0.699649 0.700730
33 0.674610 0.712895 0.739659
34 0.603053 0.645310 0.613139
35 0.617940 0.737497 0.749392
36 0.647897 0.695053 0.722628
37 0.608897 0.606110 0.622871
38 0.617585 0.701541 0.715328
39 0.613784 0.639362 0.666667
40 0.599511 0.689916 0.700730
41 0.628381 0.671803 0.678832
42 0.598626 0.695053 0.710462
43 0.606989 0.732360 0.746959
44 0.657195 0.716139 0.744526
45 0.689559 0.721817 0.739659
46 0.622087 0.729116 0.737226
47 0.585322 0.740200 0.751825
48 0.590983 0.651527 0.656934
49 0.583649 0.643147 0.622871
50 0.574694 0.742363 0.729927
51 0.547607 0.750743 0.751825
52 0.544921 0.710462 0.720195
53 0.572973 0.753447 0.756691
54 0.551424 0.753447 0.759124
55 0.567411 0.748040 0.744526
56 0.541681 0.747770 0.734793
57 0.585893 0.741281 0.756691
58 0.551127 0.752636 0.759124
59 0.556589 0.752636 0.751825
60 0.559411 0.716139 0.720195
61 0.566138 0.751284 0.751825
62 0.557619 0.754799 0.739659
63 0.552174 0.764261 0.756691
64 0.544227 0.756150 0.749392
65 0.539043 0.746688 0.749392
66 0.555174 0.747499 0.751825
67 0.533798 0.754258 0.744526
68 0.544256 0.750203 0.751825
69 0.530696 0.755339 0.763990
70 0.559856 0.676669 0.669100
71 0.553405 0.751825 0.746959
72 0.542961 0.742363 0.725061
73 0.548817 0.760205 0.749392
74 0.556189 0.755339 0.742092
75 0.536096 0.742633 0.729927
76 0.553614 0.754528 0.759124
77 0.550490 0.749392 0.732360
78 0.570778 0.765342 0.751825
79 0.543378 0.752906 0.756691
80 0.544927 0.759665 0.759124
81 0.542940 0.741822 0.749392
82 0.544885 0.728305 0.727494
83 0.533755 0.754258 0.751825
84 0.546784 0.755610 0.739659
85 0.536331 0.738578 0.715328
86 0.529599 0.762098 0.754258
87 0.544997 0.765883 0.759124
88 0.534892 0.773993 0.771290
89 0.556247 0.751014 0.761557
90 0.548711 0.758043 0.744526
91 0.532941 0.762639 0.727494
92 0.525179 0.745066 0.725061
93 0.559842 0.706948 0.690998
94 0.521977 0.750203 0.727494
95 0.540085 0.758854 0.754258
96 0.542023 0.769397 0.783455
97 0.523795 0.759394 0.749392
98 0.531736 0.743174 0.739659
99 0.538963 0.741552 0.725061
100 0.524809 0.778589 0.761557
101 0.498657 0.769127 0.763990
102 0.498672 0.772641 0.778589
103 0.506673 0.771830 0.749392
104 0.510729 0.775615 0.781022
105 0.518162 0.781292 0.744526
106 0.505030 0.782103 0.781022
107 0.502955 0.771560 0.754258
108 0.511178 0.756421 0.739659
109 0.505873 0.778589 0.785888
110 0.528092 0.771019 0.763990
111 0.515243 0.778318 0.783455
112 0.509141 0.772912 0.754258
113 0.507568 0.783996 0.783455
114 0.503420 0.786699 0.785888
115 0.510442 0.781022 0.773723
116 0.505130 0.774263 0.759124
117 0.507044 0.773993 0.759124
118 0.520173 0.765342 0.746959
119 0.491855 0.777778 0.759124
120 0.513373 0.760476 0.746959
121 0.508066 0.783996 0.773723
122 0.514811 0.783455 0.749392
123 0.496920 0.788321 0.783455
124 0.494741 0.784807 0.759124
125 0.500307 0.761828 0.742092
126 0.512200 0.785888 0.754258
127 0.490005 0.772641 0.776156
128 0.501347 0.786158 0.778589
129 0.500039 0.780481 0.788321
130 0.509072 0.771019 0.766423
131 0.502694 0.792106 0.788321
132 0.507644 0.790484 0.783455
133 0.504447 0.787780 0.732360
134 0.497719 0.787240 0.783455
135 0.502406 0.788592 0.768856
136 0.514504 0.785347 0.778589
137 0.500303 0.784536 0.776156
138 0.504034 0.782644 0.781022
139 0.488203 0.788862 0.763990
140 0.514886 0.762368 0.742092
141 0.485354 0.773723 0.778589
142 0.499009 0.784536 0.754258
143 0.489090 0.787240 0.763990
144 0.473484 0.794809 0.783455
145 0.486842 0.783996 0.781022
146 0.485875 0.780752 0.759124
147 0.507623 0.782914 0.785888
148 0.490764 0.775345 0.781022
149 0.500938 0.756150 0.725061
150 0.491713 0.801838 0.788321
151 0.482836 0.796431 0.788321
152 0.471581 0.799946 0.795620
153 0.489583 0.788051 0.785888
154 0.469763 0.775615 0.761557
155 0.483196 0.798324 0.768856
156 0.492377 0.799676 0.778589
157 0.492647 0.801298 0.800487
158 0.467867 0.802649 0.795620
159 0.480442 0.795080 0.785888
160 0.474000 0.797242 0.778589
161 0.492098 0.790484 0.778589
162 0.474596 0.793458 0.773723
163 0.479087 0.800757 0.778589
164 0.478255 0.804542 0.790754
165 0.472844 0.795350 0.790754
166 0.479826 0.802920 0.778589
167 0.474242 0.802920 0.771290
168 0.466234 0.806975 0.793187
169 0.479042 0.794809 0.776156
170 0.454425 0.801838 0.795620
171 0.465873 0.791565 0.763990
172 0.463772 0.801568 0.766423
173 0.481226 0.805082 0.788321
174 0.465209 0.803731 0.771290
175 0.459840 0.801027 0.790754
176 0.471008 0.795620 0.768856
177 0.473339 0.801838 0.773723
178 0.463659 0.797513 0.785888
179 0.467442 0.802379 0.776156
180 0.460531 0.809408 0.773723
181 0.477101 0.797783 0.773723
182 0.481752 0.793728 0.756691
183 0.476943 0.804271 0.773723
184 0.468867 0.805893 0.800487
185 0.466518 0.801298 0.778589
186 0.460606 0.794269 0.785888
187 0.465169 0.801027 0.788321
188 0.447632 0.800216 0.805353
189 0.472486 0.803460 0.773723
190 0.461636 0.808597 0.788321
191 0.472640 0.776156 0.763990
192 0.460983 0.813193 0.807786
193 0.468158 0.811300 0.785888
194 0.460734 0.805353 0.773723
195 0.463915 0.796972 0.751825
196 0.468194 0.802649 0.771290
197 0.472361 0.807245 0.807786
198 0.460242 0.810760 0.793187
199 0.453696 0.811841 0.800487
200 0.453608 0.818600 0.783455
201 0.455863 0.815356 0.795620
202 0.452795 0.809949 0.778589
203 0.452342 0.805893 0.756691
204 0.448382 0.815356 0.778589
205 0.450909 0.810760 0.773723
206 0.453527 0.805893 0.800487
207 0.455140 0.818059 0.783455
208 0.437731 0.820222 0.798054
209 0.443889 0.819681 0.795620
210 0.444778 0.817789 0.795620
211 0.449547 0.818329 0.798054
212 0.443148 0.817248 0.773723
213 0.442676 0.818329 0.793187
214 0.444421 0.813193 0.783455
215 0.449923 0.816978 0.788321
216 0.453368 0.814274 0.771290
217 0.442227 0.819411 0.795620
218 0.447338 0.819140 0.793187
219 0.456677 0.814274 0.795620
220 0.453410 0.816437 0.790754
221 0.453695 0.817789 0.756691
222 0.447904 0.818059 0.783455
223 0.432360 0.821573 0.790754
224 0.434109 0.818870 0.798054
225 0.452799 0.818600 0.795620
226 0.443097 0.814274 0.785888
227 0.464652 0.817789 0.790754
228 0.438602 0.819681 0.783455
229 0.438719 0.818329 0.788321
230 0.454524 0.815356 0.785888
231 0.430938 0.816978 0.783455
232 0.450013 0.815356 0.778589
233 0.441391 0.818329 0.781022
234 0.445971 0.823466 0.800487
235 0.424678 0.818059 0.781022
236 0.445362 0.821033 0.778589
237 0.435705 0.823195 0.785888
238 0.438065 0.823466 0.773723
239 0.438389 0.818329 0.790754
240 0.449832 0.822114 0.793187
241 0.436220 0.819140 0.771290
242 0.439423 0.818329 0.790754
243 0.435753 0.809408 0.778589
244 0.438602 0.817518 0.778589
245 0.441443 0.820492 0.783455
246 0.441192 0.822114 0.788321
247 0.438047 0.822655 0.790754
248 0.431757 0.819681 0.800487
249 0.428940 0.820492 0.802920
250 0.435727 0.826980 0.785888
251 0.426272 0.831846 0.795620
252 0.429681 0.829954 0.793187
253 0.444691 0.828602 0.802920
254 0.433773 0.827791 0.793187
255 0.426464 0.828332 0.793187
256 0.433708 0.828332 0.763990
257 0.436462 0.832117 0.798054
258 0.426956 0.830224 0.793187
259 0.429437 0.830224 0.788321
260 0.428471 0.827251 0.781022
261 0.434584 0.834009 0.788321
262 0.433910 0.831035 0.781022
263 0.425934 0.830495 0.798054
264 0.451447 0.836172 0.790754
265 0.431104 0.831306 0.805353
266 0.419366 0.827791 0.790754
267 0.426444 0.830495 0.802920
268 0.430353 0.829684 0.785888
269 0.428996 0.826169 0.776156
270 0.429324 0.832657 0.798054
271 0.433084 0.827521 0.798054
272 0.421586 0.832117 0.781022
273 0.434065 0.837794 0.785888
274 0.446539 0.838064 0.795620
275 0.428109 0.831846 0.798054
276 0.425657 0.829413 0.793187
277 0.420890 0.835361 0.795620
278 0.431083 0.832928 0.800487
279 0.425600 0.835631 0.800487
280 0.426683 0.838875 0.800487
281 0.425397 0.840227 0.785888
282 0.420169 0.831306 0.793187
283 0.424970 0.835902 0.798054
284 0.441034 0.839957 0.800487
285 0.434552 0.840768 0.790754
286 0.423589 0.834550 0.781022
287 0.417536 0.836442 0.790754
288 0.421420 0.839957 0.795620
289 0.427519 0.835902 0.793187
290 0.416363 0.832657 0.793187
291 0.422238 0.836713 0.795620
292 0.429581 0.839146 0.781022
293 0.427387 0.830495 0.795620
294 0.428381 0.841579 0.790754
295 0.407508 0.839686 0.793187
296 0.421027 0.836172 0.793187
297 0.426045 0.837794 0.793187
298 0.411678 0.838064 0.776156
299 0.423576 0.839416 0.781022
300 0.411018 0.838064 0.783455
301 0.420888 0.841308 0.788321
302 0.418385 0.840497 0.788321
303 0.420191 0.839416 0.785888
304 0.413440 0.841849 0.781022
305 0.425051 0.843201 0.781022
306 0.425227 0.842660 0.793187
307 0.422864 0.846175 0.793187
308 0.420953 0.844553 0.790754
309 0.414900 0.842119 0.790754
310 0.433381 0.838875 0.800487
311 0.434174 0.845093 0.790754
312 0.402954 0.841849 0.783455
313 0.410722 0.839146 0.793187
314 0.427334 0.844012 0.798054
315 0.421320 0.843742 0.800487
316 0.410005 0.846445 0.790754
317 0.413927 0.847256 0.793187
318 0.412449 0.840227 0.800487
319 0.433039 0.837794 0.785888
320 0.416736 0.844553 0.810219
321 0.413030 0.844282 0.788321
322 0.429431 0.844823 0.778589
323 0.414624 0.849419 0.798054
324 0.419922 0.845364 0.795620
325 0.417338 0.843742 0.795620
326 0.424879 0.842660 0.793187
327 0.405757 0.843201 0.798054
328 0.421439 0.848878 0.800487
329 0.423297 0.844823 0.790754
330 0.406442 0.841579 0.802920
331 0.420423 0.835902 0.798054
332 0.419945 0.847797 0.798054
333 0.415328 0.844282 0.798054
334 0.414368 0.849419 0.781022
335 0.424932 0.845904 0.802920
336 0.412596 0.848878 0.802920
337 0.412104 0.848337 0.800487
338 0.409787 0.847256 0.798054
339 0.408366 0.844823 0.800487
340 0.411709 0.850770 0.790754
341 0.414868 0.852933 0.795620
342 0.418588 0.849148 0.800487
343 0.410228 0.846445 0.798054
344 0.420690 0.851582 0.785888
345 0.418793 0.846986 0.785888
346 0.398353 0.851582 0.790754
347 0.418696 0.850500 0.793187
348 0.412002 0.845634 0.802920
349 0.424600 0.850230 0.805353
350 0.411195 0.846715 0.795620
