1 9.900984 0.744667 0.734000
2 2.358846 0.722222 0.720000
3 1.269970 0.722667 0.720000
4 0.997121 0.759111 0.758000
5 0.913540 0.787111 0.780000
6 0.794768 0.765556 0.764000
7 0.784380 0.766444 0.732000
8 0.630025 0.777778 0.750000
9 0.655963 0.806222 0.792000
10 0.629183 0.732889 0.724000
11 0.581303 0.809556 0.800000
12 0.552552 0.796667 0.792000
13 0.545839 0.818222 0.786000
14 0.530371 0.824889 0.778000
15 0.491903 0.814444 0.774000
16 0.511365 0.823333 0.788000
17 0.483910 0.835111 0.784000
18 0.470782 0.820889 0.768000
19 0.470341 0.820000 0.788000
20 0.487968 0.838889 0.790000
21 0.461816 0.812667 0.758000
22 0.460360 0.825778 0.778000
23 0.462153 0.838444 0.788000
24 0.468913 0.834667 0.810000
25 0.470470 0.830667 0.768000
26 0.449873 0.837778 0.780000
27 0.423558 0.836667 0.788000
28 0.425655 0.828222 0.754000
29 0.450461 0.852000 0.772000
30 0.439362 0.848667 0.762000
