1 3.285845 0.548797 0.549878
2 1.094948 0.586915 0.564477
3 1.064116 0.670451 0.693431
4 0.986644 0.663693 0.669100
5 0.843756 0.640443 0.669100
6 0.868569 0.676940 0.695864
7 1.107859 0.629900 0.637470
8 0.959938 0.710462 0.746959
9 1.071522 0.624223 0.664234
10 0.854626 0.519600 0.525547
11 0.745863 0.664234 0.683698
12 0.721167 0.713436 0.756691
13 0.733131 0.713706 0.749392
14 0.779856 0.563666 0.566910
15 0.755045 0.644499 0.656934
16 0.712246 0.678832 0.671533
17 0.694014 0.702352 0.720195
18 0.718571 0.533117 0.554745
19 0.655631 0.670992 0.717762
20 0.623125 0.653690 0.725061
21 0.640523 0.643687 0.664234
22 0.622358 0.713436 0.734793
23 0.620359 0.666937 0.703163
24 0.658116 0.525818 0.530414
25 0.712677 0.693971 0.744526
26 0.633951 0.727764 0.744526
27 0.587730 0.720195 0.744526
28 0.606033 0.729657 0.749392
29 0.589995 0.719113 0.734793
30 0.586521 0.732090 0.756691
31 0.619660 0.730197 0.751825
32 0.622044 0.725061 0.766423
33 0.590690 0.723979 0.737226
34 0.574663 0.730468 0.737226
35 0.584291 0.713166 0.734793
36 0.640673 0.720465 0.737226
37 0.580234 0.705326 0.734793
38 0.593888 0.724520 0.744526
39 0.568742 0.705866 0.705596
40 0.569360 0.733982 0.756691
41 0.578239 0.732360 0.749392
42 0.573673 0.735604 0.749392
43 0.564953 0.731279 0.746959
44 0.587188 0.692890 0.703163
45 0.608411 0.719384 0.742092
46 0.583125 0.715328 0.749392
47 0.562910 0.740200 0.756691
48 0.576838 0.735604 0.737226
49 0.551596 0.730738 0.739659
50 0.567679 0.745607 0.766423
51 0.545726 0.746688 0.766423
52 0.541426 0.741011 0.751825
53 0.561838 0.737767 0.746959
54 0.553835 0.744255 0.768856
55 0.559937 0.739389 0.732360
56 0.544839 0.736145 0.742092
57 0.569399 0.753177 0.751825
58 0.548979 0.748581 0.763990
59 0.548534 0.701541 0.712895
60 0.547299 0.741552 0.749392
61 0.552912 0.745066 0.746959
62 0.553285 0.750743 0.759124
63 0.543353 0.742633 0.746959
64 0.559937 0.730197 0.727494
65 0.536449 0.746959 0.763990
66 0.548502 0.755069 0.766423
67 0.533938 0.741011 0.763990
68 0.540498 0.753988 0.766423
69 0.539178 0.751284 0.756691
70 0.552233 0.746959 0.739659
71 0.548237 0.759124 0.766423
72 0.540117 0.755880 0.756691
73 0.547297 0.725602 0.729927
74 0.546875 0.756421 0.773723
75 0.534512 0.749392 0.749392
76 0.535999 0.760476 0.759124
77 0.539472 0.746959 0.754258
78 0.541346 0.739659 0.729927
79 0.532939 0.738308 0.759124
80 0.526452 0.759124 0.771290
81 0.536875 0.759935 0.761557
82 0.534178 0.746688 0.761557
83 0.533573 0.720195 0.725061
84 0.547373 0.714788 0.727494
85 0.522271 0.767775 0.771290
86 0.519129 0.760205 0.754258
87 0.537416 0.766153 0.749392
88 0.523936 0.772101 0.756691
89 0.533442 0.779129 0.781022
90 0.522819 0.706137 0.700730
91 0.532832 0.775615 0.776156
92 0.531626 0.762098 0.746959
93 0.522882 0.713977 0.722628
94 0.506025 0.724790 0.720195
95 0.529262 0.772912 0.778589
96 0.522819 0.772912 0.763990
97 0.513157 0.768045 0.776156
98 0.512226 0.761557 0.754258
99 0.517111 0.756691 0.737226
100 0.507816 0.787780 0.795620
101 0.493529 0.789673 0.778589
102 0.482486 0.788862 0.785888
103 0.494458 0.787510 0.773723
104 0.486459 0.793458 0.790754
105 0.504700 0.787240 0.778589
106 0.487851 0.797513 0.781022
107 0.482713 0.790484 0.756691
108 0.491732 0.779400 0.771290
109 0.492747 0.795350 0.798054
110 0.511855 0.787240 0.761557
111 0.497003 0.798865 0.800487
112 0.490245 0.793998 0.766423
113 0.483479 0.771290 0.766423
114 0.494285 0.788862 0.761557
115 0.479043 0.797783 0.781022
116 0.479099 0.800216 0.776156
117 0.483885 0.805893 0.795620
118 0.483606 0.788321 0.790754
119 0.474288 0.801568 0.788321
120 0.489508 0.805893 0.800487
121 0.473063 0.783455 0.763990
122 0.487354 0.809949 0.776156
123 0.473709 0.779670 0.768856
124 0.466484 0.805353 0.785888
125 0.473491 0.806975 0.773723
126 0.476533 0.808056 0.793187
127 0.454295 0.789403 0.795620
128 0.471992 0.815896 0.790754
129 0.472211 0.803731 0.788321
130 0.477455 0.808056 0.781022
131 0.465886 0.808327 0.793187
132 0.472267 0.789943 0.781022
133 0.471158 0.818600 0.793187
134 0.462421 0.818059 0.795620
135 0.458405 0.809408 0.785888
136 0.465317 0.817248 0.815085
137 0.464419 0.810489 0.802920
138 0.458256 0.816437 0.793187
139 0.455123 0.822925 0.795620
140 0.473602 0.820492 0.793187
141 0.451388 0.796702 0.793187
142 0.465868 0.815356 0.778589
143 0.451734 0.789673 0.785888
144 0.442432 0.815356 0.790754
145 0.448539 0.812382 0.807786
146 0.443947 0.821844 0.800487
147 0.457939 0.827251 0.783455
148 0.445149 0.826169 0.785888
149 0.445067 0.834820 0.817518
150 0.450765 0.836172 0.790754
151 0.430080 0.833469 0.802920
152 0.422313 0.839686 0.812652
153 0.432791 0.836713 0.802920
154 0.422945 0.848067 0.800487
155 0.439286 0.832928 0.798054
156 0.435760 0.848067 0.812652
157 0.424995 0.842660 0.815085
158 0.418972 0.841579 0.807786
159 0.419256 0.846175 0.812652
160 0.408019 0.839957 0.800487
161 0.430693 0.822655 0.776156
162 0.415364 0.832657 0.800487
163 0.417029 0.848067 0.805353
164 0.414428 0.846986 0.802920
165 0.396531 0.846175 0.810219
166 0.411379 0.855366 0.788321
167 0.413613 0.845093 0.805353
168 0.406141 0.844823 0.802920
169 0.406452 0.853204 0.805353
170 0.397460 0.846986 0.810219
171 0.398801 0.847256 0.812652
172 0.407279 0.855096 0.805353
173 0.406997 0.861314 0.798054
174 0.394512 0.855637 0.793187
175 0.389751 0.854285 0.798054
176 0.394072 0.852663 0.807786
177 0.411240 0.849148 0.829684
178 0.382687 0.851582 0.802920
179 0.386889 0.860232 0.778589
180 0.375912 0.856177 0.807786
181 0.396450 0.859421 0.795620
182 0.404090 0.859151 0.795620
183 0.399377 0.865369 0.800487
184 0.394419 0.863206 0.798054
185 0.388811 0.857799 0.807786
186 0.373558 0.864288 0.812652
187 0.393805 0.846175 0.785888
188 0.370665 0.860503 0.807786
189 0.381439 0.865639 0.824818
190 0.376571 0.860232 0.788321
191 0.386058 0.866991 0.807786
192 0.375101 0.856718 0.817518
193 0.382338 0.867261 0.810219
194 0.373274 0.867802 0.810219
195 0.369753 0.858610 0.822384
196 0.372532 0.866991 0.800487
197 0.381205 0.863206 0.790754
198 0.366995 0.866180 0.819951
199 0.370421 0.826980 0.785888
200 0.377860 0.881319 0.829684
201 0.357049 0.884563 0.819951
202 0.348869 0.884563 0.807786
203 0.344534 0.886996 0.827251
204 0.347581 0.886726 0.824818
205 0.354500 0.873479 0.822384
206 0.353639 0.884563 0.802920
207 0.349650 0.889430 0.829684
208 0.332651 0.885374 0.817518
209 0.339892 0.891322 0.822384
210 0.339525 0.889430 0.812652
211 0.349788 0.886726 0.832117
212 0.337956 0.887267 0.815085
213 0.339723 0.890511 0.822384
214 0.328824 0.887808 0.802920
215 0.325230 0.889970 0.824818
216 0.347031 0.893214 0.827251
217 0.325695 0.892674 0.827251
218 0.330601 0.896999 0.817518
219 0.334902 0.892133 0.827251
220 0.326693 0.894566 0.834550
221 0.321169 0.894836 0.817518
222 0.336172 0.896188 0.827251
223 0.325011 0.896459 0.827251
224 0.330614 0.899973 0.836983
225 0.332541 0.899703 0.827251
226 0.318442 0.904298 0.829684
227 0.336752 0.900514 0.793187
228 0.320681 0.902676 0.810219
229 0.317083 0.903487 0.817518
230 0.316217 0.889970 0.800487
231 0.313799 0.901865 0.839416
232 0.323344 0.895647 0.815085
233 0.313314 0.906732 0.815085
234 0.318651 0.906191 0.822384
235 0.312580 0.901595 0.822384
236 0.315224 0.905921 0.819951
237 0.320702 0.901865 0.829684
238 0.312486 0.902136 0.824818
239 0.306643 0.903487 0.807786
240 0.303127 0.901595 0.824818
241 0.303675 0.905380 0.844282
242 0.320073 0.911598 0.832117
243 0.306400 0.902947 0.824818
244 0.298545 0.910246 0.807786
245 0.307171 0.907272 0.812652
246 0.295529 0.908354 0.810219
247 0.307322 0.912679 0.810219
248 0.300390 0.906732 0.815085
249 0.293478 0.911868 0.812652
250 0.295116 0.914301 0.832117
251 0.287569 0.915653 0.824818
252 0.281931 0.921871 0.815085
253 0.291581 0.919167 0.827251
254 0.283574 0.920249 0.827251
255 0.274917 0.918356 0.815085
256 0.277503 0.917545 0.829684
257 0.287690 0.919438 0.824818
258 0.267738 0.920249 0.812652
259 0.268327 0.912949 0.832117
260 0.270999 0.920789 0.800487
261 0.272433 0.923222 0.824818
262 0.284313 0.925926 0.824818
263 0.265725 0.925656 0.819951
264 0.288555 0.929170 0.819951
265 0.270264 0.926467 0.827251
266 0.268373 0.924034 0.817518
267 0.267177 0.924845 0.815085
268 0.262568 0.926737 0.810219
269 0.267950 0.925115 0.817518
270 0.271841 0.928089 0.822384
271 0.263547 0.925656 0.807786
272 0.281348 0.928359 0.822384
273 0.273033 0.927818 0.827251
274 0.281961 0.927007 0.819951
275 0.270323 0.928359 0.827251
276 0.262418 0.926737 0.810219
277 0.265512 0.930251 0.819951
278 0.271080 0.932144 0.817518
279 0.267343 0.931873 0.812652
280 0.261350 0.932685 0.834550
281 0.274895 0.931873 0.822384
282 0.263675 0.929981 0.827251
283 0.263861 0.935388 0.819951
284 0.266306 0.935388 0.829684
285 0.265241 0.933496 0.822384
286 0.253515 0.935929 0.819951
287 0.259871 0.934036 0.807786
288 0.262033 0.937280 0.807786
289 0.254989 0.937010 0.824818
290 0.249928 0.934577 0.817518
291 0.257955 0.934036 0.815085
292 0.263556 0.928629 0.822384
293 0.254191 0.938091 0.805353
294 0.254842 0.938632 0.822384
295 0.244110 0.937821 0.817518
296 0.256389 0.940254 0.812652
297 0.257505 0.938362 0.824818
298 0.247742 0.936740 0.812652
299 0.248453 0.936740 0.822384
300 0.246386 0.941065 0.812652
301 0.244540 0.944039 0.815085
302 0.246294 0.940795 0.819951
303 0.247609 0.941335 0.822384
304 0.242146 0.945120 0.815085
305 0.248678 0.944039 0.805353
306 0.252034 0.945120 0.810219
307 0.248108 0.943769 0.810219
308 0.242832 0.945391 0.822384
309 0.234196 0.948905 0.822384
310 0.241642 0.947013 0.824818
311 0.256717 0.944580 0.827251
312 0.232928 0.947824 0.800487
313 0.237130 0.944580 0.805353
314 0.230603 0.945931 0.810219
315 0.237807 0.945391 0.817518
316 0.242072 0.947824 0.812652
317 0.230740 0.948905 0.822384
318 0.242427 0.948364 0.817518
319 0.242996 0.949716 0.805353
320 0.240576 0.949986 0.815085
321 0.238913 0.950527 0.824818
322 0.237269 0.948094 0.812652
323 0.237046 0.947283 0.834550
324 0.244900 0.951068 0.807786
325 0.228933 0.949716 0.810219
326 0.234343 0.947824 0.815085
327 0.230398 0.950527 0.812652
328 0.237729 0.952420 0.812652
329 0.231285 0.951879 0.832117
330 0.231969 0.950798 0.815085
331 0.237666 0.950798 0.810219
332 0.229375 0.949175 0.817518
333 0.234791 0.951609 0.810219
334 0.243286 0.948635 0.822384
335 0.240203 0.954582 0.819951
336 0.232467 0.950527 0.805353
337 0.232369 0.954853 0.819951
338 0.233543 0.951879 0.822384
339 0.232305 0.951879 0.812652
340 0.220164 0.954582 0.810219
341 0.224841 0.951609 0.805353
342 0.231671 0.955393 0.812652
343 0.224667 0.951879 0.810219
344 0.239158 0.954312 0.810219
345 0.230155 0.955393 0.819951
346 0.216675 0.955934 0.810219
347 0.233802 0.955393 0.807786
348 0.233762 0.952960 0.810219
349 0.233822 0.956204 0.800487
350 0.232272 0.954042 0.802920
