1 2.703810 0.732222 0.710000
2 0.956452 0.741111 0.650000
3 0.600522 0.761111 0.710000
4 0.485113 0.793333 0.660000
5 0.463380 0.810000 0.700000
6 0.427952 0.776667 0.660000
7 0.510548 0.795556 0.720000
8 0.421482 0.800000 0.670000
9 0.370114 0.846667 0.710000
10 0.389170 0.814444 0.690000
11 0.365401 0.853333 0.720000
12 0.356416 0.827778 0.680000
13 0.346244 0.834444 0.720000
14 0.344087 0.866667 0.730000
15 0.341763 0.854444 0.700000
16 0.356124 0.860000 0.740000
17 0.343014 0.847778 0.690000
18 0.339881 0.850000 0.670000
19 0.317731 0.881111 0.680000
20 0.316553 0.861111 0.700000
21 0.304989 0.821111 0.660000
22 0.303412 0.865556 0.710000
23 0.303057 0.862222 0.720000
24 0.307471 0.875556 0.700000
25 0.309471 0.861111 0.670000
26 0.278854 0.877778 0.680000
27 0.299563 0.865556 0.710000
28 0.280657 0.852222 0.740000
29 0.351630 0.865556 0.670000
30 0.558345 0.830000 0.750000
31 0.371192 0.843333 0.680000
32 0.351962 0.870000 0.710000
33 0.324978 0.865556 0.680000
34 0.309010 0.874444 0.770000
35 0.294729 0.857778 0.730000
36 0.281588 0.878889 0.700000
37 0.276592 0.881111 0.700000
38 0.252569 0.888889 0.720000
39 0.294883 0.856667 0.690000
40 0.301551 0.878889 0.690000
41 0.284947 0.890000 0.680000
42 0.271864 0.875556 0.760000
43 0.262306 0.885556 0.680000
44 0.304808 0.875556 0.700000
45 0.252125 0.896667 0.730000
46 0.271517 0.890000 0.750000
47 0.289234 0.862222 0.690000
48 0.282067 0.895556 0.710000
49 0.276695 0.881111 0.750000
50 0.226161 0.908889 0.750000
51 0.218104 0.894444 0.730000
52 0.226131 0.912222 0.730000
53 0.222737 0.901111 0.730000
54 0.216979 0.908889 0.720000
55 0.216694 0.906667 0.710000
56 0.220643 0.910000 0.720000
57 0.236756 0.907778 0.710000
58 0.206713 0.912222 0.750000
59 0.211243 0.914444 0.720000
60 0.204091 0.914444 0.690000
61 0.207879 0.905556 0.750000
62 0.203956 0.910000 0.740000
63 0.202718 0.893333 0.720000
64 0.214949 0.905556 0.700000
65 0.197050 0.916667 0.710000
66 0.216461 0.911111 0.720000
67 0.202944 0.912222 0.720000
68 0.205319 0.886667 0.670000
69 0.223496 0.902222 0.720000
70 0.218394 0.912222 0.720000
71 0.201365 0.915556 0.710000
72 0.199298 0.910000 0.720000
73 0.214681 0.892222 0.660000
74 0.218428 0.906667 0.720000
75 0.225903 0.908889 0.700000
76 0.205053 0.901111 0.720000
77 0.198696 0.920000 0.700000
78 0.187330 0.918889 0.730000
79 0.200605 0.916667 0.700000
80 0.196726 0.920000 0.710000
81 0.206327 0.902222 0.680000
82 0.191098 0.918889 0.720000
83 0.197644 0.924444 0.720000
84 0.189400 0.921111 0.700000
85 0.190279 0.915556 0.720000
86 0.183470 0.925556 0.710000
87 0.199679 0.907778 0.720000
88 0.205558 0.911111 0.720000
89 0.192937 0.918889 0.670000
90 0.190763 0.921111 0.720000
91 0.187440 0.926667 0.730000
92 0.187352 0.918889 0.680000
93 0.194012 0.916667 0.690000
94 0.228761 0.910000 0.710000
95 0.214029 0.916667 0.730000
96 0.210406 0.918889 0.730000
97 0.185899 0.903333 0.680000
98 0.193180 0.921111 0.700000
99 0.178537 0.918889 0.740000
100 0.167828 0.922222 0.690000
101 0.163493 0.926667 0.690000
102 0.169610 0.925556 0.720000
103 0.169080 0.922222 0.710000
104 0.160513 0.925556 0.730000
105 0.162405 0.922222 0.710000
106 0.164971 0.927778 0.690000
107 0.164081 0.930000 0.720000
108 0.160753 0.930000 0.750000
109 0.166893 0.924444 0.720000
110 0.161945 0.926667 0.720000
111 0.171135 0.918889 0.680000
112 0.159746 0.924444 0.730000
113 0.156113 0.926667 0.730000
114 0.155400 0.930000 0.730000
115 0.176165 0.930000 0.720000
116 0.169014 0.930000 0.750000
117 0.151405 0.924444 0.750000
118 0.158030 0.920000 0.700000
119 0.163108 0.930000 0.750000
120 0.162143 0.922222 0.690000
121 0.166836 0.928889 0.720000
122 0.168489 0.927778 0.700000
123 0.160525 0.927778 0.710000
124 0.163605 0.933333 0.710000
125 0.153481 0.931111 0.690000
126 0.155992 0.934444 0.700000
127 0.149058 0.922222 0.710000
128 0.156513 0.925556 0.650000
129 0.174422 0.930000 0.680000
130 0.190366 0.925556 0.700000
131 0.178168 0.926667 0.730000
132 0.158595 0.932222 0.740000
133 0.174042 0.927778 0.770000
134 0.154271 0.931111 0.730000
135 0.158458 0.928889 0.690000
136 0.154832 0.927778 0.740000
137 0.159622 0.935556 0.690000
138 0.160269 0.928889 0.740000
139 0.188164 0.924444 0.690000
140 0.165692 0.921111 0.700000
141 0.165705 0.927778 0.740000
142 0.164573 0.931111 0.740000
143 0.160933 0.924444 0.750000
144 0.161243 0.928889 0.720000
145 0.168817 0.925556 0.720000
146 0.158830 0.924444 0.720000
147 0.166725 0.926667 0.680000
148 0.151725 0.928889 0.730000
149 0.164508 0.925556 0.720000
150 0.161398 0.928889 0.670000
151 0.150665 0.928889 0.710000
152 0.148355 0.924444 0.700000
153 0.148391 0.933333 0.700000
154 0.142126 0.932222 0.710000
155 0.146836 0.934444 0.710000
156 0.140539 0.932222 0.740000
157 0.143241 0.936667 0.720000
158 0.135873 0.930000 0.740000
159 0.143930 0.937778 0.740000
160 0.143303 0.938889 0.730000
161 0.151334 0.935556 0.740000
162 0.141978 0.938889 0.740000
163 0.139939 0.930000 0.710000
164 0.137458 0.938889 0.710000
165 0.141914 0.932222 0.740000
166 0.150085 0.942222 0.760000
167 0.144804 0.934444 0.700000
168 0.146482 0.935556 0.710000
169 0.136839 0.932222 0.690000
170 0.145276 0.936667 0.710000
171 0.148936 0.935556 0.700000
172 0.143038 0.938889 0.690000
173 0.146289 0.936667 0.690000
174 0.138537 0.938889 0.730000
175 0.143112 0.933333 0.750000
176 0.141448 0.935556 0.700000
177 0.141356 0.932222 0.700000
178 0.142595 0.943333 0.710000
179 0.139632 0.940000 0.720000
180 0.135356 0.935556 0.700000
181 0.138458 0.941111 0.730000
182 0.144942 0.935556 0.680000
183 0.138037 0.936667 0.730000
184 0.138394 0.937778 0.750000
185 0.146085 0.935556 0.730000
186 0.149592 0.938889 0.690000
187 0.150552 0.940000 0.690000
188 0.142432 0.938889 0.740000
189 0.141155 0.941111 0.740000
190 0.140938 0.938889 0.740000
191 0.137799 0.935556 0.730000
192 0.142163 0.936667 0.740000
193 0.147145 0.943333 0.750000
194 0.140213 0.937778 0.720000
195 0.144168 0.940000 0.710000
196 0.151269 0.938889 0.740000
197 0.149179 0.938889 0.730000
198 0.142715 0.937778 0.740000
199 0.144344 0.942222 0.730000
200 0.137100 0.942222 0.740000
201 0.136240 0.941111 0.730000
202 0.134191 0.940000 0.750000
203 0.138558 0.942222 0.740000
204 0.142752 0.942222 0.740000
205 0.133686 0.943333 0.710000
206 0.140941 0.943333 0.720000
207 0.133576 0.944444 0.730000
208 0.133988 0.943333 0.730000
209 0.140810 0.945556 0.700000
210 0.133544 0.942222 0.730000
211 0.131199 0.941111 0.710000
212 0.131586 0.942222 0.730000
213 0.141064 0.943333 0.730000
214 0.132604 0.944444 0.740000
215 0.138554 0.943333 0.740000
216 0.141579 0.943333 0.740000
217 0.128829 0.943333 0.710000
218 0.135793 0.944444 0.740000
219 0.132170 0.940000 0.740000
220 0.135539 0.942222 0.740000
221 0.131355 0.942222 0.720000
222 0.131814 0.937778 0.700000
223 0.124443 0.941111 0.700000
224 0.133715 0.942222 0.740000
225 0.131740 0.944444 0.720000
226 0.137002 0.938889 0.740000
227 0.124870 0.943333 0.760000
228 0.133268 0.944444 0.730000
229 0.131126 0.941111 0.740000
230 0.139649 0.942222 0.710000
231 0.129638 0.942222 0.720000
232 0.140892 0.943333 0.700000
233 0.137269 0.943333 0.710000
234 0.124342 0.945556 0.700000
235 0.129966 0.937778 0.720000
236 0.133398 0.943333 0.720000
237 0.131677 0.938889 0.720000
238 0.129554 0.944444 0.740000
239 0.142220 0.943333 0.730000
240 0.138731 0.944444 0.750000
241 0.131391 0.940000 0.710000
242 0.132399 0.943333 0.730000
243 0.135059 0.945556 0.720000
244 0.120156 0.942222 0.720000
245 0.133002 0.943333 0.720000
246 0.126277 0.940000 0.730000
247 0.125174 0.942222 0.710000
248 0.122534 0.943333 0.710000
249 0.130532 0.942222 0.730000
250 0.129094 0.942222 0.690000
251 0.136660 0.944444 0.710000
252 0.126094 0.945556 0.730000
253 0.122088 0.945556 0.730000
254 0.125063 0.942222 0.720000
255 0.130934 0.944444 0.710000
256 0.130713 0.944444 0.730000
257 0.127051 0.945556 0.720000
258 0.128004 0.945556 0.730000
259 0.124909 0.944444 0.730000
260 0.124767 0.946667 0.750000
261 0.128333 0.945556 0.710000
262 0.129773 0.946667 0.720000
263 0.127352 0.944444 0.720000
264 0.132606 0.944444 0.740000
265 0.121072 0.943333 0.740000
266 0.125092 0.943333 0.740000
267 0.132157 0.943333 0.710000
268 0.128913 0.945556 0.720000
269 0.122140 0.945556 0.720000
270 0.125039 0.943333 0.720000
271 0.135070 0.944444 0.740000
272 0.127719 0.945556 0.730000
273 0.121672 0.944444 0.750000
274 0.127702 0.945556 0.730000
275 0.135086 0.944444 0.740000
276 0.133363 0.942222 0.730000
277 0.126152 0.945556 0.750000
278 0.127851 0.944444 0.720000
279 0.123308 0.945556 0.710000
280 0.117538 0.946667 0.720000
281 0.124682 0.943333 0.700000
282 0.128704 0.943333 0.720000
283 0.127301 0.945556 0.720000
284 0.125990 0.946667 0.740000
285 0.129463 0.943333 0.720000
286 0.130576 0.944444 0.710000
287 0.132293 0.945556 0.720000
288 0.126670 0.944444 0.730000
289 0.125409 0.946667 0.720000
290 0.129990 0.945556 0.740000
291 0.122233 0.944444 0.740000
292 0.125533 0.945556 0.740000
293 0.122294 0.943333 0.720000
294 0.126953 0.945556 0.720000
295 0.124681 0.944444 0.730000
296 0.124753 0.947778 0.720000
297 0.119052 0.945556 0.730000
298 0.127850 0.945556 0.720000
299 0.124796 0.944444 0.730000
300 0.127186 0.945556 0.730000
301 0.125511 0.945556 0.730000
302 0.129139 0.944444 0.740000
303 0.128170 0.945556 0.730000
304 0.117633 0.945556 0.720000
305 0.124410 0.945556 0.750000
306 0.126122 0.945556 0.720000
307 0.121333 0.947778 0.740000
308 0.125859 0.944444 0.700000
309 0.122361 0.944444 0.740000
310 0.124702 0.946667 0.710000
311 0.126548 0.946667 0.710000
312 0.122317 0.944444 0.730000
313 0.131337 0.945556 0.720000
314 0.119385 0.945556 0.730000
315 0.121089 0.944444 0.750000
316 0.119881 0.947778 0.740000
317 0.126054 0.947778 0.750000
318 0.129119 0.948889 0.710000
319 0.126761 0.947778 0.720000
320 0.118864 0.948889 0.730000
321 0.131018 0.947778 0.720000
322 0.122821 0.948889 0.710000
323 0.123571 0.944444 0.720000
324 0.123597 0.948889 0.720000
325 0.123142 0.946667 0.710000
326 0.125306 0.945556 0.740000
327 0.121082 0.945556 0.720000
328 0.124677 0.946667 0.740000
329 0.123852 0.948889 0.730000
330 0.121065 0.947778 0.720000
331 0.130317 0.945556 0.740000
332 0.128617 0.945556 0.740000
333 0.117240 0.947778 0.740000
334 0.122062 0.946667 0.720000
335 0.118688 0.947778 0.720000
336 0.121946 0.943333 0.720000
337 0.117156 0.945556 0.730000
338 0.125760 0.945556 0.730000
339 0.128678 0.948889 0.730000
340 0.119585 0.947778 0.740000
341 0.120048 0.946667 0.730000
342 0.123012 0.946667 0.730000
343 0.129198 0.947778 0.750000
344 0.120270 0.943333 0.730000
345 0.122327 0.950000 0.730000
346 0.121988 0.945556 0.730000
347 0.124943 0.945556 0.720000
348 0.130232 0.946667 0.720000
349 0.127756 0.945556 0.730000
350 0.120666 0.947778 0.740000
