1 2.804916 0.580427 0.579075
2 1.060336 0.624223 0.598540
3 0.998159 0.685320 0.695864
4 0.923093 0.582049 0.603406
5 0.873914 0.594215 0.579075
6 0.781690 0.650716 0.681265
7 0.846618 0.616923 0.635036
8 0.741846 0.543120 0.547445
9 0.806033 0.587456 0.593674
10 0.921595 0.600973 0.554745
11 0.735309 0.698567 0.664234
12 0.750299 0.712355 0.712895
13 0.723451 0.718032 0.712895
14 0.754121 0.692890 0.681265
15 0.602423 0.707218 0.729927
16 0.751853 0.704785 0.703163
17 0.744659 0.682617 0.708029
18 0.640454 0.705326 0.698297
19 0.619580 0.694242 0.693431
20 0.648424 0.526088 0.520681
21 0.650142 0.701811 0.688564
22 0.647475 0.717221 0.725061
23 0.626431 0.704515 0.742092
24 0.639693 0.723979 0.732360
25 0.625730 0.696404 0.705596
26 0.657032 0.700460 0.700730
27 0.588511 0.708840 0.729927
28 0.614442 0.675588 0.705596
29 0.583261 0.721546 0.722628
30 0.585560 0.720195 0.725061
31 0.592727 0.720195 0.739659
32 0.626447 0.728305 0.737226
33 0.587108 0.699919 0.742092
34 0.613958 0.709922 0.710462
35 0.610411 0.660178 0.647202
36 0.597326 0.726683 0.732360
37 0.578230 0.732630 0.749392
38 0.563050 0.726683 0.749392
39 0.665801 0.722087 0.732360
40 0.564499 0.725872 0.734793
41 0.571918 0.718302 0.722628
42 0.576519 0.724520 0.742092
43 0.558712 0.730468 0.732360
44 0.588431 0.721817 0.746959
45 0.600802 0.723979 0.729927
46 0.581355 0.723439 0.739659
47 0.610423 0.698567 0.710462
48 0.566557 0.718843 0.732360
49 0.569389 0.682617 0.712895
50 0.593721 0.733441 0.763990
51 0.562558 0.728846 0.742092
52 0.559950 0.718843 0.717762
53 0.557060 0.738308 0.739659
54 0.561271 0.737226 0.759124
55 0.553947 0.744255 0.759124
56 0.542926 0.701000 0.727494
57 0.560048 0.742363 0.751825
58 0.553751 0.753177 0.734793
59 0.548233 0.747229 0.744526
60 0.545845 0.745066 0.751825
61 0.533108 0.758043 0.768856
62 0.542328 0.747499 0.744526
63 0.552054 0.739389 0.744526
64 0.547637 0.739389 0.749392
65 0.554394 0.748040 0.771290
66 0.544633 0.739930 0.756691
67 0.542684 0.753447 0.759124
68 0.522435 0.763990 0.763990
69 0.532810 0.760476 0.763990
70 0.536753 0.765612 0.742092
71 0.537195 0.740741 0.732360
72 0.529915 0.763450 0.759124
73 0.527725 0.764801 0.763990
74 0.540510 0.749662 0.734793
75 0.536490 0.764801 0.761557
76 0.544165 0.764801 0.751825
77 0.533909 0.762909 0.761557
78 0.528954 0.761828 0.746959
79 0.529314 0.754258 0.768856
80 0.522713 0.752636 0.771290
81 0.538957 0.750473 0.746959
82 0.527651 0.764531 0.749392
83 0.532702 0.768045 0.761557
84 0.541080 0.770749 0.766423
85 0.530812 0.765883 0.751825
86 0.531060 0.758313 0.754258
87 0.529386 0.741822 0.742092
88 0.565744 0.765883 0.756691
89 0.542274 0.761557 0.746959
90 0.509651 0.741281 0.729927
91 0.528850 0.767505 0.754258
92 0.526341 0.765883 0.754258
93 0.525874 0.756691 0.763990
94 0.527360 0.678832 0.666667
95 0.543893 0.762909 0.773723
96 0.524308 0.772641 0.768856
97 0.520550 0.777778 0.773723
98 0.522740 0.779941 0.768856
99 0.519218 0.770749 0.751825
100 0.520887 0.779941 0.763990
101 0.511076 0.786699 0.763990
102 0.504644 0.783996 0.773723
103 0.501813 0.784266 0.759124
104 0.509983 0.775074 0.744526
105 0.497022 0.788862 0.771290
106 0.493980 0.780752 0.781022
107 0.500682 0.783996 0.766423
108 0.493152 0.784807 0.768856
109 0.499652 0.791295 0.763990
110 0.504642 0.773723 0.737226
111 0.496277 0.782644 0.768856
112 0.490408 0.790214 0.776156
113 0.496141 0.792106 0.776156
114 0.499481 0.775345 0.768856
115 0.489194 0.784266 0.742092
116 0.490223 0.792917 0.771290
117 0.503931 0.792376 0.781022
118 0.489359 0.787240 0.781022
119 0.500687 0.793998 0.773723
120 0.488845 0.796702 0.783455
121 0.473826 0.773452 0.766423
122 0.485439 0.791295 0.778589
123 0.486992 0.796702 0.810219
124 0.486139 0.787780 0.788321
125 0.476982 0.797513 0.778589
126 0.494712 0.790484 0.788321
127 0.479943 0.792376 0.756691
128 0.483814 0.798865 0.771290
129 0.486426 0.800487 0.781022
130 0.491026 0.802109 0.790754
131 0.473498 0.794269 0.756691
132 0.475774 0.804812 0.776156
133 0.480004 0.799405 0.795620
134 0.471716 0.783185 0.783455
135 0.496154 0.801298 0.798054
136 0.474829 0.800757 0.778589
137 0.471735 0.805893 0.783455
138 0.478025 0.802379 0.788321
139 0.472382 0.813733 0.790754
140 0.475283 0.803731 0.778589
141 0.476298 0.803731 0.805353
142 0.456617 0.811841 0.800487
143 0.486985 0.803190 0.788321
144 0.441874 0.810219 0.788321
145 0.481621 0.811300 0.795620
146 0.463301 0.806434 0.778589
147 0.453394 0.813193 0.781022
148 0.447572 0.805893 0.795620
149 0.462141 0.808327 0.790754
150 0.453632 0.826440 0.788321
151 0.434981 0.828062 0.800487
152 0.439685 0.824547 0.778589
153 0.427546 0.831846 0.768856
154 0.432732 0.827791 0.785888
155 0.447658 0.816978 0.798054
156 0.440758 0.821844 0.795620
157 0.433164 0.826169 0.793187
158 0.424860 0.836713 0.800487
159 0.431222 0.831035 0.793187
160 0.419713 0.826710 0.790754
161 0.435925 0.831846 0.785888
162 0.421831 0.839957 0.819951
163 0.415954 0.835091 0.788321
164 0.429275 0.838064 0.788321
165 0.423966 0.841849 0.793187
166 0.411361 0.844553 0.798054
167 0.421800 0.839686 0.802920
168 0.421322 0.838875 0.812652
169 0.419513 0.834820 0.790754
170 0.421149 0.842119 0.793187
171 0.404598 0.835631 0.800487
172 0.420872 0.845904 0.788321
173 0.415358 0.849689 0.802920
174 0.424887 0.849148 0.802920
175 0.408293 0.846715 0.798054
176 0.405780 0.847256 0.815085
177 0.404263 0.845093 0.798054
178 0.407768 0.851041 0.785888
179 0.416210 0.839686 0.790754
180 0.411359 0.852933 0.812652
181 0.395637 0.843742 0.793187
182 0.413630 0.851041 0.800487
183 0.406556 0.854015 0.807786
184 0.387492 0.849689 0.768856
185 0.403135 0.851041 0.781022
186 0.383756 0.848067 0.798054
187 0.409124 0.855366 0.773723
188 0.398282 0.856718 0.790754
189 0.385078 0.852122 0.785888
190 0.388808 0.856718 0.802920
191 0.394584 0.857259 0.807786
192 0.384888 0.861044 0.798054
193 0.378419 0.858340 0.790754
194 0.388714 0.864288 0.802920
195 0.405449 0.865099 0.788321
196 0.386171 0.869154 0.793187
197 0.388861 0.867261 0.805353
198 0.383513 0.862936 0.824818
199 0.381326 0.868883 0.812652
200 0.381058 0.880238 0.817518
201 0.363548 0.874831 0.805353
202 0.362480 0.876183 0.802920
203 0.362371 0.883752 0.812652
204 0.356655 0.879697 0.810219
205 0.354431 0.880238 0.815085
206 0.361352 0.882130 0.819951
207 0.346604 0.885645 0.822384
208 0.353841 0.886185 0.812652
209 0.346962 0.887267 0.807786
210 0.344627 0.887267 0.812652
211 0.346234 0.883482 0.805353
212 0.338377 0.880779 0.834550
213 0.351537 0.887808 0.819951
214 0.338995 0.887808 0.829684
215 0.363241 0.893214 0.798054
216 0.345721 0.893214 0.800487
217 0.339143 0.888619 0.817518
218 0.353880 0.885374 0.817518
219 0.354324 0.894836 0.827251
220 0.347558 0.890241 0.827251
221 0.339458 0.887537 0.819951
222 0.334380 0.891322 0.807786
223 0.345748 0.895377 0.800487
224 0.343729 0.894566 0.798054
225 0.337259 0.894566 0.817518
226 0.343101 0.892944 0.822384
227 0.339784 0.893755 0.829684
228 0.347312 0.903217 0.824818
229 0.336393 0.889159 0.810219
230 0.326881 0.897810 0.800487
231 0.325552 0.900243 0.798054
232 0.338925 0.902947 0.810219
233 0.320604 0.902947 0.817518
234 0.322458 0.904298 0.802920
235 0.311074 0.904569 0.815085
236 0.322532 0.901865 0.815085
237 0.327048 0.911868 0.807786
238 0.308310 0.907002 0.815085
239 0.322751 0.904839 0.815085
240 0.335376 0.897810 0.829684
241 0.324011 0.908354 0.819951
242 0.319488 0.910516 0.822384
243 0.328451 0.909165 0.817518
244 0.311250 0.907272 0.822384
245 0.320742 0.906461 0.827251
246 0.313977 0.911057 0.817518
247 0.322671 0.911057 0.790754
248 0.317444 0.906732 0.815085
249 0.312719 0.912679 0.810219
250 0.305584 0.919978 0.812652
251 0.296357 0.919978 0.819951
252 0.298910 0.917005 0.810219
253 0.291638 0.917545 0.819951
254 0.309446 0.920249 0.817518
255 0.305078 0.918086 0.810219
256 0.300057 0.916464 0.822384
257 0.287784 0.919708 0.824818
258 0.296080 0.922682 0.822384
259 0.306504 0.924034 0.817518
260 0.301345 0.922682 0.800487
261 0.275802 0.924845 0.817518
262 0.282252 0.923763 0.815085
263 0.275664 0.923763 0.815085
264 0.285201 0.924574 0.822384
265 0.289235 0.922952 0.815085
266 0.294764 0.924845 0.810219
267 0.284230 0.926196 0.815085
268 0.287645 0.926467 0.819951
269 0.304276 0.926467 0.817518
270 0.288457 0.926737 0.822384
271 0.284634 0.928629 0.810219
272 0.306332 0.922952 0.817518
273 0.283413 0.923493 0.824818
274 0.285226 0.925115 0.807786
275 0.268332 0.930792 0.810219
276 0.284388 0.926737 0.802920
277 0.277644 0.924845 0.807786
278 0.285435 0.930251 0.812652
279 0.288529 0.926737 0.815085
280 0.267558 0.931062 0.802920
281 0.296447 0.931062 0.807786
282 0.287987 0.928629 0.798054
283 0.277808 0.931333 0.824818
284 0.277248 0.933225 0.807786
285 0.287482 0.925656 0.824818
286 0.263024 0.930522 0.810219
287 0.286649 0.931062 0.810219
288 0.285117 0.930522 0.817518
289 0.277113 0.933225 0.802920
290 0.283170 0.934847 0.812652
291 0.278809 0.933496 0.819951
292 0.275211 0.933225 0.817518
293 0.263154 0.935658 0.807786
294 0.266812 0.936199 0.807786
295 0.265975 0.935118 0.819951
296 0.269709 0.932144 0.815085
297 0.278255 0.934307 0.807786
298 0.276819 0.933496 0.815085
299 0.279849 0.933496 0.807786
300 0.271132 0.937551 0.812652
301 0.270239 0.935118 0.815085
302 0.263318 0.938091 0.807786
303 0.264068 0.939443 0.807786
304 0.260682 0.937551 0.815085
305 0.262238 0.936469 0.810219
306 0.253031 0.936740 0.812652
307 0.258271 0.936740 0.815085
308 0.248184 0.937821 0.812652
309 0.257878 0.937010 0.815085
310 0.259113 0.937010 0.810219
311 0.255860 0.942958 0.815085
312 0.253923 0.940795 0.815085
313 0.260583 0.939713 0.807786
314 0.252829 0.940524 0.812652
315 0.258150 0.940254 0.812652
316 0.254164 0.942687 0.815085
317 0.251486 0.943769 0.812652
318 0.247643 0.940254 0.819951
319 0.254826 0.942687 0.815085
320 0.248194 0.939713 0.810219
321 0.254641 0.942687 0.815085
322 0.262768 0.942417 0.802920
323 0.259507 0.942687 0.812652
324 0.259119 0.941335 0.802920
325 0.241597 0.945120 0.807786
326 0.250844 0.945661 0.812652
327 0.251295 0.945661 0.817518
328 0.252663 0.944309 0.807786
329 0.242427 0.943769 0.817518
330 0.253755 0.941606 0.819951
331 0.253463 0.946742 0.815085
332 0.260417 0.942687 0.817518
333 0.253326 0.944039 0.819951
334 0.239994 0.945120 0.817518
335 0.236563 0.945661 0.822384
336 0.255493 0.944580 0.802920
337 0.254483 0.944309 0.810219
338 0.248837 0.946742 0.812652
339 0.244928 0.945661 0.810219
340 0.240476 0.946472 0.805353
341 0.253493 0.944039 0.815085
342 0.255303 0.945931 0.802920
343 0.261107 0.945931 0.802920
344 0.246262 0.946742 0.807786
345 0.238965 0.944850 0.805353
346 0.239804 0.948094 0.807786
347 0.251217 0.948094 0.812652
348 0.241071 0.948094 0.805353
349 0.241932 0.947824 0.810219
350 0.237009 0.947283 0.815085
