1 1.494219 0.758824 0.777778
2 0.610158 0.723529 0.722222
3 0.584058 0.617647 0.444444
4 0.508809 0.758824 0.555556
5 0.671287 0.347059 0.333333
6 0.471730 0.723529 0.777778
7 0.639043 0.747059 0.611111
8 0.425840 0.800000 0.833333
9 0.386251 0.711765 0.777778
10 0.535210 0.776471 0.555556
11 0.427908 0.864706 0.833333
12 0.453082 0.494118 0.333333
13 0.434025 0.764706 0.833333
14 0.457308 0.682353 0.500000
15 0.528773 0.776471 0.611111
16 0.392150 0.776471 0.777778
17 0.404786 0.764706 0.555556
18 0.359840 0.800000 0.888889
19 0.345080 0.864706 0.833333
20 0.360959 0.652941 0.444444
21 0.376998 0.764706 0.722222
22 0.348855 0.729412 0.777778
23 0.366276 0.358824 0.333333
24 0.355364 0.476471 0.500000
25 0.323967 0.611765 0.722222
26 0.297571 0.788235 0.888889
27 0.352903 0.882353 0.833333
28 0.368359 0.694118 0.444444
29 0.311513 0.394118 0.333333
30 0.310657 0.841176 0.833333
31 0.300760 0.782353 0.555556
32 0.294506 0.911765 0.888889
33 0.259040 0.441176 0.444444
34 0.277290 0.829412 0.666667
35 0.260693 0.388235 0.388889
36 0.270454 0.541176 0.555556
37 0.283263 0.858824 0.777778
38 0.303601 0.388235 0.388889
39 0.258030 0.464706 0.500000
40 0.240073 0.435294 0.444444
41 0.272038 0.370588 0.388889
42 0.279548 0.764706 0.722222
43 0.258854 0.888235 0.833333
44 0.245455 0.841176 0.722222
45 0.243321 0.882353 0.777778
46 0.235567 0.441176 0.444444
47 0.232253 0.500000 0.444444
48 0.242122 0.482353 0.666667
49 0.227265 0.388235 0.444444
50 0.218064 0.611765 0.666667
51 0.192240 0.870588 0.833333
52 0.204479 0.470588 0.388889
53 0.191005 0.888235 0.833333
54 0.196848 0.582353 0.722222
55 0.196364 0.494118 0.555556
56 0.183538 0.441176 0.388889
57 0.194960 0.888235 0.777778
58 0.191622 0.623529 0.444444
59 0.195692 0.435294 0.388889
60 0.194553 0.664706 0.555556
61 0.177980 0.735294 0.555556
62 0.191163 0.894118 0.777778
63 0.189511 0.876471 0.833333
64 0.183092 0.864706 0.888889
65 0.202901 0.835294 0.722222
66 0.193689 0.758824 0.722222
67 0.195692 0.494118 0.388889
68 0.191037 0.511765 0.500000
69 0.187894 0.735294 0.833333
70 0.179806 0.588235 0.666667
