1 2.502306 0.746667 0.740000
2 0.799999 0.768889 0.770000
3 0.597957 0.787778 0.760000
4 0.567836 0.738889 0.680000
5 0.522886 0.793333 0.750000
6 0.468163 0.806667 0.730000
7 0.488284 0.806667 0.750000
8 0.463560 0.814444 0.750000
9 0.418639 0.816667 0.750000
10 0.391658 0.832222 0.710000
11 0.393945 0.841111 0.680000
12 0.381116 0.836667 0.730000
13 0.678988 0.778889 0.740000
14 0.432421 0.821111 0.710000
15 0.379360 0.837778 0.760000
16 0.356082 0.835556 0.720000
17 0.365989 0.855556 0.710000
18 0.356048 0.862222 0.680000
19 0.363880 0.848889 0.700000
20 0.323260 0.854444 0.680000
21 0.341277 0.858889 0.640000
22 0.328295 0.883333 0.670000
23 0.322182 0.880000 0.700000
24 0.312479 0.853333 0.700000
25 0.311863 0.875556 0.710000
26 0.321152 0.873333 0.680000
27 0.283661 0.876667 0.690000
28 0.298543 0.865556 0.690000
29 0.298508 0.863333 0.650000
30 0.403981 0.844444 0.650000
31 0.409445 0.838889 0.710000
32 0.327616 0.872222 0.730000
33 0.307626 0.890000 0.690000
34 0.302921 0.862222 0.690000
35 0.286561 0.836667 0.610000
36 0.293850 0.875556 0.660000
37 0.257903 0.878889 0.690000
38 0.256634 0.888889 0.700000
39 0.291273 0.856667 0.690000
40 0.271203 0.876667 0.690000
41 0.287406 0.887778 0.670000
42 0.259640 0.873333 0.670000
43 0.274324 0.878889 0.670000
44 0.260947 0.891111 0.700000
45 0.254969 0.890000 0.710000
46 0.255276 0.898889 0.670000
47 0.253806 0.887778 0.680000
48 0.262854 0.893333 0.680000
49 0.260910 0.877778 0.660000
50 0.238533 0.902222 0.700000
51 0.218375 0.910000 0.710000
52 0.210975 0.916667 0.670000
53 0.212626 0.904444 0.680000
54 0.202649 0.910000 0.690000
55 0.206151 0.907778 0.680000
56 0.217333 0.912222 0.680000
57 0.214326 0.915556 0.670000
58 0.212732 0.914444 0.680000
59 0.197851 0.903333 0.700000
60 0.225914 0.898889 0.660000
61 0.208050 0.914444 0.700000
62 0.215881 0.910000 0.690000
63 0.202929 0.916667 0.710000
64 0.206836 0.910000 0.710000
65 0.201948 0.912222 0.700000
66 0.203158 0.915556 0.680000
67 0.207679 0.912222 0.690000
68 0.211375 0.914444 0.720000
69 0.200253 0.908889 0.710000
70 0.205931 0.916667 0.680000
71 0.214967 0.903333 0.710000
72 0.206805 0.912222 0.690000
73 0.247707 0.905556 0.680000
74 0.226331 0.918889 0.680000
75 0.197835 0.910000 0.690000
76 0.213289 0.912222 0.700000
77 0.207697 0.898889 0.680000
78 0.211071 0.911111 0.660000
79 0.228922 0.907778 0.640000
80 0.192707 0.918889 0.720000
81 0.212120 0.903333 0.740000
82 0.199664 0.914444 0.670000
83 0.191023 0.915556 0.710000
84 0.198874 0.914444 0.700000
85 0.209745 0.906667 0.700000
86 0.198793 0.911111 0.660000
87 0.204234 0.918889 0.730000
88 0.207183 0.922222 0.720000
89 0.211321 0.918889 0.700000
90 0.202055 0.912222 0.710000
91 0.200126 0.911111 0.700000
92 0.217060 0.918889 0.680000
93 0.205859 0.915556 0.660000
94 0.566163 0.901111 0.680000
95 0.388035 0.886667 0.660000
96 0.257975 0.906667 0.710000
97 0.232931 0.905556 0.760000
98 0.244583 0.902222 0.690000
99 0.219066 0.916667 0.720000
100 0.188744 0.920000 0.710000
101 0.172556 0.911111 0.700000
102 0.187940 0.920000 0.730000
103 0.180378 0.922222 0.700000
104 0.181435 0.925556 0.700000
105 0.179847 0.930000 0.720000
106 0.186037 0.928889 0.730000
107 0.174653 0.923333 0.730000
108 0.171371 0.922222 0.720000
109 0.182667 0.918889 0.720000
110 0.177898 0.927778 0.730000
111 0.179252 0.920000 0.710000
112 0.177445 0.927778 0.710000
113 0.182285 0.913333 0.720000
114 0.181362 0.923333 0.720000
115 0.165641 0.925556 0.710000
116 0.184811 0.921111 0.710000
117 0.185181 0.926667 0.690000
118 0.165182 0.928889 0.700000
119 0.165010 0.925556 0.710000
120 0.166661 0.936667 0.720000
121 0.167519 0.922222 0.690000
122 0.177501 0.924444 0.700000
123 0.174117 0.932222 0.700000
124 0.162491 0.926667 0.700000
125 0.164152 0.926667 0.680000
126 0.159591 0.928889 0.670000
127 0.172981 0.922222 0.690000
128 0.165092 0.928889 0.700000
129 0.162996 0.927778 0.690000
130 0.185073 0.922222 0.720000
131 0.167590 0.921111 0.730000
132 0.177759 0.925556 0.700000
133 0.180340 0.918889 0.730000
134 0.162889 0.931111 0.720000
135 0.175102 0.925556 0.710000
136 0.167937 0.926667 0.710000
137 0.170686 0.917778 0.710000
138 0.171040 0.924444 0.700000
139 0.176639 0.933333 0.680000
140 0.171801 0.924444 0.720000
141 0.171741 0.928889 0.690000
142 0.159552 0.930000 0.700000
143 0.160527 0.920000 0.710000
144 0.170132 0.928889 0.700000
145 0.163537 0.927778 0.690000
146 0.168032 0.925556 0.680000
147 0.170534 0.931111 0.700000
148 0.168447 0.932222 0.720000
149 0.158147 0.928889 0.710000
150 0.154809 0.935556 0.670000
151 0.152988 0.932222 0.670000
152 0.150194 0.935556 0.710000
153 0.164806 0.932222 0.700000
154 0.154306 0.932222 0.710000
155 0.154551 0.934444 0.700000
156 0.150109 0.927778 0.700000
157 0.155484 0.931111 0.690000
158 0.147533 0.933333 0.690000
159 0.144625 0.934444 0.700000
160 0.153484 0.926667 0.700000
161 0.157275 0.938889 0.700000
162 0.156426 0.935556 0.700000
163 0.160688 0.933333 0.710000
164 0.160280 0.933333 0.710000
165 0.154624 0.928889 0.710000
166 0.158087 0.933333 0.710000
167 0.157300 0.935556 0.700000
168 0.157422 0.934444 0.690000
169 0.145394 0.935556 0.700000
170 0.143083 0.931111 0.720000
171 0.150861 0.933333 0.680000
172 0.144256 0.927778 0.690000
173 0.154011 0.931111 0.700000
174 0.151687 0.930000 0.700000
175 0.155168 0.931111 0.700000
176 0.158219 0.932222 0.690000
177 0.150861 0.933333 0.690000
178 0.150343 0.932222 0.700000
179 0.149202 0.936667 0.680000
180 0.158142 0.930000 0.680000
181 0.160173 0.932222 0.660000
182 0.147848 0.933333 0.660000
183 0.152185 0.930000 0.690000
184 0.147970 0.937778 0.690000
185 0.144321 0.937778 0.710000
186 0.147898 0.934444 0.700000
187 0.152361 0.932222 0.690000
188 0.152774 0.933333 0.670000
189 0.157051 0.934444 0.680000
190 0.157274 0.936667 0.680000
191 0.154064 0.933333 0.680000
192 0.142050 0.933333 0.690000
193 0.149408 0.936667 0.670000
194 0.144874 0.927778 0.680000
195 0.153459 0.934444 0.690000
196 0.155200 0.932222 0.670000
197 0.156762 0.933333 0.660000
198 0.137819 0.935556 0.690000
199 0.151051 0.928889 0.690000
200 0.146602 0.934444 0.670000
201 0.141399 0.937778 0.670000
202 0.147684 0.932222 0.660000
203 0.148878 0.935556 0.670000
204 0.139318 0.934444 0.680000
205 0.145861 0.936667 0.670000
206 0.135614 0.934444 0.650000
207 0.147940 0.935556 0.670000
208 0.147827 0.936667 0.660000
209 0.143216 0.936667 0.680000
210 0.135979 0.936667 0.650000
211 0.131443 0.935556 0.670000
212 0.142476 0.936667 0.660000
213 0.138741 0.933333 0.660000
214 0.144086 0.936667 0.660000
215 0.145483 0.940000 0.660000
216 0.139797 0.934444 0.690000
217 0.138393 0.940000 0.670000
218 0.146355 0.936667 0.660000
219 0.148355 0.937778 0.670000
220 0.144183 0.934444 0.670000
221 0.137177 0.936667 0.660000
222 0.137928 0.935556 0.650000
223 0.140985 0.938889 0.660000
224 0.142046 0.937778 0.680000
225 0.150573 0.938889 0.670000
226 0.143089 0.935556 0.660000
227 0.131398 0.936667 0.650000
228 0.139885 0.934444 0.680000
229 0.140699 0.935556 0.690000
230 0.151672 0.936667 0.660000
231 0.140088 0.937778 0.670000
232 0.137038 0.935556 0.660000
233 0.135222 0.935556 0.680000
234 0.146203 0.940000 0.680000
235 0.137929 0.935556 0.680000
236 0.143935 0.936667 0.660000
237 0.143466 0.937778 0.660000
238 0.138082 0.942222 0.640000
239 0.140728 0.938889 0.650000
240 0.147506 0.937778 0.650000
241 0.140485 0.936667 0.680000
242 0.139651 0.937778 0.650000
243 0.134319 0.941111 0.670000
244 0.141742 0.937778 0.660000
245 0.142551 0.935556 0.680000
246 0.146437 0.937778 0.690000
247 0.145249 0.935556 0.680000
248 0.146060 0.934444 0.680000
249 0.133571 0.938889 0.670000
250 0.144066 0.936667 0.670000
251 0.131603 0.937778 0.660000
252 0.139342 0.937778 0.680000
253 0.135789 0.942222 0.670000
254 0.137451 0.937778 0.660000
255 0.137167 0.940000 0.660000
256 0.141885 0.937778 0.680000
257 0.138879 0.941111 0.670000
258 0.141822 0.937778 0.690000
259 0.141811 0.941111 0.690000
260 0.135086 0.942222 0.690000
261 0.138975 0.937778 0.680000
262 0.135723 0.938889 0.650000
263 0.140071 0.940000 0.670000
264 0.130043 0.941111 0.690000
265 0.136448 0.938889 0.680000
266 0.134840 0.940000 0.660000
267 0.142916 0.944444 0.680000
268 0.140323 0.938889 0.680000
269 0.136612 0.943333 0.680000
270 0.139415 0.942222 0.680000
271 0.143639 0.940000 0.670000
272 0.130463 0.940000 0.690000
273 0.135181 0.940000 0.690000
274 0.140770 0.942222 0.680000
275 0.135686 0.942222 0.680000
276 0.132741 0.936667 0.670000
277 0.145085 0.941111 0.680000
278 0.136828 0.940000 0.680000
279 0.134233 0.941111 0.680000
280 0.132108 0.937778 0.670000
281 0.134351 0.937778 0.660000
282 0.141358 0.937778 0.680000
283 0.140421 0.938889 0.680000
284 0.140979 0.938889 0.680000
285 0.136026 0.937778 0.680000
286 0.145874 0.938889 0.690000
287 0.135332 0.942222 0.680000
288 0.138879 0.942222 0.680000
289 0.131666 0.942222 0.680000
290 0.136522 0.938889 0.680000
291 0.129958 0.942222 0.680000
292 0.135380 0.940000 0.680000
293 0.128136 0.940000 0.690000
294 0.143900 0.940000 0.670000
295 0.139257 0.941111 0.670000
296 0.132181 0.941111 0.690000
297 0.128544 0.942222 0.680000
298 0.137314 0.942222 0.690000
299 0.131928 0.941111 0.680000
300 0.134311 0.941111 0.670000
301 0.128685 0.943333 0.660000
302 0.135075 0.942222 0.670000
303 0.136093 0.943333 0.670000
304 0.129125 0.941111 0.680000
305 0.132214 0.940000 0.680000
306 0.129546 0.942222 0.690000
307 0.137468 0.942222 0.670000
308 0.138385 0.943333 0.690000
309 0.132074 0.941111 0.680000
310 0.137023 0.941111 0.690000
311 0.133261 0.940000 0.690000
312 0.132599 0.940000 0.680000
313 0.131759 0.940000 0.700000
314 0.128601 0.940000 0.700000
315 0.130858 0.942222 0.690000
316 0.136111 0.940000 0.680000
317 0.135252 0.941111 0.670000
318 0.133544 0.938889 0.690000
319 0.134465 0.941111 0.690000
320 0.134396 0.941111 0.680000
321 0.125745 0.938889 0.690000
322 0.129983 0.938889 0.680000
323 0.132646 0.941111 0.670000
324 0.137806 0.940000 0.680000
325 0.133959 0.942222 0.680000
326 0.133835 0.938889 0.680000
327 0.130442 0.942222 0.680000
328 0.133684 0.941111 0.690000
329 0.131600 0.938889 0.680000
330 0.135911 0.938889 0.670000
331 0.135403 0.943333 0.670000
332 0.125754 0.942222 0.690000
333 0.128378 0.938889 0.690000
334 0.135197 0.941111 0.680000
335 0.127156 0.938889 0.680000
336 0.133474 0.937778 0.690000
337 0.132192 0.936667 0.680000
338 0.130262 0.938889 0.680000
339 0.130559 0.940000 0.690000
340 0.139358 0.938889 0.670000
341 0.144016 0.942222 0.680000
342 0.141157 0.941111 0.680000
343 0.134467 0.940000 0.670000
344 0.130753 0.940000 0.690000
345 0.135803 0.942222 0.680000
346 0.138973 0.941111 0.670000
347 0.127682 0.938889 0.690000
348 0.130627 0.938889 0.690000
349 0.131815 0.940000 0.680000
350 0.140330 0.941111 0.690000
