1 4.078110 0.445185 0.386667
2 2.046691 0.490370 0.420000
3 1.735391 0.551852 0.506667
4 1.395649 0.555556 0.500000
5 1.378701 0.554815 0.526667
6 1.315531 0.494815 0.453333
7 1.223496 0.505185 0.460000
8 1.330750 0.475556 0.413333
9 1.269795 0.521481 0.466667
10 1.161440 0.574815 0.480000
11 1.171263 0.565926 0.506667
12 1.105622 0.529630 0.453333
13 1.045292 0.574815 0.480000
14 1.003949 0.585185 0.473333
15 1.027837 0.562963 0.486667
16 1.010818 0.513333 0.453333
17 0.946216 0.531852 0.433333
18 0.908472 0.568889 0.473333
19 0.910455 0.565926 0.466667
20 0.912025 0.590370 0.520000
21 0.863800 0.599259 0.466667
22 0.886257 0.600741 0.500000
23 0.881843 0.584444 0.466667
24 0.932668 0.587407 0.493333
25 0.877465 0.588889 0.493333
26 0.878900 0.598519 0.513333
27 0.887988 0.600741 0.493333
28 0.863517 0.605926 0.493333
29 0.867207 0.595556 0.500000
30 0.880131 0.566667 0.466667
31 0.876563 0.596296 0.480000
32 0.881371 0.602222 0.493333
33 0.854041 0.609630 0.480000
34 0.845175 0.598519 0.480000
35 0.830592 0.612593 0.500000
36 0.837976 0.607407 0.466667
37 0.840920 0.617037 0.506667
38 0.806040 0.626667 0.466667
39 0.816999 0.622222 0.473333
40 0.816595 0.587407 0.426667
41 0.812826 0.623704 0.460000
42 0.821016 0.610370 0.493333
43 0.813028 0.629630 0.473333
44 0.814565 0.633333 0.480000
45 0.830917 0.620741 0.486667
46 0.841990 0.592593 0.446667
47 0.797711 0.629630 0.480000
48 0.819018 0.612593 0.480000
49 0.816324 0.627407 0.493333
50 0.770958 0.634815 0.440000
51 0.764844 0.642222 0.493333
52 0.768565 0.640741 0.500000
53 0.764774 0.645926 0.493333
54 0.765369 0.648148 0.486667
55 0.754743 0.645185 0.493333
56 0.760933 0.642222 0.453333
57 0.767124 0.644444 0.473333
58 0.755851 0.646667 0.473333
59 0.759651 0.644444 0.473333
60 0.741578 0.651111 0.486667
61 0.759838 0.645926 0.500000
62 0.756943 0.649630 0.466667
63 0.752431 0.655556 0.473333
64 0.734887 0.651852 0.480000
65 0.754676 0.651111 0.466667
66 0.755017 0.626667 0.446667
67 0.749015 0.648148 0.446667
68 0.741759 0.658519 0.480000
69 0.759185 0.642222 0.486667
70 0.761982 0.639259 0.480000
