1 7.534553 0.698603 0.630631
2 3.522051 0.699601 0.747748
3 2.496528 0.659681 0.612613
4 1.831560 0.560878 0.531532
5 1.805964 0.700599 0.693694
6 1.546254 0.693613 0.702703
7 1.918155 0.729541 0.693694
8 1.603906 0.719561 0.711712
9 1.411163 0.728543 0.684685
10 1.239349 0.621756 0.621622
11 1.274965 0.735529 0.720721
12 1.220388 0.744511 0.702703
13 1.017661 0.740519 0.738739
14 0.931128 0.735529 0.702703
15 0.911286 0.733533 0.693694
16 0.744893 0.679641 0.639640
17 0.782666 0.734531 0.720721
18 0.877361 0.738523 0.702703
19 0.746503 0.726547 0.684685
20 0.677435 0.757485 0.702703
21 0.728700 0.734531 0.738739
22 0.679584 0.737525 0.702703
23 0.651832 0.754491 0.729730
24 0.614559 0.734531 0.747748
25 0.638352 0.742515 0.738739
26 0.620008 0.755489 0.711712
27 0.630669 0.751497 0.720721
28 0.613256 0.737525 0.729730
29 0.620521 0.717565 0.738739
30 0.633385 0.749501 0.747748
31 0.642069 0.736527 0.693694
32 0.667713 0.712575 0.711712
33 0.712692 0.745509 0.729730
34 0.687387 0.747505 0.720721
35 0.613556 0.747505 0.747748
36 0.575671 0.740519 0.756757
37 0.576760 0.734531 0.756757
38 0.577689 0.755489 0.729730
39 0.571077 0.759481 0.738739
40 0.570910 0.746507 0.765766
41 0.565402 0.738523 0.756757
42 0.565508 0.747505 0.711712
43 0.574356 0.735529 0.729730
44 0.586416 0.746507 0.756757
45 0.586006 0.693613 0.684685
46 0.601657 0.749501 0.738739
47 0.614931 0.752495 0.747748
48 0.581107 0.722555 0.720721
49 0.565511 0.732535 0.738739
50 0.557513 0.743513 0.738739
51 0.570579 0.736527 0.729730
52 0.541518 0.747505 0.729730
53 0.551768 0.750499 0.729730
54 0.551359 0.758483 0.729730
55 0.556442 0.750499 0.738739
56 0.550458 0.713573 0.711712
57 0.552560 0.742515 0.729730
58 0.539001 0.723553 0.729730
59 0.554565 0.765469 0.738739
60 0.538972 0.743513 0.747748
61 0.555448 0.750499 0.747748
62 0.543397 0.760479 0.756757
63 0.548589 0.728543 0.711712
64 0.537606 0.733533 0.738739
65 0.547385 0.760479 0.711712
66 0.536262 0.727545 0.720721
67 0.535396 0.732535 0.711712
68 0.531225 0.758483 0.765766
69 0.544681 0.758483 0.711712
70 0.542890 0.733533 0.738739
71 0.538318 0.751497 0.711712
72 0.541378 0.744511 0.756757
73 0.529406 0.758483 0.720721
74 0.548659 0.674651 0.648649
75 0.550359 0.752495 0.720721
76 0.529195 0.731537 0.702703
77 0.541868 0.691617 0.675676
78 0.539083 0.730539 0.720721
79 0.544139 0.701597 0.666667
80 0.546461 0.749501 0.720721
81 0.537874 0.763473 0.747748
82 0.539613 0.755489 0.747748
83 0.550309 0.722555 0.720721
84 0.542804 0.762475 0.720721
85 0.535933 0.769461 0.738739
86 0.534547 0.749501 0.693694
87 0.530445 0.753493 0.702703
88 0.534772 0.748503 0.720721
89 0.546405 0.742515 0.693694
90 0.531462 0.764471 0.702703
91 0.539391 0.669661 0.657658
92 0.532032 0.743513 0.693694
93 0.532313 0.749501 0.747748
94 0.539044 0.720559 0.720721
95 0.543181 0.749501 0.729730
96 0.527691 0.746507 0.711712
97 0.522282 0.756487 0.693694
98 0.514594 0.771457 0.738739
99 0.532571 0.763473 0.720721
100 0.516818 0.759481 0.747748
101 0.524219 0.762475 0.684685
102 0.507892 0.767465 0.756757
103 0.517058 0.774451 0.711712
104 0.518199 0.759481 0.702703
105 0.515260 0.760479 0.702703
106 0.507233 0.775449 0.738739
107 0.517712 0.771457 0.711712
108 0.520302 0.769461 0.702703
109 0.502253 0.760479 0.702703
110 0.516142 0.772455 0.729730
111 0.514674 0.768463 0.747748
112 0.509417 0.744511 0.729730
113 0.514784 0.767465 0.756757
114 0.522549 0.737525 0.702703
115 0.514252 0.779441 0.711712
116 0.507855 0.764471 0.747748
117 0.522104 0.767465 0.747748
118 0.497425 0.786427 0.729730
119 0.517107 0.774451 0.747748
120 0.521660 0.758483 0.720721
121 0.519954 0.786427 0.756757
122 0.506461 0.773453 0.738739
123 0.496041 0.770459 0.756757
124 0.505099 0.760479 0.684685
125 0.501836 0.768463 0.747748
126 0.519012 0.778443 0.774775
127 0.506459 0.748503 0.747748
128 0.507301 0.763473 0.729730
129 0.501659 0.777445 0.738739
130 0.483622 0.775449 0.720721
131 0.499550 0.773453 0.720721
132 0.497523 0.771457 0.702703
133 0.495945 0.780439 0.720721
134 0.490992 0.770459 0.729730
135 0.489649 0.785429 0.702703
136 0.488006 0.782435 0.738739
137 0.489137 0.750499 0.693694
138 0.491594 0.772455 0.729730
139 0.492343 0.761477 0.756757
140 0.489566 0.758483 0.711712
141 0.488713 0.770459 0.675676
142 0.489075 0.784431 0.711712
143 0.496691 0.783433 0.693694
144 0.485868 0.784431 0.720721
145 0.490891 0.799401 0.765766
146 0.487793 0.776447 0.729730
147 0.494575 0.782435 0.675676
148 0.481767 0.797405 0.738739
149 0.490134 0.795409 0.711712
150 0.471370 0.799401 0.720721
151 0.477206 0.793413 0.738739
152 0.454689 0.801397 0.747748
153 0.464947 0.812375 0.711712
154 0.466212 0.809381 0.747748
155 0.481616 0.811377 0.756757
156 0.463654 0.809381 0.729730
157 0.473500 0.817365 0.720721
158 0.457055 0.819361 0.729730
159 0.456405 0.829341 0.711712
160 0.469963 0.818363 0.756757
161 0.458900 0.820359 0.720721
162 0.452280 0.805389 0.684685
163 0.471209 0.796407 0.738739
164 0.458080 0.812375 0.720721
165 0.442560 0.822355 0.729730
166 0.439194 0.827345 0.702703
167 0.439549 0.829341 0.711712
168 0.455267 0.808383 0.702703
169 0.445958 0.838323 0.711712
170 0.450825 0.825349 0.702703
171 0.439749 0.830339 0.711712
172 0.442331 0.822355 0.702703
173 0.447833 0.837325 0.738739
174 0.438141 0.825349 0.729730
175 0.445254 0.823353 0.711712
176 0.462555 0.824351 0.729730
177 0.430457 0.839321 0.720721
178 0.442038 0.834331 0.747748
179 0.429186 0.836327 0.711712
180 0.429852 0.839321 0.684685
181 0.427276 0.834331 0.684685
182 0.421611 0.814371 0.675676
183 0.419144 0.798403 0.702703
184 0.440433 0.835329 0.702703
185 0.446854 0.835329 0.711712
186 0.428600 0.849301 0.684685
187 0.432921 0.808383 0.702703
188 0.424325 0.849301 0.702703
189 0.413939 0.854291 0.729730
190 0.435617 0.831337 0.720721
191 0.430796 0.830339 0.711712
192 0.424498 0.839321 0.720721
193 0.408806 0.835329 0.738739
194 0.430771 0.819361 0.747748
195 0.430125 0.849301 0.693694
196 0.429926 0.846307 0.711712
197 0.404900 0.838323 0.702703
198 0.429178 0.844311 0.702703
199 0.390164 0.851297 0.702703
200 0.388345 0.874251 0.720721
201 0.409959 0.868263 0.693694
202 0.395008 0.869261 0.738739
203 0.395275 0.860279 0.711712
204 0.402404 0.863273 0.720721
205 0.391561 0.864271 0.702703
206 0.388335 0.864271 0.711712
207 0.394667 0.865269 0.720721
208 0.400960 0.876248 0.720721
209 0.388508 0.870259 0.711712
210 0.390098 0.881238 0.711712
211 0.381771 0.882236 0.711712
212 0.394205 0.875250 0.711712
213 0.399255 0.867265 0.675676
214 0.404207 0.873253 0.693694
215 0.380024 0.876248 0.675676
216 0.373706 0.875250 0.729730
217 0.378923 0.852295 0.702703
218 0.384532 0.885230 0.720721
219 0.369665 0.868263 0.720721
220 0.383576 0.887226 0.702703
221 0.379352 0.885230 0.693694
222 0.371667 0.873253 0.738739
223 0.377580 0.869261 0.702703
224 0.391222 0.879242 0.720721
225 0.373376 0.888224 0.693694
226 0.371639 0.873253 0.693694
227 0.364530 0.886228 0.711712
228 0.386280 0.872255 0.693694
229 0.374340 0.895210 0.684685
230 0.348978 0.880240 0.729730
231 0.353180 0.897206 0.693694
232 0.372938 0.883234 0.720721
233 0.354274 0.871257 0.684685
234 0.346089 0.880240 0.711712
235 0.362408 0.895210 0.693694
236 0.360264 0.887226 0.711712
237 0.346827 0.879242 0.711712
238 0.371905 0.888224 0.693694
239 0.362706 0.883234 0.711712
240 0.359441 0.880240 0.666667
241 0.365608 0.876248 0.711712
242 0.349355 0.905190 0.711712
243 0.362836 0.900200 0.675676
244 0.333076 0.902196 0.702703
245 0.340214 0.896208 0.738739
246 0.338992 0.904192 0.684685
247 0.370987 0.889222 0.702703
248 0.355173 0.899202 0.693694
249 0.374440 0.882236 0.702703
250 0.337527 0.905190 0.675676
251 0.349342 0.902196 0.702703
252 0.346271 0.889222 0.729730
253 0.341055 0.911178 0.711712
254 0.336658 0.908184 0.684685
255 0.327695 0.904192 0.711712
256 0.340640 0.901198 0.720721
257 0.332383 0.917166 0.675676
258 0.328157 0.909182 0.684685
259 0.340295 0.905190 0.666667
260 0.328997 0.904192 0.657658
261 0.318453 0.906188 0.720721
262 0.312245 0.902196 0.657658
263 0.339501 0.909182 0.684685
264 0.350649 0.903194 0.675676
265 0.318479 0.911178 0.693694
266 0.347478 0.901198 0.675676
267 0.334111 0.915170 0.675676
268 0.332035 0.902196 0.693694
269 0.309045 0.922156 0.675676
270 0.326211 0.921158 0.702703
271 0.310316 0.905190 0.693694
272 0.321561 0.919162 0.648649
273 0.312738 0.915170 0.693694
274 0.327746 0.918164 0.675676
275 0.317639 0.906188 0.666667
276 0.337030 0.914172 0.675676
277 0.336572 0.919162 0.693694
278 0.334465 0.902196 0.702703
279 0.332576 0.909182 0.720721
280 0.316226 0.923154 0.702703
281 0.317300 0.918164 0.693694
282 0.321835 0.912176 0.702703
283 0.315772 0.926148 0.675676
284 0.299549 0.909182 0.657658
285 0.343159 0.926148 0.711712
286 0.309780 0.921158 0.675676
287 0.317250 0.918164 0.684685
288 0.333357 0.928144 0.711712
289 0.321907 0.923154 0.657658
290 0.318000 0.922156 0.693694
291 0.326177 0.915170 0.711712
292 0.306587 0.923154 0.666667
293 0.299600 0.927146 0.675676
294 0.313147 0.926148 0.666667
295 0.302318 0.923154 0.702703
296 0.304166 0.920160 0.675676
297 0.325177 0.930140 0.666667
298 0.295273 0.911178 0.702703
299 0.320709 0.932136 0.648649
300 0.328249 0.937126 0.648649
301 0.305714 0.931138 0.693694
302 0.328361 0.936128 0.684685
303 0.301522 0.934132 0.666667
304 0.299656 0.929142 0.693694
305 0.306112 0.927146 0.666667
306 0.297483 0.924152 0.693694
307 0.307700 0.935130 0.675676
308 0.291392 0.935130 0.684685
309 0.310211 0.935130 0.693694
310 0.292917 0.935130 0.684685
311 0.300771 0.939122 0.666667
312 0.296365 0.927146 0.711712
313 0.286549 0.938124 0.711712
314 0.302531 0.940120 0.711712
315 0.291438 0.941118 0.675676
316 0.301892 0.941118 0.684685
317 0.300335 0.931138 0.675676
318 0.289373 0.938124 0.711712
319 0.326494 0.942116 0.693694
320 0.312483 0.929142 0.693694
321 0.296993 0.936128 0.684685
322 0.292943 0.938124 0.711712
323 0.297894 0.942116 0.702703
324 0.303369 0.934132 0.720721
325 0.284273 0.935130 0.711712
326 0.298126 0.935130 0.711712
327 0.299361 0.940120 0.675676
328 0.276866 0.943114 0.711712
329 0.274188 0.944112 0.693694
330 0.290092 0.933134 0.711712
331 0.301919 0.946108 0.693694
332 0.285224 0.944112 0.693694
333 0.275584 0.943114 0.693694
334 0.306341 0.943114 0.711712
335 0.301443 0.935130 0.693694
336 0.302749 0.943114 0.675676
337 0.283248 0.936128 0.702703
338 0.302264 0.931138 0.693694
339 0.279961 0.940120 0.693694
340 0.303735 0.941118 0.675676
341 0.287502 0.944112 0.693694
342 0.295872 0.937126 0.693694
343 0.279258 0.937126 0.693694
344 0.309927 0.934132 0.693694
345 0.291413 0.938124 0.684685
346 0.272153 0.945110 0.666667
347 0.279982 0.942116 0.693694
348 0.304227 0.939122 0.711712
349 0.294369 0.941118 0.702703
350 0.284803 0.945110 0.684685
