1 3.037277 0.572816 0.514286
2 1.473802 0.514563 0.485714
3 0.984756 0.715210 0.457143
4 0.962206 0.669903 0.571429
5 0.749031 0.695793 0.628571
6 0.728616 0.582524 0.400000
7 0.644525 0.744337 0.514286
8 0.566419 0.763754 0.485714
9 0.577632 0.750809 0.485714
10 0.569203 0.783172 0.600000
11 0.499065 0.809061 0.514286
12 0.460385 0.799353 0.571429
13 0.451700 0.812298 0.571429
14 0.392505 0.841424 0.542857
15 0.389648 0.893204 0.542857
16 0.400240 0.815534 0.542857
17 0.396622 0.786408 0.542857
18 0.341851 0.851133 0.571429
19 0.336394 0.893204 0.514286
20 0.315019 0.877023 0.542857
21 0.322858 0.841424 0.571429
22 0.310322 0.841424 0.542857
23 0.254246 0.825243 0.571429
24 0.272729 0.844660 0.514286
25 0.350892 0.912621 0.542857
26 0.228862 0.857605 0.571429
27 0.223511 0.922330 0.571429
28 0.228757 0.941748 0.514286
29 0.196963 0.909385 0.457143
30 0.179425 0.954693 0.542857
31 0.239459 0.867314 0.600000
32 0.200708 0.964401 0.514286
33 0.147808 0.954693 0.542857
34 0.199412 0.970874 0.542857
35 0.240961 0.961165 0.600000
36 0.219137 0.954693 0.542857
37 0.153499 0.899676 0.514286
38 0.172029 0.964401 0.571429
39 0.099812 0.987055 0.571429
40 0.132288 0.935275 0.600000
41 0.185898 0.954693 0.542857
42 0.124403 0.987055 0.542857
43 0.077164 0.987055 0.571429
44 0.094880 0.957929 0.571429
45 0.251919 0.847896 0.542857
46 0.208807 0.980583 0.571429
47 0.094768 0.990291 0.542857
48 0.260178 0.928803 0.685714
49 0.133523 0.967638 0.542857
50 0.075733 0.990291 0.542857
51 0.059769 0.990291 0.542857
52 0.050555 0.990291 0.600000
53 0.083514 0.970874 0.600000
54 0.103913 0.990291 0.542857
55 0.057891 0.993528 0.542857
56 0.069610 0.993528 0.600000
57 0.061862 0.993528 0.628571
58 0.051298 0.993528 0.657143
59 0.049260 0.993528 0.600000
60 0.044273 0.993528 0.657143
61 0.043990 0.993528 0.628571
62 0.047313 0.990291 0.657143
63 0.050757 0.993528 0.600000
64 0.043047 0.993528 0.628571
65 0.052478 0.990291 0.657143
66 0.087738 0.967638 0.542857
67 0.117918 0.951456 0.628571
68 0.194713 0.967638 0.571429
69 0.131257 0.983819 0.542857
70 0.066544 0.993528 0.571429
71 0.062103 0.980583 0.600000
72 0.061452 0.993528 0.571429
73 0.064100 0.993528 0.542857
74 0.042070 0.993528 0.600000
75 0.044182 0.993528 0.542857
76 0.043151 0.993528 0.600000
77 0.038814 0.993528 0.628571
78 0.176500 0.974110 0.571429
79 0.095940 0.993528 0.657143
80 0.068037 0.993528 0.657143
81 0.052761 0.993528 0.600000
82 0.053190 0.993528 0.657143
83 0.045141 0.993528 0.657143
84 0.047129 0.993528 0.657143
85 0.039868 0.993528 0.600000
86 0.042166 0.993528 0.571429
87 0.039000 0.993528 0.600000
88 0.042921 0.993528 0.571429
89 0.040006 0.993528 0.571429
90 0.042165 0.990291 0.600000
91 0.156780 0.867314 0.542857
92 0.135863 0.990291 0.571429
93 0.068232 0.993528 0.600000
94 0.046039 0.993528 0.571429
95 0.046611 0.993528 0.571429
96 0.045172 0.993528 0.571429
97 0.042328 0.993528 0.600000
98 0.045633 0.990291 0.628571
99 0.141009 0.967638 0.600000
100 0.074657 0.993528 0.600000
101 0.038370 0.993528 0.600000
102 0.035527 0.993528 0.571429
103 0.041526 0.993528 0.571429
104 0.040857 0.993528 0.571429
105 0.034961 0.993528 0.571429
106 0.042594 0.993528 0.600000
107 0.037312 0.993528 0.571429
108 0.037106 0.993528 0.542857
109 0.040953 0.993528 0.600000
110 0.049063 0.987055 0.628571
111 0.046244 0.993528 0.600000
112 0.040452 0.993528 0.600000
113 0.030723 0.993528 0.600000
114 0.035107 0.993528 0.600000
115 0.034680 0.993528 0.628571
116 0.032943 0.993528 0.600000
117 0.031340 0.993528 0.600000
118 0.034101 0.993528 0.571429
119 0.124023 0.938511 0.628571
120 0.070980 0.993528 0.571429
121 0.044250 0.993528 0.600000
122 0.036816 0.993528 0.600000
123 0.034487 0.993528 0.628571
124 0.039319 0.993528 0.600000
125 0.036404 0.993528 0.600000
126 0.035955 0.993528 0.600000
127 0.032688 0.993528 0.628571
128 0.038158 0.993528 0.600000
129 0.037479 0.993528 0.628571
130 0.035260 0.993528 0.628571
131 0.039850 0.993528 0.542857
132 0.046637 0.993528 0.600000
133 0.045326 0.977346 0.600000
134 0.065636 0.993528 0.628571
135 0.075615 0.990291 0.600000
136 0.072621 0.993528 0.571429
137 0.045591 0.993528 0.571429
138 0.041019 0.993528 0.600000
139 0.040993 0.993528 0.542857
140 0.044472 0.993528 0.600000
141 0.045819 0.993528 0.600000
142 0.044406 0.993528 0.600000
143 0.036972 0.993528 0.600000
144 0.039224 0.993528 0.600000
145 0.036840 0.993528 0.600000
146 0.032040 0.993528 0.600000
147 0.044151 0.993528 0.542857
148 0.039713 0.993528 0.571429
149 0.039531 0.993528 0.542857
150 0.035057 0.993528 0.571429
151 0.027485 0.993528 0.571429
152 0.033763 0.993528 0.571429
153 0.032687 0.993528 0.600000
154 0.031705 0.993528 0.600000
155 0.029212 0.993528 0.600000
156 0.030745 0.993528 0.542857
157 0.027713 0.993528 0.542857
158 0.031841 0.993528 0.600000
159 0.034432 0.993528 0.571429
160 0.035306 0.993528 0.571429
161 0.033276 0.993528 0.542857
162 0.034728 0.993528 0.571429
163 0.027613 0.993528 0.542857
164 0.031918 0.993528 0.542857
165 0.034953 0.993528 0.571429
166 0.029886 0.993528 0.542857
167 0.029665 0.993528 0.571429
168 0.029533 0.993528 0.571429
169 0.032699 0.993528 0.600000
170 0.031206 0.993528 0.542857
171 0.029896 0.993528 0.571429
172 0.033720 0.993528 0.542857
173 0.054123 0.990291 0.571429
174 0.071946 0.983819 0.571429
175 0.044861 0.990291 0.571429
176 0.038694 0.993528 0.628571
177 0.025018 0.993528 0.542857
178 0.032707 0.993528 0.571429
179 0.033463 0.993528 0.600000
180 0.031516 0.993528 0.600000
181 0.029890 0.993528 0.600000
182 0.030541 0.993528 0.600000
183 0.027988 0.993528 0.571429
184 0.033511 0.993528 0.571429
185 0.029775 0.993528 0.571429
186 0.027496 0.993528 0.571429
187 0.031578 0.993528 0.600000
188 0.029437 0.993528 0.571429
189 0.034896 0.993528 0.571429
190 0.050306 0.993528 0.600000
191 0.041900 0.993528 0.628571
192 0.033726 0.993528 0.571429
193 0.030685 0.993528 0.571429
194 0.034487 0.993528 0.571429
195 0.032320 0.993528 0.571429
196 0.030123 0.993528 0.571429
197 0.031289 0.993528 0.600000
198 0.028417 0.993528 0.571429
199 0.030787 0.993528 0.571429
200 0.027307 0.993528 0.600000
201 0.034615 0.993528 0.600000
202 0.036047 0.993528 0.571429
203 0.031038 0.993528 0.571429
204 0.026557 0.993528 0.571429
205 0.027573 0.993528 0.571429
206 0.029410 0.993528 0.600000
207 0.029982 0.993528 0.600000
208 0.029186 0.993528 0.600000
209 0.029851 0.993528 0.571429
210 0.027625 0.993528 0.600000
211 0.036840 0.993528 0.600000
212 0.031675 0.993528 0.542857
213 0.027886 0.993528 0.571429
214 0.032000 0.993528 0.600000
215 0.032549 0.993528 0.600000
216 0.028690 0.993528 0.571429
217 0.024099 0.993528 0.600000
218 0.028219 0.993528 0.600000
219 0.027243 0.993528 0.600000
220 0.027522 0.993528 0.600000
221 0.028210 0.993528 0.600000
222 0.029040 0.993528 0.571429
223 0.029940 0.993528 0.600000
224 0.027920 0.993528 0.571429
225 0.027551 0.993528 0.600000
226 0.025127 0.993528 0.571429
227 0.025916 0.993528 0.600000
228 0.028966 0.993528 0.571429
229 0.027906 0.993528 0.571429
230 0.024572 0.993528 0.600000
231 0.030061 0.993528 0.571429
232 0.027926 0.993528 0.600000
233 0.026658 0.993528 0.600000
234 0.028859 0.993528 0.600000
235 0.026139 0.993528 0.600000
236 0.026512 0.993528 0.600000
237 0.026042 0.993528 0.600000
238 0.026605 0.993528 0.600000
239 0.027295 0.993528 0.571429
240 0.027835 0.993528 0.571429
241 0.025621 0.993528 0.571429
242 0.028648 0.993528 0.571429
243 0.025576 0.993528 0.600000
244 0.026108 0.993528 0.600000
245 0.027307 0.993528 0.600000
246 0.028087 0.993528 0.600000
247 0.025186 0.993528 0.600000
248 0.029465 0.993528 0.571429
249 0.029227 0.993528 0.600000
250 0.027013 0.993528 0.600000
251 0.026218 0.993528 0.600000
252 0.022562 0.993528 0.600000
253 0.021770 0.993528 0.571429
254 0.026272 0.993528 0.571429
255 0.023390 0.993528 0.628571
256 0.027236 0.993528 0.600000
257 0.022886 0.993528 0.600000
258 0.026814 0.993528 0.571429
259 0.026606 0.993528 0.600000
260 0.026085 0.993528 0.600000
261 0.025682 0.993528 0.600000
262 0.025750 0.993528 0.600000
263 0.026432 0.993528 0.571429
264 0.025931 0.993528 0.600000
265 0.028406 0.993528 0.600000
266 0.024992 0.993528 0.600000
267 0.025054 0.993528 0.600000
268 0.025667 0.993528 0.600000
269 0.025585 0.993528 0.600000
270 0.023058 0.993528 0.600000
271 0.024284 0.993528 0.600000
272 0.026549 0.993528 0.600000
273 0.028225 0.993528 0.600000
274 0.026406 0.993528 0.600000
275 0.023635 0.993528 0.600000
276 0.026617 0.993528 0.600000
277 0.025274 0.993528 0.600000
278 0.025756 0.993528 0.600000
279 0.025770 0.993528 0.571429
280 0.024457 0.993528 0.571429
281 0.028390 0.993528 0.571429
282 0.028329 0.993528 0.600000
283 0.025625 0.993528 0.600000
284 0.027046 0.993528 0.600000
285 0.024663 0.993528 0.600000
286 0.023227 0.993528 0.600000
287 0.025632 0.993528 0.600000
288 0.023948 0.993528 0.571429
289 0.026731 0.993528 0.571429
290 0.025121 0.993528 0.600000
291 0.027258 0.993528 0.571429
292 0.027291 0.993528 0.600000
293 0.025413 0.993528 0.600000
294 0.024177 0.993528 0.600000
295 0.027067 0.993528 0.600000
296 0.027317 0.993528 0.600000
297 0.026024 0.993528 0.571429
298 0.027264 0.993528 0.600000
299 0.022770 0.993528 0.600000
300 0.027018 0.993528 0.600000
301 0.023083 0.993528 0.600000
302 0.023987 0.993528 0.628571
303 0.027838 0.993528 0.600000
304 0.021942 0.993528 0.600000
305 0.025766 0.993528 0.600000
306 0.023773 0.993528 0.600000
307 0.026994 0.993528 0.600000
308 0.023946 0.993528 0.600000
309 0.024989 0.993528 0.628571
310 0.027885 0.993528 0.600000
311 0.025648 0.993528 0.600000
312 0.024221 0.993528 0.600000
313 0.022902 0.993528 0.600000
314 0.021892 0.993528 0.600000
315 0.024859 0.993528 0.628571
316 0.023602 0.993528 0.600000
317 0.023153 0.993528 0.628571
318 0.025477 0.993528 0.657143
319 0.027987 0.993528 0.571429
320 0.023822 0.993528 0.600000
321 0.022876 0.993528 0.628571
322 0.025924 0.993528 0.600000
323 0.023319 0.993528 0.600000
324 0.024232 0.993528 0.571429
325 0.027603 0.993528 0.600000
326 0.025401 0.993528 0.600000
327 0.025313 0.993528 0.571429
328 0.026733 0.993528 0.600000
329 0.024720 0.993528 0.600000
330 0.025837 0.993528 0.628571
331 0.023379 0.993528 0.628571
332 0.024272 0.993528 0.628571
333 0.022041 0.993528 0.600000
334 0.023948 0.993528 0.628571
335 0.023711 0.993528 0.628571
336 0.023314 0.993528 0.628571
337 0.023657 0.993528 0.600000
338 0.023437 0.993528 0.600000
339 0.024458 0.993528 0.600000
340 0.023834 0.993528 0.600000
341 0.022033 0.993528 0.571429
342 0.025235 0.993528 0.600000
343 0.022932 0.993528 0.571429
344 0.023104 0.993528 0.600000
345 0.022359 0.993528 0.571429
346 0.024725 0.993528 0.571429
347 0.025946 0.993528 0.571429
348 0.024918 0.993528 0.600000
349 0.022040 0.993528 0.600000
350 0.028678 0.993528 0.571429
