1 8.254182 0.717565 0.666667
2 5.336579 0.745509 0.657658
3 3.212166 0.743513 0.657658
4 3.704021 0.517964 0.477477
5 2.262663 0.695609 0.666667
6 2.330894 0.740519 0.711712
7 2.162599 0.740519 0.729730
8 1.575049 0.738523 0.711712
9 1.199048 0.723553 0.702703
10 1.195575 0.725549 0.702703
11 1.325306 0.703593 0.675676
12 1.033684 0.731537 0.711712
13 0.825200 0.739521 0.684685
14 0.884431 0.710579 0.693694
15 0.813200 0.753493 0.702703
16 0.879139 0.693613 0.684685
17 0.744181 0.666667 0.648649
18 0.723850 0.756487 0.711712
19 0.670668 0.753493 0.702703
20 0.656499 0.699601 0.684685
21 0.772855 0.757485 0.711712
22 0.726837 0.752495 0.729730
23 0.681413 0.752495 0.729730
24 0.618879 0.749501 0.711712
25 0.658686 0.708583 0.693694
26 0.653256 0.710579 0.684685
27 0.629666 0.750499 0.702703
28 0.642490 0.738523 0.720721
29 0.611553 0.711577 0.666667
30 0.626388 0.726547 0.702703
31 0.642554 0.746507 0.747748
32 0.606901 0.747505 0.729730
33 0.613964 0.757485 0.720721
34 0.584724 0.755489 0.711712
35 0.588773 0.739521 0.720721
36 0.568609 0.745509 0.693694
37 0.609189 0.751497 0.720721
38 0.634585 0.748503 0.729730
39 0.570654 0.755489 0.711712
40 0.563929 0.751497 0.729730
41 0.553208 0.737525 0.684685
42 0.553308 0.735529 0.702703
43 0.583669 0.728543 0.711712
44 0.560388 0.754491 0.720721
45 0.552995 0.731537 0.720721
46 0.574184 0.737525 0.693694
47 0.586028 0.751497 0.738739
48 0.554247 0.763473 0.711712
49 0.566767 0.751497 0.702703
50 0.543621 0.743513 0.684685
51 0.546853 0.749501 0.711712
52 0.535795 0.758483 0.693694
53 0.554508 0.749501 0.702703
54 0.537433 0.754491 0.702703
55 0.539787 0.755489 0.702703
56 0.539113 0.762475 0.729730
57 0.532541 0.752495 0.729730
58 0.546227 0.753493 0.693694
59 0.558802 0.762475 0.729730
60 0.534338 0.751497 0.711712
61 0.529009 0.746507 0.702703
62 0.538283 0.758483 0.702703
63 0.520398 0.731537 0.702703
64 0.546110 0.733533 0.693694
65 0.545605 0.742515 0.702703
66 0.539978 0.746507 0.702703
67 0.544146 0.753493 0.711712
68 0.539174 0.761477 0.729730
69 0.534615 0.758483 0.711712
70 0.549419 0.770459 0.720721
71 0.545179 0.769461 0.720721
72 0.547005 0.753493 0.729730
73 0.553582 0.749501 0.729730
74 0.542684 0.747505 0.702703
75 0.553842 0.763473 0.693694
76 0.534039 0.751497 0.720721
77 0.542315 0.749501 0.702703
78 0.549874 0.722555 0.657658
79 0.541933 0.747505 0.711712
80 0.537718 0.760479 0.711712
81 0.550996 0.755489 0.720721
82 0.543489 0.753493 0.675676
83 0.544595 0.742515 0.684685
84 0.546247 0.734531 0.720721
85 0.539318 0.741517 0.684685
86 0.535431 0.761477 0.702703
87 0.543206 0.726547 0.684685
88 0.547255 0.732535 0.666667
89 0.541137 0.726547 0.666667
90 0.553749 0.761477 0.711712
91 0.543598 0.747505 0.729730
92 0.552668 0.718563 0.675676
93 0.545463 0.763473 0.711712
94 0.533685 0.774451 0.711712
95 0.543379 0.754491 0.711712
96 0.535753 0.769461 0.702703
97 0.546833 0.736527 0.711712
98 0.535627 0.730539 0.693694
99 0.529619 0.761477 0.729730
100 0.527634 0.761477 0.720721
101 0.531221 0.762475 0.738739
102 0.532055 0.761477 0.729730
103 0.517110 0.756487 0.702703
104 0.522618 0.766467 0.729730
105 0.529557 0.755489 0.729730
106 0.535716 0.761477 0.729730
107 0.526676 0.753493 0.729730
108 0.534628 0.748503 0.693694
109 0.526138 0.765469 0.738739
110 0.537987 0.764471 0.747748
111 0.529636 0.764471 0.756757
112 0.528963 0.767465 0.711712
113 0.525493 0.745509 0.702703
114 0.534561 0.760479 0.747748
115 0.525706 0.782435 0.711712
116 0.529748 0.759481 0.729730
117 0.518373 0.767465 0.738739
118 0.528625 0.765469 0.702703
119 0.526381 0.761477 0.693694
120 0.530785 0.763473 0.729730
121 0.526024 0.774451 0.720721
122 0.519895 0.765469 0.738739
123 0.534877 0.752495 0.684685
124 0.529833 0.769461 0.720721
125 0.536393 0.752495 0.747748
126 0.514885 0.774451 0.729730
127 0.505803 0.771457 0.720721
128 0.535068 0.758483 0.729730
129 0.525384 0.760479 0.720721
130 0.523538 0.766467 0.693694
131 0.528654 0.764471 0.738739
132 0.534471 0.760479 0.711712
133 0.527174 0.768463 0.702703
134 0.521910 0.768463 0.702703
135 0.518198 0.771457 0.747748
136 0.507321 0.766467 0.711712
137 0.528645 0.766467 0.729730
138 0.523243 0.763473 0.747748
139 0.521923 0.761477 0.738739
140 0.525142 0.763473 0.738739
141 0.543230 0.776447 0.729730
142 0.529278 0.779441 0.747748
143 0.527695 0.759481 0.666667
144 0.512736 0.768463 0.720721
145 0.519388 0.769461 0.702703
146 0.530298 0.748503 0.693694
147 0.516229 0.768463 0.729730
148 0.516887 0.770459 0.738739
149 0.523642 0.790419 0.729730
150 0.502687 0.785429 0.729730
151 0.515055 0.774451 0.720721
152 0.508404 0.782435 0.729730
153 0.503687 0.774451 0.747748
154 0.501487 0.780439 0.684685
155 0.512588 0.790419 0.747748
156 0.504954 0.780439 0.702703
157 0.500994 0.782435 0.702703
158 0.509534 0.789421 0.711712
159 0.500269 0.781437 0.747748
160 0.509050 0.793413 0.720721
161 0.514292 0.783433 0.702703
162 0.509748 0.790419 0.702703
163 0.512292 0.755489 0.711712
164 0.509170 0.783433 0.738739
165 0.497504 0.781437 0.729730
166 0.490156 0.783433 0.720721
167 0.510253 0.775449 0.657658
168 0.502222 0.775449 0.666667
169 0.498157 0.770459 0.666667
170 0.498987 0.784431 0.702703
171 0.499969 0.781437 0.675676
172 0.507072 0.795409 0.720721
173 0.504189 0.786427 0.738739
174 0.492743 0.782435 0.702703
175 0.498996 0.797405 0.711712
176 0.497238 0.782435 0.684685
177 0.506758 0.788423 0.693694
178 0.494610 0.797405 0.738739
179 0.482190 0.787425 0.729730
180 0.505857 0.798403 0.720721
181 0.492771 0.799401 0.738739
182 0.496232 0.784431 0.657658
183 0.483682 0.805389 0.729730
184 0.485625 0.803393 0.738739
185 0.481687 0.799401 0.702703
186 0.500670 0.776447 0.666667
187 0.488816 0.793413 0.720721
188 0.476916 0.800399 0.675676
189 0.507976 0.805389 0.693694
190 0.487789 0.801397 0.684685
191 0.486997 0.785429 0.666667
192 0.472987 0.808383 0.720721
193 0.473417 0.817365 0.720721
194 0.501628 0.797405 0.702703
195 0.485674 0.796407 0.711712
196 0.479788 0.786427 0.693694
197 0.470214 0.797405 0.693694
198 0.483267 0.790419 0.684685
199 0.485660 0.802395 0.711712
200 0.470007 0.820359 0.702703
201 0.469087 0.806387 0.711712
202 0.485919 0.806387 0.675676
203 0.472146 0.827345 0.693694
204 0.470782 0.808383 0.720721
205 0.468046 0.815369 0.711712
206 0.473220 0.809381 0.711712
207 0.465391 0.819361 0.711712
208 0.458752 0.826347 0.702703
209 0.473524 0.820359 0.684685
210 0.471120 0.815369 0.702703
211 0.471898 0.801397 0.693694
212 0.476497 0.810379 0.684685
213 0.472850 0.815369 0.720721
214 0.466478 0.818363 0.666667
215 0.476170 0.815369 0.693694
216 0.479636 0.819361 0.684685
217 0.471052 0.821357 0.684685
218 0.466830 0.809381 0.693694
219 0.465193 0.820359 0.711712
220 0.467755 0.817365 0.684685
221 0.460766 0.820359 0.675676
222 0.464249 0.816367 0.702703
223 0.459844 0.823353 0.684685
224 0.456942 0.821357 0.702703
225 0.478082 0.821357 0.675676
226 0.464715 0.825349 0.684685
227 0.462308 0.817365 0.711712
228 0.455551 0.819361 0.711712
229 0.450289 0.820359 0.684685
230 0.461627 0.831337 0.693694
231 0.473701 0.829341 0.702703
232 0.460194 0.820359 0.684685
233 0.460801 0.828343 0.711712
234 0.462780 0.824351 0.666667
235 0.463348 0.824351 0.702703
236 0.467464 0.831337 0.684685
237 0.454609 0.820359 0.675676
238 0.448662 0.824351 0.693694
239 0.456798 0.815369 0.684685
240 0.451178 0.821357 0.684685
241 0.443524 0.815369 0.711712
242 0.446809 0.822355 0.711712
243 0.453466 0.818363 0.711712
244 0.450251 0.821357 0.693694
245 0.447511 0.829341 0.675676
246 0.469904 0.827345 0.684685
247 0.460020 0.831337 0.693694
248 0.453566 0.823353 0.702703
249 0.456002 0.816367 0.693694
250 0.471499 0.830339 0.693694
251 0.452476 0.833333 0.702703
252 0.440446 0.839321 0.693694
253 0.442521 0.829341 0.684685
254 0.450427 0.825349 0.675676
255 0.448321 0.831337 0.675676
256 0.445073 0.836327 0.711712
257 0.445504 0.830339 0.711712
258 0.444461 0.833333 0.684685
259 0.444936 0.828343 0.684685
260 0.438825 0.831337 0.693694
261 0.440146 0.836327 0.684685
262 0.442994 0.838323 0.693694
263 0.457459 0.837325 0.675676
264 0.449867 0.835329 0.684685
265 0.442364 0.825349 0.684685
266 0.452847 0.827345 0.675676
267 0.447727 0.835329 0.684685
268 0.442319 0.826347 0.693694
269 0.432226 0.832335 0.684685
270 0.448483 0.831337 0.693694
271 0.436369 0.838323 0.702703
272 0.436649 0.836327 0.684685
273 0.438804 0.820359 0.675676
274 0.440083 0.838323 0.684685
275 0.430887 0.832335 0.684685
276 0.439205 0.831337 0.684685
277 0.435557 0.832335 0.684685
278 0.431219 0.840319 0.693694
279 0.435604 0.842315 0.675676
280 0.442069 0.841317 0.684685
281 0.438935 0.833333 0.693694
282 0.447230 0.833333 0.684685
283 0.452165 0.835329 0.684685
284 0.433254 0.839321 0.693694
285 0.440292 0.830339 0.675676
286 0.436696 0.833333 0.675676
287 0.448616 0.835329 0.684685
288 0.440659 0.834331 0.702703
289 0.432734 0.833333 0.684685
290 0.443433 0.843313 0.684685
291 0.434834 0.846307 0.675676
292 0.431593 0.833333 0.684685
293 0.423888 0.843313 0.684685
294 0.446100 0.825349 0.684685
295 0.437486 0.837325 0.675676
296 0.439775 0.836327 0.675676
297 0.452283 0.842315 0.684685
298 0.434546 0.842315 0.684685
299 0.426505 0.828343 0.684685
300 0.441928 0.845309 0.684685
301 0.429753 0.842315 0.693694
302 0.436297 0.847305 0.684685
303 0.418374 0.845309 0.675676
304 0.424809 0.840319 0.693694
305 0.428751 0.835329 0.666667
306 0.436714 0.844311 0.684685
307 0.440766 0.836327 0.684685
308 0.422777 0.849301 0.693694
309 0.424065 0.842315 0.675676
310 0.438428 0.841317 0.684685
311 0.424793 0.843313 0.702703
312 0.423352 0.841317 0.684685
313 0.430160 0.841317 0.657658
314 0.436110 0.843313 0.693694
315 0.434127 0.846307 0.675676
316 0.422045 0.844311 0.684685
317 0.425570 0.848303 0.693694
318 0.420431 0.839321 0.684685
319 0.421214 0.843313 0.684685
320 0.417206 0.845309 0.684685
321 0.429867 0.849301 0.675676
322 0.412750 0.844311 0.684685
323 0.427203 0.853293 0.684685
324 0.421013 0.840319 0.675676
325 0.429696 0.840319 0.666667
326 0.423462 0.850299 0.675676
327 0.427487 0.843313 0.702703
328 0.435386 0.838323 0.666667
329 0.424015 0.848303 0.675676
330 0.430624 0.848303 0.675676
331 0.423384 0.847305 0.684685
332 0.430647 0.849301 0.675676
333 0.428432 0.851297 0.684685
334 0.427372 0.847305 0.666667
335 0.441422 0.848303 0.684685
336 0.422114 0.841317 0.657658
337 0.425525 0.849301 0.675676
338 0.434786 0.846307 0.666667
339 0.431641 0.849301 0.657658
340 0.426895 0.850299 0.666667
341 0.425569 0.842315 0.684685
342 0.420905 0.849301 0.675676
343 0.421235 0.839321 0.684685
344 0.428840 0.847305 0.666667
345 0.422941 0.852295 0.684685
346 0.431267 0.848303 0.675676
347 0.410154 0.847305 0.684685
348 0.423068 0.848303 0.675676
349 0.410705 0.851297 0.684685
350 0.415407 0.851297 0.675676
