1 1.561600 0.710059 0.578947
2 0.734678 0.822485 0.842105
3 0.618361 0.828402 0.789474
4 0.563983 0.846154 0.789474
5 0.597982 0.852071 0.789474
6 0.658705 0.840237 0.684211
7 0.417573 0.579882 0.526316
8 0.498512 0.857988 0.736842
9 0.497799 0.846154 0.736842
10 0.430187 0.834320 0.842105
11 0.453333 0.852071 0.842105
12 0.410054 0.857988 0.842105
13 0.404133 0.786982 0.684211
14 0.539074 0.881657 0.789474
15 0.443623 0.857988 0.789474
16 0.416565 0.846154 0.789474
17 0.454789 0.491124 0.263158
18 0.384811 0.852071 0.789474
19 0.369749 0.887574 0.789474
20 0.399503 0.834320 0.736842
21 0.394443 0.846154 0.789474
22 0.383462 0.875740 0.842105
23 0.358586 0.727811 0.578947
24 0.350733 0.792899 0.789474
25 0.340742 0.869822 0.842105
26 0.323462 0.786982 0.789474
27 0.358100 0.828402 0.789474
28 0.350179 0.840237 0.789474
29 0.321205 0.863905 0.789474
30 0.349287 0.863905 0.842105
31 0.343146 0.822485 0.789474
32 0.332100 0.828402 0.789474
33 0.298242 0.485207 0.526316
34 0.300162 0.792899 0.842105
35 0.291126 0.721893 0.736842
36 0.318712 0.846154 0.894737
37 0.283167 0.899408 0.789474
38 0.263356 0.881657 0.842105
39 0.269115 0.680473 0.578947
40 0.289544 0.887574 0.789474
41 0.262565 0.751479 0.736842
42 0.271424 0.591716 0.473684
43 0.257038 0.414201 0.368421
44 0.239174 0.905325 0.894737
45 0.239705 0.881657 0.842105
46 0.236343 0.662722 0.631579
47 0.246259 0.526627 0.526316
48 0.228071 0.934911 0.894737
49 0.239386 0.704142 0.526316
50 0.208391 0.710059 0.526316
51 0.188069 0.840237 0.894737
52 0.196806 0.893491 0.842105
53 0.191316 0.917160 0.894737
54 0.190894 0.893491 0.894737
55 0.199734 0.881657 0.894737
56 0.188652 0.544379 0.578947
57 0.188995 0.911243 0.894737
58 0.199030 0.852071 0.736842
59 0.195045 0.514793 0.421053
60 0.197088 0.769231 0.842105
61 0.192298 0.899408 0.842105
62 0.192575 0.893491 0.842105
63 0.189993 0.893491 0.894737
64 0.180707 0.562130 0.473684
65 0.174716 0.911243 0.947368
66 0.188981 0.544379 0.526316
67 0.184596 0.556213 0.526316
68 0.177095 0.911243 0.894737
69 0.171504 0.757396 0.736842
70 0.175554 0.710059 0.631579
