1 1.777748 0.431953 0.263158
2 0.762141 0.863905 0.736842
3 0.515820 0.863905 0.736842
4 0.411968 0.798817 0.736842
5 0.446117 0.875740 0.789474
6 0.321435 0.810651 0.736842
7 0.341225 0.869822 0.789474
8 0.372973 0.893491 0.736842
9 0.363379 0.739645 0.736842
10 0.363363 0.798817 0.736842
11 0.330081 0.857988 0.736842
12 0.252450 0.946746 0.631579
13 0.297172 0.461538 0.526316
14 0.271658 0.751479 0.684211
15 0.274774 0.840237 0.736842
16 0.229592 0.810651 0.684211
17 0.220862 0.627219 0.684211
18 0.313250 0.491124 0.526316
19 0.217866 0.840237 0.578947
20 0.215158 0.887574 0.684211
21 0.162524 0.946746 0.631579
22 0.158832 0.881657 0.736842
23 0.184194 0.834320 0.684211
24 0.206886 0.680473 0.578947
25 0.161833 0.822485 0.631579
26 0.173747 0.952663 0.684211
27 0.124619 0.928994 0.736842
28 0.154090 0.627219 0.368421
29 0.136738 0.946746 0.736842
30 0.125509 0.940828 0.631579
31 0.168105 0.846154 0.631579
32 0.146691 0.733728 0.684211
33 0.125590 0.923077 0.736842
34 0.116030 0.911243 0.684211
35 0.171433 0.686391 0.578947
36 0.118312 0.970414 0.736842
37 0.109312 0.846154 0.631579
38 0.099525 0.976331 0.789474
39 0.094796 0.952663 0.736842
40 0.092078 0.899408 0.736842
41 0.116310 0.887574 0.736842
42 0.100893 0.976331 0.578947
43 0.097319 0.964497 0.684211
44 0.107726 0.704142 0.578947
45 0.091027 0.585799 0.368421
46 0.152392 0.822485 0.684211
47 0.168008 0.928994 0.736842
48 0.107004 0.970414 0.631579
49 0.090916 0.994083 0.684211
50 0.074371 0.994083 0.736842
51 0.074477 0.994083 0.578947
52 0.075460 0.958580 0.631579
53 0.071626 0.988166 0.736842
54 0.076804 0.769231 0.473684
55 0.075125 0.952663 0.736842
56 0.074435 0.994083 0.631579
57 0.077419 0.952663 0.736842
58 0.070733 0.976331 0.578947
59 0.069497 0.994083 0.631579
60 0.065571 0.964497 0.684211
61 0.075695 0.863905 0.736842
62 0.073067 0.917160 0.736842
63 0.068871 0.976331 0.736842
64 0.064041 0.994083 0.631579
65 0.066396 0.970414 0.736842
66 0.069870 0.994083 0.631579
67 0.066761 0.994083 0.684211
68 0.062003 0.988166 0.736842
69 0.062300 0.964497 0.684211
70 0.070164 0.982249 0.578947
