1 7.349007 0.665669 0.711712
2 3.971514 0.729541 0.801802
3 3.191140 0.585828 0.594595
4 4.013365 0.699601 0.720721
5 2.881476 0.704591 0.729730
6 2.192363 0.537924 0.540541
7 1.975902 0.727545 0.783784
8 1.541510 0.722555 0.792793
9 1.321109 0.663673 0.738739
10 1.285162 0.728543 0.783784
11 1.133665 0.723553 0.828829
12 1.158730 0.722555 0.837838
13 0.917528 0.729541 0.792793
14 0.846975 0.591816 0.576577
15 0.859605 0.655689 0.729730
16 0.779932 0.703593 0.720721
17 0.803184 0.644711 0.702703
18 0.749249 0.736527 0.765766
19 0.651526 0.724551 0.756757
20 0.695434 0.739521 0.810811
21 0.689876 0.733533 0.792793
22 0.642367 0.746507 0.792793
23 0.696201 0.674651 0.702703
24 0.640955 0.742515 0.792793
25 0.612014 0.675649 0.702703
26 0.632622 0.703593 0.720721
27 0.610855 0.742515 0.792793
28 0.599566 0.743513 0.783784
29 0.608654 0.603792 0.612613
30 0.687283 0.745509 0.828829
31 0.658931 0.734531 0.819820
32 0.651512 0.702595 0.747748
33 0.596483 0.730539 0.765766
34 0.626499 0.735529 0.792793
35 0.596758 0.735529 0.801802
36 0.599574 0.740519 0.801802
37 0.591168 0.741517 0.783784
38 0.582830 0.745509 0.783784
39 0.583133 0.740519 0.783784
40 0.577201 0.736527 0.783784
41 0.586206 0.675649 0.765766
42 0.576912 0.729541 0.774775
43 0.587086 0.694611 0.747748
44 0.574056 0.696607 0.711712
45 0.588948 0.740519 0.783784
46 0.570888 0.729541 0.783784
47 0.587073 0.690619 0.720721
48 0.572923 0.740519 0.783784
49 0.578804 0.716567 0.774775
50 0.566856 0.706587 0.720721
51 0.549816 0.749501 0.801802
52 0.555562 0.746507 0.801802
53 0.567126 0.747505 0.783784
54 0.559000 0.746507 0.774775
55 0.549140 0.749501 0.810811
56 0.550352 0.739521 0.774775
57 0.556681 0.715569 0.783784
58 0.558562 0.704591 0.756757
59 0.549929 0.746507 0.801802
60 0.549942 0.750499 0.792793
61 0.551744 0.743513 0.792793
62 0.552824 0.686627 0.729730
63 0.540011 0.747505 0.774775
64 0.551766 0.746507 0.792793
65 0.554657 0.754491 0.801802
66 0.555200 0.752495 0.837838
67 0.548653 0.740519 0.801802
68 0.556585 0.749501 0.801802
69 0.552004 0.724551 0.738739
70 0.556324 0.748503 0.792793
71 0.553499 0.748503 0.801802
72 0.541204 0.752495 0.801802
73 0.548578 0.736527 0.756757
74 0.555087 0.743513 0.774775
75 0.554263 0.756487 0.801802
76 0.551158 0.748503 0.765766
77 0.550427 0.732535 0.729730
78 0.555242 0.745509 0.774775
79 0.564127 0.726547 0.738739
80 0.559602 0.755489 0.828829
81 0.564707 0.709581 0.756757
82 0.568631 0.747505 0.801802
83 0.558076 0.741517 0.774775
84 0.555708 0.720559 0.783784
85 0.557688 0.745509 0.765766
86 0.561103 0.744511 0.801802
87 0.565692 0.724551 0.783784
88 0.571104 0.741517 0.792793
89 0.575217 0.740519 0.783784
90 0.569732 0.745509 0.801802
91 0.562098 0.733533 0.765766
92 0.563219 0.712575 0.765766
93 0.552696 0.743513 0.810811
94 0.551957 0.735529 0.765766
95 0.562594 0.734531 0.774775
96 0.560085 0.733533 0.774775
97 0.557806 0.702595 0.792793
98 0.548635 0.735529 0.738739
99 0.555095 0.721557 0.783784
100 0.546540 0.740519 0.774775
101 0.549045 0.732535 0.774775
102 0.550661 0.750499 0.792793
103 0.534636 0.761477 0.801802
104 0.544562 0.750499 0.801802
105 0.541854 0.723553 0.747748
106 0.549036 0.752495 0.765766
107 0.552425 0.757485 0.783784
108 0.552648 0.756487 0.801802
109 0.545226 0.756487 0.765766
110 0.541715 0.754491 0.783784
111 0.534528 0.762475 0.765766
112 0.542596 0.754491 0.810811
113 0.531127 0.759481 0.792793
114 0.550497 0.752495 0.756757
115 0.551364 0.763473 0.756757
116 0.544496 0.756487 0.792793
117 0.538449 0.739521 0.774775
118 0.546412 0.753493 0.774775
119 0.539338 0.758483 0.801802
120 0.548308 0.754491 0.810811
121 0.546028 0.750499 0.828829
122 0.541584 0.763473 0.819820
123 0.529678 0.753493 0.783784
124 0.541189 0.763473 0.792793
125 0.537152 0.752495 0.819820
126 0.543997 0.764471 0.783784
127 0.538837 0.748503 0.792793
128 0.538377 0.768463 0.765766
129 0.535876 0.769461 0.801802
130 0.542139 0.754491 0.783784
131 0.544016 0.748503 0.774775
132 0.538404 0.750499 0.783784
133 0.542485 0.771457 0.783784
134 0.525890 0.733533 0.774775
135 0.539399 0.760479 0.801802
136 0.541769 0.747505 0.783784
137 0.537986 0.760479 0.828829
138 0.521294 0.762475 0.810811
139 0.525551 0.763473 0.810811
140 0.532943 0.754491 0.792793
141 0.535698 0.726547 0.774775
142 0.541267 0.755489 0.765766
143 0.532573 0.764471 0.792793
144 0.539111 0.753493 0.810811
145 0.525028 0.775449 0.810811
146 0.546542 0.767465 0.774775
147 0.540635 0.757485 0.783784
148 0.527563 0.727545 0.729730
149 0.533790 0.760479 0.801802
150 0.524689 0.765469 0.801802
151 0.522590 0.779441 0.801802
152 0.523002 0.770459 0.792793
153 0.522161 0.774451 0.774775
154 0.521031 0.775449 0.801802
155 0.527190 0.758483 0.792793
156 0.519868 0.777445 0.801802
157 0.518525 0.778443 0.801802
158 0.530914 0.776447 0.810811
159 0.533169 0.761477 0.792793
160 0.525208 0.763473 0.810811
161 0.513179 0.771457 0.792793
162 0.516335 0.780439 0.792793
163 0.520826 0.769461 0.783784
164 0.514378 0.768463 0.783784
165 0.512142 0.772455 0.783784
166 0.522426 0.767465 0.783784
167 0.510736 0.777445 0.801802
168 0.522957 0.768463 0.819820
169 0.520884 0.753493 0.810811
170 0.509571 0.761477 0.783784
171 0.525658 0.764471 0.810811
172 0.513780 0.771457 0.774775
173 0.523179 0.774451 0.828829
174 0.509715 0.785429 0.792793
175 0.518717 0.773453 0.801802
176 0.525794 0.762475 0.819820
177 0.527372 0.759481 0.783784
178 0.511466 0.786427 0.801802
179 0.514902 0.777445 0.801802
180 0.511969 0.773453 0.792793
181 0.523723 0.782435 0.801802
182 0.528964 0.779441 0.783784
183 0.511060 0.767465 0.783784
184 0.521877 0.771457 0.801802
185 0.521235 0.772455 0.792793
186 0.512058 0.763473 0.801802
187 0.511692 0.771457 0.774775
188 0.512872 0.767465 0.756757
189 0.519277 0.767465 0.810811
190 0.518114 0.778443 0.765766
191 0.505539 0.769461 0.792793
192 0.507862 0.777445 0.792793
193 0.520128 0.783433 0.792793
194 0.530605 0.764471 0.810811
195 0.513910 0.777445 0.792793
196 0.507529 0.780439 0.792793
197 0.524105 0.766467 0.774775
198 0.524733 0.772455 0.819820
199 0.511768 0.773453 0.774775
200 0.517686 0.776447 0.783784
201 0.507185 0.777445 0.765766
202 0.512242 0.774451 0.810811
203 0.509356 0.778443 0.783784
204 0.508731 0.779441 0.810811
205 0.500448 0.776447 0.792793
206 0.503490 0.779441 0.810811
207 0.505695 0.780439 0.774775
208 0.513416 0.781437 0.783784
209 0.512838 0.783433 0.792793
210 0.504872 0.773453 0.792793
211 0.512889 0.777445 0.801802
212 0.514200 0.773453 0.783784
213 0.511189 0.781437 0.801802
214 0.508941 0.777445 0.801802
215 0.517208 0.781437 0.792793
216 0.512573 0.773453 0.810811
217 0.508906 0.788423 0.810811
218 0.495949 0.780439 0.810811
219 0.509875 0.787425 0.783784
220 0.494107 0.784431 0.783784
221 0.497721 0.786427 0.810811
222 0.497335 0.781437 0.747748
223 0.503439 0.776447 0.792793
224 0.495414 0.775449 0.810811
225 0.497873 0.787425 0.801802
226 0.497356 0.785429 0.792793
227 0.495531 0.782435 0.801802
228 0.504072 0.775449 0.783784
229 0.506796 0.775449 0.828829
230 0.493829 0.779441 0.801802
231 0.503949 0.785429 0.810811
232 0.497140 0.790419 0.792793
233 0.504948 0.784431 0.810811
234 0.506203 0.782435 0.783784
235 0.493131 0.777445 0.792793
236 0.491556 0.786427 0.765766
237 0.503297 0.784431 0.810811
238 0.510572 0.776447 0.801802
239 0.499625 0.790419 0.792793
240 0.501362 0.781437 0.801802
241 0.496841 0.790419 0.765766
242 0.496930 0.777445 0.801802
243 0.497428 0.784431 0.801802
244 0.494099 0.786427 0.801802
245 0.498361 0.792415 0.801802
246 0.499979 0.768463 0.783784
247 0.496777 0.786427 0.801802
248 0.497720 0.780439 0.792793
249 0.483683 0.773453 0.810811
250 0.492241 0.785429 0.801802
251 0.480974 0.791417 0.774775
252 0.485437 0.787425 0.783784
253 0.496212 0.788423 0.783784
254 0.489851 0.779441 0.792793
255 0.485813 0.785429 0.783784
256 0.482799 0.786427 0.774775
257 0.492943 0.791417 0.783784
258 0.507245 0.786427 0.810811
259 0.491739 0.787425 0.783784
260 0.486163 0.786427 0.774775
261 0.484449 0.782435 0.783784
262 0.491796 0.786427 0.792793
263 0.495898 0.795409 0.756757
264 0.493096 0.787425 0.756757
265 0.487759 0.790419 0.783784
266 0.491154 0.786427 0.792793
267 0.507083 0.786427 0.801802
268 0.492512 0.780439 0.792793
269 0.482073 0.790419 0.783784
270 0.487997 0.798403 0.801802
271 0.480764 0.785429 0.792793
272 0.494188 0.783433 0.765766
273 0.482069 0.784431 0.783784
274 0.484864 0.787425 0.783784
275 0.488676 0.790419 0.783784
276 0.490040 0.790419 0.756757
277 0.492916 0.790419 0.792793
278 0.485106 0.795409 0.765766
279 0.487520 0.793413 0.765766
280 0.488776 0.789421 0.792793
281 0.480592 0.801397 0.765766
282 0.478015 0.796407 0.801802
283 0.490688 0.788423 0.801802
284 0.485003 0.791417 0.792793
285 0.497094 0.798403 0.792793
286 0.491398 0.795409 0.792793
287 0.482525 0.786427 0.783784
288 0.492252 0.802395 0.792793
289 0.490233 0.791417 0.792793
290 0.489146 0.785429 0.783784
291 0.484356 0.796407 0.783784
292 0.488836 0.791417 0.801802
293 0.486844 0.790419 0.792793
294 0.471219 0.801397 0.774775
295 0.490040 0.789421 0.783784
296 0.474964 0.791417 0.783784
297 0.476986 0.795409 0.792793
298 0.478595 0.790419 0.783784
299 0.484938 0.798403 0.783784
300 0.487512 0.793413 0.774775
301 0.473718 0.797405 0.774775
302 0.480642 0.797405 0.792793
303 0.474241 0.795409 0.783784
304 0.474701 0.799401 0.774775
305 0.473683 0.792415 0.792793
306 0.473471 0.797405 0.756757
307 0.478417 0.794411 0.765766
308 0.474085 0.797405 0.783784
309 0.480618 0.799401 0.792793
310 0.489702 0.785429 0.783784
311 0.473877 0.796407 0.774775
312 0.484968 0.802395 0.774775
313 0.485455 0.795409 0.774775
314 0.475689 0.795409 0.774775
315 0.478571 0.799401 0.783784
316 0.488611 0.800399 0.774775
317 0.476671 0.804391 0.783784
318 0.476020 0.799401 0.783784
319 0.483465 0.796407 0.774775
320 0.485661 0.798403 0.783784
321 0.476709 0.801397 0.810811
322 0.475829 0.805389 0.783784
323 0.479843 0.797405 0.774775
324 0.475743 0.799401 0.792793
325 0.475676 0.795409 0.774775
326 0.477419 0.800399 0.783784
327 0.482877 0.802395 0.774775
328 0.465819 0.801397 0.783784
329 0.475912 0.801397 0.783784
330 0.476169 0.797405 0.792793
331 0.476491 0.801397 0.783784
332 0.482723 0.802395 0.774775
333 0.480060 0.808383 0.792793
334 0.476962 0.808383 0.792793
335 0.477235 0.808383 0.792793
336 0.468252 0.797405 0.810811
337 0.474908 0.808383 0.792793
338 0.484041 0.807385 0.774775
339 0.480410 0.806387 0.774775
340 0.475830 0.807385 0.783784
341 0.480659 0.803393 0.774775
342 0.472507 0.798403 0.792793
343 0.473074 0.805389 0.774775
344 0.477795 0.793413 0.792793
345 0.479240 0.796407 0.801802
346 0.487751 0.799401 0.774775
347 0.477885 0.802395 0.792793
348 0.483911 0.804391 0.792793
349 0.468497 0.803393 0.792793
350 0.481821 0.808383 0.792793
