1 9.151096 0.693333 0.666000
2 1.526081 0.745556 0.702000
3 1.210490 0.753778 0.738000
4 0.899000 0.781111 0.744000
5 0.745786 0.790000 0.748000
6 0.666460 0.741556 0.714000
7 0.691847 0.774444 0.724000
8 0.676512 0.803556 0.752000
9 0.638241 0.785778 0.746000
10 0.589330 0.799333 0.762000
11 0.539881 0.806222 0.780000
12 0.573231 0.784889 0.752000
13 0.534517 0.795333 0.754000
14 0.497792 0.800000 0.760000
15 0.497431 0.807778 0.752000
16 0.495476 0.815556 0.752000
17 0.512953 0.817556 0.756000
18 0.500964 0.829111 0.766000
19 0.459889 0.812000 0.760000
20 0.453419 0.832000 0.756000
21 0.444473 0.832444 0.774000
22 0.472134 0.833111 0.778000
23 0.444543 0.850000 0.776000
24 0.446377 0.839333 0.774000
25 0.474829 0.828000 0.770000
26 0.439969 0.837111 0.774000
27 0.457320 0.819333 0.760000
28 0.458683 0.850000 0.778000
29 0.422916 0.840667 0.754000
30 0.434144 0.839556 0.786000
