1 3.709463 0.595469 0.628571
2 1.613651 0.521036 0.485714
3 1.546092 0.475728 0.428571
4 0.937798 0.601942 0.600000
5 0.803332 0.666667 0.628571
6 0.676535 0.595469 0.514286
7 0.595219 0.699029 0.628571
8 0.586269 0.653722 0.628571
9 0.602762 0.711974 0.571429
10 0.573424 0.699029 0.628571
11 0.547093 0.805825 0.685714
12 0.558881 0.779935 0.657143
13 0.563034 0.689320 0.514286
14 0.478076 0.728155 0.600000
15 0.440710 0.834951 0.628571
16 0.431944 0.786408 0.485714
17 0.420896 0.828479 0.628571
18 0.373851 0.802589 0.628571
19 0.353863 0.838188 0.657143
20 0.320582 0.880259 0.600000
21 0.292587 0.906149 0.657143
22 0.280981 0.889968 0.600000
23 0.378435 0.841424 0.685714
24 0.287281 0.899676 0.657143
25 0.320173 0.912621 0.685714
26 0.358378 0.805825 0.685714
27 0.282140 0.915858 0.657143
28 0.308353 0.889968 0.685714
29 0.249147 0.932039 0.657143
30 0.190475 0.870550 0.571429
31 0.225084 0.941748 0.685714
32 0.165131 0.951456 0.685714
33 0.131883 0.919094 0.685714
34 0.157362 0.967638 0.600000
35 0.175516 0.779935 0.571429
36 0.330196 0.915858 0.628571
37 0.214964 0.954693 0.685714
38 0.132031 0.951456 0.628571
39 0.182778 0.938511 0.685714
40 0.175414 0.974110 0.628571
41 0.093069 0.944984 0.600000
42 0.135784 0.922330 0.657143
43 0.187270 0.970874 0.571429
44 0.123760 0.987055 0.657143
45 0.120263 0.961165 0.657143
46 0.110719 0.941748 0.600000
47 0.143920 0.957929 0.571429
48 0.164777 0.951456 0.600000
49 0.105747 0.993528 0.600000
50 0.059539 0.996764 0.600000
51 0.047900 0.996764 0.600000
52 0.040497 0.996764 0.571429
53 0.048315 0.996764 0.571429
54 0.072351 0.987055 0.657143
55 0.063719 0.993528 0.628571
56 0.053068 0.996764 0.600000
57 0.041724 0.990291 0.600000
58 0.054196 0.996764 0.600000
59 0.045380 0.993528 0.571429
60 0.056900 0.987055 0.600000
61 0.046958 0.996764 0.600000
62 0.038559 0.996764 0.600000
63 0.035828 0.996764 0.600000
64 0.036216 0.996764 0.600000
65 0.035205 0.993528 0.600000
66 0.033736 0.996764 0.600000
67 0.031021 0.996764 0.600000
68 0.115647 0.954693 0.600000
69 0.104707 0.983819 0.657143
70 0.065834 0.993528 0.628571
71 0.054589 0.993528 0.600000
72 0.044993 0.996764 0.571429
73 0.046857 0.996764 0.571429
74 0.075361 0.977346 0.514286
75 0.188690 0.987055 0.571429
76 0.077104 0.993528 0.571429
77 0.041476 0.996764 0.600000
78 0.041254 0.996764 0.600000
79 0.052817 0.996764 0.571429
80 0.041377 0.996764 0.628571
81 0.037585 0.996764 0.571429
82 0.038250 0.996764 0.628571
83 0.040451 0.996764 0.600000
84 0.043046 0.996764 0.628571
85 0.047436 0.996764 0.571429
86 0.034123 0.996764 0.571429
87 0.034331 0.996764 0.628571
88 0.032400 0.996764 0.571429
89 0.033278 0.996764 0.571429
90 0.036068 0.996764 0.542857
91 0.037352 0.996764 0.600000
92 0.040545 0.996764 0.600000
93 0.203159 0.779935 0.542857
94 0.215627 0.987055 0.628571
95 0.063716 0.996764 0.600000
96 0.132910 0.977346 0.628571
97 0.093598 0.993528 0.600000
98 0.048148 0.996764 0.571429
99 0.046129 0.996764 0.628571
100 0.036326 0.996764 0.600000
101 0.030886 0.996764 0.600000
102 0.035116 0.996764 0.628571
103 0.036738 0.996764 0.628571
104 0.031793 0.996764 0.628571
105 0.030830 0.996764 0.600000
106 0.037716 0.996764 0.600000
107 0.034751 0.996764 0.628571
108 0.032227 0.996764 0.600000
109 0.054521 0.993528 0.600000
110 0.034677 0.996764 0.600000
111 0.031674 0.996764 0.600000
112 0.031074 0.996764 0.600000
113 0.029401 0.996764 0.600000
114 0.033999 0.996764 0.600000
115 0.031313 0.996764 0.600000
116 0.028304 0.996764 0.628571
117 0.022386 0.996764 0.628571
118 0.033142 0.996764 0.628571
119 0.034334 0.996764 0.571429
120 0.051572 0.987055 0.571429
121 0.062730 0.996764 0.514286
122 0.032243 0.996764 0.514286
123 0.028468 0.996764 0.514286
124 0.029825 0.996764 0.514286
125 0.026141 0.996764 0.514286
126 0.032788 0.996764 0.514286
127 0.034214 0.996764 0.485714
128 0.028287 0.996764 0.542857
129 0.035301 0.996764 0.628571
130 0.045267 0.987055 0.514286
131 0.091892 0.980583 0.571429
132 0.046309 0.996764 0.657143
133 0.047780 0.996764 0.600000
134 0.051600 0.983819 0.600000
135 0.055211 0.983819 0.628571
136 0.045979 0.996764 0.571429
137 0.035456 0.996764 0.542857
138 0.030520 0.996764 0.571429
139 0.028761 0.996764 0.571429
140 0.030331 0.996764 0.600000
141 0.030780 0.987055 0.542857
142 0.033905 0.996764 0.571429
143 0.031614 0.996764 0.542857
144 0.034615 0.996764 0.571429
145 0.031231 0.996764 0.571429
146 0.032343 0.967638 0.571429
147 0.087243 0.993528 0.628571
148 0.040895 0.996764 0.628571
149 0.032608 0.996764 0.571429
150 0.031947 0.996764 0.600000
151 0.028042 0.996764 0.628571
152 0.026724 0.996764 0.628571
153 0.029952 0.996764 0.628571
154 0.030456 0.996764 0.657143
155 0.029135 0.996764 0.628571
156 0.026143 0.996764 0.657143
157 0.026250 0.996764 0.657143
158 0.026718 0.996764 0.600000
159 0.026840 0.996764 0.600000
160 0.028418 0.996764 0.628571
161 0.029648 0.996764 0.628571
162 0.029145 0.996764 0.628571
163 0.022041 0.996764 0.657143
164 0.026290 0.996764 0.657143
165 0.025385 0.996764 0.600000
166 0.028810 0.996764 0.628571
167 0.026021 0.996764 0.628571
168 0.023599 0.996764 0.628571
169 0.023756 0.996764 0.628571
170 0.024778 0.996764 0.628571
171 0.026564 0.996764 0.628571
172 0.028258 0.996764 0.628571
173 0.029095 0.996764 0.628571
174 0.030163 0.996764 0.600000
175 0.037847 0.996764 0.600000
176 0.045961 0.996764 0.600000
177 0.036079 0.996764 0.657143
178 0.029830 0.996764 0.628571
179 0.026202 0.996764 0.657143
180 0.032355 0.996764 0.600000
181 0.027627 0.996764 0.600000
182 0.022855 0.996764 0.571429
183 0.026297 0.996764 0.600000
184 0.024774 0.996764 0.600000
185 0.023989 0.996764 0.600000
186 0.022481 0.996764 0.571429
187 0.024999 0.996764 0.600000
188 0.022500 0.996764 0.600000
189 0.026500 0.996764 0.600000
190 0.023771 0.996764 0.600000
191 0.024770 0.996764 0.600000
192 0.025019 0.996764 0.600000
193 0.025011 0.996764 0.600000
194 0.024244 0.996764 0.600000
195 0.027335 0.996764 0.600000
196 0.023771 0.996764 0.571429
197 0.026380 0.996764 0.571429
198 0.025661 0.996764 0.600000
199 0.026282 0.996764 0.571429
200 0.020127 0.996764 0.571429
201 0.021753 0.996764 0.571429
202 0.024199 0.996764 0.571429
203 0.024385 0.996764 0.571429
204 0.023133 0.996764 0.600000
205 0.022325 0.996764 0.600000
206 0.022179 0.996764 0.571429
207 0.022118 0.996764 0.571429
208 0.024620 0.996764 0.571429
209 0.022730 0.996764 0.571429
210 0.024307 0.996764 0.571429
211 0.021486 0.996764 0.571429
212 0.025941 0.996764 0.600000
213 0.025884 0.996764 0.600000
214 0.022307 0.996764 0.600000
215 0.022310 0.996764 0.571429
216 0.021534 0.996764 0.571429
217 0.024167 0.996764 0.571429
218 0.022543 0.996764 0.571429
219 0.023126 0.996764 0.571429
220 0.021789 0.996764 0.571429
221 0.023672 0.996764 0.542857
222 0.025152 0.996764 0.571429
223 0.027512 0.996764 0.600000
224 0.022762 0.996764 0.600000
225 0.020996 0.996764 0.571429
226 0.022586 0.996764 0.571429
227 0.022804 0.996764 0.571429
228 0.021044 0.996764 0.571429
229 0.024414 0.996764 0.571429
230 0.023897 0.996764 0.571429
231 0.024306 0.996764 0.571429
232 0.020892 0.996764 0.600000
233 0.021983 0.996764 0.628571
234 0.019189 0.996764 0.600000
235 0.019625 0.996764 0.571429
236 0.021502 0.996764 0.571429
237 0.021788 0.996764 0.571429
238 0.022324 0.996764 0.600000
239 0.022953 0.996764 0.571429
240 0.023404 0.996764 0.600000
241 0.022053 0.996764 0.600000
242 0.020115 0.996764 0.600000
243 0.021109 0.996764 0.600000
244 0.027369 0.996764 0.571429
245 0.021187 0.996764 0.600000
246 0.022544 0.996764 0.571429
247 0.018658 0.996764 0.571429
248 0.022882 0.996764 0.571429
249 0.021031 0.996764 0.600000
250 0.023193 0.996764 0.600000
251 0.022525 0.996764 0.600000
252 0.018870 0.996764 0.571429
253 0.020323 0.996764 0.600000
254 0.020641 0.996764 0.600000
255 0.017804 0.996764 0.600000
256 0.019961 0.996764 0.600000
257 0.017806 0.996764 0.571429
258 0.018993 0.996764 0.571429
259 0.019798 0.996764 0.571429
260 0.019856 0.996764 0.600000
261 0.021918 0.996764 0.571429
262 0.020123 0.996764 0.600000
263 0.020081 0.996764 0.571429
264 0.019786 0.996764 0.600000
265 0.020441 0.996764 0.542857
266 0.020526 0.996764 0.571429
267 0.019413 0.996764 0.542857
268 0.020305 0.996764 0.600000
269 0.019647 0.996764 0.571429
270 0.019441 0.996764 0.571429
271 0.018671 0.996764 0.571429
272 0.019839 0.996764 0.600000
273 0.020430 0.996764 0.542857
274 0.022894 0.996764 0.571429
275 0.019141 0.996764 0.600000
276 0.020639 0.996764 0.542857
277 0.021565 0.996764 0.542857
278 0.019135 0.996764 0.571429
279 0.023173 0.996764 0.542857
280 0.020926 0.996764 0.571429
281 0.023994 0.996764 0.571429
282 0.022004 0.996764 0.571429
283 0.020286 0.996764 0.542857
284 0.019063 0.996764 0.542857
285 0.019370 0.996764 0.542857
286 0.020292 0.996764 0.542857
287 0.021364 0.996764 0.571429
288 0.017268 0.996764 0.628571
289 0.020414 0.996764 0.600000
290 0.021203 0.996764 0.600000
291 0.018844 0.996764 0.600000
292 0.019028 0.996764 0.600000
293 0.021253 0.996764 0.600000
294 0.019393 0.996764 0.571429
295 0.019877 0.996764 0.571429
296 0.020405 0.996764 0.571429
297 0.020891 0.996764 0.600000
298 0.021378 0.996764 0.600000
299 0.017870 0.996764 0.571429
300 0.018418 0.996764 0.571429
301 0.018501 0.996764 0.571429
302 0.019379 0.996764 0.571429
303 0.021908 0.996764 0.571429
304 0.016090 0.996764 0.571429
305 0.021593 0.996764 0.571429
306 0.018990 0.996764 0.571429
307 0.019496 0.996764 0.571429
308 0.020000 0.996764 0.571429
309 0.021138 0.996764 0.600000
310 0.022276 0.996764 0.628571
311 0.020404 0.996764 0.600000
312 0.019780 0.996764 0.600000
313 0.019809 0.996764 0.600000
314 0.016813 0.996764 0.571429
315 0.016403 0.996764 0.600000
316 0.020001 0.996764 0.628571
317 0.021150 0.996764 0.600000
318 0.017285 0.996764 0.600000
319 0.018402 0.996764 0.600000
320 0.020662 0.996764 0.571429
321 0.017825 0.996764 0.571429
322 0.021040 0.996764 0.571429
323 0.018711 0.996764 0.571429
324 0.019894 0.996764 0.571429
325 0.020217 0.996764 0.571429
326 0.021592 0.996764 0.571429
327 0.018314 0.996764 0.571429
328 0.018886 0.996764 0.571429
329 0.019316 0.996764 0.571429
330 0.017353 0.996764 0.571429
331 0.018109 0.996764 0.571429
332 0.018347 0.996764 0.571429
333 0.018436 0.996764 0.571429
334 0.017743 0.996764 0.571429
335 0.019421 0.996764 0.571429
336 0.020045 0.996764 0.571429
337 0.019179 0.996764 0.571429
338 0.017365 0.996764 0.571429
339 0.021452 0.996764 0.571429
340 0.019529 0.996764 0.600000
341 0.020098 0.996764 0.571429
342 0.021727 0.996764 0.542857
343 0.018617 0.996764 0.542857
344 0.018719 0.996764 0.542857
345 0.021233 0.996764 0.542857
346 0.019679 0.996764 0.542857
347 0.020040 0.996764 0.542857
348 0.020993 0.996764 0.542857
349 0.017888 0.996764 0.542857
350 0.021308 0.996764 0.542857
