1 10.310198 0.722222 0.748000
2 2.227764 0.736444 0.724000
3 1.190026 0.775556 0.772000
4 0.958976 0.782000 0.770000
5 0.918202 0.788222 0.794000
6 0.692851 0.800667 0.786000
7 0.641876 0.794667 0.770000
8 0.648763 0.778222 0.758000
9 0.592145 0.785333 0.782000
10 0.636608 0.788889 0.772000
11 0.551735 0.811333 0.796000
12 0.775460 0.767778 0.772000
13 0.929807 0.754667 0.740000
14 0.586376 0.796889 0.750000
15 0.513678 0.808667 0.778000
16 0.553546 0.796667 0.760000
17 0.534333 0.792889 0.774000
18 0.511903 0.814667 0.790000
19 0.496508 0.804444 0.784000
20 0.519707 0.812222 0.796000
21 0.483204 0.821333 0.800000
22 0.476952 0.833333 0.816000
23 0.467276 0.828222 0.792000
24 0.481149 0.825111 0.790000
25 0.450790 0.842444 0.808000
26 0.474927 0.807556 0.786000
27 0.462305 0.829556 0.790000
28 0.441123 0.839333 0.806000
29 0.461210 0.827333 0.782000
30 0.457067 0.845333 0.800000
