1 1.575024 0.680473 0.631579
2 0.652782 0.431953 0.421053
3 0.584838 0.834320 0.842105
4 0.497052 0.420118 0.368421
5 0.554668 0.804734 0.789474
6 0.527355 0.840237 0.894737
7 0.583560 0.852071 0.894737
8 0.495393 0.733728 0.684211
9 0.436750 0.526627 0.473684
10 0.564877 0.704142 0.684211
11 0.452454 0.863905 0.894737
12 0.461958 0.863905 0.894737
13 0.503294 0.769231 0.842105
14 0.399467 0.781065 0.684211
15 0.392305 0.745562 0.684211
16 0.375322 0.798817 0.789474
17 0.377935 0.869822 0.894737
18 0.389136 0.609467 0.473684
19 0.385672 0.875740 0.894737
20 0.423702 0.857988 0.842105
21 0.375271 0.869822 0.894737
22 0.370384 0.846154 0.842105
23 0.387118 0.644970 0.578947
24 0.381810 0.869822 0.894737
25 0.347049 0.881657 0.894737
26 0.365808 0.846154 0.894737
27 0.359948 0.863905 0.894737
28 0.389036 0.698225 0.789474
29 0.356727 0.662722 0.684211
30 0.330937 0.721893 0.631579
31 0.329079 0.562130 0.421053
32 0.347716 0.834320 0.842105
33 0.334026 0.863905 0.894737
34 0.363604 0.834320 0.842105
35 0.334561 0.715976 0.684211
36 0.339220 0.739645 0.736842
37 0.339598 0.426036 0.368421
38 0.324422 0.662722 0.684211
39 0.319901 0.710059 0.842105
40 0.331663 0.911243 0.947368
41 0.306028 0.893491 0.842105
42 0.270888 0.887574 0.947368
43 0.282037 0.881657 0.842105
44 0.299953 0.869822 0.736842
45 0.263804 0.804734 0.684211
46 0.293627 0.680473 0.789474
47 0.266646 0.721893 0.684211
48 0.290917 0.520710 0.263158
49 0.303019 0.733728 0.684211
50 0.229334 0.911243 0.894737
51 0.221270 0.899408 0.894737
52 0.233547 0.846154 0.894737
53 0.231266 0.775148 0.842105
54 0.217525 0.704142 0.631579
55 0.221032 0.928994 0.842105
56 0.199760 0.668639 0.578947
57 0.215311 0.917160 0.894737
58 0.202404 0.852071 0.789474
59 0.209815 0.905325 0.842105
60 0.205340 0.887574 0.894737
61 0.223697 0.917160 0.894737
62 0.215004 0.710059 0.631579
63 0.204185 0.928994 0.894737
64 0.197999 0.917160 0.947368
65 0.197509 0.550296 0.473684
66 0.202840 0.887574 0.842105
67 0.186288 0.863905 0.842105
68 0.180417 0.928994 0.894737
69 0.231939 0.633136 0.631579
70 0.211344 0.508876 0.421053
