1 8.084764 0.666334 0.687500
2 3.989449 0.717283 0.714286
3 2.284465 0.692308 0.687500
4 2.797844 0.706294 0.776786
5 2.400182 0.524476 0.526786
6 1.500156 0.726274 0.714286
7 1.851159 0.704296 0.750000
8 1.477774 0.744256 0.785714
9 1.109283 0.737263 0.732143
10 1.201435 0.738262 0.732143
11 0.928594 0.733267 0.776786
12 0.747269 0.730270 0.741071
13 0.917773 0.732268 0.705357
14 0.880539 0.738262 0.723214
15 0.963043 0.743257 0.723214
16 0.820444 0.696304 0.696429
17 0.812682 0.630370 0.651786
18 0.772125 0.743257 0.723214
19 0.717036 0.749251 0.758929
20 0.657101 0.727273 0.714286
21 0.736053 0.752248 0.767857
22 0.873839 0.738262 0.785714
23 0.814219 0.744256 0.750000
24 0.702871 0.669331 0.732143
25 0.647125 0.736264 0.723214
26 0.597902 0.743257 0.732143
27 0.592454 0.742258 0.741071
28 0.605135 0.709291 0.678571
29 0.584413 0.748252 0.732143
30 0.570653 0.745255 0.723214
31 0.583852 0.718282 0.678571
32 0.563861 0.736264 0.723214
33 0.540116 0.756244 0.758929
34 0.551389 0.712288 0.723214
35 0.562519 0.743257 0.741071
36 0.578249 0.759241 0.785714
37 0.546116 0.759241 0.714286
38 0.561610 0.733267 0.705357
39 0.541899 0.761239 0.705357
40 0.550388 0.757243 0.767857
41 0.548804 0.743257 0.696429
42 0.540030 0.674326 0.616071
43 0.550792 0.697303 0.651786
44 0.544260 0.760240 0.732143
45 0.543127 0.760240 0.732143
46 0.530731 0.719281 0.714286
47 0.534778 0.719281 0.705357
48 0.523300 0.699301 0.678571
49 0.536919 0.765235 0.687500
50 0.515703 0.726274 0.687500
51 0.504091 0.761239 0.767857
52 0.510882 0.740260 0.705357
53 0.512315 0.754246 0.678571
54 0.501976 0.791209 0.741071
55 0.489133 0.763237 0.705357
56 0.506980 0.744256 0.687500
57 0.482547 0.786214 0.741071
58 0.494813 0.778222 0.678571
59 0.491559 0.778222 0.750000
60 0.490609 0.786214 0.714286
61 0.481221 0.780220 0.723214
62 0.489070 0.721279 0.678571
63 0.501736 0.789211 0.750000
64 0.473406 0.760240 0.660714
65 0.485072 0.779221 0.741071
66 0.472982 0.687313 0.616071
67 0.476618 0.778222 0.758929
68 0.467097 0.787213 0.741071
69 0.476907 0.783217 0.741071
70 0.461199 0.761239 0.705357
71 0.491263 0.793207 0.687500
72 0.462166 0.795205 0.732143
73 0.464963 0.778222 0.723214
74 0.455890 0.779221 0.723214
75 0.456165 0.733267 0.696429
76 0.463463 0.787213 0.758929
77 0.466606 0.803197 0.714286
78 0.452789 0.790210 0.714286
79 0.478792 0.810190 0.723214
80 0.455544 0.781219 0.660714
81 0.454881 0.791209 0.687500
82 0.446834 0.789211 0.741071
83 0.449957 0.811189 0.723214
84 0.439950 0.788212 0.750000
85 0.456457 0.803197 0.696429
86 0.451808 0.799201 0.696429
87 0.436409 0.798202 0.678571
88 0.430191 0.807193 0.696429
89 0.426160 0.814186 0.616071
90 0.425529 0.809191 0.723214
91 0.412155 0.835165 0.669643
92 0.431564 0.841159 0.705357
93 0.433330 0.811189 0.732143
94 0.422832 0.796204 0.732143
95 0.418354 0.830170 0.705357
96 0.404809 0.822178 0.633929
97 0.418141 0.824176 0.741071
98 0.401803 0.850150 0.678571
99 0.431119 0.800200 0.758929
100 0.401922 0.868132 0.723214
101 0.357404 0.828172 0.705357
102 0.335814 0.883117 0.750000
103 0.348033 0.887113 0.669643
104 0.346892 0.878122 0.687500
105 0.342872 0.876124 0.678571
106 0.353999 0.869131 0.705357
107 0.348770 0.876124 0.687500
108 0.333565 0.905095 0.714286
109 0.340352 0.890110 0.678571
110 0.363104 0.857143 0.705357
111 0.355593 0.875125 0.767857
112 0.338473 0.884116 0.633929
113 0.320884 0.903097 0.723214
114 0.315811 0.902098 0.705357
115 0.317870 0.899101 0.696429
116 0.319577 0.897103 0.660714
117 0.289503 0.916084 0.616071
118 0.281580 0.913087 0.714286
119 0.302111 0.909091 0.625000
120 0.270033 0.905095 0.687500
121 0.346197 0.900100 0.696429
122 0.290598 0.915085 0.732143
123 0.299477 0.890110 0.696429
124 0.304355 0.907093 0.705357
125 0.275288 0.888112 0.687500
126 0.308751 0.878122 0.732143
127 0.292233 0.906094 0.678571
128 0.284282 0.921079 0.705357
129 0.275948 0.935065 0.678571
130 0.277913 0.904096 0.696429
131 0.294503 0.844156 0.669643
132 0.292806 0.922078 0.687500
133 0.296398 0.932068 0.714286
134 0.268101 0.919081 0.723214
135 0.247002 0.938062 0.678571
136 0.286457 0.910090 0.687500
137 0.286297 0.945055 0.723214
138 0.307566 0.854146 0.678571
139 0.283348 0.937063 0.678571
140 0.254258 0.930070 0.669643
141 0.242533 0.910090 0.678571
142 0.293022 0.939061 0.678571
143 0.280048 0.937063 0.687500
144 0.239807 0.955045 0.687500
145 0.236078 0.939061 0.687500
146 0.213275 0.954046 0.687500
147 0.239172 0.910090 0.660714
148 0.289090 0.935065 0.696429
149 0.262857 0.947053 0.714286
150 0.231510 0.951049 0.678571
151 0.204636 0.961039 0.678571
152 0.205183 0.964036 0.687500
153 0.216794 0.961039 0.696429
154 0.201228 0.961039 0.660714
155 0.192985 0.969031 0.696429
156 0.191995 0.963037 0.705357
157 0.211921 0.962038 0.696429
158 0.186948 0.964036 0.696429
159 0.213812 0.963037 0.678571
160 0.198703 0.970030 0.687500
161 0.173513 0.973027 0.669643
162 0.216512 0.967033 0.687500
163 0.206570 0.968032 0.714286
164 0.195848 0.969031 0.678571
165 0.184762 0.970030 0.705357
166 0.175046 0.956044 0.696429
167 0.194698 0.971029 0.723214
168 0.193225 0.970030 0.705357
169 0.191851 0.965035 0.687500
170 0.171501 0.966034 0.660714
171 0.167269 0.969031 0.714286
172 0.191397 0.970030 0.687500
173 0.180351 0.963037 0.687500
174 0.190149 0.973027 0.669643
175 0.191946 0.963037 0.678571
176 0.185070 0.977023 0.696429
177 0.199827 0.967033 0.714286
178 0.201975 0.967033 0.696429
179 0.190753 0.966034 0.705357
180 0.169773 0.970030 0.687500
181 0.184765 0.971029 0.678571
182 0.185568 0.969031 0.669643
183 0.203715 0.969031 0.705357
184 0.184028 0.966034 0.723214
185 0.180882 0.967033 0.705357
186 0.176266 0.967033 0.714286
187 0.170598 0.978022 0.732143
188 0.174585 0.973027 0.687500
189 0.201843 0.972028 0.750000
190 0.195292 0.968032 0.714286
191 0.189524 0.969031 0.723214
192 0.172646 0.972028 0.696429
193 0.172938 0.971029 0.723214
194 0.190005 0.973027 0.687500
195 0.198515 0.966034 0.687500
196 0.152120 0.976024 0.678571
197 0.173097 0.977023 0.714286
198 0.142352 0.975025 0.714286
199 0.167457 0.968032 0.696429
200 0.154632 0.976024 0.687500
201 0.179940 0.975025 0.696429
202 0.158049 0.975025 0.696429
203 0.148164 0.979021 0.678571
204 0.160916 0.976024 0.687500
205 0.147367 0.977023 0.714286
206 0.150817 0.977023 0.705357
207 0.133171 0.977023 0.750000
208 0.157508 0.979021 0.732143
209 0.157334 0.976024 0.714286
210 0.145461 0.976024 0.723214
211 0.148718 0.978022 0.714286
212 0.155461 0.981019 0.705357
213 0.140449 0.978022 0.705357
214 0.144718 0.980020 0.714286
215 0.130739 0.979021 0.705357
216 0.153936 0.979021 0.705357
217 0.160589 0.980020 0.714286
218 0.145757 0.979021 0.750000
219 0.141869 0.982018 0.714286
220 0.134997 0.981019 0.714286
221 0.135461 0.980020 0.705357
222 0.141923 0.978022 0.723214
223 0.153460 0.975025 0.723214
224 0.149619 0.981019 0.741071
225 0.146748 0.979021 0.696429
226 0.138265 0.981019 0.723214
227 0.143140 0.982018 0.714286
228 0.132361 0.982018 0.723214
229 0.131323 0.981019 0.705357
230 0.130841 0.980020 0.714286
231 0.137535 0.980020 0.714286
232 0.142010 0.979021 0.732143
233 0.145804 0.979021 0.714286
234 0.141336 0.977023 0.705357
235 0.142436 0.976024 0.723214
236 0.155920 0.977023 0.687500
237 0.143083 0.979021 0.705357
238 0.137552 0.978022 0.687500
239 0.126225 0.980020 0.714286
240 0.138300 0.981019 0.696429
241 0.138323 0.981019 0.714286
242 0.140385 0.981019 0.732143
243 0.126088 0.982018 0.714286
244 0.180337 0.980020 0.687500
245 0.132733 0.978022 0.732143
246 0.141685 0.979021 0.705357
247 0.137367 0.982018 0.732143
248 0.139156 0.976024 0.758929
249 0.151392 0.977023 0.696429
250 0.140392 0.980020 0.732143
251 0.132915 0.980020 0.714286
252 0.129938 0.979021 0.723214
253 0.119769 0.980020 0.723214
254 0.131843 0.980020 0.687500
255 0.137350 0.980020 0.714286
256 0.126714 0.981019 0.714286
257 0.125448 0.982018 0.732143
258 0.141461 0.980020 0.714286
259 0.128292 0.981019 0.696429
260 0.130240 0.981019 0.723214
261 0.126969 0.980020 0.714286
262 0.130972 0.981019 0.705357
263 0.129986 0.982018 0.723214
264 0.128458 0.980020 0.732143
265 0.135406 0.981019 0.741071
266 0.159681 0.981019 0.714286
267 0.129651 0.982018 0.714286
268 0.113241 0.980020 0.723214
269 0.125815 0.980020 0.723214
270 0.117780 0.982018 0.723214
271 0.128175 0.980020 0.732143
272 0.117567 0.982018 0.732143
273 0.120958 0.982018 0.723214
274 0.125650 0.982018 0.723214
275 0.113668 0.982018 0.696429
276 0.122346 0.980020 0.705357
277 0.129835 0.981019 0.705357
278 0.128400 0.980020 0.723214
279 0.110369 0.981019 0.732143
280 0.127154 0.981019 0.732143
281 0.119616 0.982018 0.714286
282 0.116126 0.981019 0.705357
283 0.114212 0.981019 0.705357
284 0.112920 0.981019 0.687500
285 0.123194 0.982018 0.705357
286 0.110785 0.982018 0.714286
287 0.119201 0.982018 0.705357
288 0.124558 0.982018 0.705357
289 0.139734 0.981019 0.696429
290 0.129576 0.982018 0.723214
291 0.147214 0.980020 0.687500
292 0.124875 0.980020 0.696429
293 0.129394 0.982018 0.732143
294 0.115622 0.982018 0.723214
295 0.131925 0.980020 0.714286
296 0.119988 0.982018 0.732143
297 0.125076 0.982018 0.696429
298 0.112623 0.982018 0.705357
299 0.124187 0.981019 0.714286
300 0.117999 0.980020 0.705357
301 0.122643 0.982018 0.714286
302 0.116294 0.982018 0.714286
303 0.123636 0.980020 0.714286
304 0.120047 0.980020 0.723214
305 0.118414 0.982018 0.723214
306 0.118948 0.982018 0.714286
307 0.127073 0.982018 0.714286
308 0.131659 0.982018 0.714286
309 0.125987 0.980020 0.714286
310 0.116418 0.982018 0.723214
311 0.119087 0.980020 0.705357
312 0.117540 0.982018 0.723214
313 0.115032 0.982018 0.714286
314 0.121773 0.980020 0.705357
315 0.119109 0.982018 0.705357
316 0.120478 0.981019 0.714286
317 0.128393 0.980020 0.723214
318 0.101315 0.982018 0.714286
319 0.117342 0.980020 0.705357
320 0.109292 0.982018 0.723214
321 0.113467 0.982018 0.714286
322 0.120277 0.980020 0.714286
323 0.111696 0.981019 0.714286
324 0.107738 0.981019 0.705357
325 0.123398 0.980020 0.714286
326 0.125565 0.981019 0.714286
327 0.112506 0.980020 0.687500
328 0.111009 0.980020 0.732143
329 0.108522 0.980020 0.723214
330 0.119891 0.980020 0.714286
331 0.114101 0.981019 0.714286
332 0.125770 0.981019 0.714286
333 0.135757 0.980020 0.714286
334 0.112500 0.980020 0.723214
335 0.108290 0.980020 0.705357
336 0.115929 0.981019 0.723214
337 0.120810 0.981019 0.714286
338 0.131423 0.981019 0.714286
339 0.115701 0.981019 0.741071
340 0.113533 0.980020 0.732143
341 0.120817 0.979021 0.705357
342 0.121527 0.982018 0.732143
343 0.136300 0.980020 0.741071
344 0.111580 0.980020 0.714286
345 0.144508 0.982018 0.723214
346 0.106996 0.982018 0.705357
347 0.107623 0.982018 0.705357
348 0.117341 0.980020 0.723214
349 0.108413 0.982018 0.714286
350 0.114652 0.980020 0.714286
