1 5.005739 0.525818 0.530414
2 1.134959 0.623141 0.588808
3 1.106721 0.612598 0.625304
4 1.241280 0.545283 0.559611
5 0.981703 0.626386 0.649635
6 0.890425 0.647202 0.615572
7 1.067044 0.559881 0.542579
8 0.918411 0.572858 0.569343
9 1.077572 0.563936 0.559611
10 0.698779 0.677480 0.671533
11 0.745557 0.526358 0.513382
12 0.687435 0.647472 0.647202
13 0.706622 0.701811 0.725061
14 0.791088 0.586104 0.593674
15 0.672809 0.670992 0.654501
16 0.713510 0.674507 0.693431
17 0.748691 0.600973 0.579075
18 0.666696 0.605839 0.618005
19 0.639350 0.500676 0.501217
20 0.776372 0.503650 0.503650
21 0.829298 0.572858 0.559611
22 0.681245 0.718843 0.732360
23 0.723423 0.575291 0.564477
24 0.628762 0.641525 0.666667
25 0.595892 0.685591 0.715328
26 0.660280 0.618816 0.581509
27 0.609312 0.713977 0.742092
28 0.612134 0.725061 0.729927
29 0.617831 0.713977 0.734793
30 0.623328 0.729386 0.729927
31 0.669626 0.722357 0.739659
32 0.648504 0.718032 0.712895
33 0.581034 0.728035 0.749392
34 0.632300 0.672885 0.652068
35 0.600861 0.644499 0.681265
36 0.608385 0.726953 0.722628
37 0.595056 0.700460 0.690998
38 0.575308 0.655853 0.656934
39 0.663022 0.719384 0.678832
40 0.597351 0.732901 0.771290
41 0.587089 0.658286 0.659367
42 0.613190 0.723168 0.727494
43 0.577989 0.651798 0.671533
44 0.608319 0.686131 0.678832
45 0.611671 0.688294 0.666667
46 0.574753 0.720735 0.732360
47 0.599966 0.700730 0.703163
48 0.601404 0.725602 0.725061
49 0.608505 0.649905 0.656934
50 0.610441 0.712084 0.744526
51 0.564576 0.726413 0.725061
52 0.564773 0.603947 0.576642
53 0.570390 0.722357 0.756691
54 0.562865 0.740741 0.739659
55 0.563214 0.719924 0.715328
56 0.552414 0.722087 0.751825
57 0.564323 0.747499 0.763990
58 0.559910 0.736686 0.756691
59 0.566030 0.728305 0.715328
60 0.560654 0.735604 0.759124
61 0.541418 0.744255 0.751825
62 0.548457 0.731279 0.759124
63 0.568611 0.735064 0.742092
64 0.552674 0.734793 0.749392
65 0.566459 0.739389 0.754258
66 0.552703 0.741281 0.751825
67 0.558515 0.752366 0.768856
68 0.539179 0.731819 0.759124
69 0.545141 0.709922 0.695864
70 0.548509 0.733712 0.756691
71 0.550376 0.725872 0.712895
72 0.546667 0.720465 0.727494
73 0.543146 0.740741 0.722628
74 0.545716 0.745337 0.737226
75 0.548952 0.758313 0.734793
76 0.556807 0.719654 0.693431
77 0.551756 0.719654 0.722628
78 0.557774 0.747229 0.737226
79 0.547624 0.715058 0.737226
80 0.544019 0.739930 0.771290
81 0.552543 0.755069 0.773723
82 0.558975 0.711273 0.681265
83 0.552245 0.731819 0.734793
84 0.564990 0.748310 0.737226
85 0.570935 0.759124 0.742092
86 0.544937 0.756961 0.778589
87 0.544881 0.722898 0.720195
88 0.577224 0.705866 0.720195
89 0.585431 0.719654 0.690998
90 0.527357 0.729116 0.729927
91 0.556273 0.759394 0.749392
92 0.537674 0.761557 0.761557
93 0.555438 0.743715 0.720195
94 0.567546 0.700189 0.693431
95 0.560640 0.726953 0.725061
96 0.545799 0.764531 0.759124
97 0.552434 0.754799 0.785888
98 0.532672 0.695593 0.669100
99 0.570770 0.665315 0.666667
100 0.549960 0.765612 0.768856
101 0.526848 0.763720 0.785888
102 0.512388 0.762368 0.742092
103 0.518302 0.769127 0.795620
104 0.523767 0.775885 0.754258
105 0.518589 0.775074 0.771290
106 0.514881 0.756150 0.773723
107 0.514165 0.763990 0.746959
108 0.508440 0.779941 0.763990
109 0.510629 0.765072 0.763990
110 0.526226 0.751825 0.725061
111 0.508268 0.778318 0.759124
112 0.500980 0.748040 0.737226
113 0.518422 0.765342 0.759124
114 0.507203 0.740200 0.729927
115 0.505310 0.768045 0.749392
116 0.511546 0.779129 0.766423
117 0.517403 0.776696 0.773723
118 0.510582 0.779400 0.763990
119 0.524871 0.741281 0.727494
120 0.508911 0.782644 0.768856
121 0.488262 0.731279 0.734793
122 0.507074 0.774263 0.763990
123 0.509325 0.778318 0.763990
124 0.513787 0.769127 0.734793
125 0.509177 0.782103 0.763990
126 0.505176 0.779400 0.763990
127 0.507726 0.774263 0.759124
128 0.514239 0.752095 0.708029
129 0.503176 0.785888 0.763990
130 0.510381 0.787780 0.754258
131 0.495935 0.789943 0.761557
132 0.502269 0.773723 0.749392
133 0.505941 0.780211 0.785888
134 0.498657 0.698567 0.698297
135 0.522252 0.743444 0.766423
136 0.514414 0.747229 0.751825
137 0.504337 0.787240 0.773723
138 0.499268 0.789943 0.746959
139 0.498118 0.770208 0.749392
140 0.510988 0.762368 0.737226
141 0.491060 0.786429 0.783455
142 0.492073 0.775885 0.776156
143 0.507813 0.774534 0.759124
144 0.484483 0.784807 0.756691
145 0.505839 0.776967 0.781022
146 0.506000 0.765883 0.727494
147 0.490207 0.778318 0.788321
148 0.500960 0.768316 0.749392
149 0.506018 0.792376 0.771290
150 0.489675 0.786969 0.781022
151 0.484525 0.791836 0.768856
152 0.488891 0.791025 0.751825
153 0.480062 0.778859 0.754258
154 0.474187 0.792376 0.754258
155 0.482525 0.789943 0.768856
156 0.482446 0.788862 0.793187
157 0.488058 0.794269 0.766423
158 0.473885 0.795350 0.763990
159 0.487432 0.789943 0.756691
160 0.473626 0.782374 0.756691
161 0.491181 0.763990 0.720195
162 0.481723 0.802920 0.778589
163 0.482319 0.792106 0.754258
164 0.482865 0.789673 0.785888
165 0.479670 0.798594 0.761557
166 0.477628 0.792647 0.790754
167 0.481550 0.792376 0.781022
168 0.473832 0.792647 0.781022
169 0.481990 0.798865 0.766423
170 0.475241 0.799405 0.763990
171 0.480150 0.794809 0.785888
172 0.479318 0.799405 0.768856
173 0.475548 0.796972 0.788321
174 0.489859 0.795350 0.771290
175 0.467551 0.798054 0.776156
176 0.484500 0.796161 0.771290
177 0.472521 0.795891 0.778589
178 0.476258 0.808867 0.781022
179 0.486862 0.786969 0.763990
180 0.489153 0.798594 0.771290
181 0.476949 0.798594 0.759124
182 0.482514 0.757772 0.720195
183 0.483997 0.796161 0.766423
184 0.472676 0.805353 0.759124
185 0.477176 0.792376 0.771290
186 0.472609 0.784266 0.729927
187 0.491594 0.782103 0.759124
188 0.482900 0.796431 0.768856
189 0.472868 0.798324 0.798054
190 0.468011 0.795080 0.781022
191 0.472866 0.798054 0.778589
192 0.473371 0.798324 0.781022
193 0.466575 0.804001 0.778589
194 0.477815 0.800757 0.781022
195 0.481140 0.794269 0.793187
196 0.476984 0.803460 0.776156
197 0.483700 0.800487 0.759124
198 0.466066 0.805082 0.776156
199 0.465697 0.788051 0.766423
200 0.472340 0.801568 0.790754
201 0.465847 0.805353 0.761557
202 0.448588 0.803731 0.785888
203 0.462851 0.802109 0.771290
204 0.457556 0.805353 0.785888
205 0.465442 0.806164 0.778589
206 0.475164 0.799676 0.776156
207 0.447251 0.815085 0.781022
208 0.465172 0.809678 0.759124
209 0.459291 0.813193 0.768856
210 0.451722 0.809408 0.790754
211 0.456013 0.809138 0.776156
212 0.449505 0.814815 0.776156
213 0.453905 0.806975 0.785888
214 0.453408 0.811030 0.783455
215 0.467285 0.811030 0.768856
216 0.461849 0.810489 0.781022
217 0.464747 0.812652 0.778589
218 0.459005 0.806705 0.778589
219 0.468539 0.807786 0.766423
220 0.454691 0.804001 0.783455
221 0.449126 0.812111 0.783455
222 0.450319 0.814004 0.781022
223 0.458672 0.808867 0.771290
224 0.464172 0.804542 0.776156
225 0.462772 0.803460 0.776156
226 0.465138 0.815896 0.778589
227 0.465088 0.810219 0.781022
228 0.465803 0.798594 0.768856
229 0.460626 0.809678 0.776156
230 0.448087 0.814004 0.768856
231 0.448179 0.818870 0.788321
232 0.445104 0.814274 0.785888
233 0.438720 0.808327 0.768856
234 0.445659 0.817518 0.781022
235 0.445213 0.813733 0.771290
236 0.452223 0.815356 0.776156
237 0.461140 0.811571 0.788321
238 0.446079 0.817518 0.783455
239 0.451254 0.820222 0.778589
240 0.456942 0.816707 0.768856
241 0.451837 0.815626 0.790754
242 0.446315 0.818600 0.761557
243 0.456061 0.808597 0.766423
244 0.441872 0.821573 0.783455
245 0.437402 0.820222 0.793187
246 0.449991 0.816978 0.781022
247 0.458095 0.818870 0.788321
248 0.439095 0.820492 0.790754
249 0.452402 0.820762 0.783455
250 0.445060 0.815626 0.802920
251 0.443792 0.813193 0.793187
252 0.428966 0.821303 0.800487
253 0.439259 0.827521 0.788321
254 0.450101 0.822114 0.800487
255 0.443481 0.817518 0.778589
256 0.441451 0.824006 0.795620
257 0.435205 0.826980 0.805353
258 0.435845 0.822384 0.802920
259 0.440610 0.825088 0.795620
260 0.441556 0.824547 0.790754
261 0.425245 0.826169 0.798054
262 0.436276 0.828602 0.805353
263 0.440280 0.823466 0.798054
264 0.430395 0.826440 0.790754
265 0.426656 0.826980 0.790754
266 0.439226 0.820762 0.800487
267 0.430257 0.827791 0.802920
268 0.438841 0.824277 0.802920
269 0.451062 0.828062 0.800487
270 0.449552 0.823736 0.793187
271 0.434595 0.823736 0.810219
272 0.451679 0.823195 0.783455
273 0.435259 0.824818 0.783455
274 0.438944 0.829143 0.793187
275 0.430475 0.830224 0.795620
276 0.432204 0.824818 0.800487
277 0.421273 0.821303 0.802920
278 0.430961 0.828062 0.807786
279 0.436147 0.825899 0.802920
280 0.427021 0.828062 0.793187
281 0.443988 0.830495 0.798054
282 0.434862 0.822655 0.790754
283 0.436599 0.826440 0.805353
284 0.433391 0.827791 0.802920
285 0.434792 0.828062 0.795620
286 0.418989 0.826710 0.788321
287 0.434922 0.826710 0.810219
288 0.432479 0.828062 0.817518
289 0.428108 0.821033 0.812652
290 0.432424 0.826710 0.793187
291 0.444815 0.826440 0.802920
292 0.439193 0.831035 0.798054
293 0.430217 0.827251 0.798054
294 0.425005 0.831306 0.800487
295 0.440778 0.830224 0.802920
296 0.423448 0.825088 0.810219
297 0.427473 0.825358 0.798054
298 0.433653 0.831035 0.805353
299 0.449368 0.828332 0.805353
300 0.443789 0.832117 0.798054
301 0.431972 0.826440 0.798054
302 0.432441 0.833198 0.802920
303 0.430325 0.831306 0.798054
304 0.422984 0.831576 0.812652
305 0.429002 0.834820 0.805353
306 0.423544 0.831846 0.812652
307 0.427327 0.832387 0.805353
308 0.421189 0.830765 0.807786
309 0.417350 0.830224 0.819951
310 0.421549 0.832387 0.810219
311 0.418594 0.831576 0.802920
312 0.421088 0.832117 0.807786
313 0.421504 0.827521 0.805353
314 0.424970 0.830765 0.805353
315 0.422536 0.830224 0.800487
316 0.413794 0.835361 0.810219
317 0.419652 0.834820 0.802920
318 0.409893 0.830765 0.800487
319 0.431509 0.833739 0.800487
320 0.421467 0.834280 0.812652
321 0.433280 0.832928 0.810219
322 0.434847 0.833469 0.798054
323 0.428781 0.836442 0.800487
324 0.419857 0.834550 0.798054
325 0.418021 0.831306 0.793187
326 0.441432 0.830765 0.812652
327 0.412311 0.830224 0.807786
328 0.416934 0.831035 0.802920
329 0.427264 0.836172 0.798054
330 0.424492 0.833198 0.805353
331 0.417352 0.831035 0.802920
332 0.430534 0.836713 0.805353
333 0.423064 0.829954 0.802920
334 0.417467 0.834009 0.800487
335 0.421748 0.835361 0.798054
336 0.428059 0.834820 0.805353
337 0.420033 0.834820 0.790754
338 0.432156 0.833198 0.795620
339 0.420672 0.835902 0.793187
340 0.417702 0.835902 0.785888
341 0.421385 0.834550 0.800487
342 0.427882 0.835631 0.793187
343 0.434844 0.839416 0.793187
344 0.421065 0.835902 0.800487
345 0.411833 0.836442 0.800487
346 0.416450 0.836172 0.793187
347 0.430871 0.836442 0.807786
348 0.425618 0.839686 0.798054
349 0.418410 0.838064 0.807786
350 0.423051 0.834009 0.800487
