1 1.856837 0.800000 0.666667
2 0.690939 0.564706 0.555556
3 0.631303 0.641176 0.611111
4 0.562995 0.752941 0.722222
5 0.467080 0.864706 0.722222
6 0.485076 0.764706 0.722222
7 0.367931 0.870588 0.777778
8 0.400892 0.794118 0.722222
9 0.439546 0.876471 0.722222
10 0.343076 0.747059 0.666667
11 0.338282 0.364706 0.333333
12 0.321880 0.882353 0.666667
13 0.334925 0.723529 0.666667
14 0.340393 0.864706 0.722222
15 0.322145 0.641176 0.611111
16 0.278700 0.858824 0.611111
17 0.227588 0.841176 0.666667
18 0.219529 0.882353 0.611111
19 0.194622 0.417647 0.333333
20 0.223721 0.870588 0.444444
21 0.254376 0.764706 0.666667
22 0.279810 0.858824 0.666667
23 0.269274 0.947059 0.666667
24 0.218693 0.635294 0.333333
25 0.217554 0.952941 0.666667
26 0.190880 0.911765 0.666667
27 0.194857 0.852941 0.777778
28 0.273976 0.835294 0.666667
29 0.178185 0.929412 0.444444
30 0.157044 0.923529 0.666667
31 0.162188 0.852941 0.666667
32 0.169396 0.923529 0.722222
33 0.140706 0.958824 0.555556
34 0.151503 0.964706 0.555556
35 0.147695 0.729412 0.388889
36 0.132786 0.870588 0.777778
37 0.123295 0.905882 0.666667
38 0.134840 0.958824 0.611111
39 0.137742 0.823529 0.666667
40 0.121647 0.900000 0.722222
41 0.117571 0.582353 0.500000
42 0.147890 0.882353 0.722222
43 0.117712 0.964706 0.666667
44 0.104069 0.941176 0.611111
45 0.131327 0.800000 0.611111
46 0.103668 0.935294 0.666667
47 0.102704 0.976471 0.611111
48 0.088457 0.970588 0.611111
49 0.080567 0.976471 0.555556
50 0.086937 0.970588 0.666667
51 0.078864 0.982353 0.722222
52 0.075642 0.988235 0.666667
53 0.076175 0.982353 0.722222
54 0.082039 0.994118 0.666667
55 0.072702 0.982353 0.666667
56 0.072607 0.976471 0.666667
57 0.075165 0.982353 0.722222
58 0.070973 0.994118 0.722222
59 0.078680 0.988235 0.722222
60 0.078853 0.982353 0.722222
61 0.071820 0.982353 0.666667
62 0.074220 0.988235 0.666667
63 0.066908 0.988235 0.722222
64 0.074245 0.982353 0.777778
65 0.074464 0.947059 0.666667
66 0.070006 0.970588 0.611111
67 0.062038 0.970588 0.666667
68 0.076936 0.900000 0.722222
69 0.075651 0.876471 0.666667
70 0.085946 0.976471 0.666667
