1 3.915706 0.548387 0.500000
2 1.830848 0.625806 0.558824
3 1.330718 0.580645 0.529412
4 1.228687 0.525806 0.411765
5 1.388520 0.700000 0.588235
6 1.260289 0.658065 0.588235
7 1.095830 0.570968 0.500000
8 0.860052 0.664516 0.647059
9 0.787756 0.693548 0.617647
10 0.757662 0.583871 0.617647
11 0.806289 0.774194 0.647059
12 0.629839 0.796774 0.617647
13 0.591792 0.706452 0.647059
14 0.581218 0.687097 0.647059
15 0.548909 0.712903 0.588235
16 0.489331 0.761290 0.647059
17 0.543618 0.816129 0.705882
18 0.506869 0.793548 0.647059
19 0.458933 0.864516 0.588235
20 0.466943 0.825806 0.647059
21 0.451513 0.832258 0.735294
22 0.424479 0.851613 0.647059
23 0.421953 0.796774 0.588235
24 0.382099 0.770968 0.647059
25 0.427228 0.880645 0.617647
26 0.391344 0.683871 0.617647
27 0.341064 0.883871 0.617647
28 0.345818 0.867742 0.647059
29 0.318172 0.916129 0.558824
30 0.284653 0.867742 0.617647
31 0.447576 0.845161 0.705882
32 0.312193 0.906452 0.764706
33 0.304381 0.845161 0.588235
34 0.289631 0.767742 0.617647
35 0.357810 0.893548 0.647059
36 0.322540 0.838710 0.617647
37 0.309159 0.912903 0.676471
38 0.290246 0.764516 0.558824
39 0.328355 0.919355 0.647059
40 0.274570 0.832258 0.617647
41 0.289723 0.961290 0.617647
42 0.238163 0.835484 0.558824
43 0.327634 0.925806 0.676471
44 0.318171 0.909677 0.647059
45 0.229249 0.896774 0.617647
46 0.204088 0.767742 0.588235
47 0.355551 0.951613 0.647059
48 0.215925 0.919355 0.735294
49 0.222442 0.961290 0.647059
50 0.166358 0.974194 0.705882
51 0.154423 0.967742 0.676471
52 0.139479 0.983871 0.676471
53 0.137528 0.980645 0.647059
54 0.184596 0.974194 0.647059
55 0.120563 0.990323 0.647059
56 0.161055 0.983871 0.676471
57 0.122041 0.990323 0.676471
58 0.096904 0.990323 0.676471
59 0.100699 0.983871 0.676471
60 0.101369 0.983871 0.705882
61 0.124097 0.974194 0.647059
62 0.155606 0.912903 0.676471
63 0.180818 0.967742 0.676471
64 0.129310 0.980645 0.647059
65 0.133225 0.983871 0.676471
66 0.115098 0.990323 0.676471
67 0.099843 0.993548 0.705882
68 0.090412 0.993548 0.647059
69 0.094754 0.993548 0.647059
70 0.094879 0.990323 0.647059
71 0.243093 0.954839 0.647059
72 0.210941 0.961290 0.676471
73 0.177069 0.970968 0.647059
74 0.114727 0.993548 0.705882
75 0.100283 0.987097 0.676471
76 0.138407 0.919355 0.676471
77 0.167379 0.977419 0.676471
78 0.144712 0.938710 0.705882
79 0.159516 0.974194 0.705882
80 0.098669 0.993548 0.705882
81 0.093023 0.993548 0.705882
82 0.093962 0.990323 0.735294
83 0.117299 0.974194 0.705882
84 0.129262 0.990323 0.676471
85 0.135946 0.977419 0.647059
86 0.121437 0.951613 0.676471
87 0.135469 0.970968 0.705882
88 0.095963 0.993548 0.705882
89 0.098531 0.990323 0.676471
90 0.109582 0.990323 0.705882
91 0.100711 0.967742 0.647059
92 0.101106 0.990323 0.676471
93 0.098950 0.993548 0.705882
94 0.079218 0.993548 0.735294
95 0.106704 0.987097 0.676471
96 0.110300 0.977419 0.705882
97 0.132730 0.951613 0.735294
98 0.269170 0.974194 0.647059
99 0.223650 0.951613 0.735294
100 0.115590 0.993548 0.735294
101 0.075298 0.993548 0.705882
102 0.071881 0.993548 0.705882
103 0.071202 0.993548 0.705882
104 0.064221 0.993548 0.676471
105 0.061254 0.993548 0.676471
106 0.064725 0.993548 0.705882
107 0.065018 0.993548 0.647059
108 0.070763 0.993548 0.676471
109 0.065917 0.993548 0.735294
110 0.056989 0.993548 0.735294
111 0.061215 0.993548 0.676471
112 0.067588 0.993548 0.735294
113 0.062743 0.993548 0.705882
114 0.063487 0.993548 0.705882
115 0.070390 0.993548 0.676471
116 0.062877 0.993548 0.705882
117 0.059602 0.993548 0.705882
118 0.061649 0.993548 0.676471
119 0.063223 0.993548 0.676471
120 0.071490 0.993548 0.676471
121 0.072618 0.990323 0.705882
122 0.065788 0.993548 0.676471
123 0.056492 0.993548 0.705882
124 0.060629 0.993548 0.705882
125 0.068283 0.993548 0.705882
126 0.064994 0.993548 0.676471
127 0.079058 0.993548 0.735294
128 0.070974 0.993548 0.705882
129 0.062453 0.993548 0.705882
130 0.066535 0.993548 0.705882
131 0.065028 0.993548 0.735294
132 0.063101 0.993548 0.705882
133 0.061713 0.993548 0.705882
134 0.068303 0.993548 0.705882
135 0.066432 0.993548 0.647059
136 0.062831 0.993548 0.705882
137 0.063049 0.993548 0.705882
138 0.051734 0.993548 0.676471
139 0.072647 0.974194 0.676471
140 0.075860 0.993548 0.676471
141 0.139634 0.970968 0.676471
142 0.126820 0.906452 0.735294
143 0.177078 0.977419 0.705882
144 0.126682 0.993548 0.676471
145 0.069402 0.993548 0.705882
146 0.069545 0.993548 0.705882
147 0.063109 0.993548 0.676471
148 0.059120 0.993548 0.705882
149 0.063178 0.993548 0.705882
150 0.056655 0.993548 0.705882
151 0.058415 0.993548 0.705882
152 0.054944 0.993548 0.705882
153 0.051171 0.993548 0.705882
154 0.050512 0.993548 0.705882
155 0.049364 0.993548 0.676471
156 0.052018 0.993548 0.705882
157 0.049871 0.993548 0.705882
158 0.051325 0.993548 0.705882
159 0.051301 0.993548 0.705882
160 0.053745 0.993548 0.735294
161 0.058371 0.993548 0.705882
162 0.049477 0.993548 0.676471
163 0.048978 0.993548 0.705882
164 0.049170 0.993548 0.705882
165 0.051552 0.993548 0.705882
166 0.055057 0.993548 0.735294
167 0.049904 0.993548 0.705882
168 0.052429 0.993548 0.705882
169 0.056692 0.993548 0.705882
170 0.050757 0.993548 0.735294
171 0.050878 0.993548 0.735294
172 0.056099 0.993548 0.647059
173 0.058650 0.990323 0.647059
174 0.062869 0.993548 0.735294
175 0.052451 0.993548 0.676471
176 0.053277 0.993548 0.705882
177 0.045985 0.993548 0.705882
178 0.052920 0.993548 0.647059
179 0.060590 0.993548 0.617647
180 0.076619 0.993548 0.676471
181 0.055806 0.993548 0.676471
182 0.049946 0.993548 0.705882
183 0.048475 0.993548 0.647059
184 0.055347 0.993548 0.676471
185 0.048275 0.993548 0.705882
186 0.049900 0.993548 0.705882
187 0.050079 0.993548 0.705882
188 0.056208 0.990323 0.617647
189 0.057107 0.993548 0.676471
190 0.050352 0.993548 0.647059
191 0.053916 0.993548 0.676471
192 0.060581 0.993548 0.676471
193 0.048829 0.993548 0.647059
194 0.051268 0.993548 0.705882
195 0.055149 0.993548 0.676471
196 0.046590 0.993548 0.676471
197 0.053476 0.993548 0.705882
198 0.049945 0.993548 0.705882
199 0.051865 0.993548 0.676471
200 0.043272 0.993548 0.705882
201 0.045953 0.993548 0.705882
202 0.044192 0.993548 0.705882
203 0.046720 0.993548 0.705882
204 0.044411 0.993548 0.705882
205 0.043221 0.993548 0.705882
206 0.047716 0.993548 0.676471
207 0.041066 0.993548 0.705882
208 0.046546 0.993548 0.705882
209 0.048703 0.993548 0.647059
210 0.053297 0.993548 0.705882
211 0.050799 0.993548 0.735294
212 0.050926 0.993548 0.735294
213 0.046094 0.993548 0.705882
214 0.048910 0.993548 0.676471
215 0.046704 0.993548 0.705882
216 0.049927 0.993548 0.676471
217 0.044745 0.993548 0.705882
218 0.044960 0.993548 0.735294
219 0.044292 0.993548 0.676471
220 0.045431 0.993548 0.735294
221 0.048232 0.993548 0.647059
222 0.045977 0.993548 0.676471
223 0.047492 0.993548 0.705882
224 0.044587 0.993548 0.676471
225 0.045982 0.993548 0.676471
226 0.046626 0.993548 0.705882
227 0.048572 0.993548 0.676471
228 0.056877 0.990323 0.647059
229 0.048278 0.993548 0.735294
230 0.045523 0.993548 0.735294
231 0.045488 0.993548 0.735294
232 0.050248 0.993548 0.735294
233 0.048194 0.993548 0.705882
234 0.044305 0.993548 0.735294
235 0.047219 0.993548 0.705882
236 0.043587 0.993548 0.676471
237 0.046027 0.993548 0.676471
238 0.042864 0.993548 0.676471
239 0.046026 0.993548 0.705882
240 0.046355 0.993548 0.676471
241 0.043912 0.993548 0.647059
242 0.043502 0.993548 0.705882
243 0.040812 0.993548 0.647059
244 0.047580 0.993548 0.676471
245 0.042251 0.993548 0.647059
246 0.045951 0.993548 0.705882
247 0.043199 0.993548 0.676471
248 0.046240 0.993548 0.676471
249 0.041818 0.993548 0.705882
250 0.046325 0.993548 0.705882
251 0.044226 0.993548 0.705882
252 0.044702 0.993548 0.705882
253 0.040597 0.993548 0.676471
254 0.041088 0.993548 0.676471
255 0.042761 0.993548 0.676471
256 0.041371 0.993548 0.705882
257 0.041437 0.993548 0.676471
258 0.044670 0.993548 0.705882
259 0.042789 0.993548 0.705882
260 0.042237 0.993548 0.705882
261 0.046473 0.993548 0.705882
262 0.045740 0.993548 0.705882
263 0.039105 0.993548 0.705882
264 0.039439 0.993548 0.705882
265 0.043598 0.993548 0.705882
266 0.042437 0.993548 0.705882
267 0.041721 0.993548 0.705882
268 0.043902 0.993548 0.705882
269 0.040384 0.993548 0.705882
270 0.038568 0.993548 0.705882
271 0.042230 0.993548 0.705882
272 0.039893 0.993548 0.705882
273 0.040686 0.993548 0.705882
274 0.044476 0.993548 0.705882
275 0.040534 0.993548 0.735294
276 0.039919 0.993548 0.735294
277 0.039420 0.993548 0.735294
278 0.038817 0.993548 0.676471
279 0.042926 0.993548 0.735294
280 0.038053 0.993548 0.705882
281 0.046207 0.993548 0.735294
282 0.045492 0.993548 0.735294
283 0.038870 0.993548 0.705882
284 0.042625 0.993548 0.705882
285 0.040330 0.993548 0.705882
286 0.039751 0.993548 0.705882
287 0.042434 0.993548 0.705882
288 0.040570 0.993548 0.705882
289 0.042647 0.993548 0.705882
290 0.043784 0.993548 0.705882
291 0.042691 0.993548 0.705882
292 0.042619 0.993548 0.676471
293 0.040579 0.993548 0.705882
294 0.039699 0.993548 0.705882
295 0.038897 0.993548 0.705882
296 0.041266 0.993548 0.705882
297 0.045764 0.993548 0.705882
298 0.041684 0.993548 0.705882
299 0.040461 0.993548 0.705882
300 0.039692 0.993548 0.705882
301 0.039953 0.993548 0.705882
302 0.038816 0.993548 0.705882
303 0.042025 0.993548 0.705882
304 0.037579 0.993548 0.705882
305 0.039290 0.993548 0.705882
306 0.039656 0.993548 0.705882
307 0.040612 0.993548 0.705882
308 0.036270 0.993548 0.705882
309 0.039607 0.993548 0.705882
310 0.042903 0.993548 0.705882
311 0.040680 0.993548 0.676471
312 0.039236 0.993548 0.705882
313 0.036981 0.993548 0.705882
314 0.034829 0.993548 0.705882
315 0.039090 0.993548 0.705882
316 0.040248 0.993548 0.705882
317 0.042335 0.993548 0.705882
318 0.039446 0.993548 0.676471
319 0.040405 0.993548 0.676471
320 0.037498 0.993548 0.705882
321 0.038657 0.993548 0.705882
322 0.037012 0.993548 0.705882
323 0.037811 0.993548 0.705882
324 0.038747 0.993548 0.705882
325 0.039712 0.993548 0.705882
326 0.042232 0.993548 0.676471
327 0.038123 0.993548 0.705882
328 0.038879 0.993548 0.705882
329 0.040108 0.993548 0.705882
330 0.041384 0.993548 0.705882
331 0.038854 0.993548 0.705882
332 0.039389 0.993548 0.705882
333 0.037877 0.993548 0.705882
334 0.038691 0.993548 0.705882
335 0.039494 0.993548 0.705882
336 0.040988 0.993548 0.705882
337 0.036776 0.993548 0.705882
338 0.042133 0.993548 0.705882
339 0.040595 0.993548 0.705882
340 0.039121 0.993548 0.705882
341 0.038077 0.993548 0.676471
342 0.038432 0.993548 0.705882
343 0.036989 0.993548 0.705882
344 0.037669 0.993548 0.705882
345 0.038943 0.993548 0.705882
346 0.039940 0.993548 0.705882
347 0.040205 0.993548 0.705882
348 0.040770 0.993548 0.705882
349 0.038636 0.993548 0.705882
350 0.042078 0.993548 0.705882
