1 404.622596 0.200000 0.200401
2 181.549789 0.200000 0.200401
3 59.679640 0.200000 0.200401
4 29.374716 0.200000 0.200401
5 23.391943 0.200000 0.200401
6 18.249788 0.200000 0.200401
7 11.787836 0.200000 0.200401
8 8.236357 0.200000 0.200401
9 6.580975 0.200000 0.200401
10 5.364639 0.200000 0.200401
11 4.215826 0.200000 0.200401
12 3.517518 0.200000 0.200401
13 5.217239 0.200000 0.200401
14 3.648734 0.200000 0.200401
15 3.437605 0.200000 0.200401
16 2.900583 0.200000 0.200401
17 2.909371 0.200000 0.200401
18 2.728742 0.200000 0.200401
19 2.814601 0.200000 0.200401
20 3.012363 0.200000 0.200401
21 2.905840 0.200000 0.200401
22 2.602600 0.200000 0.200401
23 2.516698 0.200000 0.200401
24 2.403241 0.200000 0.198397
25 2.550214 0.200000 0.200401
26 2.375232 0.200000 0.200401
27 3.442316 0.200000 0.200401
28 3.005598 0.200000 0.200401
29 3.303380 0.200000 0.200401
30 2.797276 0.200000 0.200401
31 2.399448 0.200000 0.200401
32 3.179432 0.200000 0.200401
33 2.448306 0.200000 0.198397
34 2.485135 0.200000 0.200401
35 2.602669 0.200000 0.200401
36 2.339748 0.200000 0.200401
37 2.077489 0.200000 0.200401
38 2.296111 0.200000 0.200401
39 2.504835 0.200000 0.200401
40 2.663587 0.200000 0.200401
41 2.491708 0.200000 0.200401
42 2.292750 0.200000 0.200401
43 2.156668 0.200000 0.200401
44 2.469477 0.200000 0.200401
45 2.875771 0.200000 0.200401
46 2.439869 0.200000 0.200401
47 2.359133 0.200000 0.200401
48 2.015356 0.200000 0.200401
49 2.267206 0.200000 0.200401
50 1.764664 0.200000 0.200401
51 1.597452 0.200000 0.200401
52 1.722699 0.200000 0.200401
53 1.711109 0.200000 0.200401
54 1.690720 0.200000 0.200401
55 1.767406 0.200000 0.200401
56 1.883070 0.200000 0.200401
57 1.636123 0.200000 0.200401
58 1.720033 0.200000 0.200401
59 1.746533 0.200000 0.200401
60 1.755403 0.200000 0.200401
61 1.685278 0.200000 0.200401
62 1.663117 0.200000 0.200401
63 1.651465 0.200000 0.200401
64 1.627687 0.200000 0.200401
65 1.672593 0.200000 0.200401
66 1.690858 0.200000 0.198397
67 1.730933 0.200000 0.198397
68 1.661524 0.200000 0.200401
69 1.707171 0.200000 0.200401
70 1.614674 0.200000 0.200401
