1 2.868111 0.532576 0.537713
2 1.293108 0.652068 0.664234
3 0.842600 0.690187 0.683698
4 0.980102 0.701541 0.717762
5 0.869841 0.600973 0.574209
6 0.993144 0.683158 0.642336
7 0.845254 0.679913 0.661800
8 0.898675 0.663693 0.654501
9 0.704142 0.710733 0.690998
10 0.668524 0.672074 0.666667
11 0.682227 0.695053 0.669100
12 0.849706 0.711544 0.732360
13 0.828550 0.660719 0.656934
14 0.712818 0.632063 0.635036
15 0.645656 0.706137 0.700730
16 0.728391 0.691268 0.688564
17 0.686788 0.714517 0.732360
18 0.760963 0.709922 0.717762
19 0.608614 0.713977 0.712895
20 0.636224 0.712084 0.717762
21 0.632730 0.722087 0.739659
22 0.598255 0.740200 0.737226
23 0.670420 0.736956 0.715328
24 0.698943 0.697486 0.688564
25 0.618747 0.715058 0.729927
26 0.690391 0.708570 0.695864
27 0.600365 0.696404 0.690998
28 0.613742 0.641525 0.642336
29 0.593665 0.719924 0.727494
30 0.584890 0.712355 0.717762
31 0.604935 0.545012 0.549878
32 0.588622 0.676940 0.666667
33 0.572074 0.728035 0.744526
34 0.594443 0.636929 0.647202
35 0.580736 0.715599 0.734793
36 0.587913 0.721276 0.729927
37 0.568589 0.724520 0.700730
38 0.577809 0.741011 0.734793
39 0.594933 0.729927 0.732360
40 0.586060 0.738037 0.742092
41 0.601622 0.731549 0.744526
42 0.585383 0.703974 0.720195
43 0.569900 0.742092 0.751825
44 0.564687 0.722898 0.700730
45 0.584378 0.741281 0.727494
46 0.570051 0.680995 0.654501
47 0.561595 0.733982 0.734793
48 0.559471 0.736415 0.744526
49 0.566443 0.711814 0.712895
50 0.555063 0.733712 0.751825
51 0.533236 0.741011 0.749392
52 0.536301 0.738037 0.715328
53 0.548159 0.728305 0.746959
54 0.552492 0.744526 0.737226
55 0.558023 0.722628 0.703163
56 0.527600 0.753717 0.761557
57 0.531479 0.756961 0.773723
58 0.519656 0.755610 0.739659
59 0.534605 0.758313 0.763990
60 0.531383 0.741822 0.729927
61 0.535368 0.760476 0.771290
62 0.531052 0.764801 0.751825
63 0.524274 0.757502 0.759124
64 0.528977 0.763179 0.739659
65 0.526332 0.759935 0.759124
66 0.530596 0.759935 0.783455
67 0.516722 0.761557 0.746959
68 0.538649 0.748581 0.751825
69 0.533769 0.751554 0.742092
70 0.531115 0.770479 0.771290
71 0.522414 0.762368 0.766423
72 0.516079 0.773723 0.754258
73 0.515589 0.766153 0.754258
74 0.519820 0.771290 0.785888
75 0.525500 0.770208 0.746959
76 0.519338 0.763990 0.763990
77 0.521273 0.749932 0.763990
78 0.513143 0.773182 0.776156
79 0.509261 0.777778 0.756691
80 0.521688 0.764261 0.759124
81 0.506889 0.772101 0.788321
82 0.508652 0.753717 0.720195
83 0.512226 0.769397 0.778589
84 0.516111 0.776696 0.761557
85 0.511468 0.755610 0.754258
86 0.500185 0.760476 0.749392
87 0.519120 0.745337 0.710462
88 0.513288 0.774804 0.754258
89 0.520126 0.777237 0.795620
90 0.498364 0.782644 0.776156
91 0.491295 0.778048 0.766423
92 0.511427 0.776426 0.751825
93 0.489288 0.786969 0.771290
94 0.508203 0.743715 0.725061
95 0.501749 0.789673 0.785888
96 0.506019 0.743715 0.737226
97 0.498556 0.739930 0.746959
98 0.511461 0.783725 0.778589
99 0.497371 0.781563 0.798054
100 0.486218 0.795350 0.798054
101 0.470511 0.798865 0.800487
102 0.481133 0.800216 0.785888
103 0.477571 0.795350 0.783455
104 0.494416 0.801027 0.798054
105 0.472183 0.809678 0.783455
106 0.474537 0.800487 0.776156
107 0.479611 0.813193 0.795620
108 0.473057 0.802379 0.763990
109 0.464658 0.812922 0.788321
110 0.472638 0.815626 0.776156
111 0.469923 0.809678 0.788321
112 0.455218 0.812922 0.785888
113 0.455271 0.802920 0.773723
114 0.459251 0.814004 0.790754
115 0.466912 0.805082 0.763990
116 0.458690 0.822655 0.793187
117 0.457412 0.815085 0.795620
118 0.457447 0.815356 0.802920
119 0.454584 0.820762 0.802920
120 0.454455 0.819411 0.807786
121 0.445558 0.788592 0.761557
122 0.453748 0.809138 0.788321
123 0.457414 0.819951 0.778589
124 0.455548 0.826440 0.793187
125 0.444156 0.822655 0.768856
126 0.431163 0.823736 0.773723
127 0.456164 0.827791 0.768856
128 0.444292 0.829954 0.785888
129 0.446453 0.819140 0.771290
130 0.439707 0.823466 0.778589
131 0.447440 0.811841 0.776156
132 0.437903 0.827521 0.778589
133 0.451420 0.815896 0.783455
134 0.450706 0.797513 0.739659
135 0.430826 0.826169 0.768856
136 0.428157 0.828332 0.773723
137 0.437044 0.837524 0.783455
138 0.424785 0.834820 0.781022
139 0.439363 0.834820 0.778589
140 0.432695 0.835631 0.759124
141 0.428598 0.838605 0.778589
142 0.433634 0.832928 0.776156
143 0.457705 0.821844 0.766423
144 0.426170 0.839146 0.783455
145 0.402459 0.841308 0.771290
146 0.422630 0.840227 0.785888
147 0.421052 0.843201 0.793187
148 0.428748 0.834550 0.771290
149 0.415132 0.830765 0.785888
150 0.393485 0.852122 0.783455
151 0.398461 0.846445 0.781022
152 0.385648 0.858610 0.785888
153 0.409109 0.862666 0.802920
154 0.373778 0.860503 0.815085
155 0.392734 0.852122 0.768856
156 0.375783 0.856718 0.800487
157 0.379317 0.858610 0.785888
158 0.386400 0.855637 0.793187
159 0.392928 0.861855 0.800487
160 0.366338 0.859962 0.776156
161 0.402725 0.860232 0.788321
162 0.369314 0.862125 0.807786
163 0.379024 0.858610 0.800487
164 0.377881 0.864288 0.790754
165 0.378907 0.865639 0.790754
166 0.371862 0.873209 0.778589
167 0.370807 0.863747 0.805353
168 0.375817 0.869154 0.795620
169 0.379244 0.865639 0.802920
170 0.363117 0.867532 0.807786
171 0.367592 0.868883 0.805353
172 0.364110 0.860503 0.810219
173 0.391501 0.869424 0.793187
174 0.372381 0.872398 0.802920
175 0.358319 0.875101 0.817518
176 0.370539 0.877264 0.810219
177 0.357696 0.875642 0.815085
178 0.346738 0.867802 0.802920
179 0.369185 0.875642 0.800487
180 0.351789 0.872398 0.810219
181 0.347962 0.876453 0.822384
182 0.350340 0.873479 0.805353
183 0.361661 0.882941 0.798054
184 0.351711 0.882130 0.810219
185 0.342125 0.874290 0.793187
186 0.357785 0.884293 0.802920
187 0.341355 0.875101 0.800487
188 0.369482 0.879157 0.807786
189 0.362891 0.887537 0.805353
190 0.345105 0.886996 0.790754
191 0.332181 0.885104 0.805353
192 0.351174 0.879968 0.793187
193 0.340296 0.871857 0.795620
194 0.341237 0.885915 0.815085
195 0.343321 0.886185 0.802920
196 0.340331 0.885374 0.819951
197 0.345833 0.884834 0.802920
198 0.340704 0.883212 0.812652
199 0.346902 0.884834 0.824818
200 0.328658 0.892944 0.819951
201 0.317697 0.894296 0.834550
202 0.310605 0.898892 0.822384
203 0.325195 0.897810 0.819951
204 0.324743 0.897270 0.812652
205 0.310501 0.898892 0.822384
206 0.317429 0.895107 0.819951
207 0.311533 0.894566 0.824818
208 0.326335 0.900243 0.812652
209 0.321465 0.898621 0.812652
210 0.307169 0.897810 0.819951
211 0.313438 0.903487 0.817518
212 0.300813 0.900514 0.822384
213 0.307202 0.900784 0.815085
214 0.302798 0.903487 0.815085
215 0.305403 0.902676 0.815085
216 0.289938 0.904569 0.815085
217 0.297887 0.904569 0.800487
218 0.318493 0.900784 0.817518
219 0.306303 0.897810 0.815085
220 0.308664 0.900784 0.807786
221 0.306073 0.904298 0.812652
222 0.295950 0.905380 0.810219
223 0.302387 0.899973 0.812652
224 0.312167 0.902136 0.810219
225 0.298667 0.904028 0.815085
226 0.298988 0.911057 0.810219
227 0.293146 0.902406 0.807786
228 0.296914 0.912138 0.802920
229 0.307902 0.905109 0.810219
230 0.301122 0.909705 0.807786
231 0.290019 0.914301 0.815085
232 0.300154 0.914842 0.802920
233 0.283046 0.910516 0.805353
234 0.291321 0.911598 0.810219
235 0.296683 0.908894 0.807786
236 0.278307 0.912409 0.810219
237 0.292155 0.914031 0.802920
238 0.281409 0.910246 0.802920
239 0.292123 0.910516 0.807786
240 0.290670 0.909705 0.810219
241 0.288223 0.911598 0.810219
242 0.306102 0.914572 0.812652
243 0.289077 0.914301 0.812652
244 0.280225 0.916734 0.810219
245 0.292237 0.912409 0.810219
246 0.281307 0.916194 0.793187
247 0.263439 0.917275 0.812652
248 0.275721 0.917545 0.815085
249 0.284427 0.914031 0.810219
250 0.283673 0.923222 0.819951
251 0.272268 0.921060 0.817518
252 0.287697 0.922952 0.815085
253 0.275671 0.922141 0.812652
254 0.274382 0.922952 0.810219
255 0.276107 0.924034 0.812652
256 0.275843 0.923493 0.812652
257 0.260374 0.923763 0.810219
258 0.271013 0.926467 0.810219
259 0.264444 0.928629 0.815085
260 0.257949 0.929711 0.810219
261 0.276269 0.927818 0.812652
262 0.267423 0.925115 0.819951
263 0.269574 0.918627 0.812652
264 0.263481 0.927278 0.810219
265 0.268360 0.923493 0.802920
266 0.258726 0.925385 0.805353
267 0.262996 0.925926 0.805353
268 0.265510 0.923493 0.812652
269 0.257858 0.930251 0.807786
270 0.274093 0.928900 0.812652
271 0.266096 0.926467 0.812652
272 0.263285 0.924574 0.805353
273 0.267645 0.928629 0.812652
274 0.258905 0.928089 0.805353
275 0.237179 0.929711 0.805353
276 0.259390 0.930522 0.815085
277 0.263412 0.932144 0.815085
278 0.255393 0.932144 0.805353
279 0.262881 0.927818 0.815085
280 0.268724 0.930251 0.812652
281 0.257864 0.930251 0.807786
282 0.263377 0.928089 0.805353
283 0.262291 0.926737 0.800487
284 0.265995 0.931062 0.805353
285 0.256499 0.931062 0.793187
286 0.246200 0.930522 0.802920
287 0.249898 0.930792 0.810219
288 0.261526 0.927818 0.805353
289 0.257916 0.935388 0.807786
290 0.260137 0.930792 0.807786
291 0.255924 0.930522 0.815085
292 0.252185 0.934847 0.819951
293 0.243310 0.932685 0.790754
294 0.256276 0.933766 0.793187
295 0.260873 0.936469 0.807786
296 0.248227 0.932144 0.795620
297 0.247543 0.935388 0.805353
298 0.237611 0.933225 0.798054
299 0.269104 0.936740 0.800487
300 0.244575 0.932955 0.812652
301 0.236769 0.935388 0.807786
302 0.242898 0.934307 0.810219
303 0.255754 0.934847 0.807786
304 0.244171 0.938091 0.812652
305 0.248687 0.939713 0.815085
306 0.238054 0.940524 0.807786
307 0.234752 0.939713 0.817518
308 0.233409 0.935929 0.805353
309 0.251774 0.939443 0.815085
310 0.243489 0.939984 0.817518
311 0.230388 0.938091 0.812652
312 0.236337 0.938632 0.817518
313 0.248148 0.937551 0.817518
314 0.239361 0.938091 0.812652
315 0.233201 0.941065 0.802920
316 0.236360 0.940524 0.815085
317 0.238253 0.939173 0.810219
318 0.239957 0.941065 0.822384
319 0.228205 0.939984 0.810219
320 0.239650 0.944580 0.817518
321 0.236831 0.941606 0.824818
322 0.243993 0.939443 0.812652
323 0.227316 0.944039 0.824818
324 0.240300 0.940795 0.817518
325 0.241177 0.942417 0.817518
326 0.228305 0.941606 0.817518
327 0.242989 0.941335 0.802920
328 0.242823 0.941065 0.815085
329 0.224112 0.943769 0.824818
330 0.244976 0.939984 0.810219
331 0.222761 0.945120 0.822384
332 0.238187 0.942147 0.810219
333 0.221690 0.943498 0.819951
334 0.236459 0.941876 0.815085
335 0.237408 0.943228 0.819951
336 0.236663 0.941065 0.819951
337 0.234792 0.944309 0.815085
338 0.236587 0.943498 0.817518
339 0.236473 0.941606 0.810219
340 0.229544 0.942147 0.812652
341 0.222767 0.944850 0.817518
342 0.228465 0.944850 0.805353
343 0.237704 0.938632 0.810219
344 0.232225 0.943228 0.819951
345 0.221029 0.944580 0.822384
346 0.233287 0.944580 0.817518
347 0.220009 0.943498 0.802920
348 0.243874 0.945120 0.819951
349 0.225747 0.946202 0.812652
350 0.239404 0.946202 0.805353
