1 1.699698 0.775148 0.842105
2 0.880984 0.698225 0.631579
3 0.818966 0.798817 0.842105
4 0.698501 0.834320 0.789474
5 0.518844 0.852071 0.842105
6 0.518562 0.857988 0.842105
7 0.528555 0.852071 0.842105
8 0.531160 0.846154 0.842105
9 0.527425 0.857988 0.842105
10 0.496805 0.757396 0.894737
11 0.432617 0.875740 0.842105
12 0.348833 0.887574 0.842105
13 0.358629 0.822485 0.631579
14 0.322813 0.810651 0.578947
15 0.350359 0.857988 0.842105
16 0.468879 0.857988 0.842105
17 0.386442 0.792899 0.894737
18 0.358108 0.857988 0.736842
19 0.497263 0.857988 0.736842
20 0.336742 0.887574 0.842105
21 0.338215 0.881657 0.842105
22 0.294981 0.869822 0.842105
23 0.273360 0.899408 0.842105
24 0.303367 0.893491 0.789474
25 0.263236 0.857988 0.789474
26 0.262458 0.822485 0.789474
27 0.315986 0.798817 0.736842
28 0.253561 0.881657 0.842105
29 0.239845 0.923077 0.894737
30 0.221753 0.905325 0.842105
31 0.223836 0.899408 0.842105
32 0.226334 0.437870 0.421053
33 0.251606 0.905325 0.842105
34 0.236031 0.917160 0.947368
35 0.236259 0.615385 0.578947
36 0.196536 0.940828 0.947368
37 0.188813 0.869822 0.631579
38 0.177094 0.911243 0.842105
39 0.180979 0.905325 0.736842
40 0.172182 0.899408 0.842105
41 0.184232 0.911243 0.842105
42 0.159519 0.928994 0.894737
43 0.177214 0.615385 0.578947
44 0.153402 0.911243 0.894737
45 0.277428 0.319527 0.315789
46 0.311073 0.869822 0.842105
47 0.268498 0.917160 0.894737
48 0.228589 0.923077 0.947368
49 0.204515 0.686391 0.684211
50 0.170913 0.911243 0.842105
51 0.150176 0.863905 0.789474
52 0.146492 0.857988 0.736842
53 0.137396 0.893491 0.789474
54 0.126574 0.923077 0.789474
55 0.113959 0.834320 0.631579
56 0.113888 0.952663 0.842105
57 0.113002 0.923077 0.842105
58 0.111754 0.704142 0.578947
59 0.107938 0.964497 0.894737
60 0.135429 0.934911 0.789474
61 0.111511 0.911243 0.736842
62 0.119396 0.923077 0.842105
63 0.115224 0.769231 0.526316
64 0.099472 0.946746 0.789474
65 0.104136 0.952663 0.842105
66 0.098569 0.727811 0.526316
67 0.092522 0.633136 0.526316
68 0.094081 0.994083 0.789474
69 0.086028 0.952663 0.789474
70 0.093681 0.923077 0.736842
