1 2.729464 0.725556 0.720000
2 0.824218 0.783333 0.700000
3 0.533462 0.791111 0.710000
4 0.485085 0.786667 0.680000
5 0.451930 0.785556 0.700000
6 0.582212 0.772222 0.650000
7 0.452956 0.804444 0.700000
8 0.397587 0.817778 0.720000
9 0.394945 0.816667 0.700000
10 0.397784 0.835556 0.670000
11 0.347676 0.834444 0.680000
12 0.378283 0.838889 0.690000
13 0.379643 0.853333 0.720000
14 0.347316 0.865556 0.750000
15 0.338785 0.838889 0.720000
16 0.327564 0.856667 0.710000
17 0.343974 0.865556 0.750000
18 0.327041 0.852222 0.700000
19 0.326762 0.857778 0.680000
20 0.326672 0.845556 0.690000
21 0.334592 0.852222 0.710000
22 0.320172 0.854444 0.720000
23 0.373607 0.854444 0.690000
24 0.294751 0.872222 0.730000
25 0.294823 0.880000 0.690000
26 0.289341 0.886667 0.710000
27 0.279743 0.883333 0.700000
28 0.284996 0.858889 0.640000
29 0.305451 0.866667 0.710000
30 0.351015 0.838889 0.640000
31 0.419720 0.855556 0.690000
32 0.318169 0.860000 0.710000
33 0.340003 0.846667 0.680000
34 0.404551 0.830000 0.720000
35 0.318369 0.875556 0.680000
36 0.284628 0.876667 0.730000
37 0.301389 0.860000 0.660000
38 0.288681 0.881111 0.720000
39 0.292734 0.886667 0.690000
40 0.312704 0.871111 0.720000
41 0.296651 0.885556 0.710000
42 0.277226 0.875556 0.680000
43 0.268367 0.896667 0.730000
44 0.308167 0.855556 0.700000
45 0.279677 0.882222 0.660000
46 0.257393 0.851111 0.660000
47 0.274373 0.896667 0.700000
48 0.263887 0.888889 0.640000
49 0.271310 0.853333 0.700000
50 0.259992 0.905556 0.690000
51 0.223521 0.900000 0.690000
52 0.225903 0.905556 0.700000
53 0.241240 0.902222 0.720000
54 0.231231 0.900000 0.690000
55 0.246182 0.896667 0.690000
56 0.213464 0.907778 0.650000
57 0.214796 0.905556 0.680000
58 0.216847 0.910000 0.660000
59 0.203820 0.917778 0.680000
60 0.210333 0.913333 0.740000
61 0.221385 0.913333 0.700000
62 0.213112 0.907778 0.740000
63 0.215213 0.910000 0.690000
64 0.199075 0.916667 0.700000
65 0.205237 0.920000 0.680000
66 0.208449 0.917778 0.690000
67 0.217815 0.887778 0.710000
68 0.226316 0.883333 0.680000
69 0.260223 0.898889 0.720000
70 0.209085 0.911111 0.670000
71 0.215241 0.912222 0.680000
72 0.203951 0.912222 0.690000
73 0.216226 0.905556 0.700000
74 0.221371 0.917778 0.670000
75 0.202392 0.921111 0.710000
76 0.202371 0.904444 0.680000
77 0.184744 0.918889 0.680000
78 0.189633 0.923333 0.690000
79 0.208138 0.917778 0.710000
80 0.195003 0.918889 0.700000
81 0.185727 0.916667 0.720000
82 0.211231 0.913333 0.710000
83 0.194374 0.918889 0.690000
84 0.185408 0.920000 0.660000
85 0.178208 0.920000 0.700000
86 0.203316 0.915556 0.660000
87 0.199250 0.917778 0.700000
88 0.212306 0.922222 0.660000
89 0.222326 0.904444 0.700000
90 0.222959 0.910000 0.690000
91 0.188755 0.924444 0.700000
92 0.185764 0.924444 0.700000
93 0.197833 0.914444 0.670000
94 0.217250 0.914444 0.710000
95 0.198878 0.912222 0.710000
96 0.204240 0.923333 0.680000
97 0.196839 0.922222 0.710000
98 0.192183 0.925556 0.680000
99 0.180181 0.928889 0.640000
100 0.177020 0.937778 0.660000
101 0.162216 0.933333 0.700000
102 0.157659 0.935556 0.680000
103 0.177682 0.928889 0.680000
104 0.182137 0.932222 0.650000
105 0.161923 0.936667 0.660000
106 0.153776 0.934444 0.690000
107 0.160432 0.935556 0.680000
108 0.157488 0.932222 0.660000
109 0.161034 0.931111 0.670000
110 0.160614 0.935556 0.690000
111 0.150967 0.943333 0.690000
112 0.160431 0.933333 0.680000
113 0.160145 0.943333 0.680000
114 0.147698 0.940000 0.690000
115 0.171283 0.936667 0.690000
116 0.172992 0.934444 0.700000
117 0.159352 0.936667 0.670000
118 0.167797 0.937778 0.670000
119 0.151681 0.936667 0.670000
120 0.155403 0.935556 0.690000
121 0.152880 0.940000 0.700000
122 0.147959 0.936667 0.700000
123 0.157134 0.938889 0.630000
124 0.155449 0.940000 0.680000
125 0.152143 0.940000 0.660000
126 0.145418 0.942222 0.670000
127 0.144716 0.935556 0.690000
128 0.148476 0.940000 0.710000
129 0.163357 0.933333 0.720000
130 0.159871 0.935556 0.690000
131 0.149150 0.941111 0.680000
132 0.162092 0.945556 0.650000
133 0.140904 0.937778 0.680000
134 0.162640 0.928889 0.680000
135 0.161004 0.942222 0.690000
136 0.146939 0.942222 0.670000
137 0.145540 0.946667 0.680000
138 0.145899 0.937778 0.660000
139 0.145075 0.938889 0.680000
140 0.164743 0.935556 0.690000
141 0.164804 0.938889 0.710000
142 0.148915 0.940000 0.690000
143 0.143942 0.941111 0.700000
144 0.153528 0.944444 0.710000
145 0.146283 0.943333 0.700000
146 0.148795 0.943333 0.700000
147 0.153891 0.942222 0.660000
148 0.148561 0.935556 0.690000
149 0.156677 0.942222 0.650000
150 0.144208 0.943333 0.690000
151 0.142322 0.938889 0.690000
152 0.138577 0.947778 0.660000
153 0.139467 0.944444 0.680000
154 0.137483 0.946667 0.670000
155 0.128069 0.940000 0.680000
156 0.133095 0.945556 0.660000
157 0.122380 0.944444 0.700000
158 0.124037 0.947778 0.670000
159 0.130985 0.944444 0.670000
160 0.128748 0.945556 0.700000
161 0.127008 0.948889 0.680000
162 0.140065 0.943333 0.710000
163 0.134293 0.942222 0.690000
164 0.130511 0.945556 0.680000
165 0.127927 0.944444 0.690000
166 0.143220 0.945556 0.720000
167 0.133973 0.943333 0.710000
168 0.134297 0.943333 0.710000
169 0.129635 0.948889 0.690000
170 0.121878 0.945556 0.710000
171 0.136868 0.945556 0.700000
172 0.128929 0.944444 0.710000
173 0.130234 0.945556 0.710000
174 0.127191 0.945556 0.690000
175 0.127583 0.945556 0.690000
176 0.133498 0.946667 0.690000
177 0.129202 0.946667 0.720000
178 0.126655 0.943333 0.690000
179 0.134615 0.947778 0.720000
180 0.132472 0.945556 0.710000
181 0.126341 0.944444 0.710000
182 0.126963 0.946667 0.680000
183 0.120942 0.945556 0.670000
184 0.134013 0.944444 0.700000
185 0.132185 0.946667 0.710000
186 0.130106 0.947778 0.700000
187 0.130914 0.948889 0.700000
188 0.123182 0.946667 0.700000
189 0.115771 0.947778 0.720000
190 0.123231 0.946667 0.680000
191 0.127333 0.948889 0.690000
192 0.122672 0.944444 0.690000
193 0.133138 0.946667 0.710000
194 0.129944 0.948889 0.700000
195 0.124253 0.947778 0.720000
196 0.136306 0.945556 0.700000
197 0.126324 0.951111 0.690000
198 0.125829 0.950000 0.690000
199 0.132501 0.948889 0.690000
200 0.122914 0.951111 0.690000
201 0.115481 0.951111 0.720000
202 0.115808 0.951111 0.710000
203 0.121972 0.947778 0.680000
204 0.116728 0.954444 0.690000
205 0.118559 0.948889 0.690000
206 0.121893 0.948889 0.720000
207 0.136879 0.950000 0.680000
208 0.118417 0.952222 0.680000
209 0.119925 0.954444 0.680000
210 0.126135 0.948889 0.660000
211 0.113284 0.952222 0.680000
212 0.121920 0.952222 0.670000
213 0.119695 0.948889 0.670000
214 0.116780 0.952222 0.680000
215 0.114761 0.947778 0.670000
216 0.120297 0.952222 0.670000
217 0.113391 0.952222 0.690000
218 0.121272 0.950000 0.690000
219 0.120885 0.953333 0.690000
220 0.120343 0.951111 0.680000
221 0.118028 0.954444 0.690000
222 0.119523 0.952222 0.710000
223 0.121445 0.948889 0.690000
224 0.115010 0.954444 0.700000
225 0.113108 0.950000 0.690000
226 0.120833 0.952222 0.690000
227 0.113362 0.952222 0.680000
228 0.120708 0.953333 0.680000
229 0.111739 0.953333 0.670000
230 0.117221 0.948889 0.690000
231 0.112243 0.953333 0.720000
232 0.114033 0.954444 0.690000
233 0.119536 0.946667 0.690000
234 0.117635 0.951111 0.720000
235 0.114519 0.951111 0.710000
236 0.124322 0.950000 0.710000
237 0.111926 0.951111 0.700000
238 0.111480 0.950000 0.690000
239 0.117604 0.950000 0.690000
240 0.111422 0.953333 0.670000
241 0.112091 0.947778 0.670000
242 0.116880 0.953333 0.700000
243 0.113648 0.954444 0.700000
244 0.115206 0.953333 0.670000
245 0.113090 0.953333 0.690000
246 0.115122 0.951111 0.710000
247 0.116072 0.954444 0.670000
248 0.112371 0.955556 0.670000
249 0.113177 0.955556 0.690000
250 0.115594 0.953333 0.700000
251 0.107337 0.954444 0.700000
252 0.117659 0.956667 0.720000
253 0.109182 0.955556 0.690000
254 0.108878 0.952222 0.690000
255 0.108317 0.955556 0.710000
256 0.120023 0.952222 0.710000
257 0.103122 0.955556 0.700000
258 0.112654 0.954444 0.690000
259 0.109086 0.956667 0.700000
260 0.114263 0.954444 0.690000
261 0.120533 0.953333 0.700000
262 0.108448 0.955556 0.700000
263 0.106113 0.954444 0.720000
264 0.113901 0.954444 0.700000
265 0.115717 0.954444 0.710000
266 0.113808 0.954444 0.690000
267 0.109003 0.955556 0.690000
268 0.108290 0.954444 0.700000
269 0.110881 0.954444 0.690000
270 0.114464 0.956667 0.690000
271 0.112578 0.956667 0.700000
272 0.106002 0.956667 0.700000
273 0.112182 0.954444 0.700000
274 0.107040 0.956667 0.700000
275 0.116774 0.953333 0.700000
276 0.106279 0.955556 0.690000
277 0.109685 0.955556 0.700000
278 0.109521 0.954444 0.720000
279 0.106312 0.955556 0.680000
280 0.111262 0.954444 0.710000
281 0.110426 0.955556 0.670000
282 0.114884 0.956667 0.690000
283 0.111218 0.955556 0.680000
284 0.120774 0.952222 0.700000
285 0.116109 0.953333 0.690000
286 0.114799 0.954444 0.730000
287 0.114859 0.954444 0.700000
288 0.103590 0.955556 0.690000
289 0.105182 0.953333 0.700000
290 0.115694 0.955556 0.700000
291 0.121635 0.954444 0.710000
292 0.111541 0.953333 0.680000
293 0.113366 0.954444 0.690000
294 0.112038 0.955556 0.680000
295 0.112745 0.952222 0.700000
296 0.110831 0.951111 0.690000
297 0.109101 0.955556 0.700000
298 0.114999 0.955556 0.670000
299 0.112434 0.954444 0.690000
300 0.104297 0.952222 0.700000
301 0.104652 0.953333 0.680000
302 0.115536 0.955556 0.680000
303 0.110886 0.955556 0.700000
304 0.103610 0.955556 0.690000
305 0.106790 0.953333 0.700000
306 0.104485 0.953333 0.690000
307 0.111448 0.955556 0.710000
308 0.110860 0.955556 0.720000
309 0.112242 0.952222 0.690000
310 0.113528 0.954444 0.680000
311 0.106979 0.955556 0.690000
312 0.111101 0.951111 0.710000
313 0.109166 0.951111 0.700000
314 0.107243 0.953333 0.710000
315 0.103966 0.952222 0.700000
316 0.109624 0.954444 0.700000
317 0.108103 0.954444 0.700000
318 0.109123 0.955556 0.710000
319 0.104283 0.952222 0.690000
320 0.114519 0.955556 0.680000
321 0.104321 0.953333 0.700000
322 0.109041 0.954444 0.690000
323 0.113477 0.953333 0.680000
324 0.105150 0.955556 0.690000
325 0.101389 0.953333 0.680000
326 0.111925 0.955556 0.680000
327 0.112416 0.952222 0.680000
328 0.106599 0.955556 0.680000
329 0.103490 0.954444 0.690000
330 0.108172 0.953333 0.690000
331 0.109940 0.955556 0.690000
332 0.107242 0.955556 0.680000
333 0.106100 0.955556 0.690000
334 0.105861 0.955556 0.700000
335 0.102125 0.955556 0.690000
336 0.110892 0.953333 0.700000
337 0.109497 0.954444 0.700000
338 0.107418 0.955556 0.660000
339 0.104556 0.955556 0.670000
340 0.110702 0.956667 0.680000
341 0.110049 0.955556 0.690000
342 0.106659 0.951111 0.690000
343 0.109621 0.952222 0.680000
344 0.114855 0.954444 0.690000
345 0.109813 0.955556 0.680000
346 0.118899 0.953333 0.700000
347 0.109662 0.952222 0.690000
348 0.110171 0.953333 0.700000
349 0.108536 0.953333 0.690000
350 0.112100 0.955556 0.690000
