1 10.260905 0.764000 0.754000
2 2.194362 0.765333 0.746000
3 1.516242 0.753111 0.756000
4 1.065229 0.773333 0.746000
5 1.121196 0.786889 0.770000
6 0.873051 0.751556 0.740000
7 0.751941 0.794444 0.772000
8 0.663402 0.756222 0.734000
9 0.653786 0.797778 0.774000
10 0.595441 0.785333 0.776000
11 0.600678 0.798889 0.766000
12 0.602603 0.799333 0.772000
13 0.567311 0.805111 0.774000
14 0.559395 0.821556 0.766000
15 0.538886 0.806444 0.766000
16 0.557208 0.810222 0.768000
17 0.540005 0.824222 0.778000
18 0.546629 0.807556 0.758000
19 0.565466 0.809333 0.770000
20 0.562514 0.804889 0.766000
21 0.490728 0.820889 0.760000
22 0.506892 0.822667 0.760000
23 0.513996 0.820889 0.788000
24 0.505327 0.815333 0.768000
25 0.512297 0.830000 0.754000
26 0.485642 0.816222 0.768000
27 0.467272 0.836444 0.786000
28 0.499065 0.810222 0.746000
29 0.478010 0.834444 0.772000
30 0.499125 0.839333 0.776000
