1 1.826454 0.763314 0.684211
2 0.721346 0.786982 0.789474
3 0.633344 0.834320 0.789474
4 0.552360 0.692308 0.842105
5 0.685089 0.792899 0.736842
6 0.598681 0.840237 0.684211
7 0.555330 0.769231 0.736842
8 0.549134 0.769231 0.789474
9 0.538479 0.875740 0.894737
10 0.545564 0.840237 0.842105
11 0.442711 0.846154 0.894737
12 0.425340 0.786982 0.894737
13 0.375830 0.792899 0.894737
14 0.348215 0.869822 0.894737
15 0.357887 0.573964 0.526316
16 0.331063 0.414201 0.421053
17 0.365129 0.893491 0.894737
18 0.377641 0.857988 0.894737
19 0.356633 0.532544 0.578947
20 0.284982 0.899408 0.894737
21 0.308017 0.491124 0.578947
22 0.334448 0.668639 0.631579
23 0.321219 0.757396 0.894737
24 0.280873 0.485207 0.421053
25 0.250015 0.911243 0.789474
26 0.248018 0.905325 0.789474
27 0.267135 0.893491 0.736842
28 0.211589 0.905325 0.789474
29 0.180452 0.863905 0.842105
30 0.182168 0.585799 0.578947
31 0.252266 0.431953 0.421053
32 0.222994 0.491124 0.368421
33 0.197519 0.834320 0.842105
34 0.206886 0.680473 0.631579
35 0.214226 0.940828 0.842105
36 0.150160 0.603550 0.578947
37 0.146358 0.538462 0.421053
38 0.156120 0.940828 0.736842
39 0.179267 0.431953 0.421053
40 0.166805 0.822485 0.684211
41 0.167156 0.603550 0.473684
42 0.132404 0.680473 0.473684
43 0.137616 0.893491 0.789474
44 0.146146 0.887574 0.736842
45 0.132163 0.893491 0.736842
46 0.140612 0.940828 0.736842
47 0.116202 0.526627 0.368421
48 0.111607 0.923077 0.736842
49 0.104935 0.964497 0.736842
50 0.096711 0.923077 0.684211
51 0.091306 0.952663 0.736842
52 0.097937 0.686391 0.421053
53 0.095649 0.934911 0.684211
54 0.095303 0.976331 0.736842
55 0.104889 0.745562 0.421053
56 0.103437 0.970414 0.789474
57 0.095113 0.958580 0.789474
58 0.098532 0.893491 0.789474
59 0.093152 0.970414 0.736842
60 0.096553 0.946746 0.736842
61 0.085489 0.988166 0.789474
62 0.094547 0.917160 0.736842
63 0.093245 0.940828 0.684211
64 0.087816 0.757396 0.473684
65 0.091412 0.721893 0.473684
66 0.107072 0.538462 0.368421
67 0.095990 0.917160 0.684211
68 0.091072 0.917160 0.631579
69 0.090208 0.928994 0.631579
70 0.097368 0.733728 0.368421
