1 2.865499 0.587456 0.586375
2 1.264997 0.654501 0.659367
3 0.953832 0.699378 0.712895
4 0.914606 0.569343 0.569343
5 0.815548 0.644228 0.649635
6 0.831793 0.500946 0.501217
7 0.877719 0.508245 0.498783
8 0.843328 0.689646 0.712895
9 0.788587 0.583401 0.579075
10 0.770335 0.678291 0.678832
11 0.784626 0.601244 0.615572
12 0.768357 0.709381 0.739659
13 0.753360 0.620979 0.649635
14 0.753599 0.592322 0.588808
15 0.950083 0.651798 0.669100
16 0.737187 0.706948 0.693431
17 0.699278 0.656123 0.639903
18 0.700895 0.695593 0.703163
19 0.631592 0.717762 0.729927
20 0.643666 0.704244 0.695864
21 0.639842 0.691809 0.700730
22 0.659903 0.696404 0.700730
23 0.618265 0.710192 0.729927
24 0.591654 0.698297 0.700730
25 0.603757 0.631252 0.618005
26 0.621552 0.710462 0.732360
27 0.632993 0.684509 0.686131
28 0.612442 0.725061 0.746959
29 0.617807 0.721006 0.732360
30 0.645186 0.678291 0.676399
31 0.635574 0.731008 0.729927
32 0.595679 0.709381 0.739659
33 0.566301 0.725872 0.732360
34 0.587992 0.694512 0.690998
35 0.584965 0.726683 0.739659
36 0.628218 0.699108 0.722628
37 0.611771 0.735875 0.746959
38 0.600980 0.733171 0.732360
39 0.595823 0.729927 0.751825
40 0.597051 0.732360 0.722628
41 0.606650 0.734253 0.727494
42 0.568710 0.659367 0.652068
43 0.600592 0.730468 0.739659
44 0.593094 0.727764 0.732360
45 0.606356 0.709381 0.712895
46 0.578788 0.671533 0.671533
47 0.571229 0.737497 0.732360
48 0.575501 0.735334 0.744526
49 0.581937 0.728035 0.722628
50 0.555892 0.749121 0.744526
51 0.546337 0.755339 0.754258
52 0.556080 0.748040 0.739659
53 0.551035 0.713166 0.717762
54 0.567811 0.734523 0.744526
55 0.547192 0.750203 0.751825
56 0.540445 0.755339 0.763990
57 0.547310 0.752095 0.754258
58 0.551560 0.750743 0.756691
59 0.541468 0.731279 0.725061
60 0.537950 0.758854 0.761557
61 0.539589 0.768045 0.783455
62 0.536022 0.756961 0.759124
63 0.531128 0.767505 0.761557
64 0.541103 0.728035 0.727494
65 0.531536 0.757772 0.754258
66 0.547699 0.764801 0.756691
67 0.530164 0.743174 0.749392
68 0.519269 0.759394 0.759124
69 0.508633 0.759394 0.744526
70 0.532618 0.774263 0.783455
71 0.524802 0.771290 0.751825
72 0.523002 0.760476 0.749392
73 0.517873 0.744796 0.722628
74 0.517380 0.765342 0.763990
75 0.531113 0.753988 0.749392
76 0.508723 0.762368 0.746959
77 0.522098 0.754258 0.739659
78 0.514555 0.769938 0.751825
79 0.506702 0.770749 0.761557
80 0.502165 0.784266 0.771290
81 0.517027 0.766423 0.761557
82 0.510010 0.783996 0.783455
83 0.519978 0.773993 0.771290
84 0.504032 0.770479 0.746959
85 0.513680 0.779129 0.768856
86 0.498050 0.777507 0.768856
87 0.525252 0.778859 0.778589
88 0.505777 0.768586 0.751825
89 0.506047 0.781563 0.771290
90 0.495721 0.761557 0.749392
91 0.504315 0.770208 0.761557
92 0.509729 0.775074 0.729927
93 0.507925 0.783455 0.759124
94 0.483117 0.728575 0.715328
95 0.510344 0.787780 0.793187
96 0.511555 0.791025 0.778589
97 0.495791 0.782103 0.761557
98 0.506263 0.790754 0.751825
99 0.496530 0.787780 0.768856
100 0.479191 0.795350 0.778589
101 0.472384 0.807245 0.783455
102 0.475666 0.802649 0.788321
103 0.465164 0.806164 0.766423
104 0.467555 0.805623 0.776156
105 0.466164 0.805623 0.768856
106 0.465477 0.812111 0.778589
107 0.467803 0.813193 0.783455
108 0.467343 0.803190 0.773723
109 0.455756 0.811571 0.771290
110 0.456182 0.815085 0.771290
111 0.464364 0.790214 0.766423
112 0.449486 0.814815 0.773723
113 0.450889 0.814544 0.761557
114 0.466223 0.821033 0.783455
115 0.440046 0.796161 0.771290
116 0.443687 0.818059 0.783455
117 0.458640 0.817248 0.785888
118 0.447429 0.818329 0.766423
119 0.453899 0.819681 0.776156
120 0.451250 0.814274 0.785888
121 0.432695 0.828873 0.790754
122 0.439403 0.816978 0.798054
123 0.440240 0.814815 0.790754
124 0.461458 0.825629 0.793187
125 0.441380 0.804542 0.768856
126 0.434384 0.828873 0.788321
127 0.434387 0.830765 0.795620
128 0.428895 0.828332 0.785888
129 0.432099 0.834280 0.798054
130 0.445595 0.834550 0.781022
131 0.439507 0.821573 0.793187
132 0.419709 0.830765 0.778589
133 0.427541 0.834009 0.800487
134 0.425907 0.832657 0.800487
135 0.409920 0.822384 0.810219
136 0.416682 0.840768 0.781022
137 0.430258 0.838064 0.802920
138 0.413755 0.836442 0.807786
139 0.417272 0.837253 0.793187
140 0.438680 0.842390 0.800487
141 0.419984 0.844823 0.807786
142 0.427034 0.839686 0.778589
143 0.409285 0.844282 0.795620
144 0.419006 0.845364 0.807786
145 0.412246 0.832387 0.793187
146 0.404937 0.839146 0.810219
147 0.401527 0.849148 0.802920
148 0.413070 0.843201 0.793187
149 0.418209 0.852122 0.805353
150 0.399504 0.861855 0.817518
151 0.381068 0.861855 0.815085
152 0.382288 0.862395 0.817518
153 0.376140 0.860773 0.800487
154 0.385813 0.865099 0.812652
155 0.379510 0.860503 0.807786
156 0.376522 0.870506 0.812652
157 0.371823 0.868343 0.815085
158 0.371688 0.871857 0.807786
159 0.365871 0.871857 0.815085
160 0.364773 0.862395 0.805353
161 0.364202 0.867802 0.815085
162 0.366734 0.871857 0.802920
163 0.352481 0.870235 0.807786
164 0.364710 0.878886 0.807786
165 0.370200 0.870776 0.815085
166 0.362901 0.872128 0.805353
167 0.345093 0.873209 0.802920
168 0.344250 0.871046 0.795620
169 0.356297 0.879157 0.817518
170 0.356834 0.876994 0.812652
171 0.341581 0.877534 0.807786
172 0.354616 0.881860 0.815085
173 0.339539 0.884834 0.829684
174 0.352381 0.874290 0.817518
175 0.344669 0.882401 0.810219
176 0.342636 0.875912 0.795620
177 0.357435 0.878886 0.819951
178 0.351087 0.887537 0.822384
179 0.343169 0.875372 0.822384
180 0.347616 0.894836 0.817518
181 0.339256 0.888889 0.812652
182 0.332459 0.887808 0.810219
183 0.337592 0.881319 0.798054
184 0.328592 0.892674 0.810219
185 0.343583 0.890781 0.829684
186 0.324494 0.894566 0.805353
187 0.338049 0.896999 0.817518
188 0.321843 0.888078 0.822384
189 0.333207 0.890511 0.815085
190 0.351203 0.893755 0.819951
191 0.326522 0.899432 0.827251
192 0.332852 0.898621 0.824818
193 0.337278 0.888619 0.800487
194 0.329378 0.891322 0.798054
195 0.328722 0.885915 0.783455
196 0.326835 0.895377 0.805353
197 0.338222 0.899703 0.819951
198 0.310009 0.898892 0.805353
199 0.322301 0.901054 0.807786
200 0.302792 0.906461 0.819951
201 0.303099 0.907543 0.800487
202 0.293550 0.909705 0.810219
203 0.285015 0.911868 0.798054
204 0.293621 0.912138 0.805353
205 0.295353 0.912409 0.793187
206 0.298832 0.907813 0.807786
207 0.272330 0.912679 0.812652
208 0.305497 0.916464 0.805353
209 0.296074 0.915112 0.798054
210 0.289806 0.912138 0.815085
211 0.289357 0.920789 0.805353
212 0.282853 0.916464 0.805353
213 0.283669 0.918356 0.810219
214 0.279819 0.921060 0.795620
215 0.291257 0.920519 0.805353
216 0.282546 0.920789 0.807786
217 0.271880 0.919708 0.812652
218 0.272813 0.922682 0.812652
219 0.286670 0.920519 0.810219
220 0.263281 0.920789 0.812652
221 0.280328 0.915383 0.807786
222 0.274843 0.925385 0.817518
223 0.275699 0.924034 0.829684
224 0.266640 0.924034 0.783455
225 0.283620 0.924574 0.812652
226 0.270612 0.926737 0.819951
227 0.273688 0.927007 0.812652
228 0.265647 0.927278 0.817518
229 0.264772 0.925115 0.807786
230 0.263519 0.929440 0.812652
231 0.262647 0.926196 0.805353
232 0.256277 0.925115 0.812652
233 0.278474 0.922952 0.798054
234 0.264218 0.928900 0.810219
235 0.272873 0.924845 0.817518
236 0.263477 0.926737 0.815085
237 0.275038 0.929711 0.807786
238 0.266909 0.934307 0.805353
239 0.255250 0.929170 0.810219
240 0.256379 0.927278 0.812652
241 0.272995 0.929711 0.815085
242 0.259191 0.936740 0.810219
243 0.253427 0.937551 0.802920
244 0.268756 0.934577 0.817518
245 0.269886 0.932685 0.812652
246 0.262408 0.934036 0.805353
247 0.255674 0.937821 0.817518
248 0.263353 0.932144 0.810219
249 0.262369 0.937551 0.800487
250 0.243789 0.939173 0.807786
251 0.238759 0.941876 0.812652
252 0.251275 0.939984 0.815085
253 0.228159 0.942687 0.800487
254 0.230441 0.935388 0.810219
255 0.247535 0.943228 0.812652
256 0.240963 0.941065 0.805353
257 0.239021 0.942687 0.802920
258 0.236286 0.945931 0.800487
259 0.232914 0.943498 0.819951
260 0.251945 0.944309 0.795620
261 0.241623 0.945391 0.815085
262 0.231469 0.943769 0.817518
263 0.235121 0.938902 0.815085
264 0.230487 0.945391 0.800487
265 0.220129 0.944850 0.805353
266 0.238205 0.944850 0.807786
267 0.226584 0.944309 0.815085
268 0.222448 0.946202 0.815085
269 0.219453 0.946202 0.815085
270 0.237628 0.949446 0.802920
271 0.236420 0.950257 0.817518
272 0.226650 0.947553 0.815085
273 0.234972 0.948905 0.815085
274 0.228649 0.950257 0.824818
275 0.210915 0.952690 0.812652
276 0.224696 0.947283 0.805353
277 0.231413 0.947553 0.812652
278 0.239134 0.949175 0.819951
279 0.230312 0.944309 0.815085
280 0.223700 0.949446 0.802920
281 0.232907 0.950257 0.810219
282 0.229534 0.948635 0.805353
283 0.227821 0.948635 0.810219
284 0.227138 0.948364 0.798054
285 0.229938 0.949986 0.815085
286 0.220542 0.950527 0.805353
287 0.214324 0.951879 0.812652
288 0.228268 0.949716 0.800487
289 0.216195 0.950527 0.800487
290 0.215028 0.951068 0.798054
291 0.213756 0.949175 0.802920
292 0.210952 0.953771 0.807786
293 0.226273 0.950798 0.817518
294 0.233613 0.951609 0.819951
295 0.220582 0.950798 0.805353
296 0.214316 0.952960 0.795620
297 0.219056 0.953501 0.800487
298 0.215535 0.957556 0.793187
299 0.214837 0.951068 0.795620
300 0.216395 0.956475 0.793187
301 0.199611 0.955934 0.800487
302 0.203762 0.957286 0.793187
303 0.204279 0.958097 0.810219
304 0.215683 0.957015 0.810219
305 0.204609 0.957826 0.805353
306 0.206615 0.956745 0.810219
307 0.203133 0.959178 0.812652
308 0.210002 0.959448 0.807786
309 0.210682 0.958637 0.819951
310 0.201607 0.958367 0.802920
311 0.220871 0.959178 0.819951
312 0.204050 0.961611 0.817518
313 0.203241 0.959178 0.807786
314 0.198350 0.955664 0.812652
315 0.203380 0.962152 0.807786
316 0.212757 0.959719 0.807786
317 0.199009 0.960260 0.802920
318 0.203374 0.959719 0.810219
319 0.207338 0.961071 0.817518
320 0.200622 0.958637 0.807786
321 0.199714 0.960530 0.800487
322 0.199902 0.959989 0.807786
323 0.197139 0.959719 0.812652
324 0.200296 0.961611 0.810219
325 0.195181 0.962963 0.802920
326 0.199006 0.958367 0.815085
327 0.194742 0.961611 0.802920
328 0.209619 0.959448 0.815085
329 0.199084 0.961611 0.819951
330 0.203532 0.961611 0.807786
331 0.211250 0.961882 0.805353
332 0.203810 0.958367 0.800487
333 0.188709 0.959719 0.807786
334 0.197183 0.960530 0.805353
335 0.193448 0.959719 0.807786
336 0.200450 0.960260 0.807786
337 0.200377 0.961341 0.805353
338 0.193271 0.962152 0.824818
339 0.191767 0.960800 0.815085
340 0.188544 0.962963 0.802920
341 0.198052 0.960260 0.817518
342 0.199598 0.962963 0.807786
343 0.197881 0.961341 0.805353
344 0.200434 0.964315 0.819951
345 0.207070 0.960530 0.805353
346 0.199290 0.962963 0.810219
347 0.182834 0.960800 0.810219
348 0.190500 0.963774 0.805353
349 0.203659 0.963233 0.800487
350 0.189061 0.961071 0.805353
