1 2.737945 0.706667 0.650000
2 0.744101 0.765556 0.710000
3 0.640733 0.744444 0.760000
4 0.508660 0.777778 0.650000
5 0.462388 0.813333 0.740000
6 0.418749 0.823333 0.680000
7 0.448319 0.784444 0.680000
8 0.416176 0.833333 0.720000
9 0.397401 0.826667 0.720000
10 0.369947 0.847778 0.690000
11 0.336939 0.846667 0.740000
12 0.325880 0.861111 0.720000
13 0.333258 0.864444 0.720000
14 0.334465 0.828889 0.730000
15 0.317345 0.851111 0.740000
16 0.356146 0.864444 0.730000
17 0.281645 0.875556 0.740000
18 0.289229 0.873333 0.760000
19 0.298362 0.866667 0.710000
20 0.282791 0.873333 0.660000
21 0.291317 0.830000 0.670000
22 0.271072 0.900000 0.710000
23 0.279413 0.880000 0.670000
24 0.264653 0.886667 0.700000
25 0.267170 0.885556 0.670000
26 0.246974 0.897778 0.690000
27 0.249191 0.888889 0.740000
28 0.242197 0.871111 0.700000
29 0.260125 0.890000 0.720000
30 0.269591 0.895556 0.710000
31 0.273068 0.890000 0.700000
32 0.289603 0.886667 0.680000
33 0.270150 0.875556 0.690000
34 0.247703 0.904444 0.720000
35 0.229999 0.900000 0.740000
36 0.221762 0.902222 0.720000
37 0.223040 0.907778 0.700000
38 0.213875 0.910000 0.720000
39 0.325011 0.848889 0.760000
40 0.385757 0.882222 0.700000
41 0.262502 0.905556 0.680000
42 0.271170 0.882222 0.720000
43 0.275999 0.886667 0.670000
44 0.261104 0.892222 0.700000
45 0.214810 0.907778 0.720000
46 0.212790 0.908889 0.700000
47 0.222344 0.893333 0.680000
48 0.297536 0.906667 0.690000
49 0.274138 0.878889 0.660000
50 0.239548 0.911111 0.740000
51 0.197441 0.918889 0.710000
52 0.188545 0.918889 0.710000
53 0.190474 0.923333 0.730000
54 0.192094 0.925556 0.730000
55 0.185179 0.908889 0.750000
56 0.186023 0.924444 0.750000
57 0.184235 0.911111 0.710000
58 0.179039 0.923333 0.710000
59 0.179871 0.918889 0.700000
60 0.175774 0.924444 0.710000
61 0.164791 0.922222 0.700000
62 0.170049 0.915556 0.710000
63 0.180196 0.923333 0.710000
64 0.165299 0.917778 0.730000
65 0.158186 0.933333 0.700000
66 0.168172 0.923333 0.730000
67 0.174437 0.917778 0.700000
68 0.159685 0.928889 0.700000
69 0.186016 0.907778 0.720000
70 0.191743 0.925556 0.740000
71 0.175395 0.923333 0.720000
72 0.158692 0.928889 0.730000
73 0.179300 0.924444 0.690000
74 0.163702 0.928889 0.720000
75 0.174260 0.928889 0.700000
76 0.165697 0.915556 0.720000
77 0.166477 0.925556 0.720000
78 0.152335 0.927778 0.730000
79 0.170114 0.927778 0.710000
80 0.183404 0.922222 0.720000
81 0.159682 0.927778 0.710000
82 0.155940 0.934444 0.700000
83 0.167423 0.923333 0.700000
84 0.198335 0.918889 0.730000
85 0.167283 0.926667 0.710000
86 0.160517 0.932222 0.710000
87 0.184918 0.916667 0.700000
88 0.165251 0.933333 0.710000
89 0.167530 0.927778 0.690000
90 0.156786 0.932222 0.710000
91 0.151216 0.930000 0.690000
92 0.181144 0.926667 0.710000
93 0.186402 0.922222 0.720000
94 0.177223 0.932222 0.740000
95 0.170508 0.923333 0.730000
96 0.168385 0.928889 0.730000
97 0.179125 0.931111 0.680000
98 0.199276 0.924444 0.730000
99 0.170166 0.921111 0.720000
100 0.145789 0.931111 0.710000
101 0.144432 0.936667 0.730000
102 0.148122 0.940000 0.760000
103 0.149544 0.931111 0.720000
104 0.136772 0.938889 0.700000
105 0.137754 0.936667 0.700000
106 0.134265 0.940000 0.740000
107 0.127360 0.942222 0.690000
108 0.133154 0.943333 0.690000
109 0.137715 0.941111 0.700000
110 0.129193 0.941111 0.700000
111 0.127359 0.937778 0.690000
112 0.148424 0.938889 0.700000
113 0.128461 0.944444 0.720000
114 0.127261 0.945556 0.670000
115 0.140490 0.946667 0.720000
116 0.131499 0.942222 0.710000
117 0.137814 0.943333 0.710000
118 0.143849 0.943333 0.710000
119 0.131864 0.941111 0.740000
120 0.170823 0.933333 0.690000
121 0.137078 0.942222 0.720000
122 0.166146 0.937778 0.720000
123 0.138705 0.941111 0.740000
124 0.130536 0.944444 0.720000
125 0.138397 0.941111 0.720000
126 0.138026 0.938889 0.710000
127 0.123407 0.940000 0.710000
128 0.122116 0.938889 0.720000
129 0.121841 0.944444 0.730000
130 0.141429 0.944444 0.750000
131 0.128417 0.936667 0.710000
132 0.124720 0.943333 0.730000
133 0.124506 0.943333 0.730000
134 0.124910 0.946667 0.700000
135 0.126531 0.947778 0.700000
136 0.122999 0.944444 0.710000
137 0.118965 0.943333 0.700000
138 0.136135 0.934444 0.700000
139 0.149046 0.940000 0.700000
140 0.135367 0.942222 0.690000
141 0.144535 0.947778 0.720000
142 0.132274 0.944444 0.700000
143 0.119784 0.943333 0.710000
144 0.118608 0.941111 0.720000
145 0.129149 0.943333 0.700000
146 0.142213 0.940000 0.720000
147 0.158239 0.937778 0.720000
148 0.122169 0.945556 0.710000
149 0.113015 0.946667 0.710000
150 0.117594 0.942222 0.700000
151 0.113460 0.944444 0.710000
152 0.111168 0.943333 0.710000
153 0.117765 0.944444 0.700000
154 0.115772 0.941111 0.710000
155 0.114047 0.946667 0.710000
156 0.110370 0.950000 0.720000
157 0.110774 0.948889 0.700000
158 0.104210 0.944444 0.720000
159 0.113674 0.945556 0.710000
160 0.108812 0.945556 0.710000
161 0.113485 0.944444 0.710000
162 0.114748 0.945556 0.730000
163 0.115983 0.944444 0.720000
164 0.114078 0.948889 0.730000
165 0.111014 0.944444 0.740000
166 0.133113 0.946667 0.690000
167 0.123965 0.951111 0.720000
168 0.117640 0.944444 0.700000
169 0.123380 0.948889 0.720000
170 0.116312 0.946667 0.710000
171 0.110364 0.950000 0.700000
172 0.104837 0.946667 0.700000
173 0.115913 0.946667 0.700000
174 0.106773 0.947778 0.710000
175 0.107469 0.947778 0.720000
176 0.112752 0.950000 0.700000
177 0.121738 0.947778 0.720000
178 0.108002 0.948889 0.720000
179 0.110846 0.947778 0.730000
180 0.111824 0.948889 0.720000
181 0.112034 0.948889 0.720000
182 0.110421 0.948889 0.720000
183 0.105547 0.946667 0.730000
184 0.105982 0.942222 0.720000
185 0.106747 0.947778 0.700000
186 0.122095 0.943333 0.700000
187 0.117036 0.943333 0.700000
188 0.117120 0.946667 0.720000
189 0.111637 0.946667 0.710000
190 0.107971 0.951111 0.690000
191 0.109485 0.950000 0.700000
192 0.108333 0.951111 0.710000
193 0.113704 0.946667 0.720000
194 0.110317 0.950000 0.710000
195 0.114452 0.948889 0.710000
196 0.105066 0.946667 0.720000
197 0.107423 0.948889 0.740000
198 0.112475 0.945556 0.720000
199 0.110347 0.948889 0.730000
200 0.109586 0.950000 0.700000
201 0.108385 0.948889 0.690000
202 0.105565 0.950000 0.710000
203 0.110763 0.951111 0.700000
204 0.107928 0.944444 0.710000
205 0.098187 0.951111 0.710000
206 0.101366 0.948889 0.720000
207 0.106649 0.950000 0.700000
208 0.104665 0.947778 0.720000
209 0.111030 0.947778 0.720000
210 0.105657 0.950000 0.700000
211 0.105002 0.950000 0.710000
212 0.105653 0.951111 0.710000
213 0.108345 0.950000 0.700000
214 0.103249 0.946667 0.710000
215 0.111464 0.948889 0.720000
216 0.109437 0.950000 0.720000
217 0.103289 0.946667 0.700000
218 0.112846 0.951111 0.690000
219 0.107713 0.948889 0.710000
220 0.105353 0.948889 0.720000
221 0.102746 0.948889 0.710000
222 0.106821 0.948889 0.730000
223 0.100930 0.947778 0.720000
224 0.105421 0.945556 0.720000
225 0.101563 0.950000 0.710000
226 0.107617 0.950000 0.720000
227 0.098621 0.948889 0.720000
228 0.103713 0.950000 0.710000
229 0.104171 0.948889 0.720000
230 0.109218 0.947778 0.720000
231 0.102851 0.948889 0.720000
232 0.108689 0.950000 0.710000
233 0.105888 0.951111 0.700000
234 0.098950 0.950000 0.720000
235 0.102473 0.948889 0.740000
236 0.104481 0.950000 0.730000
237 0.102221 0.950000 0.740000
238 0.103065 0.950000 0.730000
239 0.106187 0.947778 0.740000
240 0.105168 0.948889 0.740000
241 0.106231 0.948889 0.730000
242 0.102792 0.948889 0.740000
243 0.103041 0.951111 0.730000
244 0.098885 0.950000 0.720000
245 0.111699 0.951111 0.730000
246 0.098606 0.950000 0.720000
247 0.099345 0.950000 0.730000
248 0.097309 0.950000 0.720000
249 0.106104 0.951111 0.710000
250 0.111761 0.951111 0.720000
251 0.110086 0.951111 0.720000
252 0.101892 0.951111 0.710000
253 0.097933 0.950000 0.700000
254 0.103191 0.951111 0.720000
255 0.107616 0.951111 0.720000
256 0.105346 0.952222 0.730000
257 0.100035 0.951111 0.710000
258 0.103763 0.950000 0.710000
259 0.101128 0.950000 0.710000
260 0.101578 0.950000 0.720000
261 0.102722 0.951111 0.710000
262 0.102381 0.951111 0.700000
263 0.103448 0.951111 0.710000
264 0.100464 0.951111 0.700000
265 0.099154 0.951111 0.710000
266 0.100767 0.951111 0.710000
267 0.105099 0.951111 0.710000
268 0.100055 0.951111 0.710000
269 0.098641 0.951111 0.730000
270 0.096863 0.951111 0.720000
271 0.100670 0.950000 0.710000
272 0.102240 0.950000 0.700000
273 0.099662 0.951111 0.700000
274 0.100201 0.951111 0.710000
275 0.102738 0.951111 0.720000
276 0.105435 0.950000 0.740000
277 0.102222 0.951111 0.720000
278 0.100500 0.948889 0.730000
279 0.102994 0.951111 0.710000
280 0.091786 0.951111 0.720000
281 0.099252 0.952222 0.700000
282 0.104910 0.951111 0.740000
283 0.097119 0.952222 0.720000
284 0.104354 0.953333 0.740000
285 0.103205 0.951111 0.730000
286 0.100018 0.952222 0.740000
287 0.103596 0.952222 0.720000
288 0.105244 0.952222 0.710000
289 0.098903 0.951111 0.720000
290 0.104055 0.950000 0.720000
291 0.100464 0.950000 0.730000
292 0.103145 0.952222 0.730000
293 0.103505 0.950000 0.750000
294 0.101124 0.951111 0.740000
295 0.102472 0.950000 0.740000
296 0.101947 0.952222 0.740000
297 0.093116 0.952222 0.720000
298 0.103184 0.951111 0.740000
299 0.100167 0.951111 0.730000
300 0.100947 0.953333 0.740000
301 0.101093 0.953333 0.740000
302 0.103300 0.953333 0.740000
303 0.102758 0.952222 0.750000
304 0.095837 0.953333 0.740000
305 0.096366 0.953333 0.730000
306 0.098046 0.952222 0.720000
307 0.096855 0.951111 0.720000
308 0.100061 0.952222 0.710000
309 0.098200 0.953333 0.720000
310 0.095951 0.953333 0.730000
311 0.099010 0.953333 0.730000
312 0.098138 0.953333 0.730000
313 0.107964 0.953333 0.730000
314 0.095571 0.952222 0.730000
315 0.098644 0.952222 0.740000
316 0.094327 0.952222 0.740000
317 0.104481 0.952222 0.720000
318 0.101186 0.952222 0.740000
319 0.102436 0.951111 0.730000
320 0.094290 0.953333 0.730000
321 0.102345 0.951111 0.710000
322 0.094260 0.953333 0.720000
323 0.100172 0.953333 0.740000
324 0.100031 0.953333 0.730000
325 0.100794 0.953333 0.730000
326 0.102518 0.953333 0.730000
327 0.094869 0.953333 0.720000
328 0.098890 0.950000 0.730000
329 0.100010 0.951111 0.730000
330 0.100721 0.952222 0.720000
331 0.099369 0.953333 0.720000
332 0.099990 0.953333 0.730000
333 0.097560 0.953333 0.730000
334 0.096303 0.953333 0.740000
335 0.093530 0.953333 0.730000
336 0.099700 0.953333 0.740000
337 0.097379 0.951111 0.740000
338 0.101504 0.953333 0.720000
339 0.101552 0.953333 0.740000
340 0.099893 0.953333 0.730000
341 0.093424 0.953333 0.730000
342 0.100289 0.953333 0.730000
343 0.100453 0.952222 0.720000
344 0.098854 0.953333 0.720000
345 0.096343 0.953333 0.720000
346 0.101641 0.952222 0.730000
347 0.097720 0.953333 0.730000
348 0.102738 0.952222 0.740000
349 0.100611 0.953333 0.710000
350 0.097337 0.953333 0.740000
