1 3.050728 0.754444 0.700000
2 1.323588 0.718889 0.680000
3 0.602294 0.795556 0.700000
4 0.484471 0.790000 0.730000
5 0.472022 0.820000 0.710000
6 0.446599 0.813333 0.700000
7 0.454484 0.812222 0.680000
8 0.429489 0.785556 0.690000
9 0.442395 0.846667 0.720000
10 0.366977 0.850000 0.690000
11 0.364463 0.852222 0.670000
12 0.376695 0.834444 0.720000
13 0.359734 0.864444 0.660000
14 0.334681 0.860000 0.690000
15 0.368805 0.852222 0.690000
16 0.364901 0.835556 0.690000
17 0.387774 0.856667 0.660000
18 0.343734 0.864444 0.650000
19 0.302951 0.878889 0.650000
20 0.311208 0.858889 0.650000
21 0.328397 0.878889 0.680000
22 0.292408 0.867778 0.690000
23 0.368860 0.800000 0.630000
24 0.356680 0.864444 0.640000
25 0.320519 0.875556 0.680000
26 0.307808 0.868889 0.660000
27 0.314835 0.860000 0.670000
28 0.292409 0.867778 0.650000
29 0.275037 0.883333 0.650000
30 0.289934 0.870000 0.700000
31 0.285141 0.890000 0.640000
32 0.285954 0.861111 0.660000
33 0.309467 0.884444 0.670000
34 0.262233 0.890000 0.650000
35 0.253667 0.897778 0.630000
36 0.285035 0.878889 0.650000
37 0.386005 0.841111 0.630000
38 0.398798 0.858889 0.660000
39 0.327754 0.857778 0.650000
40 0.319434 0.890000 0.610000
41 0.298990 0.861111 0.670000
42 0.294791 0.888889 0.670000
43 0.265767 0.880000 0.630000
44 0.288291 0.885556 0.600000
45 0.304407 0.863333 0.640000
46 0.317859 0.883333 0.650000
47 0.284228 0.890000 0.680000
48 0.262724 0.888889 0.610000
49 0.243267 0.896667 0.640000
50 0.242841 0.904444 0.630000
51 0.224106 0.913333 0.640000
52 0.234404 0.910000 0.670000
53 0.206427 0.917778 0.650000
54 0.216455 0.911111 0.610000
55 0.224241 0.911111 0.640000
56 0.226410 0.913333 0.640000
57 0.212005 0.905556 0.630000
58 0.198552 0.914444 0.600000
59 0.219950 0.906667 0.630000
60 0.212948 0.915556 0.630000
61 0.207073 0.921111 0.640000
62 0.215355 0.893333 0.660000
63 0.221225 0.917778 0.650000
64 0.206636 0.912222 0.670000
65 0.212188 0.914444 0.620000
66 0.213001 0.921111 0.680000
67 0.345127 0.914444 0.680000
68 0.206374 0.908889 0.620000
69 0.204062 0.911111 0.620000
70 0.200858 0.921111 0.670000
71 0.199926 0.913333 0.620000
72 0.190873 0.916667 0.650000
73 0.209802 0.898889 0.660000
74 0.223618 0.915556 0.680000
75 0.208894 0.915556 0.630000
76 0.188599 0.918889 0.670000
77 0.174437 0.927778 0.620000
78 0.182110 0.926667 0.660000
79 0.183788 0.923333 0.630000
80 0.189719 0.923333 0.650000
81 0.195294 0.921111 0.680000
82 0.190194 0.918889 0.680000
83 0.200812 0.918889 0.680000
84 0.192838 0.912222 0.670000
85 0.205085 0.911111 0.660000
86 0.194467 0.922222 0.640000
87 0.201055 0.922222 0.630000
88 0.186368 0.911111 0.650000
89 0.178782 0.925556 0.650000
90 0.172712 0.927778 0.630000
91 0.177335 0.920000 0.640000
92 0.183702 0.931111 0.630000
93 0.198014 0.922222 0.640000
94 0.182464 0.921111 0.630000
95 0.194541 0.925556 0.610000
96 0.249770 0.918889 0.620000
97 0.195427 0.922222 0.630000
98 0.181273 0.921111 0.630000
99 0.187342 0.927778 0.650000
100 0.175933 0.918889 0.650000
101 0.168261 0.930000 0.650000
102 0.165340 0.932222 0.650000
103 0.162013 0.933333 0.610000
104 0.164328 0.936667 0.660000
105 0.164548 0.932222 0.660000
106 0.150815 0.933333 0.640000
107 0.152467 0.930000 0.650000
108 0.171176 0.930000 0.670000
109 0.163564 0.931111 0.640000
110 0.161606 0.927778 0.640000
111 0.151160 0.930000 0.630000
112 0.153421 0.932222 0.630000
113 0.153416 0.933333 0.670000
114 0.146584 0.935556 0.640000
115 0.178223 0.932222 0.650000
116 0.167853 0.931111 0.640000
117 0.155404 0.935556 0.660000
118 0.159007 0.930000 0.640000
119 0.152328 0.928889 0.640000
120 0.145947 0.931111 0.600000
121 0.154767 0.931111 0.620000
122 0.155026 0.932222 0.610000
123 0.162148 0.931111 0.660000
124 0.148281 0.933333 0.620000
125 0.149415 0.930000 0.630000
126 0.152255 0.925556 0.650000
127 0.151211 0.938889 0.660000
128 0.145553 0.933333 0.660000
129 0.147384 0.932222 0.630000
130 0.160251 0.930000 0.630000
131 0.168088 0.930000 0.630000
132 0.165910 0.933333 0.660000
133 0.163361 0.937778 0.650000
134 0.165485 0.937778 0.640000
135 0.154431 0.936667 0.640000
136 0.151424 0.924444 0.640000
137 0.153044 0.937778 0.640000
138 0.146500 0.937778 0.630000
139 0.150521 0.926667 0.650000
140 0.146862 0.936667 0.640000
141 0.157455 0.934444 0.640000
142 0.149194 0.931111 0.620000
143 0.142884 0.942222 0.660000
144 0.164080 0.930000 0.670000
145 0.168029 0.933333 0.640000
146 0.155410 0.936667 0.700000
147 0.151779 0.932222 0.640000
148 0.165928 0.937778 0.650000
149 0.149373 0.936667 0.650000
150 0.144514 0.937778 0.630000
151 0.144077 0.935556 0.640000
152 0.142837 0.940000 0.650000
153 0.142285 0.935556 0.650000
154 0.134783 0.937778 0.670000
155 0.141364 0.940000 0.650000
156 0.143307 0.930000 0.630000
157 0.134075 0.940000 0.640000
158 0.132907 0.936667 0.620000
159 0.139089 0.944444 0.660000
160 0.147686 0.938889 0.640000
161 0.141732 0.934444 0.670000
162 0.142877 0.936667 0.640000
163 0.145052 0.942222 0.640000
164 0.138913 0.944444 0.640000
165 0.126614 0.936667 0.650000
166 0.139599 0.938889 0.610000
167 0.137262 0.938889 0.680000
168 0.134557 0.941111 0.650000
169 0.136658 0.940000 0.640000
170 0.133708 0.942222 0.630000
171 0.141421 0.941111 0.640000
172 0.137392 0.938889 0.620000
173 0.137699 0.944444 0.660000
174 0.126788 0.943333 0.660000
175 0.143438 0.943333 0.680000
176 0.150693 0.943333 0.630000
177 0.137947 0.942222 0.640000
178 0.140959 0.951111 0.670000
179 0.131758 0.943333 0.650000
180 0.150537 0.951111 0.620000
181 0.140125 0.937778 0.640000
182 0.134875 0.943333 0.660000
183 0.132597 0.938889 0.610000
184 0.135225 0.945556 0.630000
185 0.133306 0.944444 0.660000
186 0.130832 0.944444 0.630000
187 0.132581 0.946667 0.650000
188 0.128535 0.940000 0.620000
189 0.128200 0.940000 0.630000
190 0.138121 0.944444 0.640000
191 0.130011 0.945556 0.620000
192 0.125480 0.943333 0.610000
193 0.126265 0.941111 0.620000
194 0.129795 0.946667 0.640000
195 0.137481 0.951111 0.660000
196 0.130121 0.950000 0.620000
197 0.119983 0.950000 0.630000
198 0.126615 0.942222 0.640000
199 0.133375 0.948889 0.630000
200 0.116751 0.946667 0.630000
201 0.122871 0.950000 0.650000
202 0.126683 0.947778 0.630000
203 0.126733 0.950000 0.670000
204 0.121942 0.951111 0.660000
205 0.118894 0.948889 0.620000
206 0.118901 0.948889 0.640000
207 0.120774 0.947778 0.620000
208 0.125489 0.953333 0.600000
209 0.124686 0.946667 0.630000
210 0.120294 0.946667 0.620000
211 0.124883 0.952222 0.630000
212 0.117396 0.954444 0.620000
213 0.116363 0.950000 0.620000
214 0.129396 0.947778 0.650000
215 0.123670 0.955556 0.650000
216 0.121831 0.953333 0.660000
217 0.120353 0.950000 0.670000
218 0.127653 0.953333 0.640000
219 0.123986 0.953333 0.660000
220 0.121351 0.952222 0.650000
221 0.128290 0.946667 0.620000
222 0.121781 0.947778 0.620000
223 0.124338 0.952222 0.630000
224 0.122399 0.950000 0.620000
225 0.121916 0.955556 0.620000
226 0.126350 0.950000 0.630000
227 0.123283 0.953333 0.610000
228 0.121361 0.950000 0.640000
229 0.107782 0.950000 0.660000
230 0.120381 0.954444 0.640000
231 0.119441 0.948889 0.650000
232 0.119095 0.955556 0.670000
233 0.112460 0.953333 0.640000
234 0.115821 0.951111 0.640000
235 0.115114 0.955556 0.660000
236 0.116255 0.956667 0.670000
237 0.121543 0.953333 0.640000
238 0.114394 0.948889 0.680000
239 0.117935 0.950000 0.660000
240 0.111740 0.952222 0.630000
241 0.114874 0.948889 0.640000
242 0.125343 0.956667 0.660000
243 0.119248 0.952222 0.650000
244 0.115431 0.954444 0.650000
245 0.119105 0.948889 0.630000
246 0.116966 0.952222 0.620000
247 0.129299 0.953333 0.630000
248 0.118555 0.953333 0.660000
249 0.117297 0.953333 0.630000
250 0.113792 0.947778 0.650000
251 0.119403 0.951111 0.630000
252 0.119396 0.946667 0.640000
253 0.112651 0.955556 0.640000
254 0.107988 0.955556 0.630000
255 0.115654 0.955556 0.630000
256 0.113763 0.954444 0.630000
257 0.105674 0.948889 0.630000
258 0.118592 0.955556 0.640000
259 0.112838 0.954444 0.640000
260 0.110481 0.954444 0.620000
261 0.116772 0.952222 0.630000
262 0.113241 0.956667 0.630000
263 0.112090 0.956667 0.670000
264 0.119197 0.955556 0.650000
265 0.115632 0.954444 0.640000
266 0.113333 0.951111 0.630000
267 0.117537 0.955556 0.640000
268 0.115909 0.946667 0.650000
269 0.114082 0.953333 0.630000
270 0.126432 0.951111 0.640000
271 0.111745 0.956667 0.650000
272 0.113225 0.954444 0.620000
273 0.108554 0.954444 0.650000
274 0.115919 0.954444 0.650000
275 0.112013 0.955556 0.630000
276 0.116172 0.950000 0.620000
277 0.118212 0.953333 0.630000
278 0.116334 0.954444 0.640000
279 0.117331 0.955556 0.640000
280 0.108554 0.954444 0.630000
281 0.108883 0.948889 0.640000
282 0.124233 0.952222 0.650000
283 0.116059 0.953333 0.650000
284 0.117487 0.950000 0.640000
285 0.114558 0.952222 0.660000
286 0.121063 0.955556 0.650000
287 0.114861 0.956667 0.640000
288 0.116715 0.952222 0.650000
289 0.113096 0.955556 0.640000
290 0.117767 0.952222 0.660000
291 0.113950 0.954444 0.630000
292 0.120809 0.955556 0.660000
293 0.111941 0.953333 0.650000
294 0.109431 0.953333 0.640000
295 0.111463 0.954444 0.650000
296 0.113712 0.955556 0.640000
297 0.107805 0.955556 0.660000
298 0.116641 0.955556 0.640000
299 0.116843 0.955556 0.650000
300 0.111141 0.954444 0.630000
301 0.107584 0.954444 0.640000
302 0.113972 0.955556 0.630000
303 0.111357 0.952222 0.630000
304 0.104931 0.955556 0.630000
305 0.112608 0.955556 0.640000
306 0.107740 0.955556 0.630000
307 0.106555 0.954444 0.630000
308 0.114151 0.955556 0.630000
309 0.112001 0.956667 0.640000
310 0.108266 0.955556 0.640000
311 0.111485 0.956667 0.630000
312 0.107755 0.953333 0.620000
313 0.112843 0.956667 0.650000
314 0.104128 0.955556 0.640000
315 0.101572 0.955556 0.640000
316 0.115663 0.954444 0.630000
317 0.110496 0.956667 0.620000
318 0.109511 0.955556 0.630000
319 0.106220 0.955556 0.630000
320 0.103849 0.955556 0.630000
321 0.107284 0.956667 0.630000
322 0.109173 0.955556 0.630000
323 0.110465 0.955556 0.630000
324 0.107929 0.952222 0.630000
325 0.112417 0.955556 0.640000
326 0.106288 0.954444 0.630000
327 0.102702 0.953333 0.630000
328 0.109676 0.953333 0.630000
329 0.114818 0.954444 0.630000
330 0.107365 0.953333 0.630000
331 0.113520 0.953333 0.620000
332 0.102882 0.954444 0.620000
333 0.107432 0.954444 0.650000
334 0.104186 0.955556 0.640000
335 0.102807 0.954444 0.650000
336 0.113406 0.955556 0.630000
337 0.108018 0.954444 0.620000
338 0.119382 0.956667 0.630000
339 0.113496 0.954444 0.630000
340 0.110964 0.953333 0.650000
341 0.110621 0.956667 0.640000
342 0.109291 0.955556 0.650000
343 0.113322 0.955556 0.640000
344 0.106506 0.955556 0.620000
345 0.110518 0.954444 0.630000
346 0.111538 0.953333 0.620000
347 0.112088 0.955556 0.630000
348 0.114580 0.953333 0.640000
349 0.108266 0.953333 0.640000
350 0.109084 0.955556 0.650000
