1 4.063931 0.643147 0.630170
2 1.941687 0.591782 0.566910
3 1.811532 0.655312 0.656934
4 0.942246 0.712895 0.683698
5 0.870662 0.655312 0.652068
6 1.086256 0.706948 0.688564
7 1.034328 0.690187 0.642336
8 0.910206 0.725872 0.688564
9 0.802244 0.680995 0.669100
10 0.803480 0.690187 0.666667
11 0.857945 0.675588 0.678832
12 0.774656 0.594755 0.559611
13 0.668329 0.582860 0.574209
14 0.720762 0.578805 0.554745
15 0.662869 0.723979 0.671533
16 0.644827 0.716680 0.698297
17 0.764440 0.524196 0.520681
18 0.668695 0.725602 0.688564
19 0.701246 0.678832 0.659367
20 0.708453 0.697756 0.666667
21 0.665435 0.732901 0.686131
22 0.750875 0.705596 0.686131
23 0.704080 0.678832 0.644769
24 0.622651 0.669640 0.644769
25 0.611371 0.726953 0.698297
26 0.656223 0.726953 0.690998
27 0.925803 0.677210 0.642336
28 0.627039 0.709111 0.700730
29 0.602989 0.668829 0.656934
30 0.608190 0.720465 0.715328
31 0.578192 0.657745 0.647202
32 0.608831 0.727764 0.690998
33 0.779775 0.537983 0.527981
34 0.684712 0.718302 0.678832
35 0.612784 0.610976 0.588808
36 0.610466 0.664504 0.656934
37 0.588327 0.729657 0.703163
38 0.599751 0.739389 0.700730
39 0.579214 0.675047 0.654501
40 0.584585 0.740470 0.698297
41 0.611030 0.586645 0.581509
42 0.593482 0.685591 0.654501
43 0.591375 0.736956 0.688564
44 0.608696 0.730738 0.695864
45 0.585595 0.741281 0.688564
46 0.570806 0.714517 0.666667
47 0.588955 0.709111 0.664234
48 0.560867 0.600433 0.625304
49 0.584981 0.726953 0.698297
50 0.562593 0.748310 0.700730
51 0.551042 0.738578 0.708029
52 0.546029 0.741281 0.678832
53 0.555697 0.748310 0.705596
54 0.546694 0.672885 0.666667
55 0.552291 0.696675 0.656934
56 0.543997 0.743444 0.688564
57 0.563569 0.721006 0.676399
58 0.551397 0.746688 0.688564
59 0.547310 0.745877 0.695864
60 0.581014 0.671803 0.632603
61 0.534354 0.753177 0.690998
62 0.533870 0.742633 0.700730
63 0.559253 0.755339 0.700730
64 0.540225 0.708840 0.676399
65 0.548567 0.745066 0.708029
66 0.558753 0.756691 0.700730
67 0.534033 0.751554 0.695864
68 0.543297 0.697756 0.690998
69 0.559800 0.737767 0.678832
70 0.541250 0.755880 0.700730
71 0.536435 0.749662 0.698297
72 0.531298 0.743444 0.688564
73 0.548994 0.721276 0.664234
74 0.551703 0.762909 0.737226
75 0.571068 0.720735 0.705596
76 0.529677 0.737497 0.690998
77 0.551799 0.763450 0.712895
78 0.550150 0.735604 0.688564
79 0.548032 0.722357 0.669100
80 0.550269 0.743985 0.695864
81 0.527908 0.762368 0.715328
82 0.538443 0.684509 0.649635
83 0.538772 0.689105 0.659367
84 0.541063 0.744796 0.712895
85 0.550947 0.758043 0.727494
86 0.564201 0.629089 0.635036
87 0.541174 0.753177 0.712895
88 0.543137 0.689916 0.661800
89 0.538310 0.743715 0.690998
90 0.535485 0.742633 0.715328
91 0.546464 0.709651 0.664234
92 0.535281 0.695864 0.669100
93 0.545587 0.765342 0.708029
94 0.537655 0.742903 0.695864
95 0.542154 0.706137 0.639903
96 0.516019 0.736686 0.708029
97 0.556088 0.766423 0.722628
98 0.538258 0.699649 0.678832
99 0.551107 0.724520 0.686131
100 0.532502 0.772641 0.715328
101 0.528393 0.773182 0.734793
102 0.527133 0.779670 0.732360
103 0.517772 0.775885 0.725061
104 0.508478 0.781563 0.732360
105 0.501684 0.784266 0.720195
106 0.510180 0.783455 0.720195
107 0.505477 0.779670 0.737226
108 0.525759 0.780752 0.732360
109 0.514001 0.776696 0.708029
110 0.523626 0.685320 0.642336
111 0.507858 0.780211 0.739659
112 0.502890 0.769397 0.717762
113 0.521900 0.771290 0.717762
114 0.507570 0.786158 0.734793
115 0.500015 0.786429 0.739659
116 0.511116 0.782103 0.722628
117 0.511961 0.784266 0.742092
118 0.504219 0.784536 0.746959
119 0.526473 0.776426 0.715328
120 0.515662 0.771560 0.734793
121 0.506997 0.783185 0.715328
122 0.495481 0.768586 0.739659
123 0.506603 0.765612 0.722628
124 0.504247 0.781292 0.734793
125 0.512149 0.765072 0.732360
126 0.503482 0.770479 0.727494
127 0.501244 0.782103 0.729927
128 0.503958 0.780211 0.725061
129 0.513240 0.783725 0.754258
130 0.507825 0.779670 0.751825
131 0.510877 0.784266 0.746959
132 0.510663 0.778048 0.739659
133 0.511467 0.771830 0.727494
134 0.510924 0.759394 0.737226
135 0.500844 0.762098 0.720195
136 0.496716 0.784266 0.737226
137 0.518364 0.788592 0.725061
138 0.495972 0.787780 0.732360
139 0.494476 0.785618 0.737226
140 0.499441 0.766423 0.720195
141 0.497550 0.777507 0.739659
142 0.503665 0.779941 0.754258
143 0.485763 0.777237 0.734793
144 0.490126 0.789943 0.737226
145 0.499205 0.757772 0.712895
146 0.491477 0.792647 0.746959
147 0.482123 0.790754 0.763990
148 0.499775 0.741011 0.683698
149 0.496906 0.793728 0.737226
150 0.471655 0.803731 0.744526
151 0.465684 0.801838 0.749392
152 0.480988 0.801568 0.737226
153 0.477009 0.806705 0.737226
154 0.489473 0.805623 0.771290
155 0.480277 0.806434 0.749392
156 0.479365 0.812922 0.756691
157 0.476931 0.804001 0.742092
158 0.466942 0.796972 0.754258
159 0.482240 0.805082 0.746959
160 0.488239 0.796431 0.766423
161 0.477252 0.791565 0.729927
162 0.461428 0.811300 0.759124
163 0.464144 0.803731 0.744526
164 0.473235 0.804271 0.749392
165 0.470490 0.804812 0.759124
166 0.484401 0.802379 0.759124
167 0.462043 0.807516 0.771290
168 0.460286 0.811571 0.749392
169 0.456020 0.801027 0.746959
170 0.462129 0.797242 0.732360
171 0.474569 0.794809 0.763990
172 0.477064 0.808867 0.746959
173 0.472977 0.810760 0.768856
174 0.473587 0.806164 0.746959
175 0.469821 0.790214 0.744526
176 0.472446 0.810489 0.734793
177 0.469756 0.804812 0.759124
178 0.449546 0.810219 0.761557
179 0.470148 0.818600 0.771290
180 0.456385 0.807516 0.759124
181 0.472181 0.825358 0.761557
182 0.461342 0.806164 0.746959
183 0.470331 0.804001 0.749392
184 0.481474 0.812922 0.759124
185 0.469204 0.778589 0.744526
186 0.472931 0.810760 0.756691
187 0.457783 0.786158 0.737226
188 0.464390 0.786429 0.727494
189 0.483188 0.805623 0.759124
190 0.461455 0.804271 0.746959
191 0.451437 0.823466 0.759124
192 0.459053 0.816167 0.763990
193 0.470582 0.822384 0.756691
194 0.444489 0.821573 0.773723
195 0.445650 0.814815 0.793187
196 0.469298 0.824006 0.759124
197 0.463328 0.817248 0.768856
198 0.453434 0.822925 0.761557
199 0.457710 0.818059 0.761557
200 0.454080 0.828062 0.778589
201 0.434849 0.821303 0.746959
202 0.452010 0.824277 0.773723
203 0.449516 0.825629 0.763990
204 0.448429 0.821033 0.768856
205 0.445602 0.821573 0.773723
206 0.447288 0.827521 0.763990
207 0.450031 0.822114 0.763990
208 0.447064 0.822114 0.759124
209 0.452495 0.826980 0.778589
210 0.452927 0.823736 0.773723
211 0.436377 0.826980 0.761557
212 0.430740 0.831846 0.766423
213 0.435375 0.827251 0.773723
214 0.440119 0.825629 0.776156
215 0.431946 0.827521 0.781022
216 0.434005 0.832387 0.781022
217 0.443420 0.831306 0.778589
218 0.430308 0.833469 0.773723
219 0.438906 0.828332 0.773723
220 0.454879 0.808867 0.766423
221 0.442090 0.828873 0.778589
222 0.423829 0.832928 0.783455
223 0.430057 0.833469 0.776156
224 0.444706 0.826710 0.776156
225 0.446276 0.829954 0.756691
226 0.446209 0.832928 0.783455
227 0.448046 0.829143 0.766423
228 0.439439 0.826440 0.754258
229 0.442733 0.828873 0.766423
230 0.440637 0.826980 0.783455
231 0.444931 0.829143 0.778589
232 0.426292 0.835902 0.771290
233 0.445431 0.834820 0.776156
234 0.444642 0.834280 0.773723
235 0.427374 0.834820 0.761557
236 0.432430 0.838335 0.778589
237 0.438056 0.838064 0.781022
238 0.432231 0.831846 0.778589
239 0.417520 0.839146 0.778589
240 0.425486 0.834009 0.788321
241 0.431201 0.830765 0.768856
242 0.438758 0.832387 0.768856
243 0.439334 0.835091 0.773723
244 0.425909 0.836442 0.768856
245 0.438450 0.831576 0.790754
246 0.431984 0.838875 0.790754
247 0.441107 0.826169 0.759124
248 0.440429 0.829954 0.768856
249 0.419234 0.832928 0.776156
250 0.422385 0.841579 0.785888
251 0.422578 0.841579 0.778589
252 0.412020 0.841579 0.781022
253 0.429109 0.842390 0.771290
254 0.415652 0.842660 0.773723
255 0.427251 0.836172 0.776156
256 0.421000 0.843742 0.781022
257 0.413750 0.841579 0.790754
258 0.410889 0.841579 0.785888
259 0.416081 0.839957 0.798054
260 0.417709 0.840768 0.771290
261 0.425868 0.843742 0.788321
262 0.414579 0.842660 0.773723
263 0.432820 0.843742 0.776156
264 0.424754 0.843201 0.783455
265 0.422321 0.841579 0.776156
266 0.430430 0.844012 0.781022
267 0.410005 0.846445 0.778589
268 0.414135 0.843471 0.783455
269 0.408649 0.845904 0.800487
270 0.410792 0.844282 0.793187
271 0.400573 0.845904 0.793187
272 0.432896 0.845634 0.785888
273 0.415224 0.845904 0.781022
274 0.420324 0.840768 0.781022
275 0.409417 0.845904 0.785888
276 0.411880 0.846445 0.768856
277 0.417141 0.842390 0.778589
278 0.403642 0.848337 0.790754
279 0.418500 0.846986 0.788321
280 0.408090 0.846715 0.778589
281 0.408440 0.848067 0.768856
282 0.413392 0.843742 0.781022
283 0.402883 0.846715 0.778589
284 0.412000 0.848878 0.783455
285 0.425402 0.847797 0.783455
286 0.409459 0.846445 0.800487
287 0.399912 0.849689 0.795620
288 0.415197 0.844282 0.795620
289 0.406283 0.843471 0.785888
290 0.414783 0.842660 0.781022
291 0.405457 0.836172 0.773723
292 0.413088 0.849148 0.800487
293 0.420267 0.849148 0.790754
294 0.409033 0.847526 0.795620
295 0.405635 0.844553 0.788321
296 0.431782 0.852122 0.807786
297 0.405143 0.847526 0.795620
298 0.412331 0.848878 0.785888
299 0.414555 0.838064 0.793187
300 0.413899 0.852393 0.788321
301 0.408164 0.846986 0.788321
302 0.408905 0.851852 0.781022
303 0.404734 0.850230 0.785888
304 0.407677 0.851582 0.795620
305 0.407027 0.847797 0.783455
306 0.404331 0.850230 0.781022
307 0.422360 0.850230 0.798054
308 0.401507 0.850230 0.798054
309 0.412648 0.849959 0.802920
310 0.416352 0.851041 0.778589
311 0.418299 0.852933 0.798054
312 0.399243 0.851582 0.785888
313 0.412406 0.854285 0.802920
314 0.405985 0.849959 0.776156
315 0.396696 0.849419 0.781022
316 0.403845 0.850500 0.793187
317 0.405864 0.853474 0.795620
318 0.394552 0.848878 0.781022
319 0.399034 0.852393 0.790754
320 0.416819 0.852122 0.781022
321 0.412190 0.854285 0.793187
322 0.410211 0.851041 0.805353
323 0.410954 0.849689 0.773723
324 0.406389 0.850230 0.795620
325 0.414649 0.852122 0.785888
326 0.408619 0.856448 0.773723
327 0.405531 0.854015 0.781022
328 0.406506 0.853204 0.785888
329 0.398433 0.851852 0.795620
330 0.403743 0.852393 0.785888
331 0.410138 0.854015 0.781022
332 0.414475 0.850230 0.790754
333 0.400861 0.852393 0.788321
334 0.401374 0.852393 0.802920
335 0.404077 0.852933 0.793187
336 0.402057 0.855096 0.798054
337 0.403266 0.853744 0.783455
338 0.396669 0.852122 0.781022
339 0.409163 0.853744 0.800487
340 0.395804 0.852393 0.795620
341 0.406441 0.855907 0.798054
342 0.400395 0.855096 0.800487
343 0.406912 0.856177 0.800487
344 0.408753 0.852122 0.795620
345 0.411394 0.853744 0.800487
346 0.412175 0.854015 0.795620
347 0.400221 0.852122 0.790754
348 0.422204 0.851582 0.781022
349 0.405342 0.856718 0.788321
350 0.392545 0.860773 0.785888
