1 2.864309 0.535009 0.535280
2 1.259444 0.544742 0.569343
3 1.107940 0.567180 0.603406
4 1.040944 0.689376 0.673966
5 0.753802 0.571235 0.571776
6 0.912245 0.607732 0.620438
7 0.915709 0.711814 0.700730
8 0.780771 0.568262 0.549878
9 0.782804 0.506083 0.510949
10 0.697417 0.696404 0.705596
11 0.620822 0.702893 0.690998
12 0.704591 0.712355 0.705596
13 0.692685 0.717762 0.720195
14 0.764219 0.708029 0.688564
15 0.686295 0.683428 0.676399
16 0.680615 0.722357 0.712895
17 0.760878 0.680454 0.666667
18 0.713675 0.614761 0.637470
19 0.605815 0.729386 0.717762
20 0.611878 0.733712 0.695864
21 0.603113 0.736956 0.708029
22 0.647316 0.636118 0.659367
23 0.633480 0.725331 0.710462
24 0.641660 0.730468 0.720195
25 0.635416 0.689105 0.705596
26 0.648550 0.730738 0.710462
27 0.612544 0.720735 0.695864
28 0.593095 0.701541 0.690998
29 0.616481 0.648554 0.666667
30 0.591072 0.739930 0.720195
31 0.585386 0.734253 0.727494
32 0.584197 0.711003 0.690998
33 0.587312 0.731549 0.717762
34 0.574852 0.738578 0.720195
35 0.553634 0.699108 0.693431
36 0.563793 0.753988 0.737226
37 0.573818 0.746418 0.737226
38 0.613240 0.732630 0.722628
39 0.569225 0.736145 0.725061
40 0.562710 0.752906 0.737226
41 0.576648 0.745066 0.734793
42 0.570940 0.740200 0.729927
43 0.561896 0.754258 0.725061
44 0.564758 0.713977 0.708029
45 0.559699 0.748040 0.732360
46 0.562417 0.728846 0.708029
47 0.554792 0.747770 0.720195
48 0.541267 0.714517 0.710462
49 0.569479 0.690727 0.678832
50 0.552740 0.760476 0.754258
51 0.540568 0.758313 0.763990
52 0.541996 0.741011 0.727494
53 0.538130 0.742903 0.739659
54 0.541428 0.757232 0.768856
55 0.527329 0.751554 0.737226
56 0.537316 0.768856 0.749392
57 0.529634 0.766153 0.754258
58 0.538977 0.761016 0.739659
59 0.528557 0.766153 0.744526
60 0.551468 0.749662 0.737226
61 0.528926 0.763990 0.766423
62 0.538151 0.769127 0.754258
63 0.521269 0.763179 0.766423
64 0.520574 0.775885 0.746959
65 0.526390 0.773993 0.763990
66 0.539859 0.772641 0.768856
67 0.518412 0.749121 0.732360
68 0.499847 0.771560 0.756691
69 0.510798 0.773993 0.766423
70 0.506815 0.782644 0.771290
71 0.501926 0.760205 0.751825
72 0.507163 0.772641 0.771290
73 0.509885 0.786699 0.778589
74 0.514910 0.782644 0.771290
75 0.518274 0.785077 0.759124
76 0.509736 0.771290 0.763990
77 0.514143 0.783996 0.754258
78 0.503186 0.777507 0.783455
79 0.521041 0.786158 0.771290
80 0.489273 0.786158 0.761557
81 0.508247 0.778859 0.763990
82 0.506226 0.771019 0.756691
83 0.507050 0.780752 0.759124
84 0.494926 0.790754 0.773723
85 0.504676 0.786969 0.771290
86 0.500356 0.766153 0.751825
87 0.494587 0.796702 0.776156
88 0.504533 0.785077 0.756691
89 0.510794 0.789132 0.785888
90 0.506464 0.764801 0.749392
91 0.509615 0.798054 0.766423
92 0.496160 0.791295 0.761557
93 0.500742 0.782374 0.766423
94 0.492152 0.799946 0.776156
95 0.506493 0.793998 0.785888
96 0.500040 0.779670 0.759124
97 0.492911 0.802920 0.788321
98 0.491993 0.797513 0.778589
99 0.491406 0.793187 0.785888
100 0.476266 0.799405 0.763990
101 0.463407 0.803190 0.773723
102 0.460719 0.821033 0.771290
103 0.471860 0.815356 0.795620
104 0.468676 0.814004 0.781022
105 0.453580 0.821033 0.783455
106 0.456528 0.818870 0.790754
107 0.458896 0.820222 0.795620
108 0.452899 0.813733 0.788321
109 0.467196 0.810489 0.790754
110 0.470072 0.818329 0.812652
111 0.450498 0.816978 0.785888
112 0.459798 0.822114 0.773723
113 0.459543 0.821844 0.802920
114 0.453712 0.812922 0.819951
115 0.457549 0.818059 0.795620
116 0.438389 0.831035 0.788321
117 0.455664 0.820762 0.793187
118 0.461283 0.829954 0.802920
119 0.446605 0.833739 0.798054
120 0.450645 0.819951 0.795620
121 0.442387 0.832117 0.783455
122 0.447907 0.834550 0.800487
123 0.453789 0.837794 0.802920
124 0.441317 0.826169 0.802920
125 0.437248 0.832387 0.810219
126 0.432956 0.827251 0.812652
127 0.435166 0.839146 0.802920
128 0.435255 0.828602 0.783455
129 0.426978 0.836442 0.781022
130 0.445126 0.839957 0.795620
131 0.425746 0.838064 0.805353
132 0.420771 0.836442 0.802920
133 0.425871 0.829954 0.785888
134 0.442792 0.832387 0.810219
135 0.421988 0.833198 0.819951
136 0.439493 0.809408 0.800487
137 0.430270 0.833469 0.807786
138 0.433340 0.849419 0.802920
139 0.423056 0.848067 0.817518
140 0.418288 0.847256 0.812652
141 0.419196 0.841579 0.790754
142 0.428925 0.843742 0.822384
143 0.421117 0.849959 0.807786
144 0.394076 0.841038 0.788321
145 0.399743 0.854826 0.819951
146 0.412770 0.846445 0.805353
147 0.414291 0.848878 0.807786
148 0.416353 0.836442 0.807786
149 0.418368 0.852122 0.802920
150 0.410901 0.859692 0.817518
151 0.394285 0.863477 0.817518
152 0.390943 0.862666 0.788321
153 0.384608 0.864828 0.805353
154 0.375394 0.860232 0.812652
155 0.393688 0.858070 0.819951
156 0.395508 0.862125 0.812652
157 0.381727 0.867532 0.815085
158 0.376908 0.862936 0.812652
159 0.378215 0.870235 0.819951
160 0.374601 0.863747 0.822384
161 0.387260 0.864288 0.805353
162 0.391617 0.868613 0.802920
163 0.368142 0.874290 0.819951
164 0.365395 0.867802 0.819951
165 0.357977 0.868613 0.800487
166 0.360633 0.877264 0.810219
167 0.359324 0.874290 0.812652
168 0.355167 0.875912 0.807786
169 0.373195 0.872668 0.815085
170 0.366857 0.876453 0.815085
171 0.360502 0.877805 0.832117
172 0.362643 0.877805 0.839416
173 0.349513 0.871587 0.836983
174 0.357280 0.878886 0.824818
175 0.354418 0.875642 0.812652
176 0.355704 0.881860 0.807786
177 0.353670 0.881590 0.829684
178 0.376129 0.885645 0.800487
179 0.347371 0.884023 0.827251
180 0.353779 0.888078 0.819951
181 0.353074 0.890781 0.815085
182 0.352635 0.881319 0.827251
183 0.352982 0.884834 0.817518
184 0.357062 0.885374 0.817518
185 0.342382 0.885104 0.812652
186 0.342742 0.887537 0.832117
187 0.343366 0.880238 0.819951
188 0.357173 0.887808 0.802920
189 0.339179 0.883752 0.819951
190 0.341011 0.884293 0.817518
191 0.327938 0.891863 0.824818
192 0.367992 0.888348 0.824818
193 0.330689 0.895918 0.829684
194 0.325867 0.896729 0.815085
195 0.331509 0.891863 0.827251
196 0.316535 0.892403 0.822384
197 0.340602 0.893485 0.824818
198 0.341688 0.894566 0.829684
199 0.325657 0.895647 0.829684
200 0.325978 0.905109 0.822384
201 0.307975 0.909435 0.827251
202 0.311003 0.914301 0.824818
203 0.300035 0.908083 0.819951
204 0.299617 0.904298 0.829684
205 0.293015 0.908354 0.829684
206 0.300936 0.914842 0.822384
207 0.299934 0.909165 0.832117
208 0.307302 0.912679 0.824818
209 0.294337 0.917816 0.829684
210 0.288730 0.915383 0.824818
211 0.300266 0.914842 0.810219
212 0.281194 0.917275 0.834550
213 0.291374 0.921871 0.815085
214 0.284543 0.915923 0.834550
215 0.296717 0.913490 0.834550
216 0.291978 0.912949 0.832117
217 0.273397 0.922952 0.827251
218 0.305719 0.915112 0.822384
219 0.286958 0.921330 0.827251
220 0.295735 0.917275 0.822384
221 0.277105 0.920519 0.827251
222 0.292709 0.923763 0.829684
223 0.284554 0.924574 0.824818
224 0.275739 0.928359 0.832117
225 0.276762 0.921600 0.832117
226 0.270603 0.926467 0.822384
227 0.284945 0.919438 0.822384
228 0.282715 0.919978 0.829684
229 0.300605 0.925385 0.836983
230 0.257122 0.929711 0.834550
231 0.269458 0.926737 0.829684
232 0.280159 0.931603 0.829684
233 0.276476 0.928900 0.834550
234 0.267672 0.928359 0.839416
235 0.266462 0.924574 0.824818
236 0.263352 0.928629 0.836983
237 0.268562 0.930522 0.839416
238 0.288585 0.932414 0.834550
239 0.262670 0.929981 0.832117
240 0.267973 0.931603 0.834550
241 0.271977 0.929711 0.846715
242 0.274468 0.933496 0.841849
243 0.266401 0.931873 0.832117
244 0.258090 0.932144 0.832117
245 0.259775 0.930522 0.839416
246 0.277583 0.936469 0.836983
247 0.253292 0.930522 0.844282
248 0.265897 0.938902 0.819951
249 0.250329 0.935388 0.819951
250 0.259754 0.937010 0.846715
251 0.269894 0.942958 0.836983
252 0.256525 0.941065 0.841849
253 0.260110 0.944039 0.836983
254 0.243766 0.941606 0.836983
255 0.241652 0.941335 0.822384
256 0.249055 0.942958 0.846715
257 0.245983 0.945120 0.839416
258 0.242632 0.946202 0.834550
259 0.238223 0.943498 0.841849
260 0.242196 0.945661 0.836983
261 0.233377 0.948094 0.839416
262 0.237779 0.947013 0.839416
263 0.226903 0.949986 0.836983
264 0.249844 0.947013 0.836983
265 0.230280 0.946202 0.836983
266 0.237273 0.947824 0.834550
267 0.221297 0.948635 0.851582
268 0.230124 0.949986 0.851582
269 0.232772 0.951879 0.834550
270 0.244412 0.949986 0.856448
271 0.226993 0.950257 0.834550
272 0.232548 0.950257 0.824818
273 0.231397 0.947283 0.836983
274 0.235079 0.951338 0.846715
275 0.218389 0.951609 0.824818
276 0.223332 0.952690 0.834550
277 0.221872 0.951338 0.834550
278 0.237735 0.954582 0.834550
279 0.232690 0.954853 0.836983
280 0.224198 0.953771 0.832117
281 0.224700 0.951338 0.839416
282 0.228706 0.952960 0.841849
283 0.220596 0.954312 0.832117
284 0.232149 0.956204 0.827251
285 0.227728 0.955393 0.836983
286 0.220791 0.955393 0.836983
287 0.226277 0.954853 0.841849
288 0.221008 0.954042 0.824818
289 0.218458 0.955664 0.836983
290 0.224229 0.954853 0.834550
291 0.225443 0.957015 0.832117
292 0.234404 0.954042 0.834550
293 0.212351 0.951609 0.858881
294 0.204229 0.953501 0.829684
295 0.218379 0.954312 0.836983
296 0.206290 0.955123 0.836983
297 0.216804 0.955934 0.844282
298 0.226447 0.957826 0.846715
299 0.215449 0.951338 0.817518
300 0.217797 0.962963 0.836983
301 0.210428 0.962152 0.836983
302 0.212972 0.964585 0.844282
303 0.216379 0.961071 0.834550
304 0.212764 0.962963 0.836983
305 0.205009 0.961341 0.849148
306 0.220526 0.963233 0.849148
307 0.215949 0.963233 0.839416
308 0.202317 0.963504 0.841849
309 0.216009 0.961611 0.846715
310 0.213711 0.959178 0.834550
311 0.214895 0.959719 0.834550
312 0.200729 0.962963 0.832117
313 0.203035 0.962693 0.834550
314 0.194812 0.961611 0.824818
315 0.209364 0.964044 0.829684
316 0.204127 0.961882 0.829684
317 0.204312 0.964315 0.839416
318 0.195219 0.963504 0.827251
319 0.198392 0.960800 0.819951
320 0.206209 0.962422 0.846715
321 0.209700 0.964044 0.827251
322 0.198392 0.963233 0.834550
323 0.200486 0.964855 0.834550
324 0.208116 0.964315 0.822384
325 0.196561 0.965396 0.824818
326 0.194863 0.964044 0.844282
327 0.194265 0.964315 0.829684
328 0.190006 0.965937 0.834550
329 0.197688 0.965666 0.839416
330 0.209062 0.962152 0.836983
331 0.202193 0.965937 0.839416
332 0.196734 0.962422 0.836983
333 0.200716 0.967829 0.815085
334 0.201000 0.966207 0.836983
335 0.216896 0.966748 0.824818
336 0.201205 0.967018 0.827251
337 0.209181 0.965396 0.819951
338 0.191455 0.966207 0.824818
339 0.193253 0.964315 0.817518
340 0.191224 0.967018 0.822384
341 0.207898 0.967559 0.824818
342 0.180773 0.966477 0.827251
343 0.190967 0.967288 0.824818
344 0.189827 0.966477 0.810219
345 0.198525 0.968099 0.817518
346 0.187466 0.968099 0.817518
347 0.188643 0.966477 0.824818
348 0.193244 0.965396 0.817518
349 0.207245 0.967018 0.824818
350 0.201123 0.967829 0.815085
