1 2.805046 0.728889 0.700000
2 0.800840 0.755556 0.690000
3 0.562018 0.757778 0.690000
4 0.515503 0.758889 0.700000
5 0.471488 0.775556 0.700000
6 0.519886 0.762222 0.730000
7 0.669782 0.715556 0.670000
8 0.499497 0.788889 0.740000
9 0.487350 0.807778 0.710000
10 0.437524 0.824444 0.770000
11 0.399059 0.825556 0.770000
12 0.395472 0.814444 0.730000
13 0.373247 0.825556 0.750000
14 0.418932 0.847778 0.740000
15 0.381599 0.841111 0.710000
16 0.355536 0.833333 0.740000
17 0.339522 0.855556 0.750000
18 0.329224 0.853333 0.720000
19 0.328492 0.840000 0.790000
20 0.336809 0.844444 0.760000
21 0.334718 0.860000 0.770000
22 0.332245 0.858889 0.770000
23 0.338797 0.852222 0.740000
24 0.327814 0.836667 0.720000
25 0.314091 0.864444 0.770000
26 0.292203 0.868889 0.740000
27 0.298826 0.871111 0.740000
28 0.294052 0.834444 0.740000
29 0.303359 0.864444 0.770000
30 0.379302 0.854444 0.710000
31 0.321187 0.865556 0.800000
32 0.496735 0.836667 0.730000
33 0.403745 0.861111 0.750000
34 0.311443 0.868889 0.730000
35 0.288927 0.882222 0.740000
36 0.277546 0.867778 0.750000
37 0.284784 0.876667 0.740000
38 0.282567 0.861111 0.780000
39 0.286897 0.872222 0.760000
40 0.282744 0.862222 0.720000
41 0.297631 0.877778 0.750000
42 0.267592 0.870000 0.770000
43 0.266487 0.875556 0.760000
44 0.258377 0.881111 0.750000
45 0.261528 0.873333 0.730000
46 0.262638 0.886667 0.710000
47 0.456504 0.853333 0.750000
48 0.355489 0.865556 0.780000
49 0.300123 0.871111 0.760000
50 0.294644 0.890000 0.750000
51 0.263591 0.892222 0.750000
52 0.250508 0.888889 0.730000
53 0.240686 0.894444 0.760000
54 0.243198 0.896667 0.740000
55 0.241761 0.891111 0.750000
56 0.230572 0.886667 0.730000
57 0.233449 0.900000 0.760000
58 0.222669 0.897778 0.730000
59 0.225845 0.892222 0.760000
60 0.224468 0.911111 0.740000
61 0.232618 0.900000 0.750000
62 0.214540 0.906667 0.730000
63 0.235882 0.898889 0.760000
64 0.228145 0.907778 0.740000
65 0.229459 0.905556 0.760000
66 0.231512 0.914444 0.740000
67 0.216421 0.910000 0.790000
68 0.214717 0.908889 0.740000
69 0.249541 0.898889 0.760000
70 0.240270 0.905556 0.790000
71 0.276922 0.894444 0.770000
72 0.230032 0.906667 0.770000
73 0.241765 0.912222 0.770000
74 0.220599 0.908889 0.760000
75 0.205643 0.912222 0.780000
76 0.212277 0.903333 0.790000
77 0.221897 0.918889 0.770000
78 0.208780 0.914444 0.720000
79 0.211465 0.910000 0.820000
80 0.208351 0.923333 0.760000
81 0.200680 0.921111 0.750000
82 0.205745 0.903333 0.760000
83 0.200963 0.913333 0.770000
84 0.200762 0.913333 0.760000
85 0.202023 0.914444 0.750000
86 0.204875 0.915556 0.730000
87 0.218003 0.905556 0.810000
88 0.243773 0.906667 0.760000
89 0.223716 0.914444 0.770000
90 0.206143 0.920000 0.750000
91 0.216022 0.917778 0.770000
92 0.314764 0.898889 0.830000
93 0.246417 0.913333 0.780000
94 0.211828 0.912222 0.740000
95 0.220905 0.907778 0.780000
96 0.215790 0.906667 0.760000
97 0.200434 0.914444 0.770000
98 0.203085 0.904444 0.760000
99 0.257811 0.887778 0.750000
100 0.255227 0.911111 0.820000
101 0.194224 0.924444 0.810000
102 0.194805 0.926667 0.780000
103 0.181891 0.923333 0.760000
104 0.184576 0.920000 0.780000
105 0.184721 0.924444 0.800000
106 0.176054 0.925556 0.800000
107 0.184642 0.930000 0.780000
108 0.179557 0.930000 0.780000
109 0.184096 0.927778 0.790000
110 0.181754 0.931111 0.780000
111 0.171079 0.927778 0.790000
112 0.181958 0.930000 0.770000
113 0.180588 0.934444 0.760000
114 0.170445 0.928889 0.750000
115 0.170800 0.933333 0.770000
116 0.179529 0.925556 0.770000
117 0.174446 0.934444 0.770000
118 0.164125 0.928889 0.770000
119 0.169685 0.930000 0.780000
120 0.171889 0.928889 0.770000
121 0.172197 0.922222 0.760000
122 0.181124 0.927778 0.800000
123 0.183067 0.930000 0.790000
124 0.167891 0.928889 0.750000
125 0.170474 0.926667 0.720000
126 0.170228 0.927778 0.780000
127 0.173311 0.928889 0.780000
128 0.167051 0.932222 0.760000
129 0.178324 0.927778 0.790000
130 0.174527 0.931111 0.750000
131 0.177534 0.924444 0.780000
132 0.170994 0.933333 0.760000
133 0.174547 0.932222 0.800000
134 0.167683 0.932222 0.780000
135 0.172125 0.932222 0.750000
136 0.166125 0.934444 0.770000
137 0.165914 0.933333 0.760000
138 0.169721 0.930000 0.750000
139 0.169374 0.923333 0.740000
140 0.164202 0.922222 0.770000
141 0.164190 0.927778 0.790000
142 0.167486 0.928889 0.770000
143 0.164273 0.933333 0.760000
144 0.168820 0.932222 0.760000
145 0.174960 0.928889 0.780000
146 0.177000 0.921111 0.750000
147 0.179455 0.928889 0.750000
148 0.162771 0.932222 0.770000
149 0.163698 0.930000 0.780000
150 0.158447 0.933333 0.760000
151 0.154968 0.933333 0.770000
152 0.155972 0.934444 0.790000
153 0.163169 0.936667 0.780000
154 0.151002 0.933333 0.770000
155 0.153640 0.932222 0.760000
156 0.151331 0.935556 0.770000
157 0.148653 0.934444 0.790000
158 0.146920 0.938889 0.760000
159 0.146010 0.937778 0.800000
160 0.144363 0.938889 0.790000
161 0.149479 0.936667 0.770000
162 0.154661 0.933333 0.770000
163 0.150967 0.937778 0.780000
164 0.159564 0.935556 0.770000
165 0.156076 0.938889 0.790000
166 0.143913 0.935556 0.780000
167 0.155177 0.938889 0.760000
168 0.148568 0.937778 0.770000
169 0.151124 0.937778 0.770000
170 0.135325 0.937778 0.760000
171 0.152811 0.936667 0.760000
172 0.151141 0.941111 0.760000
173 0.160739 0.934444 0.760000
174 0.152520 0.934444 0.760000
175 0.157191 0.936667 0.780000
176 0.153157 0.941111 0.770000
177 0.158384 0.934444 0.760000
178 0.147969 0.938889 0.750000
179 0.156652 0.934444 0.770000
180 0.154511 0.937778 0.740000
181 0.151983 0.935556 0.760000
182 0.143286 0.930000 0.770000
183 0.156422 0.940000 0.750000
184 0.147856 0.940000 0.750000
185 0.150474 0.941111 0.790000
186 0.153986 0.932222 0.750000
187 0.159299 0.938889 0.750000
188 0.148341 0.934444 0.770000
189 0.143927 0.934444 0.750000
190 0.154156 0.937778 0.780000
191 0.147840 0.941111 0.770000
192 0.147250 0.934444 0.760000
193 0.146555 0.936667 0.770000
194 0.138584 0.934444 0.760000
195 0.153005 0.937778 0.750000
196 0.159825 0.934444 0.770000
197 0.163310 0.938889 0.760000
198 0.149104 0.936667 0.760000
199 0.150537 0.942222 0.780000
200 0.140961 0.940000 0.760000
201 0.141335 0.940000 0.760000
202 0.135796 0.941111 0.770000
203 0.140941 0.940000 0.760000
204 0.144899 0.941111 0.760000
205 0.132012 0.937778 0.750000
206 0.139691 0.936667 0.760000
207 0.145076 0.940000 0.750000
208 0.147103 0.937778 0.750000
209 0.139192 0.935556 0.770000
210 0.145581 0.945556 0.760000
211 0.133077 0.940000 0.760000
212 0.147059 0.938889 0.750000
213 0.143128 0.941111 0.750000
214 0.135682 0.941111 0.750000
215 0.141003 0.942222 0.770000
216 0.137288 0.942222 0.760000
217 0.143915 0.943333 0.780000
218 0.144053 0.940000 0.770000
219 0.134798 0.938889 0.770000
220 0.136045 0.942222 0.760000
221 0.136348 0.946667 0.760000
222 0.138517 0.943333 0.760000
223 0.144109 0.942222 0.770000
224 0.143486 0.940000 0.750000
225 0.138326 0.945556 0.770000
226 0.136470 0.944444 0.770000
227 0.133208 0.938889 0.760000
228 0.145355 0.942222 0.770000
229 0.137655 0.940000 0.760000
230 0.137937 0.940000 0.770000
231 0.137925 0.940000 0.760000
232 0.143329 0.943333 0.760000
233 0.137725 0.941111 0.770000
234 0.140502 0.944444 0.770000
235 0.140231 0.941111 0.770000
236 0.143188 0.936667 0.770000
237 0.145370 0.942222 0.760000
238 0.132246 0.942222 0.760000
239 0.141462 0.940000 0.780000
240 0.133401 0.945556 0.750000
241 0.142528 0.945556 0.760000
242 0.136809 0.938889 0.770000
243 0.130697 0.943333 0.760000
244 0.142352 0.941111 0.770000
245 0.138086 0.942222 0.750000
246 0.134154 0.943333 0.750000
247 0.146391 0.941111 0.770000
248 0.136072 0.942222 0.760000
249 0.132347 0.944444 0.760000
250 0.135110 0.944444 0.770000
251 0.141643 0.946667 0.760000
252 0.129226 0.942222 0.760000
253 0.133577 0.943333 0.750000
254 0.146964 0.942222 0.760000
255 0.138859 0.946667 0.760000
256 0.139043 0.944444 0.760000
257 0.131962 0.944444 0.760000
258 0.136173 0.945556 0.760000
259 0.132667 0.948889 0.770000
260 0.134388 0.943333 0.760000
261 0.138960 0.944444 0.760000
262 0.135957 0.945556 0.770000
263 0.137015 0.944444 0.760000
264 0.141844 0.943333 0.750000
265 0.136803 0.942222 0.750000
266 0.140047 0.944444 0.770000
267 0.137729 0.942222 0.760000
268 0.133812 0.945556 0.760000
269 0.133836 0.944444 0.750000
270 0.135671 0.945556 0.760000
271 0.135632 0.944444 0.760000
272 0.127546 0.942222 0.760000
273 0.133516 0.944444 0.760000
274 0.136749 0.943333 0.760000
275 0.132283 0.943333 0.760000
276 0.128760 0.945556 0.760000
277 0.132377 0.940000 0.770000
278 0.139705 0.943333 0.770000
279 0.135153 0.942222 0.760000
280 0.138754 0.944444 0.780000
281 0.123772 0.944444 0.760000
282 0.139954 0.944444 0.760000
283 0.140847 0.946667 0.760000
284 0.134697 0.946667 0.760000
285 0.137197 0.943333 0.750000
286 0.140353 0.942222 0.760000
287 0.138840 0.946667 0.770000
288 0.139592 0.945556 0.760000
289 0.126949 0.943333 0.760000
290 0.125566 0.944444 0.750000
291 0.142641 0.945556 0.760000
292 0.134480 0.945556 0.770000
293 0.130954 0.946667 0.760000
294 0.133908 0.946667 0.760000
295 0.138246 0.945556 0.760000
296 0.128870 0.944444 0.760000
297 0.135514 0.945556 0.750000
298 0.134008 0.944444 0.760000
299 0.126766 0.943333 0.760000
300 0.137041 0.944444 0.750000
301 0.125873 0.945556 0.760000
302 0.133765 0.944444 0.760000
303 0.133575 0.944444 0.760000
304 0.133438 0.943333 0.770000
305 0.132021 0.943333 0.760000
306 0.137199 0.941111 0.760000
307 0.130641 0.945556 0.760000
308 0.129159 0.942222 0.760000
309 0.130083 0.942222 0.760000
310 0.130773 0.946667 0.750000
311 0.129319 0.946667 0.770000
312 0.136631 0.946667 0.770000
313 0.138053 0.946667 0.760000
314 0.128372 0.946667 0.760000
315 0.128113 0.946667 0.760000
316 0.131998 0.945556 0.760000
317 0.128911 0.945556 0.760000
318 0.128744 0.946667 0.760000
319 0.131296 0.944444 0.760000
320 0.127304 0.945556 0.760000
321 0.129324 0.947778 0.760000
322 0.134800 0.943333 0.760000
323 0.131518 0.946667 0.760000
324 0.133546 0.944444 0.750000
325 0.132855 0.945556 0.760000
326 0.128552 0.946667 0.760000
327 0.134462 0.947778 0.760000
328 0.128345 0.947778 0.750000
329 0.128775 0.945556 0.760000
330 0.131212 0.947778 0.760000
331 0.133841 0.946667 0.760000
332 0.132144 0.944444 0.760000
333 0.130533 0.947778 0.780000
334 0.130513 0.943333 0.770000
335 0.128419 0.947778 0.770000
336 0.134767 0.947778 0.770000
337 0.133925 0.945556 0.760000
338 0.139238 0.946667 0.760000
339 0.134641 0.945556 0.760000
340 0.138335 0.944444 0.760000
341 0.126755 0.945556 0.760000
342 0.132104 0.944444 0.760000
343 0.134206 0.945556 0.760000
344 0.130244 0.947778 0.760000
345 0.129129 0.944444 0.760000
346 0.126974 0.946667 0.770000
347 0.124310 0.947778 0.770000
348 0.135980 0.946667 0.760000
349 0.131752 0.945556 0.760000
350 0.134607 0.946667 0.760000
