1 9.610485 0.717111 0.672000
2 2.419332 0.757333 0.754000
3 1.416038 0.746889 0.702000
4 1.132213 0.784444 0.728000
5 0.883734 0.794222 0.736000
6 0.779802 0.777556 0.722000
7 0.798908 0.766444 0.736000
8 0.648909 0.781111 0.766000
9 0.685658 0.776889 0.736000
10 0.657633 0.752000 0.716000
11 0.576529 0.800222 0.732000
12 0.576675 0.779333 0.708000
13 0.576285 0.811556 0.742000
14 0.536164 0.813556 0.764000
15 0.533367 0.772000 0.712000
16 0.614782 0.795778 0.744000
17 0.532918 0.818889 0.760000
18 0.489897 0.809778 0.724000
19 0.545555 0.796000 0.750000
20 0.523164 0.810667 0.734000
21 0.516197 0.829778 0.752000
22 0.511441 0.802444 0.750000
23 0.515241 0.827778 0.738000
24 0.486959 0.840444 0.764000
25 0.485727 0.834444 0.774000
26 0.486242 0.838889 0.796000
27 0.483624 0.827333 0.762000
28 0.474871 0.827556 0.758000
29 0.457898 0.820000 0.758000
30 0.436515 0.834667 0.744000
