1 8.612329 0.664671 0.639640
2 3.397558 0.711577 0.630631
3 2.667855 0.720559 0.711712
4 3.980949 0.601796 0.648649
5 2.599774 0.701597 0.612613
6 1.459717 0.693613 0.711712
7 1.546680 0.735529 0.711712
8 1.215697 0.657685 0.666667
9 1.599731 0.697605 0.639640
10 1.349371 0.702595 0.612613
11 1.108212 0.735529 0.666667
12 0.915765 0.745509 0.675676
13 0.883866 0.743513 0.675676
14 1.053009 0.748503 0.621622
15 0.878903 0.708583 0.693694
16 0.749241 0.725549 0.693694
17 0.690740 0.746507 0.675676
18 0.728192 0.734531 0.639640
19 0.639104 0.640719 0.657658
20 0.630716 0.726547 0.729730
21 0.628309 0.747505 0.648649
22 0.566465 0.749501 0.639640
23 0.606439 0.766467 0.684685
24 0.679459 0.735529 0.693694
25 0.687846 0.728543 0.693694
26 0.688761 0.749501 0.720721
27 0.641697 0.763473 0.693694
28 0.587093 0.759481 0.684685
29 0.563655 0.761477 0.675676
30 0.580447 0.777445 0.675676
31 0.553109 0.770459 0.657658
32 0.552284 0.765469 0.639640
33 0.540800 0.693613 0.720721
34 0.542412 0.756487 0.657658
35 0.548026 0.751497 0.621622
36 0.546470 0.770459 0.711712
37 0.536699 0.739521 0.711712
38 0.537341 0.778443 0.702703
39 0.521777 0.762475 0.711712
40 0.534706 0.753493 0.657658
41 0.568605 0.752495 0.675676
42 0.530536 0.752495 0.729730
43 0.524852 0.751497 0.630631
44 0.548005 0.766467 0.657658
45 0.532816 0.732535 0.774775
46 0.520320 0.779441 0.675676
47 0.540639 0.620758 0.540541
48 0.520387 0.764471 0.720721
49 0.549630 0.758483 0.684685
50 0.492798 0.782435 0.738739
51 0.488992 0.771457 0.693694
52 0.493985 0.794411 0.693694
53 0.495418 0.789421 0.693694
54 0.485480 0.797405 0.711712
55 0.484357 0.757485 0.630631
56 0.481821 0.770459 0.603604
57 0.483546 0.777445 0.675676
58 0.480025 0.774451 0.657658
59 0.474219 0.806387 0.747748
60 0.465176 0.781437 0.630631
61 0.468577 0.796407 0.729730
62 0.465685 0.791417 0.693694
63 0.449573 0.784431 0.666667
64 0.481762 0.797405 0.702703
65 0.452847 0.785429 0.711712
66 0.475686 0.804391 0.675676
67 0.456489 0.807385 0.666667
68 0.461591 0.778443 0.729730
69 0.447373 0.819361 0.711712
70 0.467507 0.821357 0.684685
71 0.470738 0.811377 0.711712
72 0.449726 0.818363 0.675676
73 0.460946 0.818363 0.729730
74 0.445075 0.817365 0.693694
75 0.445454 0.828343 0.684685
76 0.424797 0.794411 0.639640
77 0.433465 0.814371 0.666667
78 0.432838 0.767465 0.648649
79 0.456197 0.834331 0.720721
80 0.414945 0.844311 0.675676
81 0.418242 0.826347 0.639640
82 0.419709 0.843313 0.648649
83 0.414306 0.827345 0.693694
84 0.407929 0.842315 0.657658
85 0.419181 0.823353 0.675676
86 0.388345 0.795409 0.711712
87 0.419250 0.819361 0.666667
88 0.379590 0.830339 0.720721
89 0.439759 0.790419 0.567568
90 0.412606 0.787425 0.639640
91 0.444272 0.806387 0.729730
92 0.396464 0.834331 0.675676
93 0.417107 0.826347 0.648649
94 0.393614 0.847305 0.675676
95 0.375589 0.870259 0.693694
96 0.392982 0.662675 0.540541
97 0.417976 0.834331 0.693694
98 0.390932 0.823353 0.675676
99 0.365136 0.850299 0.693694
100 0.340061 0.897206 0.675676
101 0.330597 0.898204 0.711712
102 0.347880 0.853293 0.720721
103 0.315016 0.897206 0.666667
104 0.343228 0.906188 0.684685
105 0.316114 0.914172 0.720721
106 0.328023 0.895210 0.729730
107 0.325959 0.911178 0.684685
108 0.292292 0.893214 0.702703
109 0.315754 0.909182 0.684685
110 0.298598 0.911178 0.675676
111 0.287708 0.867265 0.693694
112 0.283487 0.914172 0.666667
113 0.291806 0.905190 0.693694
114 0.331912 0.894212 0.684685
115 0.267954 0.923154 0.693694
116 0.276345 0.904192 0.675676
117 0.313769 0.895210 0.693694
118 0.292519 0.928144 0.657658
119 0.274326 0.905190 0.711712
120 0.274944 0.916168 0.711712
121 0.301804 0.916168 0.666667
122 0.269727 0.903194 0.666667
123 0.268495 0.939122 0.675676
124 0.266097 0.936128 0.702703
125 0.293117 0.929142 0.702703
126 0.256155 0.931138 0.639640
127 0.262632 0.928144 0.675676
128 0.253042 0.942116 0.711712
129 0.223394 0.944112 0.657658
130 0.260184 0.926148 0.693694
131 0.240269 0.916168 0.702703
132 0.238124 0.957086 0.711712
133 0.248539 0.913174 0.693694
134 0.317833 0.887226 0.720721
135 0.280634 0.928144 0.711712
136 0.245604 0.939122 0.720721
137 0.235548 0.947106 0.738739
138 0.284421 0.925150 0.720721
139 0.265391 0.942116 0.720721
140 0.234957 0.956088 0.729730
141 0.265069 0.924152 0.666667
142 0.229801 0.916168 0.675676
143 0.209847 0.942116 0.657658
144 0.226412 0.936128 0.729730
145 0.237729 0.952096 0.657658
146 0.280468 0.906188 0.648649
147 0.274932 0.949102 0.684685
148 0.239713 0.940120 0.702703
149 0.208392 0.949102 0.648649
150 0.185294 0.965070 0.666667
151 0.193483 0.964072 0.720721
152 0.174781 0.969062 0.657658
153 0.191133 0.961078 0.693694
154 0.177902 0.973054 0.648649
155 0.192766 0.972056 0.711712
156 0.195662 0.974052 0.675676
157 0.164909 0.968064 0.648649
158 0.176074 0.970060 0.675676
159 0.171710 0.961078 0.684685
160 0.188282 0.971058 0.702703
161 0.161347 0.974052 0.711712
162 0.180919 0.956088 0.711712
163 0.187750 0.975050 0.684685
164 0.183360 0.966068 0.666667
165 0.193919 0.967066 0.684685
166 0.169698 0.970060 0.657658
167 0.160920 0.969062 0.684685
168 0.168476 0.972056 0.693694
169 0.188735 0.969062 0.711712
170 0.159662 0.946108 0.693694
171 0.186630 0.975050 0.693694
172 0.166748 0.973054 0.702703
173 0.159782 0.976048 0.702703
174 0.193730 0.942116 0.657658
175 0.169651 0.973054 0.720721
176 0.180812 0.968064 0.702703
177 0.159100 0.973054 0.675676
178 0.168751 0.974052 0.657658
179 0.164035 0.973054 0.693694
180 0.157526 0.975050 0.684685
181 0.148058 0.975050 0.657658
182 0.155659 0.977046 0.702703
183 0.142737 0.976048 0.684685
184 0.158071 0.972056 0.675676
185 0.167450 0.976048 0.684685
186 0.161930 0.974052 0.684685
187 0.165006 0.973054 0.756757
188 0.161809 0.974052 0.675676
189 0.147627 0.978044 0.684685
190 0.154087 0.980040 0.684685
191 0.152089 0.979042 0.702703
192 0.155149 0.977046 0.711712
193 0.195844 0.960080 0.693694
194 0.233064 0.960080 0.684685
195 0.186088 0.975050 0.666667
196 0.169282 0.974052 0.675676
197 0.147720 0.974052 0.666667
198 0.148946 0.978044 0.657658
199 0.162112 0.945110 0.738739
200 0.146496 0.977046 0.666667
201 0.140690 0.978044 0.675676
202 0.139191 0.979042 0.675676
203 0.129120 0.978044 0.693694
204 0.137669 0.979042 0.675676
205 0.133971 0.977046 0.675676
206 0.131162 0.978044 0.684685
207 0.170943 0.977046 0.684685
208 0.124342 0.978044 0.666667
209 0.114900 0.978044 0.675676
210 0.133752 0.979042 0.684685
211 0.114918 0.980040 0.675676
212 0.112569 0.979042 0.675676
213 0.118812 0.982036 0.657658
214 0.129897 0.979042 0.684685
215 0.138524 0.977046 0.684685
216 0.122627 0.978044 0.702703
217 0.133639 0.976048 0.702703
218 0.131253 0.976048 0.684685
219 0.141174 0.977046 0.702703
220 0.137212 0.973054 0.666667
221 0.150467 0.978044 0.720721
222 0.132993 0.981038 0.711712
223 0.139397 0.979042 0.693694
224 0.126928 0.979042 0.675676
225 0.132871 0.981038 0.666667
226 0.145301 0.975050 0.648649
227 0.133584 0.979042 0.684685
228 0.132265 0.978044 0.693694
229 0.120101 0.979042 0.684685
230 0.117880 0.980040 0.693694
231 0.130026 0.978044 0.702703
232 0.125632 0.979042 0.693694
233 0.120799 0.981038 0.666667
234 0.111645 0.981038 0.639640
235 0.111822 0.979042 0.693694
236 0.135771 0.976048 0.666667
237 0.116141 0.979042 0.684685
238 0.137942 0.980040 0.684685
239 0.143095 0.978044 0.702703
240 0.114274 0.978044 0.684685
241 0.114893 0.980040 0.657658
242 0.126580 0.979042 0.684685
243 0.130024 0.980040 0.666667
244 0.122338 0.978044 0.675676
245 0.116015 0.979042 0.711712
246 0.143162 0.977046 0.675676
247 0.119591 0.979042 0.675676
248 0.122728 0.978044 0.684685
249 0.128005 0.978044 0.693694
250 0.129068 0.977046 0.684685
251 0.114906 0.979042 0.684685
252 0.120493 0.979042 0.657658
253 0.122159 0.979042 0.684685
254 0.111409 0.981038 0.675676
255 0.103134 0.977046 0.657658
256 0.111423 0.979042 0.657658
257 0.108024 0.979042 0.702703
258 0.116108 0.982036 0.711712
259 0.116493 0.979042 0.657658
260 0.118730 0.976048 0.693694
261 0.114726 0.979042 0.657658
262 0.124877 0.979042 0.657658
263 0.108893 0.981038 0.666667
264 0.117444 0.980040 0.639640
265 0.106385 0.981038 0.684685
266 0.109334 0.981038 0.702703
267 0.110424 0.982036 0.684685
268 0.103977 0.981038 0.666667
269 0.114264 0.979042 0.684685
270 0.094724 0.980040 0.657658
271 0.105228 0.980040 0.675676
272 0.102866 0.980040 0.675676
273 0.127471 0.979042 0.657658
274 0.121166 0.979042 0.675676
275 0.101782 0.980040 0.666667
276 0.102999 0.980040 0.702703
277 0.107716 0.979042 0.675676
278 0.117277 0.981038 0.666667
279 0.107205 0.979042 0.675676
280 0.104362 0.979042 0.702703
281 0.114893 0.978044 0.648649
282 0.128415 0.979042 0.666667
283 0.113671 0.978044 0.657658
284 0.114771 0.980040 0.648649
285 0.121009 0.979042 0.684685
286 0.104195 0.979042 0.693694
287 0.104595 0.980040 0.666667
288 0.102634 0.979042 0.684685
289 0.126751 0.979042 0.666667
290 0.116666 0.980040 0.630631
291 0.111179 0.979042 0.684685
292 0.101426 0.979042 0.639640
293 0.107520 0.979042 0.666667
294 0.109723 0.981038 0.648649
295 0.102027 0.980040 0.666667
296 0.104383 0.981038 0.666667
297 0.113991 0.980040 0.657658
298 0.105571 0.981038 0.684685
299 0.101168 0.982036 0.657658
300 0.097445 0.981038 0.675676
301 0.107061 0.981038 0.666667
302 0.113943 0.981038 0.675676
303 0.105966 0.982036 0.657658
304 0.101266 0.981038 0.675676
305 0.104897 0.981038 0.666667
306 0.099044 0.981038 0.666667
307 0.105214 0.979042 0.675676
308 0.097932 0.981038 0.666667
309 0.100311 0.981038 0.675676
310 0.098317 0.981038 0.666667
311 0.098497 0.982036 0.666667
312 0.104874 0.981038 0.657658
313 0.104945 0.979042 0.675676
314 0.102044 0.979042 0.657658
315 0.104703 0.981038 0.684685
316 0.099398 0.980040 0.675676
317 0.104051 0.980040 0.666667
318 0.111989 0.980040 0.648649
319 0.101982 0.981038 0.675676
320 0.101773 0.981038 0.657658
321 0.097353 0.982036 0.666667
322 0.110250 0.980040 0.666667
323 0.106758 0.981038 0.675676
324 0.106603 0.981038 0.675676
325 0.114683 0.981038 0.666667
326 0.104333 0.982036 0.666667
327 0.109108 0.980040 0.675676
328 0.101437 0.980040 0.648649
329 0.112156 0.980040 0.675676
330 0.098781 0.981038 0.693694
331 0.099397 0.980040 0.684685
332 0.102312 0.981038 0.648649
333 0.100549 0.981038 0.684685
334 0.095516 0.981038 0.675676
335 0.098882 0.981038 0.693694
336 0.103053 0.981038 0.666667
337 0.099665 0.981038 0.675676
338 0.111841 0.980040 0.666667
339 0.109004 0.981038 0.684685
340 0.094347 0.981038 0.648649
341 0.099747 0.981038 0.657658
342 0.099589 0.981038 0.693694
343 0.098931 0.981038 0.675676
344 0.101962 0.981038 0.693694
345 0.106679 0.980040 0.675676
346 0.096479 0.981038 0.675676
347 0.127571 0.981038 0.648649
348 0.105615 0.982036 0.657658
349 0.105034 0.980040 0.675676
350 0.110085 0.981038 0.675676
