1 2.676211 0.731111 0.780000
2 0.813496 0.768889 0.730000
3 0.533820 0.770000 0.790000
4 0.516286 0.741111 0.710000
5 0.715483 0.810000 0.720000
6 0.450842 0.812222 0.730000
7 0.444411 0.817778 0.740000
8 0.370366 0.851111 0.730000
9 0.369100 0.852222 0.740000
10 0.369272 0.856667 0.740000
11 0.356779 0.847778 0.700000
12 0.372589 0.851111 0.670000
13 0.799603 0.808889 0.730000
14 0.401645 0.844444 0.730000
15 0.375268 0.844444 0.710000
16 0.314029 0.868889 0.690000
17 0.326574 0.862222 0.710000
18 0.353722 0.854444 0.700000
19 0.316950 0.866667 0.680000
20 0.296357 0.883333 0.730000
21 0.288360 0.878889 0.720000
22 0.309531 0.874444 0.750000
23 0.289526 0.866667 0.710000
24 0.294541 0.887778 0.700000
25 0.270289 0.878889 0.690000
26 0.258899 0.890000 0.660000
27 0.259520 0.882222 0.730000
28 0.263416 0.904444 0.660000
29 0.270957 0.892222 0.710000
30 0.274620 0.877778 0.690000
31 0.260220 0.882222 0.680000
32 0.257190 0.888889 0.730000
33 0.267718 0.893333 0.700000
34 0.241194 0.894444 0.680000
35 0.235994 0.897778 0.700000
36 0.289570 0.881111 0.700000
37 0.267813 0.902222 0.690000
38 0.223142 0.897778 0.690000
39 0.219950 0.902222 0.700000
40 0.211853 0.895556 0.660000
41 0.316538 0.831111 0.720000
42 0.354676 0.891111 0.680000
43 0.268424 0.901111 0.670000
44 0.255839 0.888889 0.680000
45 0.257110 0.892222 0.740000
46 0.236435 0.876667 0.710000
47 0.233366 0.911111 0.680000
48 0.227072 0.897778 0.700000
49 0.225745 0.906667 0.710000
50 0.205448 0.907778 0.720000
51 0.197740 0.923333 0.690000
52 0.189011 0.925556 0.670000
53 0.184621 0.924444 0.690000
54 0.178191 0.920000 0.710000
55 0.200343 0.912222 0.680000
56 0.194957 0.920000 0.690000
57 0.186940 0.924444 0.690000
58 0.171406 0.915556 0.670000
59 0.205686 0.915556 0.730000
60 0.190882 0.918889 0.710000
61 0.184715 0.921111 0.710000
62 0.185583 0.920000 0.710000
63 0.188260 0.911111 0.710000
64 0.193592 0.923333 0.690000
65 0.185718 0.930000 0.710000
66 0.190389 0.925556 0.720000
67 0.204379 0.918889 0.690000
68 0.179065 0.918889 0.690000
69 0.186969 0.924444 0.660000
70 0.172535 0.923333 0.690000
71 0.193138 0.917778 0.690000
72 0.205712 0.921111 0.680000
73 0.180386 0.928889 0.740000
74 0.187736 0.921111 0.680000
75 0.176726 0.926667 0.680000
76 0.196260 0.922222 0.680000
77 0.171785 0.926667 0.710000
78 0.191533 0.922222 0.720000
79 0.221593 0.910000 0.710000
80 0.183225 0.917778 0.680000
81 0.189872 0.917778 0.720000
82 0.177805 0.920000 0.690000
83 0.178171 0.926667 0.690000
84 0.173279 0.924444 0.670000
85 0.184629 0.918889 0.680000
86 0.215355 0.920000 0.700000
87 0.186703 0.916667 0.730000
88 0.194223 0.925556 0.710000
89 0.169110 0.928889 0.690000
90 0.179358 0.925556 0.680000
91 0.163202 0.926667 0.680000
92 0.197207 0.920000 0.710000
93 0.187207 0.920000 0.710000
94 0.373855 0.901111 0.730000
95 0.306331 0.913333 0.730000
96 0.212035 0.925556 0.710000
97 0.187383 0.926667 0.710000
98 0.205913 0.923333 0.700000
99 0.191768 0.914444 0.730000
100 0.185209 0.928889 0.700000
101 0.156984 0.933333 0.720000
102 0.175611 0.934444 0.710000
103 0.156067 0.934444 0.710000
104 0.158023 0.933333 0.710000
105 0.157065 0.924444 0.700000
106 0.168968 0.933333 0.710000
107 0.153659 0.936667 0.710000
108 0.154448 0.931111 0.690000
109 0.154449 0.926667 0.710000
110 0.150169 0.933333 0.710000
111 0.156804 0.932222 0.730000
112 0.162139 0.934444 0.720000
113 0.148204 0.932222 0.720000
114 0.147410 0.927778 0.710000
115 0.147688 0.932222 0.730000
116 0.156486 0.932222 0.710000
117 0.148327 0.935556 0.730000
118 0.150413 0.931111 0.700000
119 0.144625 0.933333 0.710000
120 0.150584 0.931111 0.680000
121 0.146196 0.935556 0.710000
122 0.141221 0.937778 0.720000
123 0.147208 0.933333 0.710000
124 0.142532 0.934444 0.720000
125 0.155182 0.930000 0.700000
126 0.144705 0.932222 0.730000
127 0.152320 0.925556 0.740000
128 0.144772 0.937778 0.710000
129 0.144961 0.933333 0.720000
130 0.149810 0.935556 0.700000
131 0.137189 0.940000 0.710000
132 0.170439 0.936667 0.680000
133 0.165381 0.933333 0.720000
134 0.143713 0.937778 0.690000
135 0.137072 0.935556 0.690000
136 0.147175 0.934444 0.710000
137 0.143965 0.935556 0.710000
138 0.137297 0.936667 0.720000
139 0.144359 0.935556 0.710000
140 0.141204 0.937778 0.730000
141 0.156828 0.938889 0.700000
142 0.136085 0.934444 0.700000
143 0.135420 0.940000 0.710000
144 0.142494 0.938889 0.690000
145 0.143589 0.933333 0.700000
146 0.161763 0.937778 0.710000
147 0.142012 0.935556 0.710000
148 0.143537 0.937778 0.700000
149 0.141364 0.936667 0.700000
150 0.137968 0.942222 0.700000
151 0.135027 0.936667 0.700000
152 0.126104 0.942222 0.700000
153 0.134824 0.942222 0.700000
154 0.129358 0.940000 0.690000
155 0.147406 0.938889 0.700000
156 0.130383 0.936667 0.700000
157 0.129025 0.944444 0.690000
158 0.122695 0.941111 0.670000
159 0.128166 0.941111 0.700000
160 0.134423 0.938889 0.720000
161 0.135559 0.937778 0.710000
162 0.129536 0.943333 0.710000
163 0.132225 0.942222 0.720000
164 0.129384 0.940000 0.710000
165 0.137164 0.942222 0.710000
166 0.136762 0.941111 0.730000
167 0.140437 0.942222 0.690000
168 0.135043 0.942222 0.700000
169 0.118028 0.941111 0.710000
170 0.129707 0.942222 0.680000
171 0.134819 0.940000 0.710000
172 0.129365 0.942222 0.720000
173 0.128598 0.940000 0.690000
174 0.128308 0.944444 0.670000
175 0.134388 0.940000 0.690000
176 0.129538 0.943333 0.710000
177 0.120882 0.941111 0.720000
178 0.127336 0.938889 0.710000
179 0.127011 0.938889 0.700000
180 0.140880 0.941111 0.670000
181 0.137490 0.937778 0.680000
182 0.128760 0.941111 0.690000
183 0.126079 0.943333 0.710000
184 0.122675 0.942222 0.680000
185 0.126053 0.942222 0.690000
186 0.125614 0.941111 0.690000
187 0.129007 0.942222 0.690000
188 0.128867 0.941111 0.680000
189 0.188051 0.932222 0.720000
190 0.134373 0.937778 0.680000
191 0.131121 0.945556 0.680000
192 0.134271 0.941111 0.710000
193 0.131844 0.943333 0.700000
194 0.120305 0.944444 0.680000
195 0.127362 0.943333 0.690000
196 0.132116 0.942222 0.680000
197 0.136652 0.943333 0.670000
198 0.117334 0.942222 0.690000
199 0.131985 0.945556 0.700000
200 0.124023 0.946667 0.690000
201 0.124639 0.945556 0.670000
202 0.127091 0.945556 0.700000
203 0.126004 0.943333 0.690000
204 0.115681 0.945556 0.690000
205 0.121115 0.946667 0.680000
206 0.114066 0.943333 0.670000
207 0.124415 0.944444 0.690000
208 0.123320 0.945556 0.690000
209 0.121457 0.945556 0.670000
210 0.111387 0.947778 0.690000
211 0.110813 0.945556 0.670000
212 0.119087 0.944444 0.680000
213 0.118306 0.944444 0.690000
214 0.122482 0.943333 0.690000
215 0.123857 0.944444 0.680000
216 0.116565 0.946667 0.670000
217 0.119270 0.944444 0.700000
218 0.121932 0.945556 0.680000
219 0.126380 0.945556 0.690000
220 0.122736 0.945556 0.680000
221 0.111893 0.944444 0.690000
222 0.116548 0.945556 0.680000
223 0.116151 0.944444 0.670000
224 0.111159 0.945556 0.680000
225 0.122880 0.945556 0.670000
226 0.116926 0.943333 0.690000
227 0.110556 0.946667 0.680000
228 0.115902 0.946667 0.680000
229 0.116467 0.947778 0.680000
230 0.117822 0.948889 0.680000
231 0.121731 0.946667 0.670000
232 0.114380 0.943333 0.690000
233 0.117677 0.944444 0.680000
234 0.121459 0.945556 0.680000
235 0.116481 0.943333 0.690000
236 0.122510 0.942222 0.710000
237 0.116129 0.945556 0.700000
238 0.117947 0.942222 0.700000
239 0.121525 0.944444 0.690000
240 0.119699 0.945556 0.670000
241 0.118117 0.944444 0.690000
242 0.110178 0.944444 0.680000
243 0.118638 0.946667 0.680000
244 0.122835 0.943333 0.700000
245 0.121271 0.944444 0.680000
246 0.120213 0.940000 0.680000
247 0.120957 0.944444 0.680000
248 0.116491 0.940000 0.670000
249 0.112132 0.946667 0.690000
250 0.119496 0.945556 0.690000
251 0.110793 0.944444 0.670000
252 0.115574 0.945556 0.680000
253 0.114672 0.947778 0.700000
254 0.113910 0.946667 0.690000
255 0.115066 0.945556 0.690000
256 0.114041 0.945556 0.680000
257 0.112433 0.945556 0.690000
258 0.117762 0.944444 0.700000
259 0.116987 0.946667 0.690000
260 0.113421 0.945556 0.700000
261 0.116937 0.944444 0.680000
262 0.113067 0.945556 0.690000
263 0.114115 0.945556 0.700000
264 0.112095 0.947778 0.700000
265 0.114901 0.947778 0.700000
266 0.109193 0.946667 0.690000
267 0.118537 0.947778 0.690000
268 0.115488 0.945556 0.670000
269 0.109398 0.945556 0.680000
270 0.116515 0.945556 0.680000
271 0.119642 0.946667 0.700000
272 0.111172 0.947778 0.700000
273 0.119032 0.946667 0.680000
274 0.116239 0.948889 0.690000
275 0.112726 0.946667 0.690000
276 0.109175 0.948889 0.690000
277 0.122046 0.947778 0.710000
278 0.115410 0.947778 0.690000
279 0.115052 0.947778 0.700000
280 0.115218 0.947778 0.690000
281 0.109616 0.945556 0.700000
282 0.113523 0.948889 0.700000
283 0.116597 0.947778 0.680000
284 0.117769 0.947778 0.690000
285 0.115949 0.948889 0.700000
286 0.123949 0.946667 0.670000
287 0.116432 0.948889 0.700000
288 0.116391 0.948889 0.690000
289 0.109773 0.948889 0.690000
290 0.114029 0.946667 0.700000
291 0.111102 0.947778 0.700000
292 0.113192 0.947778 0.690000
293 0.106741 0.947778 0.680000
294 0.121467 0.947778 0.680000
295 0.106824 0.948889 0.690000
296 0.111936 0.948889 0.690000
297 0.110225 0.947778 0.680000
298 0.114665 0.947778 0.680000
299 0.113548 0.947778 0.680000
300 0.111772 0.948889 0.680000
301 0.109970 0.948889 0.680000
302 0.110359 0.947778 0.680000
303 0.111247 0.947778 0.680000
304 0.106805 0.948889 0.690000
305 0.114191 0.948889 0.690000
306 0.106569 0.948889 0.690000
307 0.114429 0.947778 0.680000
308 0.112401 0.948889 0.700000
309 0.113472 0.948889 0.710000
310 0.115722 0.946667 0.710000
311 0.111721 0.947778 0.690000
312 0.107017 0.948889 0.690000
313 0.109721 0.947778 0.680000
314 0.108947 0.946667 0.700000
315 0.106359 0.948889 0.680000
316 0.115701 0.948889 0.690000
317 0.109659 0.947778 0.670000
318 0.112846 0.948889 0.680000
319 0.115562 0.948889 0.680000
320 0.107862 0.948889 0.680000
321 0.107539 0.947778 0.680000
322 0.110218 0.947778 0.680000
323 0.111968 0.950000 0.680000
324 0.111481 0.946667 0.690000
325 0.110802 0.948889 0.690000
326 0.112096 0.948889 0.690000
327 0.112618 0.947778 0.690000
328 0.107573 0.947778 0.690000
329 0.112656 0.948889 0.700000
330 0.112450 0.946667 0.690000
331 0.107343 0.947778 0.700000
332 0.106570 0.948889 0.700000
333 0.108454 0.948889 0.690000
334 0.111558 0.947778 0.690000
335 0.105879 0.948889 0.680000
336 0.113041 0.947778 0.690000
337 0.110720 0.946667 0.700000
338 0.110599 0.947778 0.690000
339 0.110585 0.948889 0.690000
340 0.114700 0.947778 0.690000
341 0.119858 0.950000 0.720000
342 0.112324 0.947778 0.700000
343 0.110180 0.947778 0.690000
344 0.106670 0.948889 0.700000
345 0.113026 0.950000 0.710000
346 0.119666 0.947778 0.690000
347 0.108933 0.950000 0.690000
348 0.107654 0.948889 0.690000
349 0.112635 0.947778 0.700000
350 0.112055 0.947778 0.690000
