1 4.341593 0.411852 0.406667
2 2.124871 0.505926 0.493333
3 1.711911 0.507407 0.466667
4 1.451514 0.528889 0.526667
5 1.357577 0.500741 0.506667
6 1.192150 0.514074 0.446667
7 1.106366 0.541481 0.546667
8 1.144789 0.534074 0.513333
9 1.067709 0.536296 0.533333
10 1.027757 0.546667 0.526667
11 1.083815 0.523704 0.500000
12 0.963543 0.567407 0.540000
13 0.938267 0.574815 0.553333
14 0.934884 0.551111 0.533333
15 0.929539 0.574074 0.566667
16 0.916632 0.537037 0.533333
17 0.908190 0.522963 0.513333
18 0.896360 0.540741 0.540000
19 0.923934 0.553333 0.540000
20 0.945616 0.574074 0.526667
21 0.913098 0.588889 0.546667
22 0.927565 0.561481 0.533333
23 0.911137 0.548889 0.500000
24 0.905318 0.558519 0.540000
25 0.926020 0.582222 0.566667
26 0.884357 0.588889 0.513333
27 0.891253 0.580000 0.553333
28 0.861219 0.583704 0.540000
29 0.888825 0.605185 0.506667
30 0.858688 0.584444 0.546667
31 0.879293 0.580000 0.560000
32 0.859024 0.600741 0.540000
33 0.882354 0.597037 0.553333
34 0.856843 0.585926 0.540000
35 0.848036 0.568889 0.520000
36 0.845678 0.596296 0.540000
37 0.857476 0.602963 0.540000
38 0.866227 0.601481 0.566667
39 0.863655 0.612593 0.493333
40 0.866806 0.583704 0.493333
41 0.841362 0.606667 0.540000
42 0.854638 0.580000 0.453333
43 0.878886 0.590370 0.560000
44 0.852896 0.605185 0.533333
45 0.856297 0.604444 0.526667
46 0.878993 0.556296 0.446667
47 0.847171 0.597037 0.520000
48 0.840468 0.603704 0.506667
49 0.880867 0.599259 0.486667
50 0.820775 0.599259 0.500000
51 0.809040 0.625926 0.540000
52 0.799862 0.612593 0.506667
53 0.813534 0.609630 0.526667
54 0.794608 0.630370 0.553333
55 0.787665 0.632593 0.533333
56 0.777520 0.635556 0.526667
57 0.794516 0.624444 0.560000
58 0.803772 0.620000 0.553333
59 0.769933 0.634815 0.500000
60 0.769175 0.631111 0.500000
61 0.785206 0.633333 0.520000
62 0.778690 0.634074 0.546667
63 0.768709 0.642963 0.500000
64 0.772718 0.627407 0.533333
65 0.794055 0.629630 0.553333
66 0.773907 0.605185 0.506667
67 0.775675 0.634074 0.546667
68 0.779418 0.638519 0.553333
69 0.771178 0.636296 0.526667
70 0.764554 0.597037 0.513333
