1 4.982622 0.618123 0.600000
2 1.473487 0.631068 0.657143
3 1.617597 0.605178 0.428571
4 1.180872 0.686084 0.485714
5 0.915165 0.715210 0.457143
6 0.972113 0.653722 0.571429
7 0.940550 0.572816 0.571429
8 0.818266 0.595469 0.571429
9 0.729313 0.647249 0.571429
10 0.841028 0.695793 0.600000
11 0.729667 0.679612 0.628571
12 0.709277 0.763754 0.542857
13 0.665895 0.770227 0.628571
14 0.599832 0.689320 0.657143
15 0.579364 0.728155 0.685714
16 0.709110 0.750809 0.514286
17 0.562623 0.644013 0.600000
18 0.548919 0.799353 0.714286
19 0.491041 0.666667 0.628571
20 0.475436 0.857605 0.628571
21 0.438620 0.834951 0.628571
22 0.439277 0.870550 0.628571
23 0.471158 0.766990 0.714286
24 0.420266 0.754045 0.657143
25 0.449412 0.841424 0.628571
26 0.455546 0.705502 0.485714
27 0.426694 0.822006 0.628571
28 0.410319 0.867314 0.657143
29 0.412684 0.857605 0.685714
30 0.458734 0.818770 0.685714
31 0.413742 0.873786 0.628571
32 0.343750 0.912621 0.657143
33 0.332586 0.825243 0.657143
34 0.273019 0.935275 0.600000
35 0.302486 0.847896 0.714286
36 0.315940 0.893204 0.657143
37 0.342289 0.831715 0.685714
38 0.284776 0.932039 0.600000
39 0.240052 0.909385 0.657143
40 0.315078 0.915858 0.685714
41 0.345848 0.893204 0.657143
42 0.389244 0.877023 0.600000
43 0.334185 0.912621 0.657143
44 0.284216 0.886731 0.714286
45 0.412023 0.847896 0.571429
46 0.254049 0.909385 0.571429
47 0.268047 0.915858 0.657143
48 0.286555 0.877023 0.628571
49 0.281761 0.847896 0.571429
50 0.208246 0.967638 0.628571
51 0.147765 0.990291 0.571429
52 0.131248 0.980583 0.657143
53 0.159491 0.883495 0.571429
54 0.177472 0.987055 0.628571
55 0.133116 0.987055 0.628571
56 0.122490 0.990291 0.628571
57 0.157313 0.967638 0.571429
58 0.170227 0.928803 0.571429
59 0.155527 0.983819 0.657143
60 0.184600 0.987055 0.628571
61 0.123409 0.996764 0.600000
62 0.124441 0.951456 0.657143
63 0.204760 0.893204 0.571429
64 0.171134 0.993528 0.600000
65 0.185838 0.935275 0.600000
66 0.151833 0.983819 0.571429
67 0.111490 0.990291 0.628571
68 0.148670 0.987055 0.600000
69 0.118676 0.990291 0.542857
70 0.142590 0.970874 0.600000
71 0.143366 0.974110 0.571429
72 0.152679 0.974110 0.600000
73 0.140730 0.990291 0.628571
74 0.120515 0.993528 0.600000
75 0.093210 0.987055 0.600000
76 0.091828 0.996764 0.600000
77 0.103456 0.987055 0.600000
78 0.123354 0.974110 0.600000
79 0.168891 0.990291 0.628571
80 0.201553 0.967638 0.714286
81 0.240331 0.970874 0.628571
82 0.196603 0.990291 0.657143
83 0.116795 0.996764 0.628571
84 0.098983 0.980583 0.571429
85 0.121368 0.847896 0.571429
86 0.264633 0.957929 0.628571
87 0.161288 0.938511 0.571429
88 0.234266 0.957929 0.571429
89 0.122866 0.987055 0.600000
90 0.111707 0.993528 0.571429
91 0.086719 0.996764 0.542857
92 0.089687 0.993528 0.571429
93 0.107256 0.977346 0.571429
94 0.121792 0.980583 0.600000
95 0.106463 0.980583 0.600000
96 0.099783 0.993528 0.600000
97 0.109857 0.990291 0.571429
98 0.091619 0.996764 0.571429
99 0.083206 0.996764 0.628571
100 0.101243 0.996764 0.628571
101 0.066025 0.996764 0.571429
102 0.065193 0.996764 0.571429
103 0.069855 0.996764 0.542857
104 0.059497 0.996764 0.571429
105 0.068401 0.996764 0.600000
106 0.093204 0.983819 0.571429
107 0.081829 0.996764 0.600000
108 0.065772 0.996764 0.571429
109 0.062446 0.996764 0.542857
110 0.063510 0.996764 0.571429
111 0.061739 0.996764 0.571429
112 0.060690 0.996764 0.542857
113 0.060767 0.996764 0.600000
114 0.066269 0.996764 0.542857
115 0.059096 0.996764 0.571429
116 0.064065 0.996764 0.600000
117 0.080026 0.990291 0.571429
118 0.131517 0.987055 0.571429
119 0.113549 0.974110 0.571429
120 0.101808 0.996764 0.600000
121 0.072307 0.996764 0.571429
122 0.066343 0.996764 0.600000
123 0.065068 0.996764 0.571429
124 0.076567 0.996764 0.571429
125 0.063045 0.996764 0.628571
126 0.064947 0.996764 0.600000
127 0.071198 0.996764 0.600000
128 0.070361 0.996764 0.571429
129 0.068187 0.996764 0.600000
130 0.058764 0.996764 0.571429
131 0.059220 0.996764 0.542857
132 0.086397 0.996764 0.600000
133 0.077097 0.948220 0.685714
134 0.087248 0.877023 0.628571
135 0.129344 0.987055 0.571429
136 0.098763 0.996764 0.600000
137 0.105493 0.993528 0.542857
138 0.089178 0.996764 0.571429
139 0.084052 0.996764 0.542857
140 0.057636 0.996764 0.571429
141 0.066067 0.996764 0.571429
142 0.060952 0.996764 0.600000
143 0.053472 0.996764 0.600000
144 0.063588 0.996764 0.600000
145 0.061500 0.996764 0.628571
146 0.064978 0.996764 0.600000
147 0.132069 0.967638 0.628571
148 0.108351 0.996764 0.571429
149 0.065052 0.996764 0.571429
150 0.063711 0.996764 0.571429
151 0.055153 0.996764 0.571429
152 0.053898 0.996764 0.571429
153 0.053234 0.996764 0.571429
154 0.053754 0.996764 0.571429
155 0.051007 0.996764 0.600000
156 0.049748 0.996764 0.542857
157 0.049360 0.996764 0.571429
158 0.051448 0.996764 0.542857
159 0.049474 0.996764 0.571429
160 0.053585 0.996764 0.571429
161 0.055444 0.996764 0.571429
162 0.053481 0.996764 0.571429
163 0.044936 0.996764 0.600000
164 0.047823 0.996764 0.571429
165 0.052466 0.996764 0.571429
166 0.051501 0.996764 0.600000
167 0.051247 0.996764 0.571429
168 0.048207 0.996764 0.571429
169 0.060427 0.996764 0.571429
170 0.054477 0.996764 0.600000
171 0.049287 0.996764 0.600000
172 0.048491 0.996764 0.571429
173 0.054969 0.996764 0.600000
174 0.050845 0.996764 0.600000
175 0.051603 0.996764 0.571429
176 0.045718 0.996764 0.571429
177 0.049799 0.996764 0.571429
178 0.051454 0.996764 0.571429
179 0.049479 0.996764 0.600000
180 0.054151 0.996764 0.571429
181 0.054610 0.993528 0.600000
182 0.060002 0.996764 0.600000
183 0.054571 0.996764 0.600000
184 0.050159 0.996764 0.571429
185 0.065057 0.983819 0.628571
186 0.075521 0.996764 0.571429
187 0.055756 0.996764 0.600000
188 0.054142 0.996764 0.571429
189 0.048363 0.996764 0.600000
190 0.054184 0.996764 0.571429
191 0.058400 0.996764 0.571429
192 0.049392 0.996764 0.600000
193 0.045189 0.996764 0.600000
194 0.046721 0.996764 0.542857
195 0.060102 0.996764 0.571429
196 0.049068 0.996764 0.600000
197 0.059157 0.996764 0.542857
198 0.049870 0.996764 0.571429
199 0.052213 0.996764 0.571429
200 0.043950 0.996764 0.542857
201 0.043124 0.996764 0.571429
202 0.051514 0.996764 0.600000
203 0.046158 0.996764 0.600000
204 0.044943 0.996764 0.600000
205 0.041579 0.996764 0.600000
206 0.042354 0.996764 0.600000
207 0.040843 0.996764 0.600000
208 0.044576 0.996764 0.571429
209 0.044190 0.996764 0.571429
210 0.043409 0.996764 0.600000
211 0.042904 0.996764 0.571429
212 0.045932 0.996764 0.571429
213 0.046358 0.996764 0.571429
214 0.048772 0.996764 0.571429
215 0.049028 0.996764 0.542857
216 0.044645 0.996764 0.571429
217 0.044727 0.996764 0.571429
218 0.047189 0.996764 0.542857
219 0.044952 0.996764 0.542857
220 0.042663 0.996764 0.542857
221 0.048528 0.996764 0.571429
222 0.044368 0.996764 0.542857
223 0.047981 0.996764 0.600000
224 0.053997 0.996764 0.600000
225 0.051576 0.996764 0.571429
226 0.044380 0.996764 0.571429
227 0.043321 0.996764 0.542857
228 0.044898 0.996764 0.542857
229 0.044528 0.996764 0.571429
230 0.044047 0.996764 0.542857
231 0.045155 0.996764 0.600000
232 0.043651 0.996764 0.542857
233 0.039123 0.996764 0.571429
234 0.041724 0.996764 0.571429
235 0.039559 0.996764 0.571429
236 0.040560 0.996764 0.600000
237 0.042116 0.996764 0.571429
238 0.058377 0.996764 0.600000
239 0.046402 0.996764 0.600000
240 0.043909 0.996764 0.600000
241 0.039632 0.996764 0.600000
242 0.036835 0.996764 0.571429
243 0.051869 0.996764 0.600000
244 0.053015 0.996764 0.600000
245 0.042206 0.996764 0.600000
246 0.042514 0.996764 0.600000
247 0.042497 0.996764 0.600000
248 0.044047 0.996764 0.600000
249 0.043298 0.996764 0.600000
250 0.044482 0.996764 0.600000
251 0.042683 0.996764 0.600000
252 0.038105 0.996764 0.571429
253 0.040408 0.996764 0.600000
254 0.038975 0.996764 0.571429
255 0.037178 0.996764 0.542857
256 0.039364 0.996764 0.600000
257 0.036925 0.996764 0.571429
258 0.040835 0.996764 0.571429
259 0.040103 0.996764 0.600000
260 0.040008 0.996764 0.600000
261 0.041744 0.996764 0.571429
262 0.039211 0.996764 0.600000
263 0.038696 0.996764 0.600000
264 0.037925 0.996764 0.571429
265 0.040843 0.996764 0.600000
266 0.041210 0.996764 0.571429
267 0.037099 0.996764 0.571429
268 0.035703 0.996764 0.571429
269 0.036784 0.996764 0.571429
270 0.038780 0.996764 0.571429
271 0.039896 0.996764 0.542857
272 0.040150 0.996764 0.571429
273 0.039633 0.996764 0.571429
274 0.043344 0.996764 0.571429
275 0.037867 0.996764 0.571429
276 0.040950 0.996764 0.542857
277 0.041876 0.996764 0.600000
278 0.037214 0.996764 0.571429
279 0.041012 0.996764 0.571429
280 0.037490 0.996764 0.571429
281 0.041519 0.996764 0.571429
282 0.040653 0.996764 0.571429
283 0.038900 0.996764 0.571429
284 0.039519 0.996764 0.600000
285 0.039538 0.996764 0.571429
286 0.040229 0.996764 0.571429
287 0.040402 0.996764 0.571429
288 0.036682 0.996764 0.571429
289 0.040512 0.996764 0.571429
290 0.040355 0.996764 0.571429
291 0.037010 0.996764 0.600000
292 0.036944 0.996764 0.600000
293 0.038340 0.996764 0.600000
294 0.038672 0.996764 0.571429
295 0.037647 0.996764 0.571429
296 0.036151 0.996764 0.571429
297 0.042797 0.996764 0.600000
298 0.042479 0.996764 0.571429
299 0.038643 0.996764 0.571429
300 0.036881 0.996764 0.571429
301 0.035594 0.996764 0.571429
302 0.037819 0.996764 0.571429
303 0.043181 0.996764 0.571429
304 0.035935 0.996764 0.571429
305 0.038798 0.996764 0.571429
306 0.038223 0.996764 0.571429
307 0.037556 0.996764 0.571429
308 0.039104 0.996764 0.571429
309 0.040017 0.996764 0.571429
310 0.039480 0.996764 0.571429
311 0.037541 0.996764 0.571429
312 0.036566 0.996764 0.571429
313 0.037791 0.996764 0.571429
314 0.036764 0.996764 0.571429
315 0.033867 0.996764 0.571429
316 0.041546 0.996764 0.571429
317 0.039733 0.996764 0.571429
318 0.035774 0.996764 0.571429
319 0.033496 0.996764 0.571429
320 0.036291 0.996764 0.571429
321 0.036485 0.996764 0.571429
322 0.038839 0.996764 0.571429
323 0.036397 0.996764 0.571429
324 0.035245 0.996764 0.571429
325 0.040784 0.996764 0.571429
326 0.039523 0.996764 0.571429
327 0.038499 0.996764 0.571429
328 0.036867 0.996764 0.571429
329 0.037659 0.996764 0.571429
330 0.037276 0.996764 0.571429
331 0.037774 0.996764 0.571429
332 0.038310 0.996764 0.571429
333 0.037466 0.996764 0.571429
334 0.036617 0.996764 0.571429
335 0.037758 0.996764 0.571429
336 0.037770 0.996764 0.600000
337 0.036576 0.996764 0.571429
338 0.035518 0.996764 0.571429
339 0.037840 0.996764 0.571429
340 0.036747 0.996764 0.571429
341 0.037293 0.996764 0.571429
342 0.037785 0.996764 0.571429
343 0.035304 0.996764 0.571429
344 0.035335 0.996764 0.571429
345 0.039400 0.996764 0.571429
346 0.037942 0.996764 0.571429
347 0.036209 0.996764 0.600000
348 0.039948 0.996764 0.600000
349 0.035533 0.996764 0.571429
350 0.038210 0.996764 0.571429
