1 3.765764 0.612903 0.529412
2 1.644515 0.616129 0.441176
3 1.254699 0.667742 0.441176
4 1.090613 0.658065 0.441176
5 0.924021 0.612903 0.558824
6 0.741283 0.548387 0.382353
7 0.678441 0.603226 0.411765
8 0.630373 0.703226 0.647059
9 0.598676 0.648387 0.411765
10 0.580195 0.748387 0.441176
11 0.558817 0.758065 0.588235
12 0.523810 0.729032 0.500000
13 0.459863 0.783871 0.676471
14 0.462810 0.729032 0.588235
15 0.464176 0.793548 0.617647
16 0.496080 0.841935 0.558824
17 0.441419 0.809677 0.500000
18 0.379146 0.861290 0.617647
19 0.371937 0.841935 0.529412
20 0.387403 0.851613 0.500000
21 0.363557 0.851613 0.500000
22 0.295271 0.864516 0.647059
23 0.301881 0.864516 0.588235
24 0.361697 0.919355 0.617647
25 0.269530 0.922581 0.617647
26 0.238072 0.922581 0.588235
27 0.241605 0.938710 0.558824
28 0.263536 0.900000 0.470588
29 0.278065 0.916129 0.411765
30 0.211008 0.929032 0.558824
31 0.192408 0.941935 0.470588
32 0.173785 0.780645 0.588235
33 0.266479 0.945161 0.676471
34 0.202374 0.783871 0.617647
35 0.213404 0.967742 0.558824
36 0.136099 0.929032 0.529412
37 0.234576 0.912903 0.529412
38 0.293693 0.935484 0.647059
39 0.193860 0.870968 0.529412
40 0.130795 0.977419 0.558824
41 0.140231 0.903226 0.617647
42 0.191331 0.983871 0.558824
43 0.119802 0.980645 0.500000
44 0.113369 0.977419 0.588235
45 0.215794 0.916129 0.558824
46 0.177942 0.964516 0.558824
47 0.130250 0.954839 0.676471
48 0.265680 0.929032 0.529412
49 0.115645 0.983871 0.588235
50 0.081071 0.993548 0.558824
51 0.061934 0.990323 0.470588
52 0.053334 0.993548 0.441176
53 0.057083 0.993548 0.500000
54 0.061790 0.993548 0.529412
55 0.052802 0.993548 0.500000
56 0.050961 0.993548 0.529412
57 0.047272 0.990323 0.500000
58 0.052877 0.990323 0.500000
59 0.052431 0.993548 0.529412
60 0.069764 0.983871 0.441176
61 0.055887 0.990323 0.529412
62 0.054733 0.993548 0.470588
63 0.065654 0.990323 0.529412
64 0.073999 0.993548 0.617647
65 0.059182 0.993548 0.529412
66 0.044334 0.993548 0.558824
67 0.042587 0.993548 0.529412
68 0.047700 0.987097 0.500000
69 0.114891 0.938710 0.470588
70 0.077459 0.993548 0.529412
71 0.068007 0.993548 0.588235
72 0.050626 0.993548 0.588235
73 0.042245 0.990323 0.558824
74 0.036999 0.993548 0.558824
75 0.044101 0.993548 0.558824
76 0.037334 0.993548 0.529412
77 0.085829 0.951613 0.558824
78 0.112375 0.977419 0.558824
79 0.108330 0.980645 0.470588
80 0.094314 0.993548 0.529412
81 0.053884 0.993548 0.441176
82 0.046800 0.993548 0.470588
83 0.043256 0.993548 0.470588
84 0.055599 0.990323 0.529412
85 0.044955 0.993548 0.470588
86 0.038444 0.993548 0.470588
87 0.040908 0.993548 0.470588
88 0.037687 0.980645 0.529412
89 0.079665 0.954839 0.529412
90 0.118950 0.990323 0.558824
91 0.087696 0.896774 0.500000
92 0.116721 0.983871 0.529412
93 0.061195 0.993548 0.470588
94 0.042670 0.990323 0.470588
95 0.040697 0.993548 0.441176
96 0.038132 0.993548 0.470588
97 0.045511 0.993548 0.500000
98 0.038123 0.993548 0.500000
99 0.036834 0.993548 0.470588
100 0.042569 0.993548 0.529412
101 0.031657 0.993548 0.529412
102 0.032760 0.993548 0.500000
103 0.035001 0.993548 0.470588
104 0.030119 0.993548 0.470588
105 0.033419 0.993548 0.470588
106 0.034336 0.993548 0.500000
107 0.031292 0.993548 0.529412
108 0.033626 0.993548 0.470588
109 0.032346 0.993548 0.470588
110 0.032474 0.993548 0.500000
111 0.031517 0.993548 0.470588
112 0.033967 0.993548 0.470588
113 0.032744 0.993548 0.470588
114 0.036513 0.993548 0.500000
115 0.034598 0.993548 0.500000
116 0.031965 0.993548 0.470588
117 0.030592 0.993548 0.558824
118 0.033141 0.990323 0.500000
119 0.035739 0.993548 0.558824
120 0.034729 0.993548 0.500000
121 0.032671 0.993548 0.529412
122 0.032345 0.993548 0.500000
123 0.033215 0.993548 0.558824
124 0.035034 0.980645 0.441176
125 0.122448 0.993548 0.500000
126 0.063635 0.990323 0.441176
127 0.044891 0.993548 0.558824
128 0.036371 0.993548 0.529412
129 0.031986 0.993548 0.500000
130 0.036915 0.993548 0.529412
131 0.030362 0.993548 0.500000
132 0.032354 0.993548 0.500000
133 0.039296 0.993548 0.500000
134 0.032750 0.993548 0.470588
135 0.036806 0.993548 0.500000
136 0.030711 0.993548 0.529412
137 0.034009 0.993548 0.441176
138 0.037625 0.993548 0.500000
139 0.035593 0.993548 0.529412
140 0.169809 0.983871 0.529412
141 0.063544 0.993548 0.500000
142 0.043588 0.993548 0.500000
143 0.042931 0.993548 0.500000
144 0.034481 0.993548 0.558824
145 0.036877 0.993548 0.470588
146 0.029551 0.993548 0.470588
147 0.031214 0.993548 0.500000
148 0.034480 0.993548 0.500000
149 0.044971 0.993548 0.470588
150 0.033324 0.993548 0.470588
151 0.031573 0.993548 0.470588
152 0.032378 0.993548 0.529412
153 0.028681 0.993548 0.470588
154 0.029652 0.993548 0.470588
155 0.027275 0.993548 0.470588
156 0.031216 0.993548 0.470588
157 0.029182 0.993548 0.470588
158 0.031117 0.993548 0.441176
159 0.028716 0.993548 0.470588
160 0.031476 0.993548 0.470588
161 0.029000 0.993548 0.470588
162 0.031484 0.993548 0.470588
163 0.027599 0.993548 0.470588
164 0.029166 0.993548 0.470588
165 0.027149 0.993548 0.470588
166 0.029963 0.993548 0.470588
167 0.030345 0.993548 0.470588
168 0.027468 0.993548 0.470588
169 0.027857 0.993548 0.470588
170 0.026125 0.993548 0.470588
171 0.030900 0.993548 0.470588
172 0.026520 0.993548 0.470588
173 0.030228 0.993548 0.470588
174 0.027876 0.993548 0.470588
175 0.028413 0.993548 0.500000
176 0.027894 0.993548 0.500000
177 0.027240 0.993548 0.500000
178 0.027429 0.993548 0.500000
179 0.026997 0.993548 0.500000
180 0.033067 0.993548 0.500000
181 0.027110 0.993548 0.500000
182 0.028380 0.993548 0.470588
183 0.025898 0.993548 0.470588
184 0.030300 0.993548 0.470588
185 0.030264 0.993548 0.500000
186 0.026951 0.993548 0.470588
187 0.027313 0.993548 0.500000
188 0.028754 0.993548 0.500000
189 0.026159 0.993548 0.500000
190 0.029615 0.993548 0.500000
191 0.025996 0.993548 0.500000
192 0.027515 0.993548 0.470588
193 0.029266 0.993548 0.500000
194 0.026974 0.993548 0.500000
195 0.027303 0.993548 0.500000
196 0.026350 0.993548 0.470588
197 0.028665 0.993548 0.470588
198 0.028487 0.993548 0.500000
199 0.033095 0.993548 0.500000
200 0.029087 0.993548 0.558824
201 0.024085 0.993548 0.500000
202 0.025431 0.993548 0.500000
203 0.025689 0.993548 0.529412
204 0.026686 0.993548 0.470588
205 0.025296 0.993548 0.500000
206 0.024401 0.993548 0.470588
207 0.028580 0.993548 0.500000
208 0.024903 0.993548 0.500000
209 0.027029 0.993548 0.500000
210 0.026272 0.993548 0.500000
211 0.025610 0.993548 0.470588
212 0.030136 0.993548 0.500000
213 0.025161 0.993548 0.500000
214 0.026578 0.993548 0.470588
215 0.024446 0.993548 0.500000
216 0.025029 0.993548 0.500000
217 0.026032 0.993548 0.500000
218 0.025628 0.993548 0.470588
219 0.025769 0.993548 0.500000
220 0.025834 0.993548 0.470588
221 0.023389 0.993548 0.470588
222 0.028569 0.993548 0.500000
223 0.026996 0.993548 0.470588
224 0.025178 0.993548 0.500000
225 0.023667 0.993548 0.470588
226 0.025530 0.993548 0.470588
227 0.025552 0.993548 0.500000
228 0.025331 0.993548 0.441176
229 0.024006 0.993548 0.500000
230 0.024758 0.993548 0.470588
231 0.026106 0.993548 0.470588
232 0.027446 0.993548 0.470588
233 0.027841 0.993548 0.529412
234 0.033068 0.993548 0.529412
235 0.038180 0.993548 0.500000
236 0.026325 0.993548 0.500000
237 0.029710 0.993548 0.500000
238 0.023827 0.993548 0.500000
239 0.023139 0.993548 0.500000
240 0.024285 0.993548 0.500000
241 0.026247 0.993548 0.470588
242 0.023759 0.993548 0.470588
243 0.019232 0.993548 0.500000
244 0.027808 0.993548 0.470588
245 0.024339 0.993548 0.470588
246 0.027917 0.993548 0.500000
247 0.025146 0.993548 0.470588
248 0.028067 0.993548 0.558824
249 0.023445 0.993548 0.617647
250 0.023782 0.993548 0.588235
251 0.023713 0.993548 0.558824
252 0.022063 0.993548 0.558824
253 0.021500 0.993548 0.588235
254 0.025146 0.993548 0.529412
255 0.024780 0.993548 0.529412
256 0.023697 0.993548 0.529412
257 0.020474 0.993548 0.529412
258 0.023774 0.993548 0.529412
259 0.021903 0.993548 0.558824
260 0.023987 0.993548 0.529412
261 0.024876 0.993548 0.529412
262 0.022689 0.993548 0.529412
263 0.021272 0.993548 0.529412
264 0.023923 0.993548 0.529412
265 0.027372 0.993548 0.529412
266 0.026599 0.993548 0.529412
267 0.025707 0.993548 0.529412
268 0.023481 0.993548 0.529412
269 0.023787 0.993548 0.529412
270 0.020361 0.993548 0.529412
271 0.024342 0.993548 0.529412
272 0.025421 0.993548 0.500000
273 0.026805 0.993548 0.529412
274 0.023126 0.993548 0.529412
275 0.020730 0.993548 0.529412
276 0.025014 0.993548 0.529412
277 0.022410 0.993548 0.500000
278 0.022818 0.993548 0.500000
279 0.024407 0.993548 0.500000
280 0.022934 0.993548 0.500000
281 0.027547 0.993548 0.500000
282 0.026218 0.993548 0.500000
283 0.023906 0.993548 0.500000
284 0.023839 0.993548 0.500000
285 0.023872 0.993548 0.529412
286 0.023059 0.993548 0.500000
287 0.025396 0.993548 0.500000
288 0.023027 0.993548 0.558824
289 0.023925 0.993548 0.500000
290 0.023969 0.993548 0.529412
291 0.024357 0.993548 0.558824
292 0.023263 0.993548 0.558824
293 0.021470 0.993548 0.529412
294 0.025603 0.993548 0.529412
295 0.023486 0.993548 0.529412
296 0.022205 0.993548 0.529412
297 0.027453 0.993548 0.529412
298 0.025922 0.993548 0.588235
299 0.023228 0.993548 0.558824
300 0.024209 0.993548 0.558824
301 0.024035 0.993548 0.588235
302 0.022366 0.993548 0.558824
303 0.023840 0.993548 0.558824
304 0.019899 0.993548 0.558824
305 0.019151 0.993548 0.558824
306 0.020725 0.993548 0.558824
307 0.022036 0.993548 0.558824
308 0.022371 0.993548 0.529412
309 0.024462 0.993548 0.529412
310 0.024342 0.993548 0.529412
311 0.023462 0.993548 0.558824
312 0.021558 0.993548 0.500000
313 0.021373 0.993548 0.558824
314 0.021122 0.993548 0.529412
315 0.021692 0.993548 0.558824
316 0.024504 0.993548 0.500000
317 0.024935 0.993548 0.529412
318 0.023066 0.993548 0.558824
319 0.024779 0.993548 0.588235
320 0.021748 0.993548 0.558824
321 0.024001 0.993548 0.588235
322 0.020951 0.993548 0.558824
323 0.020294 0.993548 0.529412
324 0.026102 0.993548 0.558824
325 0.021851 0.993548 0.529412
326 0.022388 0.993548 0.500000
327 0.020781 0.993548 0.529412
328 0.022375 0.993548 0.588235
329 0.023069 0.993548 0.529412
330 0.024315 0.993548 0.558824
331 0.022906 0.993548 0.529412
332 0.020463 0.993548 0.500000
333 0.022852 0.993548 0.529412
334 0.023251 0.993548 0.529412
335 0.020524 0.993548 0.500000
336 0.022732 0.993548 0.500000
337 0.021592 0.993548 0.529412
338 0.023501 0.993548 0.529412
339 0.024360 0.993548 0.529412
340 0.024882 0.993548 0.500000
341 0.020703 0.993548 0.529412
342 0.025283 0.993548 0.500000
343 0.024578 0.993548 0.529412
344 0.022523 0.993548 0.558824
345 0.025131 0.993548 0.500000
346 0.019657 0.993548 0.529412
347 0.022936 0.993548 0.500000
348 0.023794 0.993548 0.500000
349 0.023212 0.993548 0.500000
350 0.023176 0.993548 0.500000
