1 10.091581 0.737778 0.712000
2 2.180126 0.761556 0.726000
3 1.277348 0.758000 0.702000
4 1.335653 0.755111 0.720000
5 0.933234 0.766000 0.730000
6 0.703497 0.798222 0.748000
7 0.661449 0.793778 0.748000
8 0.622011 0.789333 0.758000
9 0.610148 0.792000 0.750000
10 0.560748 0.796222 0.748000
11 0.602226 0.791556 0.740000
12 0.566341 0.812667 0.762000
13 0.522776 0.812222 0.760000
14 0.494940 0.820444 0.768000
15 0.484225 0.810889 0.770000
16 0.494658 0.828889 0.800000
17 0.492367 0.834444 0.766000
18 0.489964 0.828444 0.764000
19 0.487870 0.804222 0.768000
20 0.511288 0.829778 0.756000
21 0.457109 0.826000 0.748000
22 0.466424 0.840000 0.792000
23 0.454016 0.826667 0.782000
24 0.454201 0.836222 0.760000
25 0.443705 0.843111 0.752000
26 0.467604 0.827778 0.770000
27 0.449594 0.844667 0.758000
28 0.470637 0.845333 0.756000
29 0.450130 0.844444 0.736000
30 0.420641 0.852667 0.756000
