1 4.159635 0.472593 0.493333
2 2.104182 0.519259 0.500000
3 1.959748 0.487407 0.406667
4 1.418074 0.531852 0.473333
5 1.182776 0.549630 0.526667
6 1.327764 0.468148 0.466667
7 1.280164 0.503704 0.426667
8 1.442592 0.548148 0.513333
9 1.270669 0.554074 0.513333
10 1.159361 0.506667 0.406667
11 1.059303 0.530370 0.453333
12 1.141745 0.539259 0.433333
13 1.050892 0.539259 0.440000
14 0.941989 0.555556 0.493333
15 0.963404 0.555556 0.440000
16 1.136854 0.516296 0.480000
17 0.981191 0.564444 0.480000
18 0.927258 0.571111 0.493333
19 0.920730 0.575556 0.520000
20 0.911128 0.591852 0.506667
21 0.921744 0.582222 0.480000
22 0.906668 0.588148 0.526667
23 0.915312 0.573333 0.466667
24 0.956908 0.578519 0.520000
25 1.045877 0.556296 0.513333
26 0.997488 0.571111 0.486667
27 0.946767 0.580000 0.520000
28 0.901858 0.580741 0.493333
29 0.885000 0.545185 0.460000
30 0.885788 0.598519 0.506667
31 0.887640 0.587407 0.513333
32 0.893354 0.569630 0.533333
33 0.921973 0.565185 0.460000
34 0.884394 0.586667 0.540000
35 0.872824 0.602222 0.500000
36 0.859401 0.598519 0.513333
37 0.854270 0.592593 0.533333
38 0.850299 0.600741 0.526667
39 0.847943 0.593333 0.526667
40 0.846289 0.613333 0.493333
41 0.851660 0.589630 0.473333
42 0.854597 0.611111 0.506667
43 0.859282 0.611852 0.473333
44 0.842629 0.600741 0.513333
45 0.846077 0.574815 0.466667
46 0.859576 0.592593 0.513333
47 0.851734 0.611852 0.526667
48 0.841314 0.605185 0.446667
49 0.827489 0.621481 0.500000
50 0.815000 0.627407 0.500000
51 0.798647 0.620000 0.506667
52 0.782922 0.629630 0.480000
53 0.789584 0.623704 0.513333
54 0.791682 0.625926 0.506667
55 0.773373 0.628148 0.513333
56 0.786098 0.637037 0.520000
57 0.776224 0.634815 0.513333
58 0.783761 0.628889 0.506667
59 0.775632 0.637778 0.500000
60 0.759179 0.632593 0.500000
61 0.793526 0.622963 0.493333
62 0.799893 0.639259 0.500000
63 0.774880 0.634074 0.520000
64 0.778074 0.636296 0.500000
65 0.771686 0.633333 0.493333
66 0.779296 0.637778 0.500000
67 0.781021 0.639259 0.513333
68 0.775562 0.625185 0.513333
69 0.781428 0.637778 0.526667
70 0.750450 0.631111 0.546667
