1 4.328829 0.439259 0.460000
2 2.057917 0.444444 0.446667
3 1.622328 0.495556 0.500000
4 1.396682 0.515556 0.486667
5 1.562682 0.468889 0.480000
6 1.240795 0.522222 0.493333
7 1.056976 0.539259 0.506667
8 1.062312 0.552593 0.526667
9 1.003143 0.553333 0.480000
10 0.963184 0.552593 0.533333
11 0.950694 0.561481 0.506667
12 0.971861 0.564444 0.493333
13 0.945135 0.575556 0.506667
14 0.940276 0.580000 0.500000
15 1.003621 0.568889 0.520000
16 1.040794 0.540000 0.540000
17 0.947361 0.494815 0.473333
18 0.924263 0.569630 0.480000
19 0.902085 0.577037 0.486667
20 0.902880 0.582222 0.526667
21 0.890724 0.580000 0.453333
22 0.886301 0.589630 0.473333
23 0.888214 0.574815 0.486667
24 0.935629 0.589630 0.500000
25 0.885545 0.597037 0.486667
26 0.885902 0.591852 0.513333
27 0.875595 0.570370 0.526667
28 0.869153 0.588148 0.446667
29 0.876024 0.596296 0.493333
30 0.865030 0.601481 0.473333
31 0.868112 0.598519 0.453333
32 0.869884 0.602222 0.506667
33 0.872070 0.594074 0.513333
34 0.902107 0.547407 0.486667
35 0.883825 0.602222 0.520000
36 0.851207 0.556296 0.453333
37 0.885013 0.594074 0.506667
38 0.870989 0.579259 0.446667
39 0.861802 0.600741 0.466667
40 0.858229 0.603704 0.493333
41 0.882226 0.593333 0.486667
42 0.859879 0.604444 0.473333
43 0.861880 0.583704 0.493333
44 0.849894 0.594815 0.493333
45 0.854778 0.572593 0.486667
46 0.891213 0.548148 0.466667
47 0.882316 0.593333 0.506667
48 0.843575 0.605185 0.506667
49 0.860135 0.618519 0.473333
50 0.821464 0.601481 0.526667
51 0.801843 0.630370 0.500000
52 0.788064 0.636296 0.513333
53 0.797467 0.635556 0.466667
54 0.803273 0.629630 0.473333
55 0.797641 0.634815 0.520000
56 0.822018 0.625926 0.520000
57 0.779617 0.639259 0.506667
58 0.797178 0.640000 0.480000
59 0.786546 0.631111 0.480000
60 0.777963 0.633333 0.460000
61 0.801870 0.625926 0.500000
62 0.789299 0.640741 0.493333
63 0.769596 0.642963 0.473333
64 0.788814 0.638519 0.526667
65 0.797108 0.639259 0.473333
66 0.773025 0.642222 0.513333
67 0.788691 0.645926 0.520000
68 0.764833 0.639259 0.493333
69 0.782153 0.652593 0.540000
70 0.769134 0.651111 0.513333
