1 2.678315 0.660000 0.660000
2 0.973406 0.743333 0.710000
3 0.594472 0.758889 0.720000
4 0.492962 0.760000 0.680000
5 0.451206 0.792222 0.680000
6 0.428481 0.830000 0.720000
7 0.445063 0.814444 0.690000
8 0.382241 0.838889 0.700000
9 0.374851 0.851111 0.690000
10 0.351479 0.843333 0.710000
11 0.342924 0.872222 0.710000
12 0.342669 0.852222 0.690000
13 0.331054 0.854444 0.700000
14 0.312809 0.867778 0.690000
15 0.323936 0.877778 0.670000
16 0.305633 0.871111 0.710000
17 0.315577 0.855556 0.630000
18 0.337035 0.867778 0.720000
19 0.330688 0.862222 0.700000
20 0.301113 0.870000 0.720000
21 0.301758 0.882222 0.710000
22 0.302738 0.872222 0.660000
23 0.370252 0.810000 0.720000
24 0.346766 0.886667 0.660000
25 0.288389 0.868889 0.750000
26 0.270926 0.868889 0.640000
27 0.274453 0.882222 0.660000
28 0.259219 0.898889 0.640000
29 0.263667 0.888889 0.690000
30 0.258586 0.872222 0.680000
31 0.266441 0.873333 0.720000
32 0.272473 0.882222 0.700000
33 0.283988 0.893333 0.700000
34 0.233721 0.892222 0.680000
35 0.229456 0.905556 0.710000
36 0.255155 0.900000 0.720000
37 0.245591 0.902222 0.680000
38 0.230830 0.898889 0.660000
39 0.251412 0.906667 0.680000
40 0.230170 0.893333 0.680000
41 0.234679 0.915556 0.660000
42 0.213755 0.907778 0.670000
43 0.210259 0.916667 0.680000
44 0.234943 0.910000 0.640000
45 0.220273 0.920000 0.670000
46 0.233058 0.913333 0.630000
47 0.243780 0.905556 0.720000
48 0.217185 0.910000 0.670000
49 0.207471 0.904444 0.680000
50 0.186311 0.923333 0.680000
51 0.176282 0.924444 0.640000
52 0.174699 0.932222 0.670000
53 0.188676 0.921111 0.640000
54 0.186070 0.924444 0.680000
55 0.180048 0.921111 0.670000
56 0.186371 0.927778 0.680000
57 0.168095 0.930000 0.670000
58 0.161173 0.935556 0.650000
59 0.253031 0.910000 0.700000
60 0.207210 0.920000 0.690000
61 0.198276 0.932222 0.690000
62 0.200712 0.924444 0.660000
63 0.184176 0.927778 0.660000
64 0.161137 0.941111 0.660000
65 0.176507 0.932222 0.690000
66 0.172500 0.933333 0.650000
67 0.258908 0.912222 0.740000
68 0.180272 0.924444 0.680000
69 0.166764 0.934444 0.700000
70 0.177615 0.925556 0.650000
71 0.171180 0.931111 0.690000
72 0.167267 0.928889 0.680000
73 0.196849 0.917778 0.660000
74 0.185493 0.936667 0.650000
75 0.178341 0.930000 0.670000
76 0.163085 0.928889 0.680000
77 0.151713 0.927778 0.690000
78 0.152402 0.936667 0.660000
79 0.148055 0.937778 0.690000
80 0.161987 0.938889 0.670000
81 0.158668 0.937778 0.700000
82 0.160024 0.930000 0.670000
83 0.155533 0.931111 0.660000
84 0.165074 0.938889 0.660000
85 0.153336 0.937778 0.680000
86 0.145105 0.940000 0.690000
87 0.164627 0.937778 0.680000
88 0.146701 0.936667 0.680000
89 0.138118 0.931111 0.670000
90 0.150947 0.934444 0.690000
91 0.162484 0.928889 0.640000
92 0.194368 0.924444 0.680000
93 0.177810 0.932222 0.670000
94 0.164018 0.935556 0.670000
95 0.155897 0.934444 0.650000
96 0.183735 0.930000 0.670000
97 0.153372 0.937778 0.640000
98 0.162475 0.932222 0.640000
99 0.140442 0.945556 0.660000
100 0.143113 0.942222 0.670000
101 0.148930 0.936667 0.660000
102 0.144271 0.944444 0.660000
103 0.133577 0.946667 0.690000
104 0.139464 0.944444 0.660000
105 0.133614 0.943333 0.680000
106 0.125286 0.944444 0.680000
107 0.153905 0.930000 0.690000
108 0.151093 0.946667 0.670000
109 0.134371 0.943333 0.650000
110 0.137638 0.945556 0.680000
111 0.119118 0.944444 0.670000
112 0.124512 0.945556 0.660000
113 0.131324 0.943333 0.650000
114 0.126181 0.944444 0.640000
115 0.132768 0.946667 0.640000
116 0.135970 0.944444 0.680000
117 0.129043 0.944444 0.700000
118 0.127921 0.945556 0.680000
119 0.132570 0.944444 0.660000
120 0.118301 0.946667 0.680000
121 0.120307 0.944444 0.690000
122 0.141645 0.943333 0.650000
123 0.129588 0.946667 0.650000
124 0.123057 0.944444 0.650000
125 0.126885 0.940000 0.670000
126 0.126899 0.943333 0.670000
127 0.114921 0.946667 0.660000
128 0.116323 0.945556 0.670000
129 0.131338 0.935556 0.690000
130 0.155260 0.944444 0.720000
131 0.138054 0.943333 0.660000
132 0.138458 0.942222 0.690000
133 0.136800 0.943333 0.670000
134 0.138490 0.948889 0.710000
135 0.126574 0.946667 0.680000
136 0.132190 0.945556 0.680000
137 0.123364 0.948889 0.660000
138 0.126560 0.945556 0.670000
139 0.128072 0.943333 0.690000
140 0.126419 0.944444 0.650000
141 0.132228 0.946667 0.670000
142 0.134176 0.945556 0.690000
143 0.123365 0.948889 0.680000
144 0.128263 0.947778 0.690000
145 0.120492 0.951111 0.660000
146 0.115755 0.947778 0.680000
147 0.119562 0.946667 0.660000
148 0.120159 0.946667 0.680000
149 0.115348 0.948889 0.700000
150 0.113523 0.951111 0.670000
151 0.122766 0.950000 0.650000
152 0.116952 0.952222 0.680000
153 0.120424 0.954444 0.680000
154 0.109700 0.948889 0.680000
155 0.117201 0.945556 0.650000
156 0.114585 0.952222 0.700000
157 0.108239 0.955556 0.700000
158 0.105189 0.948889 0.650000
159 0.109264 0.952222 0.650000
160 0.113188 0.952222 0.640000
161 0.112993 0.953333 0.620000
162 0.105597 0.952222 0.640000
163 0.120864 0.952222 0.680000
164 0.113045 0.954444 0.660000
165 0.106464 0.950000 0.640000
166 0.115530 0.946667 0.700000
167 0.111515 0.954444 0.660000
168 0.110090 0.955556 0.660000
169 0.107483 0.953333 0.640000
170 0.107092 0.953333 0.640000
171 0.108723 0.956667 0.650000
172 0.110928 0.951111 0.670000
173 0.112930 0.954444 0.650000
174 0.101380 0.953333 0.650000
175 0.116514 0.952222 0.630000
176 0.119461 0.952222 0.650000
177 0.113037 0.951111 0.670000
178 0.114043 0.952222 0.670000
179 0.106738 0.951111 0.670000
180 0.126701 0.952222 0.650000
181 0.119340 0.952222 0.670000
182 0.112017 0.953333 0.660000
183 0.105688 0.954444 0.640000
184 0.105607 0.953333 0.630000
185 0.104166 0.954444 0.650000
186 0.105163 0.955556 0.650000
187 0.121918 0.953333 0.660000
188 0.111899 0.955556 0.640000
189 0.102245 0.948889 0.630000
190 0.106351 0.952222 0.640000
191 0.110674 0.954444 0.670000
192 0.103808 0.953333 0.690000
193 0.108282 0.953333 0.640000
194 0.118813 0.953333 0.640000
195 0.112876 0.954444 0.670000
196 0.114909 0.953333 0.650000
197 0.102783 0.955556 0.670000
198 0.101614 0.954444 0.640000
199 0.108149 0.954444 0.670000
200 0.095330 0.955556 0.630000
201 0.098512 0.956667 0.660000
202 0.103899 0.955556 0.670000
203 0.097368 0.955556 0.670000
204 0.097275 0.954444 0.640000
205 0.098646 0.958889 0.670000
206 0.100839 0.955556 0.680000
207 0.104840 0.953333 0.640000
208 0.104755 0.956667 0.670000
209 0.097951 0.956667 0.650000
210 0.102237 0.956667 0.680000
211 0.103715 0.955556 0.660000
212 0.094957 0.956667 0.660000
213 0.097083 0.957778 0.670000
214 0.106208 0.957778 0.670000
215 0.105952 0.955556 0.670000
216 0.099797 0.954444 0.650000
217 0.097685 0.953333 0.650000
218 0.107782 0.958889 0.670000
219 0.102464 0.958889 0.660000
220 0.096813 0.957778 0.650000
221 0.099932 0.956667 0.670000
222 0.098263 0.958889 0.650000
223 0.103778 0.957778 0.650000
224 0.104134 0.955556 0.660000
225 0.099693 0.955556 0.660000
226 0.099462 0.957778 0.650000
227 0.099340 0.958889 0.680000
228 0.097355 0.956667 0.650000
229 0.090887 0.955556 0.650000
230 0.095797 0.956667 0.650000
231 0.093143 0.956667 0.650000
232 0.103121 0.956667 0.640000
233 0.101813 0.955556 0.640000
234 0.097402 0.953333 0.650000
235 0.100490 0.955556 0.640000
236 0.098978 0.957778 0.670000
237 0.104610 0.957778 0.650000
238 0.097759 0.954444 0.680000
239 0.093956 0.955556 0.660000
240 0.094341 0.958889 0.680000
241 0.094512 0.955556 0.660000
242 0.103360 0.955556 0.680000
243 0.099149 0.956667 0.670000
244 0.095997 0.957778 0.660000
245 0.098944 0.956667 0.640000
246 0.092023 0.955556 0.660000
247 0.108635 0.956667 0.640000
248 0.097351 0.957778 0.660000
249 0.101919 0.956667 0.680000
250 0.095491 0.957778 0.670000
251 0.095543 0.958889 0.670000
252 0.096778 0.956667 0.660000
253 0.087309 0.956667 0.660000
254 0.089106 0.958889 0.660000
255 0.096054 0.955556 0.650000
256 0.096630 0.958889 0.650000
257 0.089482 0.957778 0.680000
258 0.095763 0.958889 0.650000
259 0.094073 0.958889 0.650000
260 0.091252 0.960000 0.670000
261 0.095324 0.956667 0.640000
262 0.090671 0.958889 0.660000
263 0.094081 0.958889 0.660000
264 0.094475 0.958889 0.660000
265 0.096912 0.957778 0.670000
266 0.095304 0.956667 0.640000
267 0.098151 0.960000 0.650000
268 0.091888 0.955556 0.670000
269 0.094781 0.957778 0.670000
270 0.107705 0.957778 0.640000
271 0.093970 0.957778 0.660000
272 0.094803 0.956667 0.650000
273 0.092024 0.957778 0.640000
274 0.096723 0.958889 0.660000
275 0.095169 0.958889 0.670000
276 0.100181 0.956667 0.650000
277 0.096224 0.958889 0.660000
278 0.095333 0.960000 0.660000
279 0.095930 0.958889 0.660000
280 0.093173 0.958889 0.660000
281 0.090202 0.957778 0.640000
282 0.100179 0.958889 0.650000
283 0.092697 0.957778 0.660000
284 0.099705 0.958889 0.660000
285 0.095117 0.957778 0.630000
286 0.098632 0.958889 0.640000
287 0.098352 0.957778 0.650000
288 0.098141 0.960000 0.660000
289 0.096623 0.960000 0.640000
290 0.103392 0.957778 0.670000
291 0.094039 0.960000 0.670000
292 0.093723 0.958889 0.660000
293 0.090935 0.957778 0.660000
294 0.091949 0.958889 0.650000
295 0.095534 0.957778 0.650000
296 0.097291 0.956667 0.660000
297 0.090149 0.957778 0.650000
298 0.097008 0.957778 0.660000
299 0.094112 0.958889 0.660000
300 0.092470 0.960000 0.650000
301 0.090431 0.960000 0.650000
302 0.097503 0.958889 0.670000
303 0.095799 0.958889 0.650000
304 0.085689 0.960000 0.650000
305 0.092517 0.960000 0.650000
306 0.087566 0.960000 0.650000
307 0.084976 0.958889 0.670000
308 0.096270 0.958889 0.660000
309 0.092715 0.960000 0.650000
310 0.092288 0.958889 0.650000
311 0.099643 0.960000 0.650000
312 0.086032 0.958889 0.640000
313 0.098518 0.960000 0.640000
314 0.084187 0.960000 0.640000
315 0.086523 0.957778 0.640000
316 0.095498 0.960000 0.640000
317 0.093151 0.957778 0.640000
318 0.092795 0.960000 0.640000
319 0.100459 0.960000 0.640000
320 0.087052 0.958889 0.640000
321 0.091484 0.960000 0.650000
322 0.093885 0.960000 0.660000
323 0.090892 0.958889 0.660000
324 0.090217 0.958889 0.660000
325 0.095637 0.960000 0.680000
326 0.088009 0.960000 0.660000
327 0.086646 0.958889 0.650000
328 0.092230 0.960000 0.650000
329 0.091761 0.960000 0.680000
330 0.089062 0.960000 0.650000
331 0.093831 0.960000 0.670000
332 0.088993 0.960000 0.660000
333 0.086968 0.960000 0.650000
334 0.089409 0.960000 0.650000
335 0.084947 0.960000 0.650000
336 0.094720 0.960000 0.670000
337 0.091169 0.960000 0.660000
338 0.096100 0.958889 0.660000
339 0.096839 0.960000 0.650000
340 0.097318 0.960000 0.650000
341 0.093850 0.958889 0.650000
342 0.095362 0.958889 0.660000
343 0.095721 0.960000 0.670000
344 0.091330 0.960000 0.670000
345 0.091802 0.960000 0.660000
346 0.096586 0.960000 0.680000
347 0.097396 0.960000 0.680000
348 0.099087 0.958889 0.690000
349 0.091911 0.960000 0.650000
350 0.091563 0.960000 0.670000
