1 365.753290 0.315181 0.332000
2 142.764359 0.412092 0.440000
3 55.319714 0.424983 0.436000
4 36.582499 0.398311 0.438000
5 42.379902 0.441209 0.444000
6 29.761010 0.360969 0.358000
7 18.293862 0.417648 0.412000
8 23.820656 0.412981 0.388000
9 17.908812 0.450100 0.466000
10 16.218089 0.419204 0.434000
11 19.118543 0.382085 0.386000
12 12.115092 0.449878 0.436000
13 15.074795 0.428762 0.394000
14 9.150712 0.501889 0.520000
15 7.727517 0.378973 0.370000
16 5.889247 0.426539 0.452000
17 4.053815 0.335186 0.362000
18 5.455862 0.407424 0.404000
19 4.610454 0.398978 0.388000
20 4.630855 0.481885 0.470000
21 7.780736 0.356746 0.368000
22 4.928962 0.453212 0.458000
23 3.325773 0.426317 0.420000
24 3.485613 0.448322 0.482000
25 3.213939 0.456101 0.470000
26 2.671926 0.487664 0.478000
27 2.011728 0.412314 0.388000
28 2.281581 0.509224 0.524000
29 1.983234 0.447433 0.448000
30 2.477203 0.334963 0.344000
31 1.967669 0.435430 0.464000
32 2.724694 0.455657 0.452000
33 2.200297 0.435875 0.428000
34 1.878301 0.454101 0.442000
35 2.284372 0.481885 0.488000
36 2.243584 0.485219 0.494000
37 2.023013 0.468549 0.494000
38 2.188995 0.456324 0.486000
39 1.806703 0.511447 0.518000
40 1.966668 0.448322 0.474000
41 1.771146 0.444543 0.422000
42 2.137827 0.463881 0.480000
43 2.623953 0.444543 0.456000
44 2.125777 0.391865 0.366000
45 3.821591 0.380974 0.378000
46 2.807259 0.490998 0.506000
47 2.108509 0.492109 0.504000
48 1.860610 0.401645 0.418000
49 1.840269 0.494110 0.512000
50 1.537030 0.464548 0.476000
51 1.596765 0.457657 0.476000
52 1.642916 0.494110 0.502000
53 1.564736 0.511669 0.520000
54 1.560252 0.440098 0.448000
55 1.479702 0.355190 0.370000
56 1.649008 0.438542 0.454000
57 1.544710 0.522338 0.530000
58 1.482884 0.487219 0.520000
59 1.518269 0.465437 0.454000
60 1.504055 0.442098 0.478000
61 3.251796 0.377195 0.384000
62 3.183148 0.398311 0.390000
63 3.285788 0.494777 0.516000
64 2.350042 0.488108 0.514000
65 2.863674 0.462547 0.478000
66 2.566001 0.400756 0.392000
67 2.363079 0.453879 0.488000
68 2.640889 0.454323 0.484000
69 2.385420 0.485663 0.508000
70 2.288139 0.476995 0.462000
