1 155.001001 0.570556 0.580000
2 62.330305 0.677222 0.680000
3 15.128514 0.770556 0.755000
4 13.161900 0.674444 0.675000
5 11.259227 0.542222 0.535000
6 8.883117 0.754444 0.735000
7 9.370894 0.717778 0.685000
8 12.523320 0.750000 0.740000
9 2.893662 0.611667 0.570000
10 3.133781 0.700000 0.715000
11 3.111628 0.698889 0.675000
12 3.408267 0.762778 0.745000
13 1.965907 0.790000 0.750000
14 3.098100 0.772778 0.740000
15 1.664893 0.658333 0.650000
16 3.058415 0.757778 0.745000
17 1.495157 0.786111 0.730000
18 1.932206 0.583889 0.550000
19 5.026940 0.777222 0.740000
20 7.520238 0.711667 0.655000
21 4.057814 0.673333 0.605000
22 3.926500 0.751111 0.730000
23 2.174094 0.692222 0.665000
24 2.697059 0.789444 0.730000
25 1.723545 0.726667 0.720000
26 1.634154 0.772222 0.755000
27 0.930110 0.755000 0.745000
28 1.531280 0.622778 0.560000
29 1.225418 0.702222 0.660000
30 1.628071 0.775000 0.740000
31 3.146697 0.770556 0.750000
32 1.099479 0.767222 0.755000
33 0.962493 0.760000 0.740000
34 0.821907 0.745000 0.725000
35 0.735854 0.712222 0.685000
36 0.897777 0.775000 0.730000
37 1.543425 0.721667 0.720000
38 3.901214 0.783889 0.745000
39 3.038818 0.764444 0.705000
40 2.392347 0.762778 0.740000
41 0.873704 0.652778 0.615000
42 0.783699 0.776667 0.720000
43 0.709408 0.766667 0.715000
44 1.312631 0.766111 0.760000
45 0.855750 0.713889 0.715000
46 0.865845 0.774444 0.745000
47 0.691095 0.757778 0.730000
48 0.681384 0.735556 0.695000
49 0.825225 0.666111 0.635000
50 0.667918 0.772222 0.730000
51 0.663819 0.741667 0.730000
52 0.779879 0.769444 0.730000
53 0.697040 0.786111 0.725000
54 0.662345 0.773333 0.705000
55 0.638980 0.761111 0.695000
56 0.637410 0.767778 0.750000
57 0.764244 0.751667 0.735000
58 0.693026 0.760000 0.705000
59 0.658425 0.781111 0.720000
60 0.684124 0.772778 0.730000
61 0.714290 0.750000 0.740000
62 0.660310 0.771111 0.745000
63 0.639034 0.755000 0.720000
64 0.611304 0.763889 0.705000
65 0.711872 0.773889 0.755000
66 0.608699 0.754444 0.745000
67 0.709976 0.773333 0.725000
68 0.683579 0.739444 0.695000
69 0.844620 0.765556 0.725000
70 0.636301 0.755556 0.695000
71 0.674562 0.755000 0.740000
72 0.691543 0.740556 0.740000
73 0.728006 0.749444 0.740000
74 0.775873 0.784444 0.735000
75 0.640524 0.766667 0.745000
76 0.649099 0.772778 0.715000
77 0.594842 0.772222 0.740000
78 0.723440 0.755556 0.735000
79 0.670934 0.773333 0.745000
80 0.739595 0.748333 0.735000
81 0.692089 0.767222 0.765000
82 0.672099 0.759444 0.710000
83 0.587248 0.771667 0.750000
84 0.679118 0.728333 0.720000
85 0.674998 0.746667 0.680000
86 0.598810 0.754444 0.740000
87 0.665703 0.762222 0.740000
88 0.701985 0.777222 0.730000
89 0.581907 0.772222 0.760000
90 0.714863 0.760556 0.745000
91 0.693737 0.763333 0.715000
92 0.614575 0.742778 0.735000
93 0.695964 0.606111 0.575000
94 0.733163 0.769444 0.755000
95 0.592686 0.767222 0.720000
96 0.591325 0.773333 0.760000
97 0.640007 0.743889 0.700000
98 0.573892 0.752222 0.740000
99 0.612624 0.778333 0.730000
100 0.645631 0.781667 0.710000
101 0.576026 0.765000 0.690000
102 0.606238 0.764444 0.685000
103 0.565572 0.772222 0.755000
104 0.544640 0.773889 0.735000
105 0.569399 0.711667 0.660000
106 0.567153 0.756111 0.710000
107 0.576590 0.750556 0.690000
108 0.550256 0.776111 0.735000
109 0.604171 0.765556 0.750000
110 0.600678 0.778333 0.720000
111 0.556079 0.775556 0.755000
112 0.581944 0.777778 0.755000
113 0.538579 0.776111 0.740000
114 0.584720 0.737222 0.730000
115 0.562787 0.772222 0.735000
116 0.545667 0.747222 0.740000
117 0.579917 0.775000 0.755000
118 0.593114 0.765000 0.750000
119 0.568311 0.760556 0.710000
120 0.558447 0.773333 0.755000
121 0.565075 0.789444 0.735000
122 0.542829 0.778889 0.705000
123 0.578502 0.793333 0.740000
124 0.568194 0.775000 0.760000
125 0.567615 0.791667 0.730000
126 0.540518 0.778889 0.760000
127 0.580054 0.760000 0.740000
128 0.569949 0.750556 0.740000
129 0.599866 0.776111 0.750000
130 0.558620 0.796111 0.755000
131 0.565319 0.778333 0.755000
132 0.592145 0.760556 0.745000
133 0.612637 0.775556 0.760000
134 0.550600 0.788333 0.730000
135 0.554883 0.793889 0.745000
136 0.541198 0.777222 0.760000
137 0.615948 0.776667 0.760000
138 0.652170 0.793333 0.765000
139 0.558717 0.796111 0.770000
140 0.541110 0.751111 0.740000
141 0.534776 0.782778 0.760000
142 0.531694 0.763333 0.745000
143 0.536286 0.789444 0.760000
144 0.518599 0.791667 0.770000
145 0.542038 0.754444 0.740000
146 0.565565 0.776667 0.760000
147 0.538865 0.786667 0.770000
148 0.527693 0.801667 0.765000
149 0.527921 0.773333 0.760000
150 0.524752 0.785556 0.760000
151 0.517157 0.783333 0.760000
152 0.528953 0.798889 0.765000
153 0.520545 0.768889 0.750000
154 0.509692 0.796667 0.765000
155 0.521224 0.761111 0.750000
156 0.523654 0.797222 0.760000
157 0.516635 0.800556 0.770000
158 0.508800 0.798333 0.765000
159 0.524677 0.790556 0.760000
160 0.524065 0.746667 0.735000
161 0.518204 0.793333 0.775000
162 0.497411 0.767222 0.750000
163 0.609333 0.752778 0.705000
164 0.526109 0.726111 0.705000
165 0.521679 0.773889 0.750000
166 0.537484 0.767222 0.750000
167 0.524620 0.783333 0.730000
168 0.535884 0.798889 0.750000
169 0.505606 0.774444 0.720000
170 0.507871 0.788889 0.745000
171 0.514422 0.766667 0.745000
172 0.509409 0.778889 0.750000
173 0.532565 0.751111 0.740000
174 0.536722 0.785000 0.745000
175 0.508212 0.791667 0.735000
176 0.541850 0.775000 0.755000
177 0.520815 0.751667 0.740000
178 0.538901 0.788333 0.730000
179 0.526395 0.749444 0.740000
180 0.522063 0.768889 0.735000
181 0.569531 0.778333 0.755000
182 0.524380 0.767222 0.750000
183 0.529226 0.791111 0.730000
184 0.530215 0.755556 0.740000
185 0.535138 0.792778 0.735000
186 0.516830 0.667778 0.655000
187 0.541582 0.748889 0.735000
188 0.518751 0.750556 0.740000
189 0.559979 0.772222 0.725000
190 0.514208 0.769444 0.725000
191 0.523942 0.772222 0.750000
192 0.513073 0.765000 0.750000
193 0.517685 0.781111 0.730000
194 0.529504 0.791667 0.740000
195 0.513371 0.773889 0.760000
196 0.522513 0.775556 0.750000
197 0.522297 0.765556 0.750000
198 0.510918 0.769444 0.745000
199 0.521070 0.741667 0.725000
200 0.502534 0.785556 0.725000
201 0.535753 0.773333 0.745000
202 0.500357 0.783333 0.750000
203 0.518954 0.760556 0.745000
204 0.505044 0.776111 0.750000
205 0.508917 0.780000 0.745000
206 0.516311 0.782222 0.755000
207 0.496181 0.775556 0.760000
208 0.516046 0.781111 0.735000
209 0.510404 0.790000 0.740000
210 0.522110 0.777222 0.755000
211 0.510569 0.750000 0.735000
212 0.515595 0.759444 0.745000
213 0.523682 0.752778 0.740000
214 0.505403 0.775556 0.750000
215 0.530041 0.780000 0.760000
216 0.521570 0.766667 0.730000
217 0.503217 0.752222 0.740000
218 0.500202 0.777778 0.745000
219 0.508507 0.787222 0.745000
220 0.506761 0.773889 0.740000
221 0.502768 0.782222 0.755000
222 0.502433 0.790556 0.735000
223 0.509119 0.780000 0.760000
224 0.514829 0.767222 0.740000
225 0.527161 0.748889 0.735000
226 0.519603 0.785000 0.730000
227 0.506163 0.749444 0.730000
228 0.493629 0.783889 0.745000
229 0.504067 0.779444 0.745000
230 0.491688 0.780000 0.740000
231 0.525615 0.751667 0.740000
232 0.652993 0.753333 0.745000
233 0.507834 0.755556 0.750000
234 0.526575 0.779444 0.745000
235 0.506812 0.752222 0.740000
236 0.512094 0.795000 0.770000
237 0.526972 0.752222 0.730000
238 0.506031 0.757222 0.745000
239 0.494218 0.801111 0.770000
240 0.485829 0.759444 0.745000
241 0.500824 0.767778 0.750000
242 0.520997 0.770000 0.750000
243 0.491638 0.781667 0.755000
244 0.511275 0.788333 0.765000
245 0.503804 0.791667 0.785000
246 0.490496 0.797778 0.765000
247 0.489443 0.801111 0.765000
248 0.488596 0.770000 0.750000
249 0.497505 0.781111 0.750000
250 0.482905 0.812778 0.780000
251 0.488306 0.808333 0.780000
252 0.485905 0.777222 0.755000
253 0.480950 0.790556 0.775000
254 0.462930 0.799444 0.785000
255 0.488037 0.799444 0.770000
256 0.472204 0.738333 0.750000
257 0.480506 0.766111 0.745000
258 0.473273 0.818889 0.795000
259 0.467334 0.774444 0.760000
260 0.482716 0.806111 0.770000
261 0.470713 0.822778 0.795000
262 0.480412 0.804444 0.800000
263 0.479297 0.780000 0.760000
264 0.468923 0.800556 0.770000
265 0.468018 0.824444 0.805000
266 0.468441 0.814444 0.795000
267 0.464929 0.812222 0.785000
268 0.466248 0.821667 0.810000
269 0.438676 0.812778 0.790000
270 0.463072 0.781111 0.755000
271 0.460464 0.810000 0.800000
272 0.452996 0.821111 0.795000
273 0.446012 0.826111 0.795000
274 0.499022 0.791667 0.760000
275 0.504751 0.817778 0.780000
276 0.478900 0.818333 0.780000
277 0.474050 0.799444 0.775000
278 0.456146 0.826667 0.800000
279 0.460318 0.807778 0.770000
280 0.455915 0.828889 0.810000
281 0.455450 0.821111 0.795000
282 0.597777 0.818333 0.795000
283 0.460471 0.820556 0.800000
284 0.461750 0.821667 0.805000
285 0.443219 0.817778 0.805000
286 0.495712 0.718333 0.715000
287 0.461658 0.780556 0.760000
288 0.469228 0.812778 0.795000
289 0.448045 0.827222 0.795000
290 0.447878 0.829444 0.795000
291 0.446831 0.811111 0.790000
292 0.456891 0.816667 0.775000
293 0.440781 0.812778 0.790000
294 0.459205 0.814444 0.775000
295 0.453237 0.819444 0.790000
296 0.445222 0.823889 0.785000
297 0.445711 0.833333 0.820000
298 0.436810 0.833889 0.810000
299 0.434978 0.839444 0.820000
300 0.446825 0.835000 0.815000
301 0.435627 0.836667 0.815000
302 0.448249 0.833333 0.815000
303 0.458586 0.835000 0.815000
304 0.434743 0.836667 0.815000
305 0.439775 0.835000 0.825000
306 0.445079 0.825556 0.800000
307 0.430979 0.835556 0.820000
308 0.444554 0.841667 0.820000
309 0.436539 0.838889 0.815000
310 0.444483 0.836667 0.825000
311 0.435660 0.837222 0.825000
312 0.433629 0.814444 0.785000
313 0.431851 0.839444 0.820000
314 0.438336 0.832222 0.810000
315 0.434759 0.837778 0.830000
316 0.446229 0.836667 0.825000
317 0.444696 0.840556 0.820000
318 0.440707 0.843333 0.825000
319 0.441227 0.837778 0.820000
320 0.436081 0.831667 0.805000
321 0.443142 0.803889 0.765000
322 0.428289 0.827222 0.790000
323 0.432408 0.831667 0.810000
324 0.449310 0.830000 0.805000
325 0.426658 0.835000 0.830000
326 0.437993 0.838333 0.830000
327 0.428171 0.838889 0.825000
328 0.443077 0.836667 0.805000
329 0.432250 0.833889 0.820000
330 0.425645 0.841667 0.820000
331 0.427303 0.835000 0.825000
332 0.427762 0.835556 0.805000
333 0.436761 0.840556 0.830000
334 0.428746 0.838889 0.830000
335 0.431289 0.845000 0.820000
336 0.438555 0.798333 0.765000
337 0.430837 0.838889 0.825000
338 0.433879 0.808889 0.775000
339 0.444351 0.838333 0.815000
340 0.415346 0.835000 0.820000
341 0.434033 0.838889 0.830000
342 0.437202 0.839444 0.820000
343 0.433213 0.812778 0.770000
344 0.435171 0.838889 0.825000
345 0.431191 0.839444 0.820000
346 0.433236 0.842222 0.835000
347 0.436984 0.830000 0.795000
348 0.443438 0.815000 0.775000
349 0.444230 0.816667 0.790000
350 0.421992 0.839444 0.835000
