1 374.594697 0.277556 0.274549
2 167.368168 0.283556 0.298597
3 61.669341 0.403333 0.426854
4 40.694997 0.469556 0.511022
5 25.139321 0.420889 0.418838
6 29.492230 0.429556 0.426854
7 30.575595 0.412667 0.426854
8 22.738216 0.409556 0.422846
9 18.035693 0.446889 0.468938
10 19.593405 0.403333 0.424850
11 17.457214 0.404222 0.408818
12 12.034099 0.446444 0.486974
13 14.673995 0.462667 0.478958
14 8.138790 0.496889 0.531062
15 11.489031 0.466667 0.501002
16 7.311325 0.438000 0.450902
17 6.705767 0.425333 0.424850
18 6.233708 0.426444 0.456914
19 4.041746 0.444222 0.454910
20 4.036531 0.414222 0.412826
21 5.715997 0.413778 0.396794
22 5.275069 0.421111 0.446894
23 3.993194 0.286444 0.308617
24 3.309599 0.512889 0.553106
25 4.323527 0.223333 0.220441
26 3.258266 0.454222 0.482966
27 2.558880 0.431111 0.436874
28 3.594947 0.449556 0.478958
29 3.281954 0.360000 0.364729
30 2.441147 0.486000 0.501002
31 2.255810 0.463556 0.474950
32 2.220680 0.479333 0.513026
33 2.127834 0.470889 0.501002
34 2.237764 0.368222 0.384770
35 2.232383 0.434889 0.462926
36 2.345482 0.452444 0.468938
37 1.941822 0.370667 0.374749
38 1.932175 0.324000 0.328657
39 2.211134 0.487778 0.505010
40 4.958109 0.363778 0.362725
41 3.151934 0.398667 0.400802
42 2.156674 0.422444 0.436874
43 2.521574 0.435111 0.454910
44 2.006498 0.469778 0.474950
45 1.938319 0.510667 0.539078
46 1.891578 0.461111 0.488978
47 1.937577 0.440222 0.456914
48 1.893209 0.464889 0.484970
49 1.983372 0.455111 0.484970
50 1.551286 0.474889 0.513026
51 1.485148 0.471556 0.494990
52 1.491770 0.443333 0.454910
53 1.511255 0.496667 0.521042
54 1.470143 0.467556 0.474950
55 1.547711 0.476222 0.507014
56 1.599564 0.469111 0.498998
57 1.499885 0.472444 0.501002
58 1.480344 0.506000 0.545090
59 1.528873 0.355111 0.388778
60 1.563682 0.482444 0.509018
61 1.479807 0.506889 0.529058
62 1.463304 0.494889 0.549098
63 1.643835 0.453111 0.466934
64 1.515952 0.439556 0.476954
65 1.626573 0.497556 0.517034
66 4.762110 0.323556 0.326653
67 2.599068 0.404222 0.402806
68 1.723019 0.345111 0.346693
69 1.741490 0.469111 0.492986
70 1.741474 0.466889 0.480962
