1 120.516798 0.598889 0.610000
2 38.845394 0.613889 0.625000
3 22.476681 0.621667 0.675000
4 11.934332 0.578889 0.585000
5 12.409972 0.656111 0.685000
6 5.644026 0.695000 0.745000
7 8.887623 0.678889 0.720000
8 7.343676 0.600000 0.610000
9 6.535154 0.703333 0.745000
10 4.122254 0.733889 0.770000
11 4.655682 0.700000 0.740000
12 4.144569 0.613889 0.640000
13 3.274071 0.738333 0.785000
14 9.216786 0.691111 0.740000
15 2.192855 0.670556 0.690000
16 5.619936 0.711111 0.760000
17 4.890600 0.756111 0.800000
18 2.608902 0.710556 0.755000
19 2.057783 0.712778 0.755000
20 2.160087 0.731667 0.785000
21 1.590497 0.658889 0.685000
22 2.115933 0.760000 0.810000
23 1.446403 0.602778 0.635000
24 1.368679 0.714444 0.755000
25 1.304540 0.761111 0.830000
26 1.252494 0.725556 0.780000
27 1.688489 0.728889 0.770000
28 1.207069 0.707778 0.760000
29 1.047974 0.722778 0.780000
30 1.202493 0.764444 0.825000
31 1.013073 0.697222 0.740000
32 1.035520 0.738333 0.800000
33 0.811508 0.763333 0.835000
34 0.863951 0.755000 0.790000
35 0.851011 0.743333 0.795000
36 0.705293 0.741111 0.800000
37 0.833221 0.733333 0.780000
38 1.013772 0.733333 0.785000
39 0.889704 0.740000 0.805000
40 0.900993 0.678889 0.730000
41 0.915433 0.716111 0.755000
42 1.349084 0.719444 0.765000
43 1.073795 0.623889 0.630000
44 1.105313 0.711667 0.760000
45 0.952150 0.687778 0.735000
46 0.844192 0.757778 0.815000
47 0.993767 0.737222 0.790000
48 0.685982 0.578889 0.590000
49 1.181930 0.589444 0.610000
50 1.166294 0.735556 0.785000
51 0.754520 0.777778 0.830000
52 0.743599 0.738333 0.810000
53 0.675076 0.744444 0.800000
54 0.643359 0.650556 0.660000
55 0.692182 0.728333 0.770000
56 0.675405 0.575000 0.595000
57 0.624361 0.732778 0.775000
58 0.705787 0.756667 0.815000
59 0.807968 0.733333 0.785000
60 0.685447 0.766667 0.820000
61 0.880585 0.734444 0.785000
62 0.721652 0.731111 0.795000
63 0.688821 0.751667 0.795000
64 0.685814 0.762778 0.795000
65 0.636209 0.658333 0.715000
66 0.655844 0.695556 0.750000
67 0.619292 0.760556 0.800000
68 0.648109 0.742222 0.795000
69 0.750636 0.780000 0.840000
70 0.706556 0.761667 0.810000
71 0.685773 0.736111 0.785000
72 0.662919 0.662778 0.675000
73 0.738390 0.757778 0.800000
74 0.620568 0.759444 0.810000
75 0.655810 0.772222 0.825000
76 0.638064 0.781111 0.845000
77 0.628369 0.758889 0.795000
78 0.643400 0.770556 0.820000
79 0.662581 0.758333 0.800000
80 0.716192 0.771111 0.825000
81 0.620631 0.747222 0.785000
82 0.722006 0.766111 0.800000
83 0.730359 0.750556 0.790000
84 0.684726 0.758889 0.790000
85 0.607727 0.736111 0.775000
86 0.659940 0.732778 0.770000
87 0.712765 0.748333 0.795000
88 0.608224 0.731111 0.765000
89 0.611954 0.765000 0.795000
90 0.651706 0.743889 0.785000
91 0.633223 0.795000 0.840000
92 0.561906 0.735556 0.785000
93 0.721022 0.787222 0.845000
94 0.670608 0.739444 0.785000
95 0.629259 0.790556 0.815000
96 0.638659 0.767222 0.815000
97 0.691509 0.756667 0.795000
98 0.671689 0.735556 0.785000
99 0.748018 0.747778 0.780000
100 0.642326 0.776667 0.805000
101 0.824081 0.764444 0.805000
102 0.571766 0.750000 0.790000
103 0.722909 0.765556 0.800000
104 0.542780 0.790000 0.825000
105 0.554798 0.771667 0.800000
106 0.551812 0.773889 0.805000
107 0.664615 0.757778 0.785000
108 0.595034 0.736667 0.785000
109 0.550391 0.765556 0.815000
110 0.578777 0.750556 0.775000
111 0.573482 0.749444 0.795000
112 0.577264 0.740556 0.790000
113 0.546706 0.776667 0.835000
114 0.580386 0.741111 0.785000
115 0.540885 0.779444 0.830000
116 0.572424 0.753333 0.790000
117 0.530949 0.797222 0.835000
118 0.556079 0.757222 0.805000
119 0.567459 0.782778 0.825000
120 0.546156 0.775000 0.820000
121 0.585022 0.763333 0.795000
122 0.570553 0.760556 0.795000
123 0.654021 0.736667 0.770000
124 0.608905 0.715556 0.750000
125 0.579080 0.724444 0.760000
126 0.575993 0.763889 0.810000
127 0.616820 0.756667 0.790000
128 0.681904 0.776111 0.830000
129 0.671101 0.742222 0.785000
130 0.603106 0.743889 0.785000
131 0.622709 0.731667 0.775000
132 0.606437 0.771111 0.810000
133 0.559368 0.776111 0.820000
134 0.667598 0.703889 0.715000
135 0.568473 0.761667 0.795000
136 0.634366 0.769444 0.825000
137 0.860610 0.680556 0.680000
138 0.596420 0.763333 0.815000
139 0.662702 0.799444 0.830000
140 0.584573 0.788333 0.845000
141 0.597591 0.777222 0.825000
142 0.589207 0.742222 0.790000
143 0.560834 0.758889 0.800000
144 0.548912 0.746111 0.785000
145 0.655917 0.743889 0.795000
146 0.579552 0.739444 0.790000
147 0.560610 0.741667 0.790000
148 0.629965 0.740000 0.785000
149 0.590789 0.710556 0.720000
150 0.580350 0.796111 0.820000
151 0.556266 0.784444 0.815000
152 0.541776 0.742222 0.770000
153 0.541921 0.753889 0.795000
154 0.583820 0.754444 0.795000
155 0.530089 0.736111 0.780000
156 0.574962 0.786667 0.845000
157 0.533605 0.757778 0.795000
158 0.532746 0.740556 0.790000
159 0.562880 0.747778 0.790000
160 0.543978 0.739444 0.790000
161 0.542223 0.792222 0.830000
162 0.593726 0.783333 0.820000
163 0.556625 0.743333 0.765000
164 0.554442 0.765000 0.800000
165 0.671945 0.796111 0.855000
166 0.622879 0.752222 0.795000
167 0.537318 0.706111 0.720000
168 0.550026 0.777222 0.820000
169 0.525221 0.783889 0.830000
170 0.608064 0.775556 0.820000
171 0.540525 0.792778 0.825000
172 0.571900 0.737778 0.785000
173 0.570451 0.741111 0.785000
174 0.546471 0.755000 0.770000
175 0.528256 0.783889 0.830000
176 0.535544 0.746111 0.790000
177 0.545022 0.737222 0.785000
178 0.566655 0.798889 0.825000
179 0.543056 0.737778 0.780000
180 0.527498 0.777778 0.795000
181 0.541676 0.750000 0.785000
182 0.541217 0.738889 0.785000
183 0.556244 0.790000 0.790000
184 0.556392 0.736667 0.790000
185 0.555130 0.781111 0.850000
186 0.528741 0.741111 0.775000
187 0.529537 0.749444 0.780000
188 0.530764 0.737222 0.785000
189 0.513300 0.780556 0.805000
190 0.534524 0.743333 0.785000
191 0.514879 0.760556 0.780000
192 0.512716 0.743333 0.785000
193 0.556521 0.796111 0.830000
194 0.541510 0.783889 0.780000
195 0.555682 0.759444 0.775000
196 0.547701 0.751111 0.785000
197 0.521592 0.742778 0.785000
198 0.534687 0.672222 0.670000
199 0.541849 0.746667 0.790000
200 0.520581 0.772778 0.815000
201 0.516222 0.745000 0.800000
202 0.528559 0.745556 0.795000
203 0.510169 0.749444 0.795000
204 0.519293 0.746667 0.785000
205 0.517159 0.752778 0.795000
206 0.504331 0.777222 0.805000
207 0.517024 0.750000 0.785000
208 0.488356 0.743333 0.785000
209 0.530433 0.775556 0.790000
210 0.514956 0.741111 0.785000
211 0.510276 0.743333 0.780000
212 0.506294 0.737778 0.785000
213 0.526267 0.755556 0.770000
214 0.506939 0.747778 0.790000
215 0.533685 0.755556 0.785000
216 0.516798 0.771667 0.780000
217 0.509839 0.748333 0.760000
218 0.511276 0.757222 0.790000
219 0.501342 0.754444 0.790000
220 0.512623 0.760556 0.795000
221 0.513412 0.753889 0.785000
222 0.512371 0.767778 0.790000
223 0.571045 0.758889 0.785000
224 0.525502 0.744444 0.790000
225 0.541014 0.742778 0.785000
226 0.525767 0.781667 0.770000
227 0.517044 0.742222 0.795000
228 0.527135 0.750556 0.795000
229 0.516719 0.786667 0.795000
230 0.509139 0.737778 0.780000
231 0.530708 0.754444 0.770000
232 0.511942 0.743333 0.785000
233 0.501424 0.750000 0.795000
234 0.528959 0.771667 0.770000
235 0.524139 0.755000 0.785000
236 0.521504 0.751111 0.775000
237 0.521936 0.746111 0.790000
238 0.534731 0.743889 0.785000
239 0.509803 0.750000 0.795000
240 0.499971 0.746667 0.780000
241 0.515415 0.766111 0.795000
242 0.515127 0.747222 0.785000
243 0.513223 0.755000 0.795000
244 0.508631 0.776111 0.780000
245 0.536496 0.745000 0.795000
246 0.523603 0.787778 0.780000
247 0.514343 0.746111 0.790000
248 0.505467 0.745556 0.790000
249 0.515369 0.751111 0.795000
250 0.508542 0.741667 0.785000
251 0.512771 0.770000 0.795000
252 0.516840 0.748889 0.800000
253 0.511493 0.753889 0.790000
254 0.512163 0.766667 0.775000
255 0.520981 0.775000 0.790000
256 0.505628 0.749444 0.785000
257 0.519839 0.757222 0.790000
258 0.496417 0.742778 0.785000
259 0.510960 0.752778 0.780000
260 0.513595 0.773333 0.795000
261 0.516043 0.758333 0.795000
262 0.512267 0.774444 0.805000
263 0.522144 0.749444 0.780000
264 0.509760 0.745000 0.795000
265 0.504839 0.757778 0.770000
266 0.511501 0.744444 0.785000
267 0.508965 0.765556 0.770000
268 0.517415 0.744444 0.785000
269 0.519909 0.757222 0.795000
270 0.509922 0.745556 0.795000
271 0.512866 0.770556 0.785000
272 0.509895 0.746667 0.790000
273 0.507253 0.753889 0.780000
274 0.511550 0.757778 0.785000
275 0.497228 0.747222 0.790000
276 0.505387 0.746667 0.790000
277 0.520614 0.747778 0.765000
278 0.504761 0.757222 0.795000
279 0.496092 0.757778 0.785000
280 0.500922 0.746667 0.795000
281 0.504902 0.751111 0.790000
282 0.500088 0.744444 0.790000
283 0.513864 0.757222 0.785000
284 0.503496 0.772778 0.795000
285 0.494380 0.746111 0.790000
286 0.503496 0.764444 0.780000
287 0.519922 0.761111 0.770000
288 0.495631 0.773333 0.800000
289 0.517099 0.763889 0.770000
290 0.506988 0.763333 0.790000
291 0.513457 0.756667 0.800000
292 0.507750 0.752222 0.795000
293 0.500037 0.756667 0.790000
294 0.507038 0.757222 0.765000
295 0.506313 0.743889 0.790000
296 0.507396 0.748333 0.795000
297 0.490986 0.742222 0.785000
298 0.497060 0.763333 0.790000
299 0.508431 0.781667 0.760000
300 0.507940 0.768333 0.775000
301 0.496577 0.748333 0.795000
302 0.511278 0.747222 0.800000
303 0.502691 0.760000 0.780000
304 0.508942 0.762222 0.785000
305 0.501440 0.760556 0.785000
306 0.508077 0.767778 0.785000
307 0.504865 0.768333 0.785000
308 0.507692 0.755556 0.790000
309 0.510598 0.755556 0.795000
310 0.515928 0.743333 0.790000
311 0.506002 0.748889 0.790000
312 0.506518 0.763333 0.785000
313 0.492803 0.744444 0.785000
314 0.508824 0.766111 0.805000
315 0.499580 0.761111 0.800000
316 0.493636 0.758889 0.785000
317 0.501067 0.751667 0.795000
318 0.508004 0.751667 0.785000
319 0.501933 0.775000 0.780000
320 0.505789 0.780556 0.795000
321 0.511007 0.747778 0.785000
322 0.501436 0.747222 0.790000
323 0.511889 0.773889 0.800000
324 0.511044 0.755000 0.805000
325 0.495138 0.752778 0.795000
326 0.502957 0.765000 0.790000
327 0.503318 0.746111 0.790000
328 0.501197 0.755556 0.790000
329 0.509297 0.760556 0.785000
330 0.488552 0.748889 0.795000
331 0.504521 0.760000 0.780000
332 0.491391 0.747778 0.795000
333 0.512684 0.777778 0.800000
334 0.506358 0.765556 0.790000
335 0.502730 0.774444 0.785000
336 0.514931 0.756667 0.795000
337 0.492852 0.756111 0.790000
338 0.520981 0.762222 0.805000
339 0.497829 0.765000 0.800000
340 0.508523 0.771667 0.800000
341 0.514232 0.769444 0.780000
342 0.507640 0.776111 0.805000
343 0.491185 0.748333 0.790000
344 0.496549 0.777222 0.800000
345 0.501099 0.771111 0.805000
346 0.505019 0.776667 0.785000
347 0.495899 0.759444 0.785000
348 0.512817 0.764444 0.770000
349 0.515551 0.782778 0.780000
350 0.502846 0.756667 0.785000
