1 1.822761 0.661111 0.720000
2 0.628005 0.773333 0.730000
3 0.632710 0.752222 0.690000
4 0.534544 0.775556 0.730000
5 0.487553 0.791111 0.690000
6 0.448763 0.800000 0.700000
7 0.473681 0.794444 0.690000
8 0.450231 0.811111 0.720000
9 0.429732 0.766667 0.730000
10 0.414394 0.776667 0.670000
11 0.399483 0.824444 0.730000
12 0.404550 0.768889 0.660000
13 0.407913 0.752222 0.680000
14 0.370690 0.856667 0.710000
15 0.377499 0.795556 0.770000
16 0.358621 0.846667 0.700000
17 0.344562 0.851111 0.720000
18 0.365842 0.831111 0.700000
19 0.361276 0.850000 0.760000
20 0.329476 0.845556 0.700000
21 0.335757 0.857778 0.760000
22 0.346255 0.846667 0.690000
23 0.346734 0.864444 0.780000
24 0.313852 0.867778 0.760000
25 0.390494 0.851111 0.680000
26 0.324501 0.814444 0.690000
27 0.318863 0.856667 0.770000
28 0.296051 0.891111 0.730000
29 1.549524 0.795556 0.700000
30 0.433919 0.806667 0.800000
31 0.393226 0.805556 0.680000
32 0.369082 0.831111 0.690000
33 0.343381 0.864444 0.740000
34 0.315407 0.870000 0.780000
35 0.309633 0.860000 0.790000
36 0.299367 0.864444 0.770000
37 0.292756 0.884444 0.690000
38 0.295195 0.875556 0.730000
39 0.295924 0.832222 0.760000
40 0.286895 0.872222 0.710000
41 0.290024 0.844444 0.710000
42 0.280748 0.888889 0.720000
43 0.289878 0.902222 0.750000
44 0.279926 0.877778 0.720000
45 0.246728 0.900000 0.700000
46 0.244245 0.893333 0.710000
47 0.257766 0.885556 0.720000
48 0.253356 0.891111 0.720000
49 0.309184 0.850000 0.740000
50 0.278942 0.888889 0.730000
51 0.257741 0.882222 0.730000
52 0.238389 0.912222 0.790000
53 0.311237 0.900000 0.720000
54 0.259670 0.896667 0.740000
55 0.239927 0.901111 0.720000
56 0.233174 0.914444 0.730000
57 0.224225 0.902222 0.770000
58 0.218892 0.916667 0.750000
59 0.223982 0.917778 0.770000
60 0.209049 0.915556 0.740000
61 0.216032 0.915556 0.760000
62 0.205210 0.915556 0.750000
63 0.196419 0.923333 0.750000
64 0.202036 0.918889 0.740000
65 0.197604 0.922222 0.740000
66 0.212175 0.926667 0.780000
67 0.189845 0.918889 0.740000
68 0.193948 0.894444 0.720000
69 0.218683 0.912222 0.780000
70 0.193418 0.922222 0.730000
71 0.208129 0.916667 0.760000
72 0.187784 0.931111 0.780000
73 0.191913 0.910000 0.740000
74 0.193991 0.927778 0.750000
75 0.195128 0.916667 0.760000
76 0.188133 0.914444 0.800000
77 0.204558 0.927778 0.760000
78 0.182372 0.924444 0.760000
79 0.196124 0.935556 0.730000
80 0.183838 0.930000 0.750000
81 0.183124 0.930000 0.750000
82 0.175312 0.926667 0.720000
83 0.234252 0.924444 0.800000
84 0.198408 0.922222 0.750000
85 0.180679 0.932222 0.780000
86 0.178785 0.927778 0.740000
87 0.181061 0.921111 0.730000
88 0.179287 0.926667 0.750000
89 0.188424 0.932222 0.750000
90 0.172801 0.932222 0.780000
91 0.193053 0.934444 0.760000
92 0.202298 0.922222 0.750000
93 0.223040 0.933333 0.750000
94 0.193370 0.934444 0.740000
95 0.182358 0.930000 0.770000
96 0.195722 0.930000 0.780000
97 0.183985 0.933333 0.780000
98 0.194009 0.932222 0.760000
99 0.174463 0.933333 0.760000
100 0.153585 0.932222 0.750000
101 0.155044 0.938889 0.750000
102 0.155147 0.935556 0.740000
103 0.152391 0.926667 0.730000
104 0.145569 0.938889 0.770000
105 0.153622 0.936667 0.730000
106 0.147699 0.935556 0.760000
107 0.145509 0.937778 0.740000
108 0.152440 0.932222 0.750000
109 0.158289 0.938889 0.760000
110 0.144253 0.936667 0.760000
111 0.145505 0.940000 0.760000
112 0.153910 0.943333 0.760000
113 0.137181 0.943333 0.760000
114 0.146752 0.940000 0.760000
115 0.168393 0.941111 0.770000
116 0.151398 0.936667 0.750000
117 0.143492 0.937778 0.750000
118 0.142058 0.940000 0.760000
119 0.148045 0.941111 0.740000
120 0.153730 0.940000 0.730000
121 0.145294 0.940000 0.760000
122 0.289484 0.932222 0.740000
123 0.164210 0.940000 0.770000
124 0.176036 0.938889 0.740000
125 0.143412 0.938889 0.750000
126 0.153918 0.937778 0.740000
127 0.136950 0.938889 0.750000
128 0.138026 0.937778 0.730000
129 0.152638 0.941111 0.730000
130 0.150674 0.940000 0.760000
131 0.137854 0.936667 0.740000
132 0.138538 0.937778 0.740000
133 0.173512 0.936667 0.710000
134 0.144547 0.940000 0.720000
135 0.159053 0.941111 0.710000
136 0.144714 0.937778 0.730000
137 0.142554 0.938889 0.730000
138 0.148530 0.937778 0.710000
139 0.148886 0.941111 0.740000
140 0.183878 0.935556 0.750000
141 0.142257 0.940000 0.770000
142 0.154302 0.943333 0.740000
143 0.136778 0.940000 0.740000
144 0.147406 0.932222 0.750000
145 0.222175 0.935556 0.770000
146 0.155300 0.940000 0.760000
147 0.140255 0.943333 0.750000
148 0.143433 0.940000 0.770000
149 0.145389 0.937778 0.770000
150 0.134910 0.938889 0.740000
151 0.126049 0.943333 0.760000
152 0.123331 0.942222 0.760000
153 0.135286 0.938889 0.770000
154 0.135753 0.938889 0.750000
155 0.126273 0.941111 0.780000
156 0.130233 0.943333 0.770000
157 0.130260 0.943333 0.750000
158 0.119652 0.945556 0.740000
159 0.131053 0.945556 0.750000
160 0.119399 0.941111 0.750000
161 0.128936 0.941111 0.740000
162 0.130387 0.943333 0.780000
163 0.125054 0.944444 0.760000
164 0.125180 0.943333 0.760000
165 0.125688 0.943333 0.740000
166 0.135809 0.942222 0.750000
167 0.135692 0.942222 0.750000
168 0.128506 0.942222 0.750000
169 0.133047 0.944444 0.760000
170 0.121420 0.942222 0.750000
171 0.121157 0.944444 0.760000
172 0.126835 0.942222 0.760000
173 0.125799 0.944444 0.770000
174 0.113958 0.946667 0.750000
175 0.121360 0.945556 0.760000
176 0.126404 0.944444 0.760000
177 0.167561 0.942222 0.760000
178 0.123130 0.945556 0.770000
179 0.119067 0.944444 0.750000
180 0.123098 0.946667 0.770000
181 0.122161 0.945556 0.730000
182 0.125625 0.946667 0.760000
183 0.119789 0.946667 0.780000
184 0.118966 0.944444 0.750000
185 0.126224 0.945556 0.740000
186 0.129214 0.943333 0.720000
187 0.118600 0.946667 0.750000
188 0.134321 0.947778 0.770000
189 0.120936 0.943333 0.750000
190 0.122018 0.945556 0.750000
191 0.122812 0.945556 0.770000
192 0.120649 0.942222 0.750000
193 0.124678 0.948889 0.750000
194 0.120096 0.945556 0.770000
195 0.121998 0.946667 0.790000
196 0.122108 0.946667 0.750000
197 0.125699 0.947778 0.740000
198 0.121803 0.944444 0.770000
199 0.120999 0.944444 0.750000
200 0.118551 0.943333 0.750000
201 0.122556 0.944444 0.750000
202 0.115763 0.943333 0.750000
203 0.117078 0.946667 0.770000
204 0.123838 0.944444 0.750000
205 0.107569 0.944444 0.750000
206 0.115707 0.946667 0.740000
207 0.113852 0.946667 0.770000
208 0.119364 0.945556 0.750000
209 0.119584 0.945556 0.770000
210 0.110276 0.947778 0.760000
211 0.111767 0.945556 0.750000
212 0.115263 0.947778 0.720000
213 0.119024 0.946667 0.760000
214 0.111442 0.947778 0.760000
215 0.123133 0.947778 0.760000
216 0.119478 0.948889 0.740000
217 0.114793 0.945556 0.780000
218 0.129798 0.947778 0.760000
219 0.119206 0.946667 0.780000
220 0.118936 0.948889 0.760000
221 0.112484 0.946667 0.770000
222 0.109359 0.947778 0.760000
223 0.108350 0.946667 0.760000
224 0.112165 0.946667 0.760000
225 0.111468 0.948889 0.760000
226 0.118132 0.947778 0.770000
227 0.112332 0.948889 0.770000
228 0.111325 0.946667 0.770000
229 0.114759 0.946667 0.760000
230 0.122109 0.945556 0.760000
231 0.114054 0.947778 0.750000
232 0.114561 0.948889 0.760000
233 0.115473 0.947778 0.750000
234 0.108863 0.945556 0.750000
235 0.107878 0.946667 0.760000
236 0.118502 0.948889 0.780000
237 0.115020 0.946667 0.760000
238 0.112657 0.947778 0.750000
239 0.120901 0.944444 0.760000
240 0.117171 0.944444 0.770000
241 0.120664 0.947778 0.750000
242 0.111267 0.947778 0.750000
243 0.119258 0.947778 0.740000
244 0.109390 0.944444 0.740000
245 0.116585 0.943333 0.760000
246 0.111308 0.943333 0.750000
247 0.115847 0.946667 0.750000
248 0.107216 0.946667 0.740000
249 0.116486 0.947778 0.750000
250 0.180697 0.947778 0.750000
251 0.118337 0.947778 0.760000
252 0.107840 0.946667 0.750000
253 0.104615 0.947778 0.750000
254 0.107795 0.947778 0.750000
255 0.119350 0.947778 0.760000
256 0.112782 0.947778 0.750000
257 0.109145 0.946667 0.750000
258 0.112866 0.947778 0.750000
259 0.111370 0.947778 0.750000
260 0.115436 0.947778 0.750000
261 0.107657 0.947778 0.760000
262 0.109886 0.946667 0.750000
263 0.107258 0.944444 0.730000
264 0.111346 0.947778 0.760000
265 0.105116 0.946667 0.750000
266 0.112938 0.948889 0.760000
267 0.112781 0.947778 0.770000
268 0.112741 0.946667 0.750000
269 0.110397 0.948889 0.780000
270 0.110253 0.947778 0.750000
271 0.121672 0.948889 0.770000
272 0.111333 0.946667 0.760000
273 0.108592 0.947778 0.760000
274 0.117038 0.948889 0.750000
275 0.113922 0.948889 0.760000
276 0.118115 0.948889 0.770000
277 0.110636 0.948889 0.770000
278 0.115188 0.948889 0.780000
279 0.110606 0.948889 0.760000
280 0.100157 0.948889 0.750000
281 0.108118 0.948889 0.770000
282 0.117478 0.947778 0.750000
283 0.107033 0.948889 0.780000
284 0.109252 0.948889 0.760000
285 0.115042 0.947778 0.760000
286 0.109308 0.948889 0.760000
287 0.116708 0.948889 0.760000
288 0.114679 0.947778 0.750000
289 0.111026 0.947778 0.760000
290 0.112412 0.946667 0.750000
291 0.107110 0.948889 0.780000
292 0.112176 0.948889 0.770000
293 0.109795 0.948889 0.770000
294 0.109089 0.948889 0.760000
295 0.111844 0.947778 0.760000
296 0.108547 0.946667 0.740000
297 0.105627 0.946667 0.770000
298 0.107191 0.947778 0.750000
299 0.109480 0.946667 0.730000
300 0.111195 0.947778 0.770000
301 0.110257 0.947778 0.750000
302 0.111539 0.947778 0.750000
303 0.112142 0.947778 0.750000
304 0.107190 0.947778 0.750000
305 0.106886 0.947778 0.750000
306 0.105802 0.947778 0.750000
307 0.107114 0.947778 0.750000
308 0.110622 0.947778 0.760000
309 0.106083 0.947778 0.750000
310 0.105808 0.948889 0.760000
311 0.111231 0.948889 0.770000
312 0.107913 0.947778 0.760000
313 0.116443 0.948889 0.760000
314 0.108206 0.947778 0.760000
315 0.106883 0.947778 0.750000
316 0.104949 0.947778 0.750000
317 0.108753 0.948889 0.760000
318 0.114197 0.947778 0.750000
319 0.117553 0.947778 0.750000
320 0.102798 0.947778 0.750000
321 0.113709 0.947778 0.750000
322 0.104382 0.947778 0.750000
323 0.108525 0.947778 0.770000
324 0.112854 0.946667 0.760000
325 0.108102 0.947778 0.760000
326 0.110306 0.946667 0.770000
327 0.108165 0.947778 0.760000
328 0.111514 0.947778 0.750000
329 0.111485 0.947778 0.760000
330 0.107291 0.947778 0.760000
331 0.108198 0.947778 0.760000
332 0.110316 0.947778 0.750000
333 0.105876 0.947778 0.760000
334 0.104346 0.948889 0.770000
335 0.104410 0.947778 0.770000
336 0.108507 0.946667 0.770000
337 0.106409 0.948889 0.780000
338 0.111668 0.948889 0.770000
339 0.111808 0.947778 0.770000
340 0.107050 0.947778 0.760000
341 0.103593 0.948889 0.780000
342 0.110643 0.948889 0.790000
343 0.105566 0.948889 0.770000
344 0.105358 0.948889 0.780000
345 0.105380 0.947778 0.740000
346 0.111301 0.948889 0.770000
347 0.110130 0.947778 0.760000
348 0.114677 0.947778 0.760000
349 0.112542 0.947778 0.760000
350 0.107437 0.947778 0.760000
