1 4.487895 0.634304 0.628571
2 1.302392 0.708738 0.542857
3 1.200662 0.563107 0.457143
4 1.047989 0.647249 0.457143
5 0.905785 0.699029 0.571429
6 0.755404 0.676375 0.485714
7 1.189916 0.741100 0.542857
8 0.729244 0.718447 0.428571
9 0.726106 0.854369 0.400000
10 0.700726 0.692557 0.428571
11 1.055401 0.805825 0.571429
12 0.625576 0.744337 0.600000
13 0.581327 0.802589 0.285714
14 0.436764 0.822006 0.542857
15 0.427528 0.851133 0.457143
16 0.456974 0.805825 0.371429
17 0.453298 0.763754 0.600000
18 0.495511 0.844660 0.400000
19 0.368074 0.847896 0.400000
20 0.311184 0.860841 0.571429
21 0.503305 0.857605 0.542857
22 0.345983 0.828479 0.485714
23 0.437055 0.783172 0.571429
24 0.325894 0.909385 0.485714
25 0.301165 0.909385 0.428571
26 0.287830 0.919094 0.428571
27 0.307746 0.899676 0.514286
28 0.267914 0.902913 0.371429
29 0.242715 0.938511 0.428571
30 0.247183 0.928803 0.571429
31 0.224472 0.944984 0.571429
32 0.244106 0.912621 0.542857
33 0.286986 0.961165 0.400000
34 0.188861 0.935275 0.400000
35 0.211309 0.941748 0.542857
36 0.221175 0.857605 0.514286
37 0.191802 0.886731 0.457143
38 0.205921 0.974110 0.457143
39 0.192747 0.938511 0.485714
40 0.195473 0.932039 0.485714
41 0.148707 0.974110 0.457143
42 0.164545 0.750809 0.428571
43 0.466459 0.915858 0.514286
44 0.165075 0.954693 0.514286
45 0.183764 0.957929 0.428571
46 0.136314 0.961165 0.428571
47 0.196719 0.957929 0.457143
48 0.180372 0.877023 0.542857
49 0.151897 0.902913 0.600000
50 0.120437 0.964401 0.485714
51 0.088937 0.993528 0.457143
52 0.071169 0.993528 0.485714
53 0.084332 0.990291 0.485714
54 0.094590 0.987055 0.457143
55 0.079024 0.993528 0.457143
56 0.076298 0.983819 0.514286
57 0.073970 0.987055 0.514286
58 0.081368 0.993528 0.457143
59 0.075645 0.993528 0.485714
60 0.066304 0.993528 0.485714
61 0.088642 0.980583 0.485714
62 0.148326 0.970874 0.514286
63 0.109364 0.993528 0.428571
64 0.082018 0.983819 0.542857
65 0.113598 0.987055 0.457143
66 0.090823 0.993528 0.542857
67 0.097292 0.983819 0.485714
68 0.254513 0.935275 0.457143
69 0.132942 0.990291 0.457143
70 0.092320 0.948220 0.485714
71 0.081151 0.993528 0.542857
72 0.093139 0.993528 0.485714
73 0.068781 0.993528 0.457143
74 0.066160 0.993528 0.485714
75 0.060119 0.993528 0.457143
76 0.069770 0.993528 0.457143
77 0.074845 0.977346 0.514286
78 0.076420 0.967638 0.457143
79 0.133302 0.915858 0.457143
80 0.241973 0.961165 0.514286
81 0.130363 0.987055 0.514286
82 0.135517 0.974110 0.485714
83 0.107352 0.928803 0.514286
84 0.131149 0.990291 0.485714
85 0.072776 0.993528 0.514286
86 0.066901 0.993528 0.485714
87 0.142694 0.948220 0.542857
88 0.118174 0.961165 0.457143
89 0.078102 0.990291 0.514286
90 0.071753 0.990291 0.485714
91 0.094367 0.912621 0.628571
92 0.086867 0.993528 0.457143
93 0.064715 0.993528 0.457143
94 0.056328 0.993528 0.485714
95 0.074483 0.987055 0.457143
96 0.079344 0.993528 0.485714
97 0.102907 0.987055 0.400000
98 0.072107 0.993528 0.485714
99 0.065346 0.990291 0.514286
100 0.054183 0.993528 0.457143
101 0.048217 0.993528 0.457143
102 0.049307 0.993528 0.514286
103 0.050388 0.993528 0.514286
104 0.047908 0.993528 0.514286
105 0.049068 0.993528 0.485714
106 0.053187 0.993528 0.485714
107 0.051721 0.993528 0.485714
108 0.049453 0.993528 0.514286
109 0.050205 0.993528 0.485714
110 0.064658 0.993528 0.485714
111 0.056504 0.993528 0.485714
112 0.052230 0.983819 0.514286
113 0.049580 0.993528 0.514286
114 0.049511 0.993528 0.485714
115 0.046606 0.993528 0.485714
116 0.052340 0.993528 0.514286
117 0.043271 0.993528 0.514286
118 0.042638 0.993528 0.485714
119 0.046526 0.993528 0.514286
120 0.052141 0.993528 0.514286
121 0.055875 0.990291 0.485714
122 0.094002 0.970874 0.542857
123 0.115527 0.925566 0.600000
124 0.112862 0.993528 0.485714
125 0.095714 0.980583 0.542857
126 0.099533 0.980583 0.457143
127 0.084241 0.993528 0.457143
128 0.053871 0.993528 0.428571
129 0.050184 0.993528 0.485714
130 0.047565 0.993528 0.514286
131 0.054289 0.993528 0.571429
132 0.054995 0.993528 0.485714
133 0.051603 0.993528 0.485714
134 0.054744 0.993528 0.485714
135 0.048326 0.993528 0.457143
136 0.047377 0.993528 0.457143
137 0.052178 0.993528 0.542857
138 0.046476 0.993528 0.457143
139 0.051503 0.993528 0.485714
140 0.050778 0.993528 0.485714
141 0.048215 0.993528 0.485714
142 0.065472 0.980583 0.485714
143 0.050505 0.993528 0.485714
144 0.050097 0.993528 0.457143
145 0.090150 0.977346 0.428571
146 0.080865 0.993528 0.542857
147 0.071445 0.993528 0.514286
148 0.127135 0.951456 0.514286
149 0.179131 0.990291 0.514286
150 0.059148 0.993528 0.485714
151 0.045961 0.993528 0.485714
152 0.050625 0.993528 0.457143
153 0.055688 0.993528 0.485714
154 0.046614 0.993528 0.485714
155 0.044781 0.993528 0.485714
156 0.047473 0.993528 0.485714
157 0.044535 0.993528 0.485714
158 0.042823 0.993528 0.485714
159 0.043501 0.993528 0.485714
160 0.044983 0.993528 0.485714
161 0.048530 0.993528 0.485714
162 0.042076 0.993528 0.485714
163 0.039391 0.993528 0.485714
164 0.044000 0.993528 0.485714
165 0.043555 0.993528 0.485714
166 0.044417 0.993528 0.485714
167 0.042788 0.993528 0.514286
168 0.039376 0.993528 0.485714
169 0.041151 0.993528 0.514286
170 0.042445 0.993528 0.485714
171 0.041239 0.993528 0.485714
172 0.041809 0.993528 0.485714
173 0.045507 0.993528 0.485714
174 0.042262 0.993528 0.514286
175 0.042932 0.993528 0.514286
176 0.045512 0.993528 0.514286
177 0.036665 0.993528 0.514286
178 0.044263 0.993528 0.514286
179 0.047598 0.993528 0.514286
180 0.044980 0.993528 0.514286
181 0.042209 0.993528 0.485714
182 0.041232 0.993528 0.485714
183 0.043196 0.993528 0.485714
184 0.040579 0.993528 0.485714
185 0.040527 0.993528 0.485714
186 0.038249 0.993528 0.485714
187 0.043911 0.993528 0.485714
188 0.040652 0.993528 0.485714
189 0.040395 0.993528 0.542857
190 0.042184 0.993528 0.485714
191 0.040174 0.993528 0.514286
192 0.042050 0.993528 0.514286
193 0.052409 0.983819 0.485714
194 0.058860 0.990291 0.514286
195 0.053919 0.993528 0.571429
196 0.051073 0.993528 0.514286
197 0.044447 0.993528 0.542857
198 0.039405 0.993528 0.514286
199 0.046046 0.993528 0.514286
200 0.040897 0.993528 0.514286
201 0.038002 0.993528 0.485714
202 0.044864 0.993528 0.485714
203 0.037554 0.993528 0.485714
204 0.040224 0.993528 0.542857
205 0.035040 0.993528 0.514286
206 0.037416 0.993528 0.514286
207 0.035326 0.993528 0.514286
208 0.037490 0.993528 0.514286
209 0.039114 0.993528 0.514286
210 0.038528 0.993528 0.514286
211 0.036612 0.993528 0.514286
212 0.042392 0.993528 0.514286
213 0.037270 0.993528 0.514286
214 0.041839 0.993528 0.514286
215 0.039955 0.993528 0.514286
216 0.035027 0.993528 0.514286
217 0.036556 0.993528 0.485714
218 0.037028 0.993528 0.485714
219 0.037208 0.993528 0.485714
220 0.036611 0.993528 0.485714
221 0.037653 0.993528 0.457143
222 0.044217 0.993528 0.514286
223 0.038293 0.993528 0.514286
224 0.038773 0.993528 0.485714
225 0.037314 0.993528 0.514286
226 0.036359 0.993528 0.542857
227 0.037466 0.993528 0.542857
228 0.036591 0.993528 0.542857
229 0.036781 0.993528 0.514286
230 0.038021 0.993528 0.542857
231 0.039966 0.993528 0.514286
232 0.035910 0.993528 0.514286
233 0.035888 0.993528 0.542857
234 0.044917 0.993528 0.485714
235 0.037931 0.993528 0.485714
236 0.035360 0.993528 0.514286
237 0.042832 0.993528 0.485714
238 0.035680 0.993528 0.457143
239 0.035110 0.993528 0.457143
240 0.038156 0.993528 0.485714
241 0.033849 0.993528 0.485714
242 0.034440 0.993528 0.514286
243 0.034434 0.993528 0.514286
244 0.037674 0.993528 0.485714
245 0.035334 0.993528 0.485714
246 0.045352 0.993528 0.485714
247 0.034532 0.993528 0.485714
248 0.042699 0.993528 0.514286
249 0.036565 0.993528 0.514286
250 0.038682 0.993528 0.485714
251 0.039231 0.993528 0.485714
252 0.031662 0.993528 0.485714
253 0.034901 0.993528 0.485714
254 0.035019 0.993528 0.485714
255 0.032690 0.993528 0.485714
256 0.033513 0.993528 0.485714
257 0.034647 0.993528 0.485714
258 0.033027 0.993528 0.514286
259 0.036898 0.993528 0.542857
260 0.034844 0.993528 0.514286
261 0.038919 0.993528 0.542857
262 0.036356 0.993528 0.514286
263 0.033218 0.993528 0.542857
264 0.038870 0.993528 0.542857
265 0.036643 0.993528 0.542857
266 0.035195 0.993528 0.542857
267 0.035858 0.993528 0.485714
268 0.035851 0.993528 0.485714
269 0.035631 0.993528 0.485714
270 0.036021 0.993528 0.514286
271 0.034338 0.993528 0.485714
272 0.032661 0.993528 0.485714
273 0.036415 0.993528 0.514286
274 0.041630 0.993528 0.514286
275 0.035179 0.993528 0.485714
276 0.035241 0.993528 0.485714
277 0.033415 0.993528 0.485714
278 0.034115 0.993528 0.485714
279 0.035071 0.993528 0.485714
280 0.032904 0.993528 0.485714
281 0.034773 0.993528 0.514286
282 0.036998 0.993528 0.514286
283 0.035262 0.993528 0.485714
284 0.036132 0.993528 0.514286
285 0.038088 0.993528 0.514286
286 0.034332 0.993528 0.571429
287 0.036813 0.993528 0.514286
288 0.033746 0.993528 0.514286
289 0.036476 0.993528 0.514286
290 0.032035 0.993528 0.514286
291 0.034673 0.993528 0.514286
292 0.033435 0.993528 0.485714
293 0.034997 0.993528 0.485714
294 0.035535 0.993528 0.514286
295 0.031602 0.993528 0.514286
296 0.035139 0.993528 0.485714
297 0.033337 0.993528 0.514286
298 0.035363 0.993528 0.514286
299 0.034301 0.993528 0.485714
300 0.035568 0.993528 0.485714
301 0.033718 0.993528 0.457143
302 0.033269 0.993528 0.514286
303 0.035053 0.993528 0.514286
304 0.031959 0.993528 0.514286
305 0.035038 0.993528 0.514286
306 0.034100 0.993528 0.485714
307 0.035520 0.993528 0.514286
308 0.032296 0.993528 0.485714
309 0.031792 0.993528 0.514286
310 0.036879 0.993528 0.514286
311 0.035999 0.993528 0.485714
312 0.029814 0.993528 0.485714
313 0.033151 0.993528 0.485714
314 0.033596 0.993528 0.485714
315 0.030493 0.993528 0.485714
316 0.031978 0.993528 0.485714
317 0.034673 0.993528 0.485714
318 0.033148 0.993528 0.485714
319 0.032562 0.993528 0.514286
320 0.031612 0.993528 0.514286
321 0.032417 0.993528 0.485714
322 0.030328 0.993528 0.485714
323 0.034088 0.993528 0.485714
324 0.032098 0.993528 0.485714
325 0.033291 0.993528 0.485714
326 0.033996 0.993528 0.485714
327 0.034101 0.993528 0.485714
328 0.032786 0.993528 0.485714
329 0.032434 0.993528 0.485714
330 0.033698 0.993528 0.485714
331 0.032303 0.993528 0.485714
332 0.033891 0.993528 0.514286
333 0.032484 0.993528 0.485714
334 0.034527 0.993528 0.514286
335 0.031278 0.993528 0.542857
336 0.033456 0.993528 0.542857
337 0.030958 0.993528 0.514286
338 0.031756 0.993528 0.485714
339 0.034804 0.993528 0.485714
340 0.036395 0.993528 0.485714
341 0.031554 0.993528 0.485714
342 0.033946 0.993528 0.514286
343 0.034057 0.993528 0.485714
344 0.032827 0.993528 0.457143
345 0.031342 0.993528 0.514286
346 0.033151 0.993528 0.485714
347 0.033340 0.993528 0.514286
348 0.037126 0.993528 0.514286
349 0.030603 0.993528 0.485714
350 0.034951 0.993528 0.514286
