1 3.563885 0.629032 0.500000
2 1.910171 0.654839 0.558824
3 1.019317 0.709677 0.735294
4 1.179472 0.706452 0.647059
5 1.010166 0.783871 0.647059
6 1.152164 0.725806 0.676471
7 1.123070 0.809677 0.676471
8 0.676234 0.838710 0.617647
9 0.530416 0.838710 0.676471
10 0.457013 0.812903 0.647059
11 0.690839 0.816129 0.647059
12 0.501121 0.561290 0.588235
13 0.466440 0.793548 0.558824
14 0.448325 0.816129 0.735294
15 0.435156 0.887097 0.647059
16 0.347498 0.877419 0.676471
17 0.315609 0.861290 0.500000
18 0.364141 0.896774 0.735294
19 0.353191 0.903226 0.705882
20 0.392883 0.883871 0.558824
21 0.393916 0.883871 0.647059
22 0.339155 0.783871 0.617647
23 0.245308 0.941935 0.647059
24 0.318799 0.945161 0.617647
25 0.542488 0.816129 0.647059
26 0.343726 0.880645 0.588235
27 0.249020 0.861290 0.647059
28 0.220543 0.919355 0.647059
29 0.225200 0.861290 0.676471
30 0.302754 0.954839 0.617647
31 0.201101 0.916129 0.617647
32 0.257410 0.919355 0.705882
33 0.203914 0.938710 0.705882
34 0.176591 0.938710 0.617647
35 0.356761 0.945161 0.676471
36 0.214722 0.858065 0.735294
37 0.141524 0.948387 0.676471
38 0.151197 0.932258 0.617647
39 0.195273 0.832258 0.676471
40 0.157836 0.983871 0.705882
41 0.152679 0.961290 0.764706
42 0.132036 0.983871 0.676471
43 0.123900 0.980645 0.676471
44 0.115348 0.929032 0.529412
45 0.200019 0.967742 0.794118
46 0.256126 0.864516 0.588235
47 0.308793 0.896774 0.647059
48 0.169984 0.958065 0.647059
49 0.163357 0.919355 0.617647
50 0.108570 0.990323 0.617647
51 0.085614 0.993548 0.558824
52 0.078106 0.993548 0.647059
53 0.073719 0.990323 0.647059
54 0.071901 0.993548 0.617647
55 0.069176 0.993548 0.676471
56 0.061992 0.993548 0.676471
57 0.061934 0.993548 0.735294
58 0.058286 0.993548 0.705882
59 0.063311 0.993548 0.735294
60 0.060882 0.993548 0.735294
61 0.061570 0.993548 0.676471
62 0.065004 0.993548 0.617647
63 0.063927 0.993548 0.676471
64 0.053452 0.993548 0.705882
65 0.062346 0.993548 0.617647
66 0.060527 0.990323 0.705882
67 0.096067 0.993548 0.617647
68 0.072738 0.987097 0.676471
69 0.098380 0.854839 0.588235
70 0.215772 0.916129 0.617647
71 0.130506 0.938710 0.676471
72 0.082674 0.993548 0.735294
73 0.064784 0.993548 0.705882
74 0.065913 0.993548 0.705882
75 0.061423 0.990323 0.705882
76 0.071010 0.987097 0.676471
77 0.062019 0.993548 0.676471
78 0.056051 0.993548 0.676471
79 0.068390 0.993548 0.705882
80 0.059503 0.993548 0.705882
81 0.077239 0.977419 0.676471
82 0.125032 0.929032 0.558824
83 0.172189 0.967742 0.705882
84 0.235968 0.977419 0.676471
85 0.094853 0.990323 0.647059
86 0.079065 0.935484 0.647059
87 0.091159 0.993548 0.617647
88 0.061554 0.993548 0.647059
89 0.057631 0.993548 0.676471
90 0.060391 0.993548 0.647059
91 0.059284 0.993548 0.705882
92 0.060203 0.993548 0.676471
93 0.060030 0.993548 0.647059
94 0.080394 0.951613 0.617647
95 0.197593 0.809677 0.558824
96 0.180843 0.993548 0.617647
97 0.092578 0.993548 0.705882
98 0.088015 0.967742 0.617647
99 0.070923 0.993548 0.705882
100 0.051228 0.993548 0.764706
101 0.048420 0.993548 0.735294
102 0.049623 0.993548 0.705882
103 0.050268 0.993548 0.764706
104 0.045696 0.993548 0.676471
105 0.047928 0.993548 0.764706
106 0.049128 0.993548 0.764706
107 0.044013 0.993548 0.764706
108 0.047607 0.993548 0.676471
109 0.049328 0.993548 0.764706
110 0.044422 0.993548 0.764706
111 0.048195 0.993548 0.676471
112 0.046605 0.993548 0.705882
113 0.046230 0.993548 0.735294
114 0.049237 0.993548 0.705882
115 0.046440 0.993548 0.705882
116 0.047812 0.993548 0.705882
117 0.048024 0.993548 0.764706
118 0.048249 0.993548 0.735294
119 0.045429 0.993548 0.705882
120 0.054670 0.993548 0.705882
121 0.062105 0.993548 0.735294
122 0.055015 0.993548 0.735294
123 0.048433 0.993548 0.735294
124 0.047618 0.993548 0.647059
125 0.054587 0.993548 0.735294
126 0.050035 0.993548 0.676471
127 0.047075 0.993548 0.676471
128 0.048009 0.993548 0.705882
129 0.053026 0.990323 0.705882
130 0.045377 0.993548 0.705882
131 0.047490 0.980645 0.647059
132 0.053028 0.993548 0.705882
133 0.054365 0.993548 0.735294
134 0.051899 0.993548 0.735294
135 0.045694 0.993548 0.764706
136 0.227254 0.919355 0.647059
137 0.165569 0.983871 0.705882
138 0.062529 0.993548 0.735294
139 0.062545 0.993548 0.705882
140 0.049011 0.993548 0.735294
141 0.049167 0.993548 0.735294
142 0.053224 0.993548 0.764706
143 0.047683 0.993548 0.794118
144 0.050263 0.993548 0.735294
145 0.050144 0.993548 0.676471
146 0.058460 0.993548 0.735294
147 0.046948 0.993548 0.705882
148 0.048548 0.993548 0.705882
149 0.045850 0.993548 0.705882
150 0.047159 0.993548 0.764706
151 0.043835 0.993548 0.705882
152 0.041381 0.993548 0.676471
153 0.040852 0.993548 0.705882
154 0.038731 0.993548 0.676471
155 0.039846 0.993548 0.705882
156 0.041220 0.993548 0.735294
157 0.039136 0.993548 0.705882
158 0.037388 0.993548 0.705882
159 0.038844 0.990323 0.764706
160 0.043036 0.993548 0.705882
161 0.046467 0.993548 0.705882
162 0.038520 0.993548 0.705882
163 0.037230 0.993548 0.705882
164 0.037946 0.993548 0.705882
165 0.038932 0.993548 0.676471
166 0.042404 0.993548 0.735294
167 0.037532 0.993548 0.705882
168 0.040118 0.993548 0.705882
169 0.036570 0.993548 0.735294
170 0.039732 0.993548 0.735294
171 0.039809 0.993548 0.735294
172 0.042697 0.993548 0.705882
173 0.041103 0.993548 0.705882
174 0.044866 0.993548 0.705882
175 0.040420 0.993548 0.735294
176 0.044051 0.993548 0.705882
177 0.036943 0.993548 0.705882
178 0.039511 0.993548 0.735294
179 0.041080 0.993548 0.676471
180 0.045584 0.993548 0.705882
181 0.042836 0.993548 0.705882
182 0.039296 0.993548 0.705882
183 0.035201 0.993548 0.705882
184 0.041626 0.993548 0.735294
185 0.044456 0.993548 0.705882
186 0.041205 0.993548 0.735294
187 0.041498 0.993548 0.764706
188 0.040885 0.993548 0.705882
189 0.041035 0.993548 0.705882
190 0.037644 0.993548 0.794118
191 0.040871 0.993548 0.794118
192 0.040358 0.990323 0.764706
193 0.075660 0.990323 0.676471
194 0.054094 0.993548 0.705882
195 0.060678 0.993548 0.676471
196 0.046666 0.993548 0.735294
197 0.042347 0.993548 0.705882
198 0.043571 0.993548 0.735294
199 0.045181 0.993548 0.735294
200 0.037867 0.993548 0.735294
201 0.035928 0.993548 0.735294
202 0.035557 0.993548 0.705882
203 0.037382 0.993548 0.735294
204 0.035397 0.993548 0.764706
205 0.032678 0.993548 0.764706
206 0.039986 0.993548 0.735294
207 0.033896 0.993548 0.735294
208 0.038362 0.993548 0.735294
209 0.038804 0.993548 0.735294
210 0.037888 0.993548 0.676471
211 0.038175 0.993548 0.705882
212 0.039014 0.993548 0.735294
213 0.034806 0.993548 0.735294
214 0.038189 0.993548 0.735294
215 0.037618 0.993548 0.735294
216 0.035472 0.993548 0.705882
217 0.033475 0.993548 0.705882
218 0.035137 0.993548 0.705882
219 0.034261 0.993548 0.705882
220 0.035620 0.993548 0.735294
221 0.038632 0.993548 0.764706
222 0.037287 0.993548 0.705882
223 0.038269 0.993548 0.676471
224 0.036281 0.993548 0.735294
225 0.036616 0.993548 0.735294
226 0.037717 0.993548 0.735294
227 0.036411 0.993548 0.735294
228 0.036764 0.993548 0.735294
229 0.038650 0.993548 0.764706
230 0.034811 0.993548 0.764706
231 0.036394 0.993548 0.735294
232 0.039070 0.993548 0.764706
233 0.034839 0.993548 0.764706
234 0.029933 0.993548 0.735294
235 0.034241 0.993548 0.735294
236 0.034581 0.993548 0.764706
237 0.037230 0.993548 0.705882
238 0.034141 0.993548 0.705882
239 0.039527 0.993548 0.705882
240 0.040630 0.993548 0.764706
241 0.033949 0.993548 0.705882
242 0.034368 0.993548 0.764706
243 0.032412 0.993548 0.735294
244 0.038338 0.993548 0.705882
245 0.033505 0.993548 0.705882
246 0.036691 0.993548 0.735294
247 0.031615 0.993548 0.735294
248 0.034083 0.993548 0.705882
249 0.034029 0.993548 0.764706
250 0.037861 0.993548 0.764706
251 0.035677 0.993548 0.764706
252 0.033900 0.993548 0.735294
253 0.031023 0.993548 0.705882
254 0.033134 0.993548 0.735294
255 0.031299 0.993548 0.735294
256 0.032968 0.993548 0.705882
257 0.032292 0.993548 0.705882
258 0.033751 0.993548 0.764706
259 0.033646 0.993548 0.764706
260 0.031946 0.993548 0.705882
261 0.034182 0.993548 0.764706
262 0.034569 0.993548 0.764706
263 0.031836 0.993548 0.735294
264 0.030143 0.993548 0.764706
265 0.034442 0.993548 0.764706
266 0.034131 0.993548 0.764706
267 0.032806 0.993548 0.764706
268 0.034051 0.993548 0.764706
269 0.032836 0.993548 0.735294
270 0.030978 0.993548 0.735294
271 0.032601 0.993548 0.764706
272 0.033009 0.993548 0.735294
273 0.032324 0.993548 0.764706
274 0.034945 0.993548 0.764706
275 0.031919 0.993548 0.764706
276 0.031494 0.993548 0.764706
277 0.031988 0.993548 0.764706
278 0.030787 0.993548 0.735294
279 0.034629 0.993548 0.764706
280 0.031036 0.993548 0.764706
281 0.036725 0.993548 0.764706
282 0.035872 0.993548 0.764706
283 0.030421 0.993548 0.764706
284 0.035160 0.993548 0.764706
285 0.031874 0.993548 0.764706
286 0.029575 0.993548 0.764706
287 0.033216 0.993548 0.764706
288 0.032532 0.993548 0.764706
289 0.032978 0.993548 0.735294
290 0.033414 0.993548 0.764706
291 0.032719 0.993548 0.764706
292 0.031487 0.993548 0.764706
293 0.031790 0.993548 0.764706
294 0.031663 0.993548 0.764706
295 0.031632 0.993548 0.705882
296 0.031257 0.993548 0.705882
297 0.037170 0.993548 0.735294
298 0.032289 0.993548 0.735294
299 0.033440 0.993548 0.735294
300 0.030085 0.993548 0.735294
301 0.031639 0.993548 0.705882
302 0.031138 0.993548 0.735294
303 0.034938 0.993548 0.735294
304 0.029003 0.993548 0.735294
305 0.031259 0.993548 0.764706
306 0.031335 0.993548 0.735294
307 0.031182 0.993548 0.764706
308 0.027358 0.993548 0.764706
309 0.031354 0.993548 0.735294
310 0.034146 0.993548 0.764706
311 0.032114 0.993548 0.764706
312 0.032033 0.993548 0.764706
313 0.030086 0.993548 0.764706
314 0.027703 0.993548 0.764706
315 0.030974 0.993548 0.764706
316 0.030509 0.993548 0.735294
317 0.034583 0.993548 0.764706
318 0.030634 0.993548 0.764706
319 0.032702 0.993548 0.764706
320 0.029845 0.993548 0.764706
321 0.031146 0.993548 0.764706
322 0.030023 0.993548 0.764706
323 0.029723 0.993548 0.764706
324 0.031001 0.993548 0.735294
325 0.030662 0.993548 0.764706
326 0.034029 0.993548 0.764706
327 0.029317 0.993548 0.764706
328 0.030874 0.993548 0.735294
329 0.030557 0.993548 0.764706
330 0.030958 0.993548 0.705882
331 0.029981 0.993548 0.705882
332 0.031261 0.993548 0.764706
333 0.030516 0.993548 0.764706
334 0.030669 0.993548 0.764706
335 0.030826 0.993548 0.764706
336 0.032968 0.993548 0.764706
337 0.029172 0.993548 0.764706
338 0.031318 0.993548 0.764706
339 0.031769 0.993548 0.735294
340 0.031170 0.993548 0.764706
341 0.029195 0.993548 0.735294
342 0.030808 0.993548 0.764706
343 0.029255 0.993548 0.764706
344 0.030135 0.993548 0.764706
345 0.029331 0.993548 0.764706
346 0.032015 0.993548 0.764706
347 0.031519 0.993548 0.764706
348 0.032070 0.993548 0.764706
349 0.030808 0.993548 0.764706
350 0.033573 0.993548 0.764706
