1 1.048382 0.828402 0.789474
2 0.434587 0.923077 0.894737
3 0.252577 0.958580 0.842105
4 0.238863 0.863905 0.789474
5 0.103741 0.982249 0.947368
6 0.091925 1.000000 0.894737
7 0.086563 1.000000 0.894737
8 0.076463 0.934911 0.842105
9 0.125943 0.988166 0.947368
10 0.119226 0.982249 0.842105
11 0.080691 0.928994 0.947368
12 0.038633 0.976331 0.842105
13 0.060349 0.994083 0.842105
14 0.071050 0.869822 0.842105
15 0.039954 1.000000 0.947368
16 0.022570 1.000000 0.894737
17 0.036695 1.000000 0.947368
18 0.051191 0.988166 0.894737
19 0.074252 0.917160 0.842105
20 0.065473 1.000000 0.947368
21 0.025938 1.000000 0.947368
22 0.029640 0.988166 0.894737
23 0.065479 0.781065 0.578947
24 0.209673 0.928994 0.789474
25 0.069013 0.988166 0.842105
26 0.026566 1.000000 0.947368
27 0.026094 1.000000 0.947368
28 0.019708 1.000000 0.947368
29 0.040942 0.994083 0.894737
30 0.015866 1.000000 0.894737
31 0.021118 1.000000 0.894737
32 0.019378 1.000000 0.947368
33 0.042555 0.934911 0.947368
34 0.060022 0.946746 0.947368
35 0.068526 0.994083 0.842105
36 0.019209 1.000000 0.894737
37 0.032901 1.000000 0.947368
38 0.033078 0.994083 0.842105
39 0.015856 1.000000 0.894737
40 0.013941 1.000000 0.894737
41 0.018987 1.000000 0.894737
42 0.017517 1.000000 0.894737
43 0.013123 1.000000 0.947368
44 0.013619 1.000000 0.842105
45 0.020734 1.000000 0.894737
46 0.015165 1.000000 0.894737
47 0.012473 1.000000 0.894737
48 0.017785 1.000000 0.894737
49 0.011407 1.000000 0.894737
50 0.008771 1.000000 0.894737
51 0.011701 1.000000 0.894737
52 0.010394 1.000000 0.894737
53 0.019115 1.000000 0.947368
54 0.013228 1.000000 0.894737
55 0.010456 1.000000 0.894737
56 0.013240 1.000000 0.894737
57 0.013913 1.000000 0.947368
58 0.012533 1.000000 0.894737
59 0.009667 1.000000 0.894737
60 0.010466 1.000000 0.894737
61 0.013983 1.000000 0.894737
62 0.010178 1.000000 0.894737
63 0.013698 1.000000 0.894737
64 0.012088 1.000000 0.894737
65 0.012275 1.000000 0.894737
66 0.012015 1.000000 0.894737
67 0.009362 1.000000 0.894737
68 0.008227 1.000000 0.894737
69 0.010891 1.000000 0.894737
70 0.013870 1.000000 0.894737
