1 3.853295 0.650176 0.654501
2 1.672406 0.655042 0.669100
3 1.555108 0.584753 0.545012
4 1.402003 0.622330 0.620438
5 1.271656 0.624223 0.603406
6 0.971522 0.685320 0.708029
7 1.471056 0.645850 0.635036
8 1.071851 0.606650 0.620438
9 0.939295 0.703974 0.708029
10 0.945725 0.640984 0.603406
11 1.006326 0.708570 0.678832
12 0.856778 0.716139 0.708029
13 0.961904 0.715058 0.698297
14 0.816216 0.663963 0.639903
15 0.927661 0.659097 0.661800
16 0.834154 0.731819 0.698297
17 0.864855 0.707218 0.673966
18 0.736921 0.679913 0.652068
19 0.796072 0.747499 0.727494
20 0.759094 0.739389 0.749392
21 0.595175 0.738578 0.744526
22 0.611698 0.736415 0.722628
23 0.712958 0.692349 0.661800
24 0.606335 0.706948 0.690998
25 0.598879 0.665856 0.654501
26 0.698609 0.730738 0.698297
27 0.618395 0.761287 0.742092
28 0.579702 0.677480 0.698297
29 0.597210 0.706137 0.686131
30 0.595051 0.752906 0.703163
31 0.599025 0.702893 0.695864
32 0.591123 0.745066 0.722628
33 0.613372 0.762639 0.737226
34 0.552581 0.695864 0.664234
35 0.550252 0.754528 0.703163
36 0.579823 0.751554 0.742092
37 0.551994 0.771560 0.761557
38 0.533220 0.711544 0.698297
39 0.528162 0.769938 0.744526
40 0.539082 0.715869 0.715328
41 0.602350 0.696404 0.647202
42 0.530576 0.762098 0.746959
43 0.517629 0.758583 0.727494
44 0.536551 0.777507 0.739659
45 0.520238 0.672885 0.676399
46 0.540871 0.708300 0.686131
47 0.529088 0.775615 0.734793
48 0.526117 0.714517 0.700730
49 0.550559 0.733441 0.708029
50 0.542332 0.797242 0.771290
51 0.501586 0.804271 0.759124
52 0.505204 0.788592 0.737226
53 0.518416 0.792917 0.761557
54 0.481031 0.799946 0.739659
55 0.477448 0.800757 0.766423
56 0.478581 0.816978 0.766423
57 0.475988 0.818870 0.778589
58 0.478461 0.824818 0.756691
59 0.459291 0.809678 0.754258
60 0.471454 0.814004 0.759124
61 0.453691 0.809949 0.771290
62 0.455348 0.823195 0.771290
63 0.465089 0.833469 0.790754
64 0.456903 0.833198 0.766423
65 0.436258 0.808597 0.763990
66 0.462530 0.819681 0.771290
67 0.444158 0.819411 0.763990
68 0.449932 0.817518 0.778589
69 0.462664 0.836442 0.776156
70 0.453781 0.836442 0.788321
71 0.454637 0.829954 0.773723
72 0.431384 0.806705 0.751825
73 0.437611 0.833469 0.781022
74 0.452153 0.813733 0.785888
75 0.455231 0.746959 0.705596
76 0.443219 0.835902 0.788321
77 0.441139 0.819951 0.768856
78 0.456099 0.850770 0.776156
79 0.447651 0.834280 0.773723
80 0.416260 0.834550 0.768856
81 0.424067 0.839416 0.790754
82 0.427889 0.778318 0.766423
83 0.439894 0.845904 0.781022
84 0.421245 0.751825 0.715328
85 0.447185 0.805893 0.781022
86 0.437068 0.842931 0.783455
87 0.423555 0.841579 0.785888
88 0.432227 0.835902 0.773723
89 0.439704 0.842931 0.783455
90 0.408298 0.838605 0.781022
91 0.425488 0.820492 0.754258
92 0.415825 0.841038 0.793187
93 0.424412 0.851041 0.773723
94 0.411345 0.852393 0.776156
95 0.417057 0.841849 0.773723
96 0.417925 0.793728 0.720195
97 0.436768 0.836172 0.776156
98 0.412679 0.844553 0.773723
99 0.413512 0.820492 0.763990
100 0.391315 0.865639 0.795620
101 0.366910 0.865099 0.807786
102 0.365043 0.857529 0.807786
103 0.388946 0.861314 0.778589
104 0.378909 0.859962 0.788321
105 0.369927 0.858610 0.795620
106 0.371021 0.870776 0.802920
107 0.373096 0.847797 0.778589
108 0.361258 0.881590 0.807786
109 0.346607 0.871857 0.800487
110 0.368260 0.878345 0.793187
111 0.361379 0.863747 0.793187
112 0.370815 0.876453 0.819951
113 0.390526 0.878345 0.819951
114 0.367074 0.872398 0.802920
115 0.356550 0.875372 0.783455
116 0.356772 0.877264 0.807786
117 0.361756 0.874561 0.798054
118 0.361304 0.876994 0.802920
119 0.364489 0.879968 0.793187
120 0.363231 0.869695 0.790754
121 0.345382 0.885915 0.805353
122 0.352023 0.874831 0.788321
123 0.345569 0.885104 0.781022
124 0.337601 0.885645 0.793187
125 0.367616 0.875912 0.776156
126 0.360305 0.864017 0.790754
127 0.362987 0.868072 0.798054
128 0.338929 0.883482 0.795620
129 0.341063 0.891322 0.819951
130 0.341375 0.852122 0.790754
131 0.331997 0.889159 0.807786
132 0.352565 0.887267 0.802920
133 0.348269 0.887537 0.798054
134 0.351150 0.874831 0.763990
135 0.328445 0.894566 0.793187
136 0.339229 0.895107 0.819951
137 0.343929 0.872668 0.795620
138 0.329469 0.879968 0.812652
139 0.324576 0.885915 0.810219
140 0.328872 0.884563 0.768856
141 0.339484 0.883752 0.783455
142 0.329888 0.900514 0.802920
143 0.322745 0.892133 0.793187
144 0.313462 0.896459 0.802920
145 0.331678 0.896459 0.805353
146 0.311160 0.898081 0.807786
147 0.321295 0.889970 0.778589
148 0.313290 0.876994 0.785888
149 0.347761 0.909976 0.800487
150 0.290771 0.912679 0.807786
151 0.282779 0.918356 0.815085
152 0.280531 0.918086 0.815085
153 0.287490 0.913220 0.802920
154 0.274592 0.922682 0.817518
155 0.284598 0.912679 0.810219
156 0.281065 0.911327 0.788321
157 0.280046 0.922682 0.793187
158 0.266376 0.922682 0.793187
159 0.272958 0.909705 0.798054
160 0.281793 0.919978 0.810219
161 0.286111 0.919708 0.795620
162 0.270895 0.925115 0.798054
163 0.274903 0.911057 0.798054
164 0.270859 0.923763 0.802920
165 0.258567 0.925926 0.805353
166 0.265794 0.927007 0.812652
167 0.271479 0.926196 0.773723
168 0.266117 0.928359 0.800487
169 0.266639 0.921060 0.810219
170 0.256768 0.922952 0.812652
171 0.262879 0.924574 0.817518
172 0.253134 0.922141 0.812652
173 0.261284 0.929981 0.810219
174 0.253361 0.928089 0.793187
175 0.246421 0.934847 0.810219
176 0.273676 0.934577 0.805353
177 0.251695 0.938091 0.807786
178 0.260687 0.933225 0.812652
179 0.253026 0.933766 0.807786
180 0.256025 0.937821 0.819951
181 0.256825 0.937280 0.790754
182 0.247620 0.931333 0.822384
183 0.239916 0.938362 0.827251
184 0.252772 0.931603 0.812652
185 0.241046 0.931333 0.812652
186 0.263792 0.935118 0.812652
187 0.252431 0.931062 0.802920
188 0.246814 0.920519 0.810219
189 0.258400 0.935388 0.798054
190 0.244385 0.935929 0.805353
191 0.243131 0.943498 0.812652
192 0.252589 0.942687 0.819951
193 0.226813 0.941876 0.815085
194 0.233231 0.936469 0.819951
195 0.256220 0.936740 0.805353
196 0.257834 0.919978 0.778589
197 0.246861 0.928359 0.815085
198 0.247020 0.940254 0.807786
199 0.238661 0.939984 0.800487
200 0.223198 0.948364 0.807786
201 0.222620 0.942958 0.817518
202 0.231666 0.950257 0.822384
203 0.223074 0.954582 0.805353
204 0.230214 0.952149 0.807786
205 0.202366 0.951879 0.805353
206 0.221679 0.950257 0.817518
207 0.216063 0.951068 0.824818
208 0.205617 0.955393 0.822384
209 0.215115 0.954312 0.817518
210 0.213967 0.954853 0.798054
211 0.209557 0.955934 0.815085
212 0.217413 0.957286 0.819951
213 0.222522 0.952690 0.822384
214 0.207386 0.955123 0.802920
215 0.198671 0.951879 0.822384
216 0.208644 0.958367 0.819951
217 0.208900 0.956204 0.829684
218 0.197268 0.953501 0.805353
219 0.206786 0.959989 0.815085
220 0.207817 0.959448 0.819951
221 0.208670 0.957286 0.819951
222 0.202038 0.958637 0.812652
223 0.208206 0.958367 0.810219
224 0.196443 0.957015 0.815085
225 0.210236 0.953501 0.817518
226 0.205689 0.957826 0.807786
227 0.218620 0.957826 0.815085
228 0.208027 0.956475 0.802920
229 0.208763 0.952690 0.805353
230 0.194661 0.960530 0.807786
231 0.198753 0.958637 0.810219
232 0.206681 0.955934 0.817518
233 0.194924 0.962963 0.819951
234 0.182058 0.959989 0.810219
235 0.189978 0.960530 0.805353
236 0.194524 0.957556 0.815085
237 0.192684 0.964315 0.822384
238 0.194787 0.961341 0.812652
239 0.196054 0.961611 0.827251
240 0.190416 0.964044 0.815085
241 0.191369 0.959448 0.817518
242 0.188221 0.962963 0.819951
243 0.198545 0.961611 0.812652
244 0.191928 0.958908 0.812652
245 0.200369 0.961611 0.805353
246 0.180849 0.962422 0.822384
247 0.183230 0.965126 0.834550
248 0.197777 0.961071 0.822384
249 0.190397 0.962422 0.834550
250 0.197264 0.965937 0.822384
251 0.177270 0.965666 0.834550
252 0.183639 0.966748 0.832117
253 0.181885 0.969992 0.827251
254 0.190335 0.967559 0.819951
255 0.174650 0.964855 0.827251
256 0.182971 0.968911 0.817518
257 0.171656 0.968640 0.815085
258 0.181835 0.968370 0.824818
259 0.176804 0.971073 0.824818
260 0.179356 0.969181 0.817518
261 0.173816 0.966207 0.819951
262 0.185520 0.971884 0.824818
263 0.180701 0.966748 0.827251
264 0.178166 0.969181 0.824818
265 0.176532 0.968370 0.815085
266 0.166224 0.971344 0.815085
267 0.184251 0.974588 0.822384
268 0.176859 0.967829 0.810219
269 0.167029 0.970533 0.827251
270 0.179434 0.972695 0.832117
271 0.175530 0.969451 0.822384
272 0.184213 0.969451 0.812652
273 0.182633 0.970262 0.832117
274 0.179489 0.971073 0.819951
275 0.176103 0.970262 0.836983
276 0.176627 0.971344 0.822384
277 0.173845 0.969722 0.822384
278 0.166419 0.971073 0.819951
279 0.180491 0.972966 0.817518
280 0.168135 0.974588 0.827251
281 0.177247 0.972966 0.834550
282 0.166309 0.970803 0.827251
283 0.176257 0.972966 0.817518
284 0.160072 0.971344 0.829684
285 0.173053 0.972966 0.829684
286 0.164486 0.969992 0.827251
287 0.166066 0.974317 0.822384
288 0.183868 0.972966 0.829684
289 0.165767 0.972966 0.832117
290 0.179439 0.971344 0.817518
291 0.173921 0.972155 0.824818
292 0.176281 0.971614 0.824818
293 0.169671 0.974588 0.822384
294 0.170853 0.975399 0.827251
295 0.162930 0.969992 0.827251
296 0.175326 0.974317 0.829684
297 0.168223 0.972966 0.812652
298 0.170579 0.969181 0.832117
299 0.168064 0.974047 0.824818
300 0.168363 0.975128 0.817518
301 0.167975 0.975939 0.827251
302 0.157355 0.976210 0.824818
303 0.165833 0.972155 0.819951
304 0.165258 0.974858 0.824818
305 0.162634 0.977832 0.819951
306 0.167353 0.975669 0.810219
307 0.152376 0.978643 0.822384
308 0.153339 0.977291 0.829684
309 0.169044 0.973506 0.822384
310 0.166738 0.974858 0.829684
311 0.171557 0.978102 0.827251
312 0.166465 0.975399 0.834550
313 0.160827 0.977291 0.822384
314 0.156966 0.977562 0.819951
315 0.163482 0.978643 0.824818
316 0.162484 0.974047 0.832117
317 0.160874 0.974858 0.824818
318 0.160519 0.976480 0.824818
319 0.161568 0.977562 0.829684
320 0.165837 0.977832 0.827251
321 0.158225 0.978373 0.827251
322 0.166969 0.975939 0.829684
323 0.164095 0.975669 0.824818
324 0.154222 0.975939 0.819951
325 0.156937 0.975669 0.827251
326 0.158357 0.975669 0.829684
327 0.157784 0.975939 0.824818
328 0.163745 0.977562 0.827251
329 0.161239 0.975128 0.834550
330 0.157865 0.975128 0.834550
331 0.154693 0.978102 0.836983
332 0.162966 0.977562 0.827251
333 0.157751 0.975128 0.824818
334 0.152488 0.978373 0.832117
335 0.161928 0.977832 0.827251
336 0.166533 0.978643 0.832117
337 0.162863 0.974588 0.827251
338 0.168133 0.978102 0.824818
339 0.168571 0.976750 0.824818
340 0.153651 0.978913 0.824818
341 0.156339 0.978643 0.822384
342 0.157026 0.977832 0.829684
343 0.153319 0.978373 0.829684
344 0.158802 0.978102 0.827251
345 0.166795 0.975128 0.824818
346 0.158609 0.978102 0.822384
347 0.160548 0.977021 0.819951
348 0.153766 0.977291 0.827251
349 0.161576 0.977021 0.829684
350 0.156530 0.978643 0.824818
