1 365.581803 0.277840 0.298000
2 141.002643 0.425872 0.456000
3 64.274001 0.443876 0.468000
4 30.730977 0.428317 0.432000
5 31.447307 0.453212 0.432000
6 39.375322 0.472772 0.442000
7 20.618520 0.435875 0.444000
8 19.785320 0.421649 0.412000
9 14.135110 0.483663 0.480000
10 13.997187 0.440765 0.450000
11 18.693219 0.494777 0.508000
12 16.655202 0.446988 0.458000
13 12.245383 0.428984 0.408000
14 15.702462 0.422983 0.408000
15 9.526347 0.458324 0.468000
16 7.712383 0.465659 0.454000
17 7.577147 0.495221 0.488000
18 6.265501 0.410313 0.426000
19 4.527044 0.475884 0.478000
20 4.077157 0.431429 0.448000
21 4.501321 0.442098 0.414000
22 5.275661 0.379418 0.372000
23 3.450710 0.459435 0.450000
24 4.146757 0.409424 0.410000
25 4.241736 0.441876 0.424000
26 3.477942 0.378084 0.376000
27 3.243673 0.459658 0.476000
28 3.318485 0.289398 0.288000
29 2.541430 0.464548 0.468000
30 2.550646 0.494554 0.486000
31 2.375561 0.423427 0.426000
32 2.814879 0.446099 0.450000
33 2.523078 0.371194 0.368000
34 2.187561 0.457880 0.464000
35 2.220924 0.462103 0.436000
36 2.104243 0.398755 0.402000
37 2.304884 0.450100 0.428000
38 2.321858 0.398978 0.400000
39 2.436982 0.371638 0.356000
40 2.054019 0.492776 0.488000
41 2.078657 0.441431 0.452000
42 2.440493 0.402978 0.402000
43 2.486591 0.440098 0.434000
44 2.439849 0.438542 0.460000
45 2.337638 0.423650 0.440000
46 2.573996 0.448322 0.432000
47 2.171675 0.482774 0.498000
48 2.015706 0.495221 0.486000
49 2.214917 0.418982 0.388000
50 1.885786 0.460325 0.456000
51 1.611329 0.426095 0.400000
52 1.662725 0.467659 0.458000
53 1.575850 0.509669 0.524000
54 1.450121 0.499889 0.486000
55 1.588680 0.370527 0.360000
56 1.572560 0.493665 0.504000
57 1.559301 0.469660 0.502000
58 1.579732 0.421427 0.412000
59 1.608332 0.418093 0.386000
60 1.639751 0.438097 0.446000
61 1.596158 0.467437 0.488000
62 1.620453 0.497888 0.504000
63 1.543626 0.494110 0.498000
64 1.651379 0.467882 0.492000
65 1.564936 0.466104 0.476000
66 1.560816 0.468771 0.476000
67 1.486067 0.511002 0.512000
68 1.549927 0.504557 0.540000
69 1.656427 0.451656 0.464000
70 1.764999 0.425872 0.418000
