1 3.271900 0.625806 0.588235
2 1.321000 0.729032 0.558824
3 1.635365 0.619355 0.411765
4 1.175881 0.674194 0.647059
5 0.893106 0.722581 0.588235
6 0.676294 0.748387 0.647059
7 0.504598 0.787097 0.529412
8 0.439722 0.780645 0.529412
9 0.423673 0.854839 0.588235
10 0.363703 0.803226 0.617647
11 0.411940 0.838710 0.558824
12 0.356184 0.854839 0.676471
13 0.321803 0.822581 0.617647
14 0.331611 0.864516 0.676471
15 0.282140 0.909677 0.588235
16 0.273767 0.922581 0.558824
17 0.242941 0.941935 0.647059
18 0.318026 0.883871 0.617647
19 0.293215 0.848387 0.588235
20 0.209113 0.948387 0.500000
21 0.157478 0.909677 0.617647
22 0.215661 0.977419 0.588235
23 0.130093 0.967742 0.647059
24 0.270280 0.967742 0.617647
25 0.169202 0.970968 0.617647
26 0.169343 0.906452 0.588235
27 0.258814 0.925806 0.647059
28 0.160047 0.993548 0.617647
29 0.055935 0.996774 0.588235
30 0.099543 0.967742 0.558824
31 0.178619 0.951613 0.676471
32 0.165802 0.958065 0.588235
33 0.103154 0.951613 0.588235
34 0.220548 0.961290 0.617647
35 0.114504 0.983871 0.617647
36 0.114649 0.990323 0.647059
37 0.074189 0.970968 0.705882
38 0.102592 0.980645 0.617647
39 0.156592 0.983871 0.588235
40 0.071284 0.980645 0.676471
41 0.154342 0.900000 0.647059
42 0.150899 0.951613 0.588235
43 0.115767 0.987097 0.617647
44 0.098722 0.983871 0.558824
45 0.071147 0.974194 0.617647
46 0.096255 0.983871 0.617647
47 0.103305 0.996774 0.647059
48 0.058573 0.996774 0.676471
49 0.049897 0.993548 0.647059
50 0.055242 0.996774 0.647059
51 0.042110 0.996774 0.676471
52 0.037819 0.996774 0.617647
53 0.033549 0.996774 0.647059
54 0.031128 0.996774 0.617647
55 0.040296 0.996774 0.647059
56 0.034129 0.996774 0.558824
57 0.038152 0.996774 0.617647
58 0.030522 0.996774 0.617647
59 0.031249 0.996774 0.617647
60 0.029924 0.996774 0.558824
61 0.028526 0.996774 0.558824
62 0.031004 0.996774 0.617647
63 0.027862 0.996774 0.588235
64 0.031458 0.996774 0.588235
65 0.031281 0.996774 0.617647
66 0.030418 0.996774 0.588235
67 0.026933 0.996774 0.588235
68 0.028354 0.996774 0.529412
69 0.029521 0.996774 0.617647
70 0.027859 0.996774 0.588235
71 0.025893 0.996774 0.588235
72 0.029764 0.996774 0.500000
73 0.029029 0.996774 0.558824
74 0.030663 0.996774 0.558824
75 0.027592 0.996774 0.588235
76 0.026512 0.996774 0.529412
77 0.025323 0.996774 0.558824
78 0.027220 0.990323 0.588235
79 0.085181 0.961290 0.558824
80 0.105090 0.980645 0.558824
81 0.099534 0.983871 0.735294
82 0.108655 0.996774 0.617647
83 0.072247 0.990323 0.588235
84 0.056171 0.990323 0.588235
85 0.037520 0.996774 0.529412
86 0.045841 0.964516 0.558824
87 0.051211 0.996774 0.617647
88 0.054374 0.996774 0.647059
89 0.033830 0.996774 0.676471
90 0.028865 0.996774 0.647059
91 0.121925 0.935484 0.617647
92 0.089970 0.996774 0.676471
93 0.063202 0.996774 0.735294
94 0.054835 0.993548 0.558824
95 0.048636 0.993548 0.558824
96 0.291085 0.948387 0.617647
97 0.103192 0.987097 0.529412
98 0.071863 0.993548 0.588235
99 0.092298 0.916129 0.588235
100 0.058076 0.996774 0.617647
101 0.027661 0.996774 0.676471
102 0.029421 0.996774 0.647059
103 0.032030 0.996774 0.647059
104 0.024915 0.996774 0.647059
105 0.025278 0.996774 0.647059
106 0.030702 0.996774 0.647059
107 0.025496 0.996774 0.588235
108 0.026529 0.996774 0.647059
109 0.026790 0.996774 0.588235
110 0.025073 0.996774 0.617647
111 0.026265 0.996774 0.617647
112 0.024738 0.996774 0.617647
113 0.027274 0.996774 0.617647
114 0.028356 0.996774 0.617647
115 0.024043 0.996774 0.617647
116 0.024060 0.996774 0.588235
117 0.022668 0.996774 0.588235
118 0.023319 0.996774 0.588235
119 0.018968 0.996774 0.588235
120 0.026095 0.996774 0.617647
121 0.026535 0.996774 0.617647
122 0.029380 0.996774 0.588235
123 0.023036 0.996774 0.588235
124 0.025962 0.996774 0.617647
125 0.023253 0.996774 0.617647
126 0.027056 0.996774 0.558824
127 0.024262 0.996774 0.617647
128 0.024110 0.996774 0.617647
129 0.026467 0.996774 0.617647
130 0.025526 0.996774 0.588235
131 0.021939 0.996774 0.588235
132 0.022309 0.996774 0.588235
133 0.035910 0.996774 0.588235
134 0.022525 0.996774 0.558824
135 0.024483 0.996774 0.558824
136 0.023709 0.996774 0.558824
137 0.023479 0.996774 0.558824
138 0.023022 0.996774 0.588235
139 0.028134 0.996774 0.558824
140 0.041115 0.987097 0.529412
141 0.058412 0.996774 0.617647
142 0.093107 0.993548 0.617647
143 0.097881 0.996774 0.705882
144 0.042723 0.996774 0.588235
145 0.040324 0.996774 0.529412
146 0.029302 0.993548 0.588235
147 0.031364 0.996774 0.588235
148 0.030466 0.996774 0.558824
149 0.028167 0.996774 0.588235
150 0.026326 0.996774 0.588235
151 0.024387 0.996774 0.588235
152 0.023354 0.996774 0.588235
153 0.022856 0.996774 0.588235
154 0.022157 0.996774 0.588235
155 0.023917 0.996774 0.617647
156 0.024180 0.996774 0.588235
157 0.021859 0.996774 0.588235
158 0.020503 0.996774 0.588235
159 0.022588 0.996774 0.588235
160 0.023976 0.996774 0.558824
161 0.023891 0.996774 0.588235
162 0.023930 0.996774 0.588235
163 0.023821 0.996774 0.588235
164 0.020149 0.996774 0.588235
165 0.020506 0.996774 0.588235
166 0.024799 0.996774 0.588235
167 0.020592 0.996774 0.558824
168 0.023327 0.996774 0.558824
169 0.020844 0.996774 0.558824
170 0.021329 0.996774 0.588235
171 0.024182 0.996774 0.588235
172 0.022144 0.996774 0.558824
173 0.025110 0.996774 0.558824
174 0.022842 0.996774 0.558824
175 0.024248 0.996774 0.558824
176 0.024764 0.996774 0.558824
177 0.018650 0.996774 0.558824
178 0.020767 0.996774 0.588235
179 0.023925 0.996774 0.558824
180 0.026625 0.996774 0.558824
181 0.022596 0.996774 0.558824
182 0.023166 0.996774 0.558824
183 0.018824 0.996774 0.588235
184 0.024512 0.996774 0.529412
185 0.020591 0.996774 0.558824
186 0.021393 0.996774 0.558824
187 0.024176 0.996774 0.558824
188 0.020236 0.996774 0.529412
189 0.020426 0.996774 0.558824
190 0.024537 0.996774 0.558824
191 0.021225 0.996774 0.558824
192 0.024237 0.996774 0.558824
193 0.018914 0.996774 0.558824
194 0.019875 0.996774 0.558824
195 0.022027 0.996774 0.558824
196 0.019988 0.996774 0.558824
197 0.019792 0.996774 0.558824
198 0.021512 0.996774 0.558824
199 0.024498 0.996774 0.558824
200 0.019589 0.996774 0.558824
201 0.020185 0.996774 0.558824
202 0.019718 0.996774 0.529412
203 0.020571 0.996774 0.529412
204 0.020243 0.996774 0.529412
205 0.020142 0.996774 0.588235
206 0.020997 0.996774 0.529412
207 0.022229 0.996774 0.529412
208 0.018915 0.996774 0.529412
209 0.021733 0.996774 0.529412
210 0.019071 0.996774 0.529412
211 0.018891 0.996774 0.529412
212 0.021656 0.996774 0.529412
213 0.016986 0.996774 0.529412
214 0.021748 0.996774 0.558824
215 0.020899 0.996774 0.529412
216 0.018734 0.996774 0.558824
217 0.019528 0.996774 0.529412
218 0.020717 0.996774 0.558824
219 0.019731 0.996774 0.558824
220 0.019803 0.996774 0.558824
221 0.015241 0.996774 0.558824
222 0.021494 0.996774 0.558824
223 0.022188 0.996774 0.558824
224 0.019506 0.996774 0.558824
225 0.017646 0.996774 0.558824
226 0.019604 0.996774 0.558824
227 0.020425 0.996774 0.558824
228 0.017953 0.996774 0.558824
229 0.018712 0.996774 0.558824
230 0.019560 0.996774 0.558824
231 0.022002 0.996774 0.558824
232 0.019309 0.996774 0.529412
233 0.020436 0.996774 0.529412
234 0.016173 0.996774 0.500000
235 0.018862 0.996774 0.558824
236 0.019674 0.996774 0.529412
237 0.022232 0.996774 0.529412
238 0.019250 0.996774 0.529412
239 0.023504 0.996774 0.588235
240 0.020874 0.996774 0.470588
241 0.019819 0.996774 0.558824
242 0.018988 0.996774 0.529412
243 0.016698 0.996774 0.529412
244 0.022041 0.996774 0.558824
245 0.017007 0.996774 0.558824
246 0.021745 0.996774 0.558824
247 0.017470 0.996774 0.558824
248 0.019794 0.996774 0.500000
249 0.018536 0.996774 0.558824
250 0.017136 0.996774 0.558824
251 0.016888 0.996774 0.558824
252 0.016356 0.996774 0.558824
253 0.016544 0.996774 0.529412
254 0.019267 0.996774 0.529412
255 0.016914 0.996774 0.529412
256 0.018180 0.996774 0.558824
257 0.017131 0.996774 0.529412
258 0.016424 0.996774 0.558824
259 0.018680 0.996774 0.558824
260 0.016833 0.996774 0.558824
261 0.020754 0.996774 0.558824
262 0.018861 0.996774 0.558824
263 0.017712 0.996774 0.500000
264 0.017023 0.996774 0.558824
265 0.020803 0.996774 0.558824
266 0.019926 0.996774 0.529412
267 0.018649 0.996774 0.529412
268 0.018535 0.996774 0.500000
269 0.017448 0.996774 0.470588
270 0.019307 0.996774 0.529412
271 0.018158 0.996774 0.500000
272 0.019065 0.996774 0.500000
273 0.018854 0.996774 0.500000
274 0.019141 0.996774 0.500000
275 0.018230 0.996774 0.500000
276 0.017970 0.996774 0.470588
277 0.015657 0.996774 0.500000
278 0.016860 0.996774 0.500000
279 0.019348 0.996774 0.500000
280 0.017727 0.996774 0.500000
281 0.021011 0.996774 0.500000
282 0.018547 0.996774 0.500000
283 0.017024 0.996774 0.500000
284 0.017959 0.996774 0.500000
285 0.016614 0.996774 0.500000
286 0.015710 0.996774 0.529412
287 0.018466 0.996774 0.529412
288 0.018240 0.996774 0.529412
289 0.017967 0.996774 0.529412
290 0.017391 0.996774 0.529412
291 0.016534 0.996774 0.558824
292 0.016430 0.996774 0.500000
293 0.018877 0.996774 0.558824
294 0.018691 0.996774 0.529412
295 0.019436 0.996774 0.529412
296 0.016215 0.996774 0.529412
297 0.019239 0.996774 0.558824
298 0.017723 0.996774 0.529412
299 0.017010 0.996774 0.558824
300 0.016970 0.996774 0.529412
301 0.017076 0.996774 0.500000
302 0.018800 0.996774 0.529412
303 0.020147 0.996774 0.529412
304 0.015153 0.996774 0.558824
305 0.017174 0.996774 0.558824
306 0.015868 0.996774 0.500000
307 0.016601 0.996774 0.529412
308 0.017198 0.996774 0.529412
309 0.018036 0.996774 0.529412
310 0.019889 0.996774 0.558824
311 0.017836 0.996774 0.558824
312 0.017272 0.996774 0.500000
313 0.017221 0.996774 0.558824
314 0.016398 0.996774 0.529412
315 0.017624 0.996774 0.529412
316 0.017099 0.996774 0.558824
317 0.018133 0.996774 0.500000
318 0.016595 0.996774 0.558824
319 0.018766 0.996774 0.529412
320 0.015027 0.996774 0.529412
321 0.017349 0.996774 0.529412
322 0.015388 0.996774 0.529412
323 0.017307 0.996774 0.529412
324 0.018600 0.996774 0.500000
325 0.017768 0.996774 0.500000
326 0.016411 0.996774 0.500000
327 0.015006 0.996774 0.529412
328 0.016210 0.996774 0.529412
329 0.017473 0.996774 0.529412
330 0.015817 0.996774 0.500000
331 0.016225 0.996774 0.529412
332 0.017788 0.996774 0.500000
333 0.016031 0.996774 0.500000
334 0.017038 0.996774 0.500000
335 0.016598 0.996774 0.529412
336 0.015972 0.996774 0.529412
337 0.015912 0.996774 0.529412
338 0.018090 0.996774 0.500000
339 0.017128 0.996774 0.500000
340 0.017999 0.996774 0.500000
341 0.014989 0.996774 0.500000
342 0.018182 0.996774 0.500000
343 0.016615 0.996774 0.529412
344 0.016073 0.996774 0.500000
345 0.019168 0.996774 0.500000
346 0.017114 0.996774 0.529412
347 0.018545 0.996774 0.500000
348 0.017233 0.996774 0.500000
349 0.016941 0.996774 0.500000
350 0.019718 0.996774 0.500000
