1 6.553866 0.763333 0.762000
2 1.548041 0.732889 0.706000
3 0.895877 0.761556 0.754000
4 1.032370 0.718667 0.736000
5 1.120751 0.753333 0.728000
6 0.851352 0.748000 0.720000
7 0.714188 0.724222 0.704000
8 0.742240 0.748889 0.756000
9 0.722523 0.772444 0.754000
10 0.703707 0.778889 0.756000
11 0.931761 0.762444 0.748000
12 0.720191 0.765333 0.738000
13 0.592867 0.759333 0.732000
14 0.581452 0.774000 0.738000
15 0.546439 0.780444 0.756000
16 0.614397 0.779556 0.756000
17 0.585672 0.781556 0.758000
18 0.551219 0.788222 0.744000
19 0.525901 0.760222 0.748000
20 0.656956 0.768222 0.756000
21 0.579678 0.782889 0.748000
22 0.565738 0.797111 0.768000
23 0.552799 0.772667 0.748000
24 0.522100 0.776222 0.758000
25 0.552414 0.798444 0.764000
26 0.525913 0.785556 0.750000
27 0.542405 0.801111 0.766000
28 0.520003 0.807111 0.740000
29 0.533981 0.762667 0.714000
30 0.515709 0.794222 0.750000
