1 1.702504 0.734444 0.690000
2 0.642970 0.758889 0.710000
3 0.660680 0.732222 0.690000
4 0.565214 0.772222 0.770000
5 0.529244 0.781111 0.750000
6 0.701068 0.768889 0.740000
7 0.487978 0.793333 0.760000
8 0.472220 0.802222 0.710000
9 0.459642 0.777778 0.750000
10 0.437723 0.798889 0.760000
11 0.430472 0.793333 0.700000
12 0.440129 0.808889 0.720000
13 0.435164 0.787778 0.740000
14 0.442932 0.782222 0.730000
15 0.447534 0.806667 0.700000
16 0.429710 0.818889 0.690000
17 0.419518 0.812222 0.730000
18 0.436554 0.823333 0.750000
19 0.414177 0.801111 0.710000
20 0.412769 0.828889 0.680000
21 0.398964 0.831111 0.700000
22 0.393129 0.835556 0.720000
23 0.397072 0.835556 0.680000
24 0.383304 0.816667 0.690000
25 0.386965 0.843333 0.680000
26 0.368075 0.805556 0.690000
27 0.382810 0.844444 0.690000
28 0.356408 0.846667 0.720000
29 1.267037 0.790000 0.700000
30 0.582240 0.792222 0.750000
31 0.572257 0.822222 0.670000
32 0.445291 0.820000 0.690000
33 0.416791 0.803333 0.670000
34 0.393751 0.837778 0.690000
35 0.374071 0.833333 0.690000
36 0.373145 0.822222 0.710000
37 0.396548 0.824444 0.720000
38 0.389014 0.828889 0.700000
39 0.375000 0.850000 0.700000
40 0.364800 0.840000 0.710000
41 0.379118 0.857778 0.670000
42 0.364332 0.831111 0.700000
43 0.378764 0.860000 0.700000
44 0.365771 0.847778 0.680000
45 0.360961 0.844444 0.680000
46 0.353582 0.850000 0.630000
47 0.335471 0.840000 0.720000
48 0.354152 0.838889 0.670000
49 0.359829 0.841111 0.710000
50 0.333770 0.854444 0.740000
51 0.313239 0.862222 0.660000
52 0.312981 0.866667 0.690000
53 0.522618 0.860000 0.680000
54 0.595778 0.858889 0.700000
55 0.330676 0.866667 0.650000
56 0.329698 0.860000 0.690000
57 0.332567 0.866667 0.700000
58 0.351521 0.853333 0.730000
59 0.309385 0.873333 0.690000
60 0.321466 0.864444 0.730000
61 0.328180 0.868889 0.660000
62 0.321250 0.868889 0.670000
63 0.300133 0.875556 0.640000
64 0.316269 0.878889 0.660000
65 0.310230 0.871111 0.670000
66 0.306367 0.878889 0.680000
67 0.285316 0.873333 0.700000
68 0.298666 0.878889 0.630000
69 0.312580 0.864444 0.670000
70 1.036548 0.864444 0.700000
71 0.360154 0.856667 0.730000
72 0.316197 0.880000 0.670000
73 0.310252 0.874444 0.710000
74 0.398183 0.887778 0.670000
75 0.296742 0.881111 0.680000
76 0.284856 0.878889 0.720000
77 0.290303 0.863333 0.660000
78 0.296685 0.874444 0.780000
79 0.296983 0.880000 0.720000
80 0.314194 0.891111 0.690000
81 0.287218 0.873333 0.700000
82 0.282472 0.882222 0.670000
83 0.280187 0.891111 0.700000
84 0.302141 0.880000 0.710000
85 0.294867 0.883333 0.730000
86 0.285227 0.871111 0.670000
87 0.290335 0.885556 0.690000
88 0.317247 0.868889 0.740000
89 0.300168 0.872222 0.700000
90 0.290164 0.888889 0.680000
91 0.271954 0.888889 0.720000
92 0.288913 0.887778 0.670000
93 0.281866 0.886667 0.700000
94 0.277545 0.897778 0.680000
95 0.263500 0.888889 0.680000
96 0.282316 0.894444 0.740000
97 0.270716 0.891111 0.670000
98 0.270854 0.896667 0.680000
99 0.274281 0.884444 0.710000
100 0.276535 0.887778 0.700000
101 0.251706 0.903333 0.700000
102 0.252925 0.897778 0.660000
103 0.259725 0.894444 0.640000
104 0.250926 0.904444 0.670000
105 0.242836 0.898889 0.660000
106 0.243919 0.908889 0.700000
107 0.241894 0.894444 0.690000
108 0.237378 0.908889 0.640000
109 0.237409 0.893333 0.670000
110 0.242830 0.904444 0.650000
111 0.247877 0.903333 0.690000
112 0.236382 0.901111 0.660000
113 0.242952 0.903333 0.640000
114 0.233762 0.907778 0.680000
115 0.242595 0.907778 0.680000
116 0.259027 0.893333 0.720000
117 0.246684 0.903333 0.700000
118 0.242665 0.910000 0.650000
119 0.236644 0.910000 0.660000
120 0.243644 0.914444 0.680000
121 0.244655 0.907778 0.660000
122 0.234815 0.912222 0.670000
123 0.231766 0.908889 0.680000
124 0.234546 0.907778 0.670000
125 0.236406 0.910000 0.660000
126 0.231640 0.914444 0.660000
127 0.239596 0.915556 0.670000
128 0.233535 0.913333 0.690000
129 0.243750 0.901111 0.650000
130 0.242000 0.912222 0.680000
131 0.232158 0.911111 0.680000
132 0.250220 0.910000 0.670000
133 0.231303 0.913333 0.680000
134 0.232850 0.906667 0.680000
135 0.227752 0.917778 0.660000
136 0.233981 0.913333 0.660000
137 0.224077 0.912222 0.690000
138 0.231657 0.912222 0.630000
139 0.228880 0.908889 0.670000
140 0.239723 0.904444 0.640000
141 0.235393 0.910000 0.700000
142 0.235246 0.913333 0.650000
143 0.223776 0.913333 0.700000
144 0.234441 0.911111 0.670000
145 0.230953 0.915556 0.690000
146 0.221042 0.911111 0.660000
147 0.227794 0.904444 0.710000
148 0.220072 0.914444 0.740000
149 0.226711 0.898889 0.670000
150 0.215190 0.918889 0.660000
151 0.216624 0.915556 0.730000
152 0.201915 0.917778 0.690000
153 0.216623 0.920000 0.710000
154 0.227037 0.921111 0.700000
155 0.205458 0.917778 0.670000
156 0.213934 0.917778 0.660000
157 0.215191 0.923333 0.670000
158 0.209119 0.922222 0.690000
159 0.208993 0.912222 0.680000
160 0.200321 0.918889 0.680000
161 0.208152 0.910000 0.680000
162 0.219839 0.916667 0.660000
163 0.206739 0.917778 0.690000
164 0.221638 0.924444 0.670000
165 0.203062 0.917778 0.720000
166 0.216765 0.914444 0.680000
167 0.214838 0.920000 0.670000
168 0.202705 0.920000 0.690000
169 0.210127 0.920000 0.700000
170 0.213472 0.920000 0.640000
171 0.220157 0.918889 0.700000
172 0.211023 0.922222 0.690000
173 0.206114 0.920000 0.690000
174 0.203742 0.921111 0.690000
175 0.213578 0.927778 0.670000
176 0.204910 0.918889 0.670000
177 0.204949 0.925556 0.680000
178 0.206936 0.914444 0.670000
179 0.200715 0.921111 0.670000
180 0.210891 0.923333 0.660000
181 0.203655 0.923333 0.680000
182 0.207721 0.923333 0.680000
183 0.205472 0.927778 0.670000
184 0.199802 0.925556 0.670000
185 0.208341 0.923333 0.660000
186 0.206254 0.921111 0.680000
187 0.200349 0.926667 0.670000
188 0.211469 0.927778 0.680000
189 0.205119 0.926667 0.670000
190 0.207318 0.925556 0.670000
191 0.195900 0.918889 0.670000
192 0.196754 0.924444 0.700000
193 0.197640 0.922222 0.650000
194 0.196713 0.926667 0.660000
195 0.206750 0.921111 0.670000
196 0.212780 0.924444 0.670000
197 0.211692 0.925556 0.650000
198 0.201446 0.926667 0.680000
199 0.192844 0.923333 0.690000
200 0.199319 0.925556 0.660000
201 0.197708 0.928889 0.650000
202 0.195332 0.930000 0.650000
203 0.189481 0.925556 0.690000
204 0.195279 0.926667 0.660000
205 0.195423 0.922222 0.650000
206 0.192621 0.928889 0.670000
207 0.195218 0.925556 0.650000
208 0.192598 0.922222 0.640000
209 0.189584 0.926667 0.700000
210 0.194166 0.922222 0.640000
211 0.193521 0.924444 0.660000
212 0.201185 0.926667 0.690000
213 0.196378 0.927778 0.680000
214 0.193836 0.926667 0.680000
215 0.196569 0.924444 0.660000
216 0.191710 0.928889 0.690000
217 0.195435 0.927778 0.670000
218 0.196411 0.927778 0.670000
219 0.194569 0.921111 0.640000
220 0.193140 0.931111 0.680000
221 0.192999 0.922222 0.680000
222 0.197547 0.930000 0.670000
223 0.190095 0.925556 0.680000
224 0.189634 0.931111 0.670000
225 0.187092 0.927778 0.690000
226 0.184528 0.930000 0.690000
227 0.184032 0.928889 0.680000
228 0.187105 0.926667 0.660000
229 0.191573 0.930000 0.670000
230 0.185581 0.923333 0.670000
231 0.189694 0.922222 0.670000
232 0.190310 0.931111 0.670000
233 0.200110 0.920000 0.660000
234 0.184409 0.923333 0.650000
235 0.191319 0.927778 0.680000
236 0.191151 0.924444 0.680000
237 0.187384 0.926667 0.660000
238 0.183442 0.927778 0.660000
239 0.184589 0.928889 0.670000
240 0.209860 0.927778 0.720000
241 0.191147 0.931111 0.660000
242 0.196938 0.925556 0.660000
243 0.202213 0.927778 0.660000
244 0.188704 0.931111 0.670000
245 0.209121 0.928889 0.650000
246 0.186435 0.927778 0.690000
247 0.201441 0.927778 0.670000
248 0.183144 0.928889 0.660000
249 0.187948 0.931111 0.680000
250 0.191743 0.925556 0.660000
251 0.184322 0.928889 0.680000
252 0.182365 0.934444 0.670000
253 0.182231 0.930000 0.670000
254 0.186043 0.932222 0.670000
255 0.179056 0.928889 0.700000
256 0.188074 0.926667 0.660000
257 0.175122 0.932222 0.690000
258 0.190150 0.927778 0.680000
259 0.184720 0.927778 0.670000
260 0.188433 0.935556 0.680000
261 0.195954 0.926667 0.660000
262 0.178603 0.934444 0.680000
263 0.182451 0.933333 0.680000
264 0.188033 0.937778 0.670000
265 0.187249 0.932222 0.670000
266 0.181084 0.933333 0.670000
267 0.176355 0.928889 0.680000
268 0.192930 0.927778 0.680000
269 0.181340 0.930000 0.660000
270 0.194034 0.936667 0.690000
271 0.184146 0.931111 0.680000
272 0.185025 0.928889 0.670000
273 0.181984 0.933333 0.670000
274 0.184959 0.931111 0.680000
275 0.183598 0.928889 0.660000
276 0.192954 0.928889 0.670000
277 0.182785 0.928889 0.670000
278 0.189447 0.928889 0.670000
279 0.184758 0.928889 0.670000
280 0.178348 0.931111 0.670000
281 0.179330 0.930000 0.660000
282 0.189006 0.932222 0.660000
283 0.185228 0.930000 0.670000
284 0.181233 0.932222 0.690000
285 0.191052 0.928889 0.670000
286 0.198378 0.933333 0.680000
287 0.186559 0.933333 0.660000
288 0.183666 0.932222 0.680000
289 0.183790 0.928889 0.660000
290 0.175185 0.934444 0.670000
291 0.188792 0.935556 0.660000
292 0.184828 0.930000 0.660000
293 0.176775 0.930000 0.670000
294 0.178761 0.926667 0.650000
295 0.189121 0.931111 0.640000
296 0.178698 0.932222 0.680000
297 0.176634 0.933333 0.680000
298 0.190837 0.933333 0.650000
299 0.182208 0.934444 0.660000
300 0.182402 0.933333 0.650000
301 0.179288 0.932222 0.680000
302 0.176162 0.932222 0.650000
303 0.182595 0.927778 0.650000
304 0.173612 0.931111 0.650000
305 0.190874 0.935556 0.670000
306 0.188297 0.933333 0.650000
307 0.175411 0.931111 0.670000
308 0.182582 0.933333 0.680000
309 0.191048 0.931111 0.670000
310 0.191775 0.932222 0.650000
311 0.182978 0.932222 0.650000
312 0.176262 0.931111 0.670000
313 0.182656 0.934444 0.660000
314 0.177744 0.933333 0.660000
315 0.177305 0.932222 0.670000
316 0.181578 0.931111 0.630000
317 0.181832 0.933333 0.680000
318 0.181659 0.931111 0.660000
319 0.177167 0.932222 0.650000
320 0.182701 0.930000 0.650000
321 0.186231 0.930000 0.670000
322 0.184926 0.933333 0.660000
323 0.196525 0.930000 0.680000
324 0.180656 0.931111 0.680000
325 0.177394 0.933333 0.670000
326 0.177517 0.934444 0.650000
327 0.178741 0.933333 0.670000
328 0.179979 0.934444 0.670000
329 0.175861 0.932222 0.640000
330 0.194564 0.932222 0.660000
331 0.175543 0.931111 0.650000
332 0.181900 0.933333 0.690000
333 0.176716 0.933333 0.660000
334 0.172688 0.925556 0.690000
335 0.170891 0.931111 0.680000
336 0.176636 0.932222 0.660000
337 0.175122 0.931111 0.680000
338 0.195942 0.928889 0.680000
339 0.183060 0.933333 0.670000
340 0.175533 0.933333 0.670000
341 0.178626 0.930000 0.650000
342 0.183750 0.927778 0.700000
343 0.176296 0.934444 0.670000
344 0.183087 0.934444 0.650000
345 0.179969 0.933333 0.670000
346 0.186262 0.934444 0.670000
347 0.177350 0.930000 0.660000
348 0.175948 0.932222 0.670000
349 0.177367 0.931111 0.650000
350 0.190537 0.932222 0.660000
