1 377.502147 0.280444 0.288577
2 164.421803 0.381556 0.384770
3 66.887160 0.475556 0.529058
4 39.311863 0.429778 0.448898
5 32.979315 0.419111 0.420842
6 33.401520 0.406889 0.414830
7 29.896021 0.428889 0.450902
8 22.832812 0.416667 0.412826
9 16.547838 0.401778 0.414830
10 16.462602 0.457778 0.450902
11 15.662595 0.467778 0.521042
12 12.709894 0.418000 0.410822
13 18.239915 0.416000 0.430862
14 10.851734 0.488889 0.529058
15 12.034068 0.470667 0.515030
16 6.491038 0.390889 0.398798
17 9.376303 0.406222 0.412826
18 6.030571 0.362667 0.360721
19 5.677463 0.447333 0.462926
20 4.671108 0.488000 0.525050
21 4.814645 0.420000 0.416834
22 5.240490 0.370444 0.370741
23 3.820218 0.516000 0.545090
24 3.415059 0.478667 0.501002
25 3.771623 0.387333 0.388778
26 3.530639 0.500667 0.535070
27 3.119840 0.443111 0.468938
28 3.087832 0.457556 0.488978
29 3.109102 0.350222 0.368737
30 2.750268 0.369556 0.366733
31 2.787531 0.500000 0.515030
32 2.388849 0.473778 0.511022
33 2.488507 0.418000 0.420842
34 2.497319 0.408222 0.412826
35 2.451601 0.440889 0.464930
36 2.748115 0.358000 0.362725
37 2.853276 0.453333 0.482966
38 2.127426 0.495111 0.525050
39 2.314953 0.501333 0.537074
40 2.137736 0.468667 0.517034
41 2.298066 0.424667 0.440882
42 2.125001 0.443111 0.442886
43 2.425451 0.380444 0.396794
44 2.031512 0.460444 0.498998
45 2.067603 0.490667 0.523046
46 1.903867 0.466667 0.484970
47 1.920362 0.454667 0.472946
48 1.950895 0.467333 0.476954
49 1.873921 0.391111 0.396794
50 1.567824 0.494667 0.533066
51 1.448667 0.478000 0.503006
52 1.526770 0.448222 0.450902
53 1.558539 0.472222 0.496994
54 1.468227 0.450444 0.474950
55 1.542141 0.480444 0.505010
56 1.614932 0.450000 0.478958
57 1.497257 0.427333 0.446894
58 1.481406 0.514000 0.561122
59 1.567897 0.446889 0.478958
60 1.621812 0.509111 0.513026
61 1.564354 0.476222 0.498998
62 1.525981 0.476667 0.507014
63 1.680772 0.502444 0.549098
64 1.571276 0.462667 0.482966
65 1.621051 0.495111 0.507014
66 1.741752 0.468889 0.480962
67 1.594819 0.448222 0.432866
68 1.623937 0.364667 0.368737
69 1.634143 0.465111 0.474950
70 1.779201 0.473111 0.501002
