1 3.072706 0.453333 0.393333
2 1.927270 0.451111 0.413333
3 1.503581 0.488889 0.426667
4 1.440181 0.536296 0.460000
5 1.180895 0.534074 0.473333
6 1.106054 0.545926 0.493333
7 1.221368 0.541481 0.486667
8 1.357679 0.520000 0.480000
9 1.113354 0.548889 0.473333
10 1.021983 0.539259 0.486667
11 0.985194 0.551852 0.493333
12 0.998724 0.533333 0.433333
13 1.005502 0.531852 0.526667
14 0.984224 0.543704 0.446667
15 1.003434 0.531111 0.453333
16 0.967898 0.516296 0.440000
17 1.094182 0.525185 0.413333
18 1.004254 0.548889 0.493333
19 0.987388 0.558519 0.520000
20 0.975456 0.562222 0.513333
21 0.950186 0.558519 0.466667
22 1.054689 0.536296 0.460000
23 0.978856 0.551111 0.400000
24 0.939559 0.563704 0.480000
25 1.015927 0.556296 0.493333
26 0.972626 0.539259 0.486667
27 0.962365 0.557037 0.460000
28 0.929865 0.557037 0.466667
29 0.949070 0.554074 0.466667
30 0.934482 0.560000 0.453333
31 0.928631 0.558519 0.420000
32 0.953985 0.517037 0.393333
33 0.928397 0.565185 0.466667
34 0.998124 0.548889 0.486667
35 1.032352 0.548889 0.480000
36 1.005578 0.543704 0.440000
37 0.991907 0.557778 0.466667
38 0.940390 0.542963 0.446667
39 0.994107 0.558519 0.473333
40 0.950241 0.560000 0.440000
41 0.942833 0.552593 0.466667
42 1.048547 0.565926 0.473333
43 0.929026 0.564444 0.460000
44 0.998824 0.562963 0.466667
45 0.914735 0.559259 0.466667
46 0.961513 0.565185 0.486667
47 0.945146 0.565185 0.446667
48 0.916669 0.562963 0.473333
49 0.923181 0.571111 0.473333
50 0.905982 0.561481 0.420000
51 0.905360 0.565926 0.426667
52 0.912529 0.565926 0.453333
53 0.936478 0.572593 0.446667
54 0.900652 0.580741 0.446667
55 0.903546 0.574815 0.473333
56 0.889642 0.579259 0.453333
57 0.895238 0.579259 0.460000
58 0.905282 0.566667 0.480000
59 0.895532 0.575556 0.433333
60 0.908799 0.578519 0.466667
61 0.903661 0.574074 0.453333
62 0.903686 0.574074 0.466667
63 0.889016 0.581481 0.453333
64 0.893581 0.585926 0.480000
65 0.968859 0.562222 0.426667
66 0.893819 0.545926 0.400000
67 0.866537 0.574815 0.453333
68 0.921140 0.577778 0.466667
69 0.898042 0.579259 0.440000
70 0.939859 0.582222 0.486667
