1 6.436254 0.753333 0.762000
2 1.680049 0.722222 0.720000
3 1.355153 0.766222 0.766000
4 0.965044 0.735333 0.722000
5 1.433632 0.762444 0.746000
6 1.309961 0.736667 0.710000
7 0.992668 0.747333 0.722000
8 0.753275 0.764222 0.760000
9 0.803340 0.779111 0.762000
10 0.724064 0.782667 0.756000
11 0.703942 0.770000 0.756000
12 0.824900 0.768000 0.738000
13 0.642728 0.770667 0.740000
14 0.598923 0.777778 0.748000
15 0.658710 0.780222 0.760000
16 0.869057 0.773778 0.756000
17 0.723024 0.765556 0.752000
18 0.615862 0.778889 0.744000
19 0.571419 0.791556 0.746000
20 0.608408 0.796444 0.770000
21 0.588876 0.800444 0.778000
22 0.578581 0.800667 0.770000
23 0.548892 0.752222 0.724000
24 0.544132 0.785778 0.770000
25 0.554272 0.799556 0.752000
26 0.558966 0.772889 0.740000
27 0.543772 0.804444 0.780000
28 0.530435 0.803333 0.754000
29 0.554348 0.785778 0.750000
30 0.513818 0.801556 0.736000
