1 3.595961 0.650716 0.637470
2 1.644797 0.658556 0.618005
3 1.247716 0.649365 0.647202
4 1.219172 0.652068 0.613139
5 1.156396 0.705326 0.673966
6 1.090789 0.709381 0.673966
7 1.086971 0.710733 0.678832
8 1.045556 0.742903 0.710462
9 0.952142 0.726142 0.678832
10 0.956651 0.695323 0.676399
11 0.839726 0.624493 0.610706
12 0.838080 0.691538 0.664234
13 0.739587 0.699919 0.659367
14 0.658979 0.676669 0.656934
15 0.674632 0.671803 0.654501
16 0.601050 0.711273 0.688564
17 0.950729 0.576102 0.569343
18 0.732097 0.724520 0.681265
19 0.603249 0.735064 0.700730
20 0.636816 0.670992 0.654501
21 0.571929 0.748040 0.695864
22 0.588340 0.736686 0.683698
23 0.585804 0.739389 0.703163
24 0.589905 0.744796 0.698297
25 0.537205 0.753988 0.715328
26 0.581554 0.753988 0.715328
27 0.572065 0.709922 0.693431
28 0.541893 0.764531 0.705596
29 0.549335 0.768316 0.725061
30 0.536649 0.760476 0.710462
31 0.526407 0.765072 0.732360
32 0.546642 0.769127 0.717762
33 0.532241 0.760205 0.705596
34 0.531076 0.776696 0.729927
35 0.544335 0.772101 0.712895
36 0.554861 0.648013 0.625304
37 0.552314 0.745066 0.705596
38 0.573248 0.693701 0.661800
39 0.525078 0.760746 0.710462
40 0.515872 0.778048 0.737226
41 0.544260 0.780481 0.720195
42 0.512354 0.777507 0.712895
43 0.505243 0.747770 0.710462
44 0.500916 0.771019 0.710462
45 0.494980 0.792647 0.744526
46 0.479650 0.785888 0.732360
47 0.518088 0.760476 0.720195
48 0.516787 0.728846 0.700730
49 0.512482 0.779941 0.732360
50 0.486341 0.803731 0.734793
51 0.467546 0.821844 0.763990
52 0.466767 0.803190 0.729927
53 0.480081 0.799676 0.754258
54 0.448077 0.809678 0.734793
55 0.454967 0.826169 0.761557
56 0.466516 0.814815 0.754258
57 0.460377 0.815896 0.739659
58 0.472661 0.817248 0.742092
59 0.429498 0.827791 0.759124
60 0.445858 0.798865 0.739659
61 0.423792 0.818600 0.761557
62 0.427996 0.824006 0.746959
63 0.439541 0.833198 0.776156
64 0.436855 0.832117 0.785888
65 0.438040 0.834820 0.776156
66 0.447959 0.826980 0.766423
67 0.422444 0.827251 0.776156
68 0.420234 0.824818 0.759124
69 0.432235 0.834820 0.768856
70 0.422597 0.811300 0.749392
71 0.425405 0.839416 0.768856
72 0.419385 0.816707 0.746959
73 0.417235 0.819140 0.759124
74 0.409091 0.836713 0.788321
75 0.424639 0.820762 0.756691
76 0.410942 0.841849 0.771290
77 0.413213 0.844282 0.766423
78 0.422615 0.844282 0.771290
79 0.421875 0.791836 0.746959
80 0.421574 0.849959 0.781022
81 0.390668 0.844823 0.788321
82 0.406746 0.844823 0.785888
83 0.424606 0.850230 0.766423
84 0.408575 0.847797 0.778589
85 0.414331 0.856177 0.776156
86 0.407549 0.861584 0.788321
87 0.396884 0.837524 0.778589
88 0.404127 0.854285 0.768856
89 0.398720 0.824277 0.744526
90 0.376262 0.863206 0.783455
91 0.404790 0.845634 0.773723
92 0.394421 0.862395 0.785888
93 0.390043 0.861584 0.761557
94 0.384081 0.859421 0.788321
95 0.385860 0.863206 0.793187
96 0.371679 0.854285 0.788321
97 0.388340 0.863747 0.802920
98 0.381430 0.867532 0.795620
99 0.364917 0.870776 0.778589
100 0.363954 0.882671 0.798054
101 0.354986 0.888078 0.781022
102 0.348233 0.879968 0.805353
103 0.329717 0.886996 0.802920
104 0.330639 0.872939 0.785888
105 0.321876 0.886726 0.788321
106 0.319522 0.891592 0.817518
107 0.310388 0.896999 0.798054
108 0.323884 0.886996 0.812652
109 0.322719 0.894566 0.800487
110 0.322127 0.890511 0.790754
111 0.310555 0.891592 0.785888
112 0.317883 0.876183 0.771290
113 0.310338 0.890781 0.795620
114 0.309945 0.895647 0.812652
115 0.315426 0.897810 0.800487
116 0.310128 0.893755 0.802920
117 0.296760 0.896729 0.793187
118 0.302015 0.898351 0.817518
119 0.313174 0.883752 0.793187
120 0.304670 0.902676 0.788321
121 0.298364 0.895918 0.798054
122 0.298561 0.900514 0.795620
123 0.307138 0.906461 0.800487
124 0.286558 0.909435 0.790754
125 0.296340 0.904298 0.802920
126 0.284289 0.909705 0.798054
127 0.289719 0.911598 0.795620
128 0.273220 0.907002 0.788321
129 0.265375 0.918086 0.805353
130 0.289344 0.908354 0.805353
131 0.289757 0.919978 0.773723
132 0.286985 0.908894 0.800487
133 0.276674 0.915653 0.800487
134 0.268965 0.915923 0.795620
135 0.278123 0.918627 0.817518
136 0.289975 0.919167 0.793187
137 0.276362 0.920789 0.798054
138 0.265982 0.917005 0.785888
139 0.267599 0.909165 0.788321
140 0.262461 0.911598 0.815085
141 0.249420 0.917545 0.790754
142 0.251768 0.917005 0.810219
143 0.236407 0.925926 0.790754
144 0.245484 0.912949 0.781022
145 0.262655 0.927818 0.790754
146 0.242632 0.935118 0.810219
147 0.229845 0.928900 0.795620
148 0.246961 0.939984 0.785888
149 0.230141 0.935658 0.783455
150 0.215812 0.947013 0.781022
151 0.210460 0.949175 0.778589
152 0.203965 0.951068 0.802920
153 0.196117 0.947824 0.771290
154 0.206101 0.951879 0.783455
155 0.199034 0.956475 0.785888
156 0.187049 0.957556 0.795620
157 0.193317 0.952690 0.788321
158 0.179187 0.954042 0.795620
159 0.193991 0.949446 0.778589
160 0.195865 0.958908 0.788321
161 0.187409 0.951338 0.790754
162 0.183675 0.956204 0.795620
163 0.183147 0.957826 0.785888
164 0.176030 0.953771 0.790754
165 0.167978 0.962152 0.790754
166 0.188121 0.957826 0.761557
167 0.178061 0.959719 0.785888
168 0.161338 0.959719 0.793187
169 0.178634 0.956745 0.793187
170 0.181326 0.960800 0.785888
171 0.175175 0.959719 0.785888
172 0.171832 0.961341 0.793187
173 0.160368 0.965666 0.795620
174 0.171231 0.958097 0.768856
175 0.160532 0.951068 0.776156
176 0.166781 0.963233 0.781022
177 0.168830 0.966477 0.790754
178 0.162425 0.967288 0.798054
179 0.166384 0.962963 0.790754
180 0.164700 0.960800 0.783455
181 0.162283 0.963504 0.781022
182 0.158555 0.968099 0.793187
183 0.159888 0.970262 0.790754
184 0.148566 0.968099 0.773723
185 0.166450 0.967018 0.778589
186 0.150586 0.969992 0.763990
187 0.159191 0.961611 0.781022
188 0.145185 0.971073 0.778589
189 0.157925 0.967559 0.785888
190 0.151992 0.970533 0.785888
191 0.141069 0.972425 0.785888
192 0.162344 0.968099 0.783455
193 0.144084 0.975669 0.763990
194 0.139883 0.972695 0.788321
195 0.145306 0.966207 0.783455
196 0.129583 0.976480 0.790754
197 0.148072 0.973236 0.781022
198 0.151576 0.975128 0.785888
199 0.124237 0.972966 0.783455
200 0.129398 0.978913 0.783455
201 0.108148 0.981076 0.781022
202 0.125927 0.980265 0.793187
203 0.115892 0.981346 0.785888
204 0.111023 0.979184 0.776156
205 0.109557 0.981617 0.778589
206 0.110201 0.984050 0.781022
207 0.106992 0.983239 0.788321
208 0.114505 0.985131 0.798054
209 0.115934 0.985401 0.795620
210 0.110985 0.984590 0.800487
211 0.107547 0.985672 0.795620
212 0.112995 0.984861 0.800487
213 0.113579 0.983239 0.795620
214 0.098852 0.986483 0.795620
215 0.099590 0.983509 0.795620
216 0.094483 0.986212 0.788321
217 0.103574 0.985672 0.795620
218 0.102131 0.984050 0.778589
219 0.110307 0.986212 0.788321
220 0.103451 0.988646 0.793187
221 0.101815 0.986483 0.805353
222 0.089838 0.988105 0.785888
223 0.105384 0.986753 0.795620
224 0.098135 0.983779 0.781022
225 0.112574 0.989457 0.793187
226 0.100556 0.988916 0.788321
227 0.093937 0.989186 0.790754
228 0.096096 0.987024 0.788321
229 0.092091 0.987294 0.793187
230 0.096704 0.987564 0.781022
231 0.102768 0.987294 0.788321
232 0.100839 0.988646 0.785888
233 0.091467 0.987835 0.776156
234 0.089080 0.989186 0.790754
235 0.089465 0.990268 0.788321
236 0.099334 0.987294 0.785888
237 0.097209 0.987024 0.790754
238 0.093297 0.988916 0.800487
239 0.102029 0.984320 0.795620
240 0.107513 0.989727 0.807786
241 0.090823 0.989186 0.795620
242 0.093777 0.989457 0.800487
243 0.079199 0.989457 0.802920
244 0.083984 0.989727 0.800487
245 0.084604 0.991349 0.793187
246 0.086953 0.989997 0.793187
247 0.085708 0.988105 0.776156
248 0.095028 0.989186 0.788321
249 0.084698 0.990268 0.802920
250 0.087948 0.989457 0.788321
251 0.075346 0.991349 0.798054
252 0.071784 0.991349 0.795620
253 0.075283 0.991890 0.785888
254 0.075512 0.991890 0.778589
255 0.076166 0.993512 0.800487
256 0.072500 0.992430 0.793187
257 0.074236 0.994593 0.788321
258 0.080426 0.993782 0.788321
259 0.075264 0.992701 0.783455
260 0.075208 0.994052 0.781022
261 0.078440 0.993512 0.800487
262 0.078125 0.992160 0.793187
263 0.071313 0.992971 0.800487
264 0.071547 0.993512 0.798054
265 0.074177 0.992971 0.793187
266 0.069425 0.993782 0.793187
267 0.067150 0.994052 0.795620
268 0.068639 0.994323 0.802920
269 0.067963 0.993241 0.795620
270 0.070140 0.992701 0.793187
271 0.068787 0.995675 0.788321
272 0.074264 0.995134 0.798054
273 0.073106 0.994593 0.793187
274 0.075201 0.993241 0.785888
275 0.071892 0.994052 0.783455
276 0.070268 0.994593 0.785888
277 0.075404 0.994323 0.802920
278 0.070018 0.994052 0.793187
279 0.069272 0.994323 0.795620
280 0.066745 0.993512 0.783455
281 0.072538 0.994323 0.795620
282 0.067643 0.993241 0.790754
283 0.066259 0.994863 0.800487
284 0.062998 0.994052 0.798054
285 0.078472 0.994593 0.793187
286 0.064192 0.994863 0.790754
287 0.065984 0.994593 0.783455
288 0.070804 0.995404 0.783455
289 0.061008 0.995945 0.790754
290 0.065808 0.995134 0.795620
291 0.071858 0.993782 0.793187
292 0.062797 0.995675 0.800487
293 0.066091 0.994323 0.798054
294 0.064117 0.994593 0.785888
295 0.064013 0.995134 0.778589
296 0.069863 0.995134 0.785888
297 0.070264 0.994863 0.788321
298 0.068056 0.995945 0.783455
299 0.066664 0.995404 0.790754
300 0.066882 0.995945 0.788321
301 0.063029 0.995945 0.788321
302 0.059633 0.995945 0.790754
303 0.064705 0.996215 0.781022
304 0.059094 0.995134 0.793187
305 0.063488 0.994863 0.783455
306 0.060181 0.995945 0.795620
307 0.064292 0.996486 0.788321
308 0.063251 0.995675 0.773723
309 0.065397 0.995675 0.788321
310 0.069825 0.997026 0.785888
311 0.066591 0.997297 0.788321
312 0.056072 0.996215 0.790754
313 0.059117 0.996215 0.793187
314 0.063412 0.996486 0.781022
315 0.063253 0.995945 0.778589
316 0.056494 0.996215 0.783455
317 0.063955 0.996756 0.781022
318 0.051880 0.996215 0.788321
319 0.056590 0.997026 0.785888
320 0.057710 0.996215 0.781022
321 0.061015 0.995945 0.783455
322 0.067450 0.995134 0.785888
323 0.065702 0.996486 0.795620
324 0.062665 0.997026 0.785888
325 0.059217 0.997026 0.800487
326 0.062966 0.996486 0.781022
327 0.059834 0.996486 0.778589
328 0.056873 0.996486 0.781022
329 0.050777 0.996486 0.795620
330 0.068608 0.996756 0.788321
331 0.058910 0.996215 0.785888
332 0.059641 0.997297 0.785888
333 0.056546 0.996756 0.788321
334 0.058974 0.997026 0.776156
335 0.054536 0.997297 0.785888
336 0.061396 0.996486 0.785888
337 0.051550 0.996215 0.783455
338 0.057773 0.997026 0.781022
339 0.057531 0.997297 0.790754
340 0.057414 0.997297 0.785888
341 0.055252 0.995945 0.783455
342 0.060170 0.997297 0.790754
343 0.057785 0.996756 0.798054
344 0.057861 0.997026 0.798054
345 0.055277 0.996486 0.798054
346 0.055022 0.997026 0.790754
347 0.059509 0.997026 0.781022
348 0.063071 0.996756 0.783455
349 0.060882 0.997026 0.785888
350 0.059226 0.996756 0.788321
