1 0.897446 0.798817 0.789474
2 0.291938 0.928994 0.894737
3 0.286633 0.917160 0.894737
4 0.255623 0.952663 0.894737
5 0.287272 0.970414 0.842105
6 0.169670 0.964497 0.842105
7 0.146528 0.988166 0.789474
8 0.156307 0.940828 0.894737
9 0.166680 0.946746 0.894737
10 0.140352 0.964497 0.789474
11 0.103162 0.982249 0.842105
12 0.131059 0.982249 0.894737
13 0.156257 0.923077 0.789474
14 0.127773 0.982249 0.789474
15 0.062617 0.964497 0.842105
16 0.071749 0.982249 0.789474
17 0.045806 0.994083 0.842105
18 0.045360 0.976331 0.789474
19 0.118981 0.923077 0.894737
20 0.104124 0.934911 0.894737
21 0.053508 0.917160 0.894737
22 0.054767 0.994083 0.789474
23 0.031534 1.000000 0.789474
24 0.033007 0.988166 0.736842
25 0.029745 1.000000 0.789474
26 0.024716 1.000000 0.842105
27 0.029067 1.000000 0.789474
28 0.025176 1.000000 0.789474
29 0.028269 0.994083 0.789474
30 0.057748 0.887574 0.842105
31 0.103602 0.905325 0.789474
32 0.063101 1.000000 0.842105
33 0.029815 0.994083 0.789474
34 0.055022 1.000000 0.842105
35 0.047951 1.000000 0.736842
36 0.037386 0.958580 0.789474
37 0.027480 1.000000 0.789474
38 0.027665 1.000000 0.789474
39 0.032116 1.000000 0.789474
40 0.022212 1.000000 0.736842
41 0.032110 0.952663 0.894737
42 0.059381 0.834320 0.789474
43 0.035146 0.976331 0.842105
44 0.042869 1.000000 0.789474
45 0.039267 0.982249 0.789474
46 0.032569 0.994083 0.789474
47 0.024371 1.000000 0.736842
48 0.022409 0.982249 0.789474
49 0.021460 1.000000 0.789474
50 0.021548 1.000000 0.736842
51 0.015900 1.000000 0.789474
52 0.014863 1.000000 0.736842
53 0.015179 1.000000 0.789474
54 0.015676 1.000000 0.789474
55 0.017358 1.000000 0.789474
56 0.020403 1.000000 0.736842
57 0.014407 1.000000 0.736842
58 0.016515 1.000000 0.736842
59 0.016640 1.000000 0.789474
60 0.013373 1.000000 0.789474
61 0.015283 1.000000 0.789474
62 0.016887 1.000000 0.736842
63 0.016795 1.000000 0.736842
64 0.013552 1.000000 0.789474
65 0.015732 1.000000 0.736842
66 0.015639 1.000000 0.789474
67 0.015872 1.000000 0.789474
68 0.033253 0.994083 0.789474
69 0.023784 1.000000 0.789474
70 0.016770 1.000000 0.789474
