1 1.209921 0.852071 0.842105
2 0.436985 0.899408 0.842105
3 0.394322 0.946746 1.000000
4 0.174619 0.994083 0.894737
5 0.110470 0.970414 0.894737
6 0.197490 0.958580 0.947368
7 0.089100 0.976331 0.894737
8 0.196051 0.970414 0.947368
9 0.129066 0.988166 0.842105
10 0.090323 0.988166 0.842105
11 0.082288 0.982249 0.789474
12 0.096070 1.000000 0.894737
13 0.057147 0.952663 0.894737
14 0.153676 0.970414 0.842105
15 0.044545 1.000000 0.842105
16 0.039105 1.000000 0.842105
17 0.027222 1.000000 0.894737
18 0.020265 1.000000 0.894737
19 0.021045 1.000000 0.947368
20 0.019902 1.000000 0.894737
21 0.029006 1.000000 0.894737
22 0.031354 0.952663 0.894737
23 0.056735 0.982249 0.842105
24 0.037743 1.000000 0.789474
25 0.031007 0.982249 0.842105
26 0.091444 0.976331 0.894737
27 0.103320 0.964497 0.842105
28 0.116695 0.988166 0.842105
29 0.053344 1.000000 0.789474
30 0.025525 1.000000 0.894737
31 0.024741 0.982249 0.894737
32 0.022019 1.000000 0.894737
33 0.020342 1.000000 0.894737
34 0.024371 1.000000 0.894737
35 0.020353 1.000000 0.842105
36 0.022483 1.000000 0.894737
37 0.016930 1.000000 0.894737
38 0.017303 1.000000 0.842105
39 0.018596 1.000000 0.894737
40 0.024121 0.982249 0.842105
41 0.132332 0.846154 0.842105
42 0.130752 1.000000 0.842105
43 0.022239 1.000000 0.894737
44 0.025807 1.000000 0.947368
45 0.022511 1.000000 0.947368
46 0.028023 1.000000 0.947368
47 0.022562 1.000000 0.894737
48 0.032147 0.982249 0.789474
49 0.046742 0.988166 0.842105
50 0.018994 1.000000 0.894737
51 0.015745 1.000000 0.894737
52 0.015308 1.000000 0.894737
53 0.014746 1.000000 0.894737
54 0.015571 1.000000 0.894737
55 0.016149 1.000000 0.894737
56 0.011025 1.000000 0.894737
57 0.010087 1.000000 0.894737
58 0.015790 1.000000 0.894737
59 0.013030 1.000000 0.894737
60 0.014910 1.000000 0.894737
61 0.011020 1.000000 0.894737
62 0.013909 1.000000 0.894737
63 0.016133 1.000000 0.894737
64 0.012637 1.000000 0.894737
65 0.013603 1.000000 0.894737
66 0.010947 1.000000 0.894737
67 0.011167 1.000000 0.894737
68 0.015152 1.000000 0.947368
69 0.013784 1.000000 0.894737
70 0.013592 1.000000 0.894737
