1 240.912021 0.260280 0.250000
2 100.811996 0.299178 0.320000
3 39.921360 0.420760 0.400000
4 31.267840 0.428317 0.428000
5 42.960863 0.464103 0.472000
6 24.182710 0.374750 0.368000
7 28.105485 0.438764 0.406000
8 34.020297 0.372749 0.360000
9 24.052831 0.327406 0.328000
10 18.173238 0.493221 0.492000
11 15.310984 0.424094 0.404000
12 16.825067 0.384752 0.370000
13 16.040051 0.379418 0.344000
14 19.268209 0.412536 0.414000
15 14.650313 0.452990 0.434000
16 14.356304 0.429206 0.426000
17 8.266564 0.424317 0.410000
18 9.491617 0.492109 0.486000
19 7.039775 0.428095 0.432000
20 5.555419 0.430985 0.420000
21 6.862159 0.455212 0.424000
22 4.323372 0.419649 0.404000
23 4.540583 0.426317 0.434000
24 3.519085 0.487219 0.458000
25 4.634946 0.408313 0.420000
26 3.401198 0.424983 0.394000
27 3.921763 0.391865 0.386000
28 4.775445 0.459435 0.456000
29 3.265148 0.477439 0.452000
30 3.031332 0.511447 0.504000
31 3.306581 0.409202 0.428000
32 3.378345 0.439653 0.424000
33 3.508545 0.381196 0.376000
34 4.395445 0.350745 0.366000
35 2.781782 0.412314 0.430000
36 2.663545 0.367637 0.368000
37 2.886172 0.364970 0.380000
38 2.933156 0.447877 0.450000
39 2.669547 0.431651 0.436000
40 2.345146 0.479662 0.478000
41 2.075423 0.459435 0.452000
42 2.489823 0.455879 0.454000
43 2.319714 0.487664 0.470000
44 2.384558 0.436986 0.434000
45 1.991701 0.421427 0.420000
46 2.108869 0.415870 0.428000
47 3.517220 0.388309 0.384000
48 3.008416 0.378306 0.368000
49 2.339519 0.343410 0.352000
50 1.834822 0.408091 0.410000
51 1.635015 0.498555 0.480000
52 1.738262 0.485219 0.488000
53 1.664958 0.490776 0.470000
54 1.735501 0.433430 0.430000
55 1.646757 0.467882 0.482000
56 1.666877 0.448989 0.458000
57 1.609652 0.439431 0.450000
58 1.608568 0.498333 0.494000
59 1.770619 0.435430 0.430000
60 1.744589 0.429206 0.426000
61 1.683991 0.498333 0.492000
62 1.827084 0.494110 0.486000
63 1.738701 0.464103 0.466000
64 1.723009 0.476550 0.472000
65 1.642886 0.416982 0.388000
66 1.673729 0.499222 0.500000
67 1.562317 0.482552 0.488000
68 1.616031 0.467215 0.452000
69 1.616073 0.489220 0.478000
70 1.520482 0.416982 0.406000
