1 135.908146 0.678333 0.690000
2 63.702603 0.573333 0.600000
3 22.926846 0.562778 0.585000
4 10.668151 0.671111 0.695000
5 8.941433 0.693333 0.735000
6 6.355817 0.754444 0.760000
7 8.040191 0.556111 0.575000
8 5.714368 0.712222 0.730000
9 10.533891 0.682222 0.730000
10 3.284203 0.548889 0.570000
11 4.079656 0.756111 0.785000
12 2.725518 0.740556 0.750000
13 3.175086 0.682778 0.720000
14 5.091322 0.619444 0.630000
15 2.291457 0.672222 0.715000
16 1.511638 0.697222 0.730000
17 1.248809 0.753889 0.800000
18 1.203341 0.727222 0.740000
19 1.032775 0.756667 0.765000
20 1.205902 0.760556 0.815000
21 1.913047 0.591111 0.605000
22 0.975656 0.738889 0.745000
23 2.972493 0.680000 0.720000
24 1.159558 0.744444 0.745000
25 2.126356 0.667222 0.720000
26 2.082983 0.776111 0.815000
27 1.213151 0.777222 0.815000
28 0.785487 0.763889 0.770000
29 0.699071 0.771667 0.790000
30 0.690856 0.763889 0.815000
31 0.827534 0.732778 0.745000
32 0.902904 0.764444 0.785000
33 1.338137 0.771111 0.785000
34 1.161530 0.759444 0.815000
35 0.670501 0.758333 0.760000
36 0.721000 0.737778 0.800000
37 0.784659 0.771111 0.785000
38 0.802461 0.722222 0.735000
39 0.878297 0.756667 0.765000
40 0.668600 0.770556 0.780000
41 1.043922 0.657778 0.675000
42 0.717787 0.730556 0.780000
43 0.740807 0.769444 0.825000
44 0.834371 0.746667 0.755000
45 0.731176 0.728889 0.795000
46 0.675956 0.748333 0.755000
47 0.705974 0.762778 0.825000
48 0.849813 0.727778 0.770000
49 0.761206 0.696111 0.720000
50 0.750480 0.765000 0.770000
51 0.769463 0.762222 0.765000
52 0.728560 0.771667 0.780000
53 0.600248 0.770000 0.780000
54 0.644231 0.765000 0.820000
55 0.636054 0.740000 0.805000
56 0.658100 0.740556 0.795000
57 0.677074 0.771111 0.770000
58 0.663065 0.737778 0.740000
59 0.944001 0.771111 0.795000
60 0.637324 0.763889 0.760000
61 0.642459 0.733889 0.750000
62 0.678263 0.770000 0.780000
63 0.637592 0.757778 0.810000
64 0.670705 0.770556 0.775000
65 0.615150 0.771667 0.775000
66 0.666818 0.762222 0.760000
67 0.609009 0.758889 0.775000
68 0.771722 0.760000 0.760000
69 0.625816 0.770000 0.775000
70 0.680737 0.758333 0.760000
71 0.870906 0.754444 0.760000
72 0.641041 0.652222 0.685000
73 0.633459 0.738333 0.745000
74 0.643030 0.736667 0.750000
75 0.647270 0.764444 0.765000
76 0.621931 0.741111 0.755000
77 0.718693 0.752778 0.750000
78 0.675701 0.765556 0.770000
79 0.671567 0.748889 0.755000
80 0.726629 0.773333 0.775000
81 0.601777 0.764444 0.760000
82 0.587889 0.753889 0.765000
83 0.842831 0.741111 0.740000
84 0.689619 0.717222 0.730000
85 0.757225 0.770000 0.775000
86 0.668578 0.745556 0.750000
87 0.719352 0.761667 0.770000
88 0.678799 0.761111 0.805000
89 0.669015 0.753889 0.770000
90 0.624504 0.769444 0.775000
91 0.626314 0.753333 0.765000
92 0.752427 0.702778 0.745000
93 0.694691 0.767222 0.780000
94 0.640937 0.745000 0.760000
95 0.675386 0.760000 0.755000
96 0.680882 0.718889 0.780000
97 0.856319 0.768333 0.795000
98 0.625640 0.764444 0.815000
99 0.709148 0.772778 0.790000
100 0.592219 0.766111 0.785000
101 0.615314 0.753333 0.765000
102 0.630800 0.757222 0.810000
103 0.600697 0.766667 0.770000
104 0.566692 0.771667 0.765000
105 0.575051 0.763333 0.770000
106 0.583073 0.774444 0.770000
107 0.591345 0.735000 0.780000
108 0.578363 0.778889 0.770000
109 0.561922 0.780000 0.770000
110 0.534202 0.736111 0.780000
111 0.584901 0.766111 0.800000
112 0.552552 0.748333 0.760000
113 0.563586 0.770556 0.780000
114 0.649260 0.772778 0.760000
115 0.543358 0.752222 0.795000
116 0.536595 0.764444 0.770000
117 0.547854 0.768889 0.775000
118 0.545849 0.756111 0.805000
119 0.578013 0.773333 0.780000
120 0.555271 0.772222 0.775000
121 0.659328 0.778889 0.770000
122 0.580443 0.703889 0.740000
123 0.596989 0.767778 0.790000
124 0.552062 0.755556 0.765000
125 0.601600 0.764444 0.790000
126 0.538907 0.772778 0.770000
127 0.593671 0.775556 0.775000
128 0.610553 0.758333 0.760000
129 0.551273 0.768333 0.770000
130 0.614501 0.768333 0.785000
131 0.649565 0.749444 0.770000
132 0.572482 0.772778 0.790000
133 0.556131 0.767778 0.755000
134 0.575754 0.764444 0.770000
135 0.549877 0.756667 0.810000
136 0.642316 0.754444 0.775000
137 0.620989 0.736667 0.780000
138 0.563431 0.780000 0.815000
139 0.522785 0.777778 0.785000
140 0.530119 0.765556 0.770000
141 0.538708 0.740556 0.775000
142 0.604583 0.748333 0.780000
143 0.574119 0.767778 0.810000
144 0.557484 0.771667 0.775000
145 0.612206 0.773333 0.770000
146 0.546851 0.766667 0.770000
147 0.558498 0.771667 0.775000
148 0.531000 0.759444 0.775000
149 0.568347 0.769444 0.775000
150 0.520138 0.773889 0.770000
151 0.527421 0.773889 0.785000
152 0.539513 0.756111 0.810000
153 0.591311 0.750556 0.750000
154 0.540180 0.766111 0.765000
155 0.506869 0.767778 0.770000
156 0.525744 0.770000 0.775000
157 0.517564 0.779444 0.780000
158 0.512866 0.773889 0.770000
159 0.545595 0.775556 0.790000
160 0.541425 0.777222 0.765000
161 0.526682 0.771111 0.775000
162 0.538054 0.779444 0.770000
163 0.519127 0.768889 0.775000
164 0.546411 0.773889 0.775000
165 0.504061 0.765000 0.775000
166 0.503057 0.767222 0.805000
167 0.503429 0.772778 0.770000
168 0.526279 0.756667 0.770000
169 0.516723 0.771667 0.770000
170 0.505452 0.770556 0.770000
171 0.497348 0.755556 0.770000
172 0.502934 0.777778 0.780000
173 0.522632 0.757222 0.770000
174 0.534247 0.770000 0.780000
175 0.523441 0.766667 0.800000
176 0.512252 0.770000 0.775000
177 0.530126 0.774444 0.770000
178 0.535306 0.774444 0.775000
179 0.521181 0.751111 0.760000
180 0.496935 0.761667 0.805000
181 0.524642 0.766667 0.770000
182 0.533797 0.748333 0.745000
183 0.535062 0.767222 0.770000
184 0.527032 0.735000 0.740000
185 0.531801 0.761667 0.795000
186 0.525377 0.737778 0.780000
187 0.511424 0.747222 0.760000
188 0.520442 0.760000 0.770000
189 0.510044 0.780000 0.815000
190 0.517086 0.746111 0.760000
191 0.518764 0.772778 0.770000
192 0.541729 0.775000 0.775000
193 0.515722 0.770556 0.770000
194 0.519618 0.768889 0.795000
195 0.514482 0.769444 0.780000
196 0.506762 0.766667 0.765000
197 0.602798 0.766667 0.765000
198 0.563303 0.729444 0.755000
199 0.544973 0.763889 0.770000
200 0.510087 0.762778 0.795000
201 0.506904 0.776111 0.775000
202 0.509974 0.786111 0.780000
203 0.482740 0.796111 0.780000
204 0.499359 0.764444 0.765000
205 0.484996 0.791111 0.815000
206 0.488246 0.771111 0.790000
207 0.497826 0.758333 0.785000
208 0.489357 0.767778 0.785000
209 0.494680 0.742778 0.775000
210 0.485683 0.762222 0.770000
211 0.515273 0.723333 0.745000
212 0.466144 0.782222 0.810000
213 0.491765 0.782778 0.770000
214 0.486389 0.758333 0.760000
215 0.500720 0.772222 0.800000
216 0.507286 0.778889 0.805000
217 0.480875 0.795556 0.800000
218 0.485490 0.792778 0.815000
219 0.537548 0.777222 0.785000
220 0.493686 0.787778 0.820000
221 0.489212 0.772222 0.810000
222 0.492889 0.764444 0.760000
223 0.502458 0.775556 0.805000
224 0.473253 0.768889 0.785000
225 0.529152 0.770000 0.765000
226 0.483025 0.768889 0.805000
227 0.496023 0.768889 0.795000
228 0.482091 0.777222 0.800000
229 0.476586 0.785556 0.820000
230 0.474837 0.794444 0.805000
231 0.491434 0.753333 0.770000
232 0.486411 0.782778 0.790000
233 0.489272 0.767778 0.775000
234 0.478400 0.778333 0.785000
235 0.471140 0.770556 0.805000
236 0.471921 0.801667 0.810000
237 0.478160 0.785556 0.810000
238 0.486654 0.748333 0.775000
239 0.494184 0.788889 0.815000
240 0.478603 0.791667 0.810000
241 0.466985 0.788889 0.810000
242 0.477275 0.793333 0.815000
243 0.475512 0.798889 0.825000
244 0.470542 0.783333 0.800000
245 0.496456 0.774444 0.825000
246 0.482161 0.791667 0.800000
247 0.492288 0.735000 0.755000
248 0.466510 0.797222 0.810000
249 0.485308 0.790000 0.810000
250 0.477766 0.767222 0.780000
251 0.488341 0.757778 0.785000
252 0.490052 0.793889 0.815000
253 0.463516 0.783333 0.815000
254 0.468182 0.783889 0.820000
255 0.488656 0.798889 0.810000
256 0.452167 0.799444 0.805000
257 0.485613 0.791667 0.835000
258 0.457530 0.780556 0.785000
259 0.463708 0.782222 0.805000
260 0.469936 0.784444 0.805000
261 0.503358 0.798333 0.805000
262 0.464152 0.800556 0.830000
263 0.466494 0.796667 0.810000
264 0.460568 0.791667 0.800000
265 0.461523 0.792222 0.825000
266 0.462173 0.800556 0.815000
267 0.466048 0.798333 0.820000
268 0.463064 0.808889 0.825000
269 0.452825 0.808889 0.830000
270 0.452733 0.802222 0.825000
271 0.472260 0.807778 0.835000
272 0.466978 0.808889 0.835000
273 0.458766 0.818889 0.830000
274 0.467937 0.812778 0.835000
275 0.471308 0.796111 0.845000
276 0.466803 0.807778 0.820000
277 0.459473 0.802222 0.830000
278 0.455408 0.821667 0.830000
279 0.451857 0.821111 0.835000
280 0.457802 0.817222 0.830000
281 0.461978 0.823889 0.835000
282 0.451499 0.778889 0.760000
283 0.453667 0.817778 0.830000
284 0.448386 0.806111 0.835000
285 0.444364 0.823889 0.840000
286 0.468518 0.802778 0.825000
287 0.459937 0.819444 0.830000
288 0.439079 0.825000 0.835000
289 0.456742 0.827222 0.840000
290 0.467523 0.822222 0.825000
291 0.449438 0.825000 0.830000
292 0.443751 0.827222 0.840000
293 0.444945 0.832778 0.835000
294 0.453638 0.831667 0.830000
295 0.450599 0.810000 0.820000
296 0.461083 0.827778 0.835000
297 0.447461 0.791111 0.785000
298 0.459614 0.818333 0.820000
299 0.461715 0.828333 0.825000
300 0.450791 0.824444 0.825000
301 0.461237 0.787778 0.780000
302 0.462371 0.835556 0.825000
303 0.449992 0.827222 0.845000
304 0.452947 0.827222 0.830000
305 0.451482 0.828333 0.840000
306 0.464450 0.823889 0.835000
307 0.449593 0.830556 0.835000
308 0.453985 0.828333 0.830000
309 0.455626 0.826667 0.835000
310 0.460802 0.817778 0.830000
311 0.453718 0.827778 0.835000
312 0.451080 0.826111 0.840000
313 0.437822 0.828889 0.830000
314 0.443460 0.832222 0.835000
315 0.441712 0.831111 0.835000
316 0.443263 0.822778 0.830000
317 0.454427 0.826111 0.830000
318 0.457121 0.834444 0.845000
319 0.452316 0.812222 0.830000
320 0.456782 0.831111 0.840000
321 0.447828 0.819444 0.835000
322 0.454734 0.806111 0.815000
323 0.458405 0.823333 0.825000
324 0.451305 0.817778 0.835000
325 0.443749 0.821667 0.830000
326 0.438983 0.831111 0.830000
327 0.440517 0.806111 0.815000
328 0.457164 0.808889 0.820000
329 0.449722 0.830000 0.825000
330 0.451727 0.828889 0.835000
331 0.436285 0.827222 0.820000
332 0.442983 0.785000 0.770000
333 0.440539 0.817778 0.845000
334 0.453816 0.825000 0.825000
335 0.447007 0.832778 0.845000
336 0.454438 0.812778 0.825000
337 0.441184 0.831111 0.835000
338 0.445137 0.833333 0.835000
339 0.439196 0.833889 0.830000
340 0.431143 0.830000 0.840000
341 0.437710 0.835556 0.835000
342 0.456466 0.825000 0.845000
343 0.448439 0.830556 0.835000
344 0.433339 0.831111 0.835000
345 0.436252 0.836111 0.845000
346 0.440406 0.830000 0.840000
347 0.446512 0.828889 0.840000
348 0.447949 0.823889 0.845000
349 0.445026 0.835000 0.840000
350 0.435285 0.836667 0.845000
