1 3.274889 0.503704 0.500000
2 2.244393 0.505926 0.460000
3 1.493322 0.499259 0.446667
4 1.369869 0.454815 0.473333
5 1.229412 0.525926 0.480000
6 1.141742 0.531852 0.493333
7 1.033957 0.554074 0.513333
8 1.312096 0.520000 0.513333
9 1.071345 0.523704 0.500000
10 1.073919 0.525926 0.486667
11 1.116889 0.537037 0.513333
12 1.218428 0.543704 0.493333
13 1.000505 0.542963 0.506667
14 1.025734 0.545185 0.493333
15 1.007182 0.537778 0.486667
16 0.991452 0.548148 0.493333
17 0.961344 0.510370 0.466667
18 0.946430 0.561481 0.500000
19 0.976920 0.538519 0.520000
20 0.992475 0.545926 0.526667
21 0.939442 0.552593 0.533333
22 0.954943 0.531111 0.446667
23 0.933594 0.541481 0.486667
24 0.960910 0.542963 0.506667
25 0.947091 0.557778 0.513333
26 0.943419 0.545185 0.480000
27 0.947653 0.545185 0.446667
28 0.986312 0.567407 0.486667
29 0.970999 0.567407 0.513333
30 0.989583 0.559259 0.533333
31 0.965872 0.542222 0.500000
32 0.971595 0.561481 0.506667
33 1.057152 0.541481 0.506667
34 0.975276 0.560741 0.486667
35 0.931439 0.554815 0.506667
36 0.946874 0.569630 0.486667
37 1.004185 0.565926 0.493333
38 0.933623 0.562222 0.540000
39 0.935408 0.561481 0.513333
40 0.929058 0.553333 0.493333
41 1.023805 0.542963 0.500000
42 0.928452 0.549630 0.493333
43 0.920727 0.542963 0.426667
44 0.916620 0.564444 0.520000
45 0.919770 0.563704 0.500000
46 0.926566 0.570370 0.500000
47 0.915645 0.537037 0.480000
48 0.916262 0.567407 0.506667
49 0.948669 0.571111 0.520000
50 0.905672 0.564444 0.546667
51 0.897589 0.565185 0.473333
52 0.887184 0.573333 0.506667
53 0.897713 0.577037 0.513333
54 0.891034 0.575556 0.473333
55 0.907354 0.575556 0.513333
56 0.932311 0.566667 0.493333
57 0.905752 0.571852 0.500000
58 0.884993 0.582222 0.526667
59 0.900717 0.587407 0.486667
60 0.877453 0.590370 0.473333
61 0.888981 0.587407 0.506667
62 0.887542 0.584444 0.500000
63 0.893606 0.591852 0.500000
64 0.880772 0.587407 0.520000
65 0.903996 0.580000 0.513333
66 0.879479 0.588148 0.486667
67 0.887168 0.588889 0.533333
68 0.888585 0.585926 0.526667
69 0.879689 0.571111 0.453333
70 0.878078 0.582963 0.533333
