1 140.253127 0.501111 0.505000
2 62.694419 0.711111 0.665000
3 15.810067 0.715000 0.655000
4 8.068814 0.742222 0.675000
5 8.117023 0.593889 0.550000
6 8.068953 0.747222 0.705000
7 4.520985 0.683889 0.650000
8 17.228564 0.714444 0.670000
9 10.760976 0.721667 0.670000
10 5.723902 0.702778 0.690000
11 4.835468 0.573333 0.525000
12 3.047672 0.579444 0.540000
13 2.159944 0.764444 0.755000
14 5.379629 0.745000 0.670000
15 1.546625 0.775556 0.755000
16 3.066557 0.562222 0.530000
17 5.891987 0.717778 0.670000
18 2.484554 0.759444 0.695000
19 1.590167 0.771667 0.730000
20 2.188797 0.751667 0.685000
21 1.225563 0.597778 0.560000
22 1.176456 0.740556 0.690000
23 1.602669 0.721667 0.665000
24 2.334466 0.773889 0.720000
25 1.279121 0.749444 0.765000
26 1.460084 0.750556 0.685000
27 1.108157 0.782222 0.715000
28 0.747435 0.743333 0.675000
29 0.830471 0.681667 0.660000
30 3.150177 0.773333 0.705000
31 1.057353 0.722778 0.685000
32 1.197024 0.697222 0.650000
33 1.368276 0.772222 0.735000
34 0.838249 0.776111 0.720000
35 2.714451 0.594444 0.545000
36 0.816309 0.776111 0.720000
37 0.759451 0.777222 0.725000
38 2.710587 0.716111 0.680000
39 0.769666 0.767778 0.745000
40 0.910960 0.763889 0.760000
41 0.938531 0.766111 0.700000
42 0.941651 0.773333 0.720000
43 0.797246 0.775000 0.735000
44 1.011154 0.777222 0.720000
45 0.826240 0.748333 0.730000
46 0.895547 0.752222 0.690000
47 0.896907 0.737778 0.690000
48 0.794367 0.773889 0.705000
49 0.969264 0.769444 0.760000
50 0.746719 0.773333 0.720000
51 0.700179 0.775000 0.720000
52 0.626244 0.681111 0.665000
53 0.654220 0.764444 0.765000
54 0.600427 0.748889 0.745000
55 0.606083 0.769444 0.720000
56 0.605425 0.774444 0.725000
57 0.612400 0.753333 0.690000
58 0.652829 0.755556 0.740000
59 0.644261 0.770556 0.705000
60 0.654138 0.780556 0.735000
61 0.660452 0.775556 0.725000
62 0.663147 0.759444 0.755000
63 0.712730 0.741667 0.685000
64 0.655172 0.714444 0.660000
65 0.638920 0.772222 0.715000
66 0.715303 0.785000 0.715000
67 0.663987 0.776111 0.715000
68 0.638331 0.752778 0.685000
69 0.668754 0.737222 0.745000
70 0.633587 0.735000 0.730000
71 0.656946 0.774444 0.725000
72 0.683365 0.772222 0.720000
73 0.767006 0.760000 0.725000
74 0.596571 0.753889 0.680000
75 0.595103 0.767778 0.740000
76 0.593326 0.770556 0.725000
77 0.615720 0.773333 0.750000
78 0.687377 0.772778 0.725000
79 0.672527 0.771111 0.725000
80 0.695362 0.715000 0.695000
81 0.726819 0.761111 0.700000
82 0.639397 0.726667 0.735000
83 0.710518 0.737222 0.680000
84 0.805599 0.773889 0.720000
85 0.672428 0.735556 0.680000
86 0.685470 0.693889 0.690000
87 0.764925 0.780556 0.730000
88 0.642193 0.769444 0.775000
89 0.778596 0.775556 0.725000
90 0.655735 0.758889 0.680000
91 0.702339 0.763333 0.760000
92 0.619993 0.773333 0.725000
93 0.728195 0.762778 0.740000
94 0.660623 0.772222 0.720000
95 0.745181 0.762778 0.700000
96 0.850033 0.770556 0.720000
97 0.822038 0.785000 0.715000
98 0.695810 0.775000 0.725000
99 0.678184 0.751667 0.690000
100 0.657014 0.772778 0.720000
101 0.652495 0.775556 0.725000
102 0.592433 0.733333 0.725000
103 0.542853 0.782222 0.725000
104 0.574942 0.608889 0.580000
105 0.602272 0.776667 0.750000
106 0.645607 0.757222 0.675000
107 0.616220 0.728333 0.705000
108 0.546447 0.773889 0.755000
109 0.578897 0.772222 0.745000
110 0.605983 0.771667 0.725000
111 0.591721 0.755000 0.675000
112 0.610968 0.773889 0.720000
113 0.619156 0.760556 0.680000
114 0.585171 0.772222 0.720000
115 0.555190 0.769444 0.765000
116 0.565695 0.777222 0.715000
117 0.577433 0.771111 0.740000
118 0.631758 0.759444 0.755000
119 0.558041 0.761111 0.765000
120 0.581193 0.778333 0.725000
121 0.551630 0.778333 0.725000
122 0.573434 0.750556 0.685000
123 0.590006 0.751667 0.675000
124 0.673015 0.767222 0.765000
125 0.581722 0.712222 0.705000
126 0.578441 0.772222 0.715000
127 0.616475 0.757222 0.690000
128 0.632287 0.771111 0.755000
129 0.647698 0.725556 0.665000
130 0.577193 0.773889 0.720000
131 0.580691 0.772778 0.720000
132 0.589236 0.758333 0.755000
133 0.616406 0.781111 0.720000
134 0.605034 0.777778 0.760000
135 0.576112 0.760556 0.690000
136 0.577950 0.778333 0.720000
137 0.559394 0.766667 0.765000
138 0.692021 0.781667 0.760000
139 0.562124 0.776111 0.730000
140 0.610932 0.776667 0.745000
141 0.630600 0.778333 0.755000
142 0.552341 0.761667 0.710000
143 0.555664 0.755556 0.675000
144 0.547333 0.777222 0.735000
145 0.574518 0.751111 0.675000
146 0.577755 0.770556 0.705000
147 0.724890 0.729444 0.720000
148 0.603368 0.737778 0.730000
149 0.560781 0.762222 0.735000
150 0.535688 0.770556 0.770000
151 0.587153 0.771667 0.715000
152 0.533788 0.771667 0.765000
153 0.539227 0.760000 0.690000
154 0.589022 0.773889 0.720000
155 0.542437 0.784444 0.735000
156 0.531362 0.779444 0.720000
157 0.542485 0.781667 0.775000
158 0.550958 0.777778 0.720000
159 0.567271 0.746111 0.750000
160 0.542609 0.752778 0.675000
161 0.571512 0.748889 0.735000
162 0.527146 0.781111 0.720000
163 0.543726 0.772778 0.710000
164 0.544175 0.770556 0.765000
165 0.523327 0.748889 0.680000
166 0.585374 0.786667 0.765000
167 0.522921 0.761667 0.695000
168 0.547678 0.788333 0.720000
169 0.524600 0.774444 0.715000
170 0.552854 0.789444 0.730000
171 0.535797 0.763889 0.700000
172 0.565182 0.757222 0.780000
173 0.573147 0.788333 0.730000
174 0.554258 0.782778 0.720000
175 0.530119 0.773889 0.790000
176 0.518466 0.778889 0.745000
177 0.563826 0.753333 0.680000
178 0.604226 0.752778 0.675000
179 0.534818 0.762778 0.700000
180 0.542042 0.784444 0.755000
181 0.549874 0.775556 0.715000
182 0.606559 0.753889 0.680000
183 0.545149 0.784444 0.790000
184 0.532534 0.761111 0.705000
185 0.537624 0.776667 0.710000
186 0.520185 0.765000 0.715000
187 0.535620 0.767778 0.710000
188 0.521189 0.778333 0.720000
189 0.510929 0.778889 0.730000
190 0.519035 0.762222 0.695000
191 0.530383 0.792778 0.730000
192 0.507306 0.777222 0.705000
193 0.521947 0.766111 0.760000
194 0.517707 0.748889 0.760000
195 0.560855 0.768889 0.705000
196 0.514286 0.777778 0.760000
197 0.507729 0.760000 0.700000
198 0.551445 0.785000 0.795000
199 0.525938 0.767778 0.705000
200 0.491247 0.786111 0.790000
201 0.510867 0.791111 0.755000
202 0.514577 0.785556 0.775000
203 0.490474 0.767222 0.705000
204 0.494453 0.773333 0.705000
205 0.520539 0.785556 0.745000
206 0.503260 0.783333 0.725000
207 0.509349 0.784444 0.750000
208 0.494856 0.788333 0.735000
209 0.522399 0.772778 0.710000
210 0.521240 0.762778 0.710000
211 0.505704 0.780556 0.735000
212 0.494387 0.773889 0.710000
213 0.529348 0.772222 0.705000
214 0.488875 0.772778 0.700000
215 0.502748 0.768889 0.700000
216 0.508202 0.797222 0.745000
217 0.491311 0.790000 0.740000
218 0.506790 0.797778 0.780000
219 0.487860 0.780000 0.745000
220 0.481245 0.773333 0.730000
221 0.481296 0.782778 0.730000
222 0.489388 0.803889 0.770000
223 0.476763 0.810000 0.790000
224 0.477534 0.791111 0.750000
225 0.494265 0.802222 0.770000
226 0.478610 0.807778 0.775000
227 0.486417 0.750556 0.685000
228 0.486817 0.758333 0.705000
229 0.475942 0.780000 0.740000
230 0.492589 0.768333 0.710000
231 0.494756 0.755000 0.700000
232 0.465732 0.768889 0.720000
233 0.525075 0.813889 0.805000
234 0.503223 0.806111 0.790000
235 0.473914 0.817222 0.780000
236 0.483681 0.811667 0.800000
237 0.474787 0.813333 0.795000
238 0.491135 0.798333 0.795000
239 0.480480 0.789444 0.770000
240 0.465418 0.761667 0.710000
241 0.481141 0.793333 0.725000
242 0.454520 0.817222 0.780000
243 0.456446 0.813889 0.770000
244 0.462131 0.827222 0.805000
245 0.462782 0.819444 0.755000
246 0.463887 0.815556 0.790000
247 0.483585 0.827222 0.820000
248 0.444946 0.828333 0.800000
249 0.450638 0.768889 0.755000
250 0.450078 0.828889 0.810000
251 0.452811 0.817778 0.775000
252 0.616054 0.819444 0.785000
253 0.452061 0.828889 0.795000
254 0.430409 0.820000 0.775000
255 0.455044 0.832778 0.825000
256 0.429123 0.821111 0.795000
257 0.453255 0.831111 0.810000
258 0.456171 0.820556 0.805000
259 0.438853 0.833333 0.820000
260 0.436644 0.832778 0.825000
261 0.450096 0.836667 0.845000
262 0.450386 0.824444 0.775000
263 0.444709 0.828333 0.785000
264 0.448456 0.822222 0.790000
265 0.480031 0.827222 0.790000
266 0.444017 0.812222 0.760000
267 0.446895 0.822778 0.800000
268 0.499963 0.829444 0.785000
269 0.449341 0.803889 0.790000
270 0.437593 0.832778 0.815000
271 0.442911 0.834444 0.820000
272 0.456236 0.837222 0.830000
273 0.441165 0.793889 0.735000
274 0.455055 0.833889 0.800000
275 0.422210 0.835000 0.800000
276 0.429943 0.840556 0.820000
277 0.443846 0.834444 0.805000
278 0.441826 0.827222 0.790000
279 0.447284 0.840000 0.845000
280 0.446349 0.822778 0.790000
281 0.439122 0.842222 0.835000
282 0.454060 0.827778 0.785000
283 0.418768 0.845000 0.835000
284 0.419429 0.818889 0.785000
285 0.438448 0.840000 0.810000
286 0.446930 0.842222 0.835000
287 0.441383 0.846667 0.830000
288 0.433720 0.847222 0.805000
289 0.442512 0.850556 0.830000
290 0.444996 0.839444 0.815000
291 0.429634 0.833333 0.820000
292 0.441786 0.847222 0.830000
293 0.428702 0.848333 0.835000
294 0.440539 0.846667 0.830000
295 0.438292 0.842778 0.845000
296 0.431619 0.846111 0.825000
297 0.420620 0.820556 0.785000
298 0.433324 0.843889 0.835000
299 0.438134 0.847778 0.835000
300 0.435154 0.842778 0.840000
301 0.423216 0.847222 0.825000
302 0.430632 0.848889 0.830000
303 0.434108 0.852222 0.840000
304 0.420794 0.846111 0.840000
305 0.425569 0.850000 0.835000
306 0.436032 0.843889 0.845000
307 0.428647 0.854444 0.835000
308 0.428713 0.847222 0.825000
309 0.430335 0.848333 0.850000
310 0.450536 0.807778 0.770000
311 0.428281 0.845000 0.855000
312 0.432803 0.840556 0.815000
313 0.420806 0.851111 0.840000
314 0.424696 0.838333 0.830000
315 0.422832 0.850556 0.840000
316 0.413677 0.852778 0.840000
317 0.417861 0.856111 0.830000
318 0.425078 0.852778 0.850000
319 0.427660 0.844444 0.835000
320 0.419940 0.847778 0.840000
321 0.434574 0.835556 0.815000
322 0.432436 0.845000 0.815000
323 0.438142 0.854444 0.845000
324 0.446007 0.858889 0.840000
325 0.411833 0.856111 0.830000
326 0.398696 0.852778 0.830000
327 0.418937 0.832778 0.790000
328 0.422434 0.844444 0.825000
329 0.412037 0.854444 0.795000
330 0.411341 0.862778 0.835000
331 0.404589 0.856111 0.820000
332 0.410440 0.858333 0.850000
333 0.423237 0.854444 0.835000
334 0.396937 0.857222 0.840000
335 0.396877 0.865000 0.850000
336 0.392023 0.861667 0.840000
337 0.400742 0.865000 0.840000
338 0.388542 0.863889 0.840000
339 0.393404 0.858333 0.820000
340 0.385092 0.863333 0.845000
341 0.396758 0.859444 0.825000
342 0.394336 0.866667 0.850000
343 0.382619 0.867222 0.830000
344 0.374742 0.865000 0.840000
345 0.413667 0.867778 0.850000
346 0.393594 0.863333 0.830000
347 0.396730 0.863333 0.840000
348 0.412823 0.862778 0.830000
349 0.390837 0.857222 0.835000
350 0.390881 0.864444 0.825000
