1 3.100331 0.480741 0.533333
2 2.069573 0.482963 0.460000
3 1.426422 0.525926 0.500000
4 1.206528 0.432593 0.380000
5 1.316054 0.477037 0.446667
6 1.377214 0.494074 0.473333
7 1.258346 0.477778 0.460000
8 1.662213 0.519259 0.480000
9 1.564246 0.504444 0.506667
10 1.275838 0.537037 0.513333
11 1.287484 0.545185 0.486667
12 1.118927 0.542222 0.500000
13 1.055681 0.531111 0.533333
14 0.986478 0.528889 0.520000
15 1.010180 0.545926 0.513333
16 1.059148 0.543704 0.486667
17 1.026920 0.539259 0.486667
18 0.970348 0.554815 0.466667
19 1.072885 0.522222 0.453333
20 1.043052 0.538519 0.506667
21 0.996194 0.541481 0.533333
22 1.069323 0.542963 0.480000
23 0.993848 0.532593 0.493333
24 1.023925 0.539259 0.506667
25 1.007521 0.548889 0.513333
26 1.010458 0.549630 0.500000
27 0.974333 0.524444 0.440000
28 0.951370 0.553333 0.506667
29 1.007584 0.549630 0.520000
30 0.985090 0.554074 0.520000
31 0.946321 0.545926 0.513333
32 0.939314 0.547407 0.513333
33 0.946154 0.551852 0.520000
34 0.937961 0.560000 0.480000
35 0.926642 0.556296 0.513333
36 0.917968 0.559259 0.500000
37 0.924076 0.563704 0.500000
38 0.931576 0.565185 0.506667
39 0.938785 0.548148 0.520000
40 0.916665 0.575556 0.513333
41 0.946417 0.547407 0.526667
42 0.905629 0.565185 0.506667
43 0.928720 0.539259 0.506667
44 0.912209 0.573333 0.533333
45 0.914661 0.534074 0.500000
46 0.904339 0.536296 0.453333
47 0.890913 0.528889 0.420000
48 0.933149 0.522963 0.453333
49 0.904075 0.577778 0.546667
50 0.879174 0.594815 0.553333
51 0.867077 0.570370 0.466667
52 0.857915 0.596296 0.513333
53 0.865628 0.596296 0.533333
54 0.875277 0.591852 0.506667
55 0.872051 0.597778 0.513333
56 0.854765 0.591852 0.493333
57 0.855982 0.597037 0.486667
58 0.862001 0.586667 0.520000
59 0.861692 0.605926 0.520000
60 0.850659 0.597778 0.506667
61 0.840796 0.600000 0.513333
62 0.854239 0.593333 0.540000
63 0.851310 0.603704 0.513333
64 0.837964 0.591111 0.473333
65 0.865825 0.595556 0.513333
66 0.845804 0.608148 0.500000
67 0.847413 0.608889 0.553333
68 0.832370 0.608889 0.486667
69 0.871994 0.603704 0.533333
70 0.840123 0.602963 0.506667
