1 351.708341 0.248944 0.258000
2 163.336375 0.320071 0.328000
3 49.881249 0.403868 0.410000
4 45.046141 0.398088 0.396000
5 46.738108 0.351856 0.354000
6 32.692316 0.463659 0.460000
7 28.646929 0.393865 0.398000
8 24.992544 0.501445 0.502000
9 23.864384 0.443210 0.420000
10 14.674004 0.430762 0.398000
11 14.309561 0.469660 0.466000
12 10.816937 0.460102 0.468000
13 8.507263 0.400978 0.370000
14 7.551600 0.366304 0.366000
15 9.143825 0.468771 0.450000
16 5.019800 0.463214 0.442000
17 6.822531 0.473216 0.474000
18 6.034898 0.409202 0.424000
19 5.277088 0.514114 0.518000
20 3.716348 0.458769 0.456000
21 3.160241 0.482774 0.470000
22 2.775049 0.388975 0.388000
23 3.229658 0.483218 0.484000
24 2.450669 0.457213 0.464000
25 3.003047 0.414981 0.424000
26 2.348840 0.492998 0.512000
27 3.154646 0.435430 0.430000
28 3.362759 0.401867 0.420000
29 2.767865 0.436097 0.440000
30 2.375591 0.347188 0.338000
31 1.993535 0.444988 0.440000
32 2.084160 0.360302 0.390000
33 2.082051 0.346299 0.352000
34 2.905718 0.432985 0.466000
35 2.434735 0.434541 0.404000
36 2.277541 0.386308 0.388000
37 2.239564 0.438542 0.438000
38 1.930353 0.505668 0.508000
39 2.088596 0.366748 0.338000
40 2.220437 0.496555 0.506000
41 2.017169 0.502334 0.484000
42 2.399353 0.432985 0.446000
43 2.120214 0.461880 0.454000
44 2.116693 0.362525 0.378000
45 1.917635 0.456990 0.456000
46 1.809936 0.429429 0.414000
47 1.787274 0.427428 0.454000
48 1.986037 0.422538 0.410000
49 2.047190 0.430096 0.404000
50 1.758238 0.424761 0.436000
51 1.606851 0.404090 0.398000
52 1.600635 0.480107 0.490000
53 1.504507 0.424761 0.386000
54 1.572143 0.514114 0.516000
55 1.714773 0.497666 0.452000
56 1.582033 0.475661 0.490000
57 1.470386 0.518115 0.498000
58 1.463678 0.508557 0.494000
59 1.556665 0.506335 0.522000
60 1.488271 0.513003 0.510000
61 1.566007 0.375417 0.374000
62 1.542544 0.487664 0.482000
63 1.624359 0.467882 0.496000
64 1.527529 0.490998 0.492000
65 1.626486 0.459435 0.472000
66 1.537590 0.473216 0.432000
67 1.500229 0.510780 0.498000
68 1.575919 0.406757 0.410000
69 1.599718 0.451211 0.468000
70 1.620834 0.461880 0.464000
