1 3.733596 0.662882 0.683698
2 1.528786 0.635307 0.622871
3 1.523851 0.559881 0.574209
4 1.852569 0.567451 0.566910
5 1.356568 0.605839 0.596107
6 1.031409 0.731819 0.720195
7 1.050902 0.727224 0.729927
8 1.325209 0.704244 0.705596
9 0.955373 0.740200 0.722628
10 0.895355 0.683158 0.686131
11 0.761800 0.675858 0.688564
12 0.792980 0.664774 0.654501
13 0.682973 0.725872 0.708029
14 0.641641 0.715328 0.703163
15 0.711530 0.584753 0.596107
16 0.627559 0.775615 0.766423
17 0.588968 0.762368 0.759124
18 0.600130 0.702622 0.722628
19 0.577332 0.753717 0.729927
20 0.591620 0.776967 0.771290
21 0.536367 0.781022 0.751825
22 0.529286 0.733712 0.732360
23 0.587892 0.737497 0.751825
24 0.560955 0.774534 0.778589
25 0.549077 0.776967 0.742092
26 0.530545 0.797242 0.785888
27 0.519728 0.748851 0.734793
28 0.518350 0.752095 0.756691
29 0.521522 0.782644 0.781022
30 0.484554 0.794809 0.812652
31 0.506671 0.762368 0.749392
32 0.537981 0.795350 0.771290
33 0.501425 0.815085 0.800487
34 0.486563 0.748310 0.749392
35 0.446718 0.811571 0.785888
36 0.476111 0.812652 0.819951
37 0.469533 0.821573 0.819951
38 0.464998 0.805353 0.785888
39 0.466235 0.822384 0.810219
40 0.475519 0.823466 0.827251
41 0.458815 0.833198 0.805353
42 0.452584 0.812111 0.815085
43 0.450595 0.828332 0.785888
44 0.462254 0.810489 0.785888
45 0.433589 0.829413 0.819951
46 0.435438 0.821573 0.819951
47 0.429091 0.841308 0.824818
48 0.431057 0.834280 0.824818
49 0.434027 0.812382 0.805353
50 0.443067 0.846175 0.829684
51 0.397893 0.847797 0.832117
52 0.393099 0.818329 0.802920
53 0.386631 0.855366 0.836983
54 0.390274 0.845093 0.822384
55 0.387652 0.835361 0.805353
56 0.380527 0.845093 0.812652
57 0.368147 0.869695 0.836983
58 0.387901 0.871046 0.863747
59 0.369380 0.875642 0.844282
60 0.386816 0.856177 0.836983
61 0.373006 0.870235 0.810219
62 0.366232 0.865910 0.829684
63 0.352647 0.870506 0.832117
64 0.357354 0.871046 0.834550
65 0.342058 0.891863 0.851582
66 0.347849 0.872939 0.839416
67 0.360903 0.875642 0.824818
68 0.349981 0.847256 0.802920
69 0.340748 0.874831 0.824818
70 0.331417 0.880779 0.844282
71 0.334733 0.882130 0.844282
72 0.325343 0.882401 0.832117
73 0.350660 0.886185 0.849148
74 0.334502 0.883212 0.834550
75 0.341512 0.881319 0.827251
76 0.337612 0.898351 0.839416
77 0.342706 0.887267 0.851582
78 0.337401 0.871317 0.812652
79 0.324587 0.898351 0.834550
80 0.308063 0.904298 0.851582
81 0.316780 0.869965 0.832117
82 0.317929 0.867802 0.802920
83 0.320942 0.888348 0.815085
84 0.313947 0.900514 0.832117
85 0.318982 0.896729 0.834550
86 0.302341 0.878345 0.819951
87 0.313687 0.894025 0.829684
88 0.310113 0.900784 0.832117
89 0.320346 0.901595 0.839416
90 0.310008 0.908354 0.849148
91 0.292114 0.910246 0.854015
92 0.286054 0.900243 0.849148
93 0.278088 0.911598 0.846715
94 0.293721 0.881590 0.798054
95 0.333991 0.881049 0.829684
96 0.312478 0.907813 0.854015
97 0.306897 0.898892 0.844282
98 0.282010 0.918356 0.846715
99 0.298654 0.901054 0.817518
100 0.262935 0.932144 0.856448
101 0.224598 0.922411 0.834550
102 0.218226 0.943228 0.854015
103 0.218354 0.939173 0.841849
104 0.226764 0.940524 0.854015
105 0.215973 0.935658 0.854015
106 0.229527 0.932685 0.829684
107 0.214255 0.942687 0.839416
108 0.207912 0.946742 0.861314
109 0.230878 0.946472 0.849148
110 0.208395 0.948364 0.836983
111 0.204634 0.944580 0.841849
112 0.220988 0.940524 0.841849
113 0.203955 0.945931 0.854015
114 0.202529 0.952420 0.851582
115 0.196124 0.949716 0.856448
116 0.186800 0.946202 0.856448
117 0.192032 0.951338 0.841849
118 0.211023 0.943498 0.849148
119 0.184229 0.945391 0.856448
120 0.202143 0.914301 0.829684
121 0.203895 0.936199 0.851582
122 0.180200 0.957015 0.849148
123 0.191085 0.954853 0.849148
124 0.175264 0.957826 0.861314
125 0.182845 0.962152 0.854015
126 0.189265 0.947553 0.839416
127 0.177504 0.948905 0.849148
128 0.168964 0.960260 0.863747
129 0.185386 0.960530 0.846715
130 0.163871 0.961341 0.849148
131 0.169298 0.959719 0.834550
132 0.161892 0.950527 0.849148
133 0.161113 0.949986 0.844282
134 0.193595 0.951338 0.839416
135 0.180124 0.964585 0.851582
136 0.161248 0.958097 0.856448
137 0.168690 0.960530 0.834550
138 0.168412 0.970262 0.854015
139 0.159031 0.960530 0.851582
140 0.187099 0.954582 0.856448
141 0.157604 0.962963 0.841849
142 0.143952 0.972695 0.858881
143 0.149640 0.961071 0.829684
144 0.148731 0.959448 0.844282
145 0.153631 0.964315 0.856448
146 0.156083 0.965937 0.851582
147 0.160211 0.966207 0.851582
148 0.176572 0.964044 0.854015
149 0.156124 0.971073 0.844282
150 0.131256 0.978102 0.854015
151 0.111398 0.977291 0.871046
152 0.108150 0.982157 0.854015
153 0.111112 0.981076 0.861314
154 0.111545 0.985401 0.849148
155 0.107250 0.985401 0.849148
156 0.112535 0.967559 0.854015
157 0.115844 0.982157 0.846715
158 0.107477 0.982157 0.854015
159 0.102319 0.985401 0.868613
160 0.101089 0.986483 0.841849
161 0.108898 0.982698 0.841849
162 0.102709 0.987294 0.854015
163 0.107602 0.987294 0.827251
164 0.106612 0.984861 0.836983
165 0.100408 0.984320 0.846715
166 0.100131 0.985672 0.858881
167 0.093075 0.981617 0.841849
168 0.100371 0.983779 0.846715
169 0.104710 0.985131 0.846715
170 0.098796 0.988105 0.839416
171 0.098732 0.982968 0.861314
172 0.086824 0.985672 0.841849
173 0.099538 0.985131 0.851582
174 0.096115 0.984050 0.849148
175 0.089685 0.989727 0.856448
176 0.097478 0.987835 0.851582
177 0.103315 0.983239 0.844282
178 0.112371 0.984590 0.849148
179 0.104998 0.985401 0.851582
180 0.089239 0.989186 0.844282
181 0.093123 0.988916 0.866180
182 0.091678 0.984861 0.861314
183 0.097646 0.988375 0.861314
184 0.090439 0.989997 0.858881
185 0.094008 0.988105 0.851582
186 0.086908 0.988375 0.851582
187 0.087854 0.989997 0.861314
188 0.096338 0.984320 0.854015
189 0.107437 0.988916 0.863747
190 0.099501 0.982698 0.856448
191 0.089715 0.989727 0.856448
192 0.090675 0.991619 0.856448
193 0.083718 0.992701 0.851582
194 0.076883 0.992160 0.858881
195 0.078019 0.991890 0.863747
196 0.074237 0.990268 0.849148
197 0.087336 0.990808 0.863747
198 0.097883 0.989457 0.839416
199 0.084869 0.987835 0.863747
200 0.072743 0.993241 0.851582
201 0.071329 0.993782 0.854015
202 0.072326 0.994323 0.866180
203 0.066151 0.993782 0.863747
204 0.069406 0.994052 0.858881
205 0.061144 0.993512 0.866180
206 0.060296 0.995675 0.858881
207 0.067315 0.995134 0.858881
208 0.066510 0.995404 0.854015
209 0.066458 0.994052 0.858881
210 0.061826 0.994593 0.854015
211 0.058565 0.995404 0.861314
212 0.064925 0.995134 0.861314
213 0.064980 0.994863 0.858881
214 0.065813 0.995404 0.866180
215 0.069939 0.994863 0.854015
216 0.058055 0.996215 0.863747
217 0.054174 0.995675 0.868613
218 0.064655 0.994593 0.858881
219 0.064192 0.995675 0.851582
220 0.081903 0.994593 0.866180
221 0.064295 0.995945 0.863747
222 0.074930 0.996486 0.858881
223 0.062708 0.994593 0.863747
224 0.066205 0.994052 0.871046
225 0.063413 0.994593 0.868613
226 0.061871 0.995945 0.854015
227 0.061832 0.994593 0.854015
228 0.060991 0.995134 0.846715
229 0.063107 0.995945 0.841849
230 0.064281 0.996215 0.863747
231 0.067493 0.996486 0.854015
232 0.065384 0.995675 0.856448
233 0.064108 0.996215 0.851582
234 0.057520 0.995134 0.854015
235 0.053800 0.995134 0.854015
236 0.052710 0.993782 0.854015
237 0.057650 0.995675 0.858881
238 0.062453 0.994593 0.851582
239 0.061342 0.994863 0.856448
240 0.061689 0.995675 0.851582
241 0.060857 0.995404 0.844282
242 0.063972 0.994863 0.851582
243 0.063287 0.995134 0.851582
244 0.063836 0.996215 0.849148
245 0.052714 0.996215 0.856448
246 0.059892 0.994863 0.844282
247 0.051077 0.996215 0.854015
248 0.065972 0.995945 0.836983
249 0.063035 0.995404 0.858881
250 0.056674 0.996486 0.856448
251 0.054265 0.996215 0.858881
252 0.056811 0.997026 0.854015
253 0.055118 0.995404 0.856448
254 0.051520 0.997567 0.858881
255 0.047284 0.996486 0.856448
256 0.056838 0.996486 0.851582
257 0.049083 0.997567 0.856448
258 0.052895 0.997026 0.854015
259 0.047715 0.997026 0.851582
260 0.053202 0.997297 0.846715
261 0.055312 0.997297 0.856448
262 0.052985 0.997026 0.858881
263 0.045475 0.997026 0.858881
264 0.052140 0.996756 0.856448
265 0.047085 0.997567 0.854015
266 0.049097 0.997026 0.856448
267 0.048910 0.997026 0.856448
268 0.048024 0.997297 0.849148
269 0.048561 0.997837 0.851582
270 0.051703 0.997297 0.854015
271 0.045360 0.997297 0.854015
272 0.048981 0.997567 0.846715
273 0.048417 0.997297 0.856448
274 0.049629 0.997567 0.861314
275 0.045323 0.997297 0.861314
276 0.046951 0.997297 0.856448
277 0.048641 0.997837 0.858881
278 0.046675 0.997026 0.858881
279 0.053666 0.996756 0.863747
280 0.042343 0.997297 0.866180
281 0.056860 0.997567 0.851582
282 0.055604 0.997297 0.851582
283 0.047330 0.997297 0.858881
284 0.051704 0.997297 0.851582
285 0.050025 0.996756 0.846715
286 0.047941 0.996756 0.863747
287 0.051910 0.997026 0.849148
288 0.050905 0.997567 0.861314
289 0.052583 0.997567 0.861314
290 0.048880 0.997837 0.858881
291 0.042670 0.997567 0.858881
292 0.046744 0.997837 0.854015
293 0.046731 0.997297 0.856448
294 0.045298 0.997837 0.851582
295 0.047788 0.996486 0.856448
296 0.060273 0.997837 0.863747
297 0.059922 0.995945 0.866180
298 0.050778 0.996486 0.856448
299 0.056005 0.997297 0.863747
300 0.050347 0.997837 0.863747
301 0.046351 0.997567 0.856448
302 0.043068 0.997837 0.856448
303 0.048217 0.998108 0.851582
304 0.041971 0.998108 0.858881
305 0.045265 0.997837 0.858881
306 0.047809 0.998378 0.856448
307 0.043117 0.998108 0.858881
308 0.041753 0.998108 0.846715
309 0.046133 0.997837 0.849148
310 0.048819 0.997837 0.861314
311 0.043013 0.998378 0.861314
312 0.042388 0.998378 0.856448
313 0.040660 0.998378 0.861314
314 0.044059 0.998378 0.861314
315 0.039495 0.998378 0.858881
316 0.043140 0.997567 0.858881
317 0.047362 0.998108 0.856448
318 0.043292 0.998108 0.854015
319 0.049140 0.998108 0.851582
320 0.041539 0.998108 0.851582
321 0.040260 0.998108 0.854015
322 0.046635 0.998108 0.851582
323 0.039550 0.998108 0.846715
324 0.042269 0.997837 0.849148
325 0.042921 0.998378 0.854015
326 0.046347 0.997837 0.854015
327 0.043363 0.998378 0.863747
328 0.044159 0.997837 0.854015
329 0.045047 0.998108 0.851582
330 0.043034 0.998378 0.849148
331 0.040397 0.998378 0.856448
332 0.045077 0.998378 0.856448
333 0.042913 0.998108 0.851582
334 0.040620 0.998378 0.849148
335 0.043101 0.998378 0.849148
336 0.041585 0.998378 0.849148
337 0.044055 0.998378 0.851582
338 0.045217 0.998378 0.854015
339 0.043621 0.998378 0.851582
340 0.038966 0.997837 0.851582
341 0.041527 0.998378 0.846715
342 0.041133 0.998378 0.854015
343 0.038498 0.998378 0.851582
344 0.036858 0.998378 0.858881
345 0.045291 0.998378 0.856448
346 0.041591 0.998108 0.854015
347 0.041778 0.998378 0.854015
348 0.044672 0.998378 0.851582
349 0.043599 0.998378 0.851582
350 0.040594 0.998378 0.851582
