1 3.716641 0.417037 0.413333
2 1.797060 0.462963 0.413333
3 1.173802 0.489630 0.473333
4 1.910199 0.508148 0.480000
5 1.679494 0.531111 0.466667
6 1.407313 0.511111 0.460000
7 1.535601 0.537778 0.486667
8 1.230396 0.540000 0.500000
9 1.349423 0.547407 0.506667
10 1.046630 0.528148 0.473333
11 1.155601 0.543704 0.480000
12 1.320807 0.557778 0.513333
13 1.190120 0.548889 0.513333
14 0.961653 0.545185 0.473333
15 0.950983 0.550370 0.493333
16 1.265175 0.550370 0.446667
17 1.067724 0.522963 0.473333
18 1.122214 0.552593 0.473333
19 0.946447 0.535556 0.466667
20 1.111875 0.546667 0.473333
21 1.065033 0.559259 0.486667
22 1.006925 0.520000 0.420000
23 1.007867 0.564444 0.473333
24 0.961617 0.548889 0.473333
25 0.953048 0.541481 0.453333
26 1.012492 0.542963 0.486667
27 0.958017 0.549630 0.460000
28 1.016383 0.540000 0.493333
29 0.961338 0.566667 0.493333
30 0.952388 0.556296 0.486667
31 0.976363 0.560741 0.480000
32 0.985458 0.542963 0.446667
33 0.950123 0.560741 0.460000
34 0.968293 0.560000 0.486667
35 0.945111 0.566667 0.500000
36 0.949381 0.551111 0.473333
37 0.935823 0.577778 0.486667
38 0.929940 0.531852 0.480000
39 0.909856 0.576296 0.500000
40 0.914830 0.551111 0.466667
41 0.921001 0.565185 0.480000
42 0.921061 0.573333 0.493333
43 0.970223 0.560000 0.493333
44 0.948451 0.564444 0.493333
45 0.927008 0.588889 0.486667
46 0.905363 0.574815 0.466667
47 0.905217 0.580741 0.466667
48 0.908976 0.594074 0.486667
49 0.916063 0.588148 0.493333
50 0.899009 0.600741 0.506667
51 0.878081 0.602222 0.493333
52 0.870083 0.599259 0.493333
53 0.893922 0.605185 0.480000
54 0.857242 0.610370 0.480000
55 0.872126 0.610370 0.506667
56 0.861700 0.608889 0.493333
57 0.860208 0.608889 0.486667
58 0.871476 0.617778 0.486667
59 0.864159 0.620741 0.506667
60 0.849216 0.616296 0.500000
61 0.863401 0.620000 0.500000
62 0.848989 0.619259 0.486667
63 0.856952 0.615556 0.486667
64 0.837741 0.619259 0.486667
65 0.853429 0.614074 0.493333
66 0.838058 0.616296 0.480000
67 0.835156 0.625926 0.493333
68 0.851475 0.607407 0.480000
69 0.852317 0.620000 0.480000
70 0.838759 0.616296 0.480000
