1 155.464007 0.571111 0.530000
2 63.730640 0.667222 0.655000
3 27.955184 0.605556 0.640000
4 12.990431 0.601111 0.640000
5 6.763995 0.551667 0.565000
6 9.959712 0.568889 0.590000
7 8.098100 0.720556 0.740000
8 7.346047 0.727778 0.755000
9 3.673825 0.546111 0.565000
10 3.200262 0.654444 0.685000
11 8.777737 0.539444 0.525000
12 6.715099 0.697778 0.710000
13 1.696609 0.672222 0.670000
14 1.983465 0.671111 0.695000
15 2.018888 0.782778 0.790000
16 1.857284 0.708889 0.745000
17 2.769918 0.710556 0.740000
18 2.456658 0.776667 0.795000
19 1.328119 0.748889 0.795000
20 1.352317 0.765000 0.815000
21 1.480476 0.759444 0.820000
22 1.023624 0.766111 0.810000
23 0.844852 0.701111 0.720000
24 2.376997 0.756667 0.785000
25 2.406907 0.744444 0.790000
26 0.936146 0.775556 0.785000
27 0.724309 0.766111 0.795000
28 0.950155 0.742222 0.765000
29 1.232777 0.540000 0.540000
30 0.895605 0.740000 0.790000
31 0.816078 0.715000 0.750000
32 1.970934 0.777222 0.780000
33 1.238238 0.727778 0.740000
34 1.011095 0.738333 0.770000
35 0.804578 0.684444 0.725000
36 0.830412 0.762222 0.810000
37 0.916159 0.731111 0.745000
38 0.684145 0.701667 0.690000
39 1.802254 0.731667 0.765000
40 0.798086 0.751667 0.790000
41 0.878289 0.665556 0.720000
42 0.845872 0.748889 0.765000
43 0.867934 0.762222 0.780000
44 1.173419 0.742222 0.770000
45 0.891547 0.763333 0.815000
46 0.853148 0.743889 0.775000
47 0.834946 0.733889 0.695000
48 0.702309 0.771667 0.785000
49 0.928547 0.603889 0.625000
50 0.857495 0.737778 0.785000
51 0.893932 0.715556 0.720000
52 0.868297 0.727222 0.710000
53 0.651140 0.780000 0.790000
54 0.638200 0.744444 0.770000
55 0.652821 0.700556 0.750000
56 0.783972 0.722222 0.765000
57 0.909573 0.717778 0.760000
58 0.864359 0.756111 0.790000
59 0.718147 0.754444 0.780000
60 0.617797 0.709444 0.735000
61 0.627052 0.733333 0.755000
62 0.758089 0.765556 0.800000
63 0.601136 0.776667 0.785000
64 0.615590 0.751667 0.790000
65 0.644485 0.771667 0.815000
66 0.584865 0.769444 0.820000
67 0.597829 0.769444 0.800000
68 0.657476 0.723333 0.775000
69 0.588550 0.757778 0.790000
70 0.623335 0.770556 0.785000
71 0.647117 0.767778 0.780000
72 0.734158 0.775000 0.820000
73 0.709653 0.772222 0.810000
74 0.642732 0.794444 0.805000
75 0.602848 0.750556 0.790000
76 1.059999 0.760000 0.825000
77 0.678044 0.748333 0.800000
78 0.608820 0.772778 0.820000
79 0.691174 0.773889 0.810000
80 0.616821 0.770000 0.800000
81 0.723520 0.786111 0.820000
82 0.595734 0.765556 0.805000
83 0.750667 0.781667 0.850000
84 0.604090 0.780556 0.805000
85 0.581479 0.777222 0.815000
86 0.652475 0.771111 0.815000
87 0.593895 0.761667 0.805000
88 0.651010 0.718333 0.700000
89 0.651509 0.751111 0.785000
90 0.730135 0.748333 0.785000
91 0.636464 0.757778 0.800000
92 0.613690 0.753889 0.785000
93 0.607203 0.793333 0.830000
94 0.575775 0.781111 0.800000
95 0.554595 0.737778 0.760000
96 0.676563 0.745000 0.760000
97 0.772122 0.753889 0.785000
98 0.654675 0.784444 0.810000
99 0.614292 0.770000 0.810000
100 0.570399 0.786111 0.810000
101 0.568760 0.796667 0.830000
102 0.624373 0.772778 0.805000
103 0.519077 0.779444 0.810000
104 0.530831 0.760000 0.805000
105 0.576528 0.788889 0.815000
106 0.551147 0.745000 0.765000
107 0.680321 0.662778 0.715000
108 0.636052 0.744444 0.770000
109 0.555217 0.768333 0.810000
110 0.523443 0.783889 0.810000
111 0.548980 0.779444 0.810000
112 0.572395 0.793889 0.820000
113 0.533016 0.781111 0.805000
114 0.572015 0.772778 0.800000
115 0.523676 0.753889 0.785000
116 0.524023 0.773889 0.800000
117 0.532708 0.785000 0.800000
118 0.561347 0.765556 0.810000
119 0.642228 0.801111 0.845000
120 0.567143 0.756667 0.805000
121 0.606940 0.797222 0.820000
122 0.551686 0.800556 0.820000
123 0.609955 0.764444 0.805000
124 0.582258 0.783333 0.835000
125 0.552893 0.796667 0.850000
126 0.554058 0.788333 0.810000
127 0.566728 0.751111 0.790000
128 0.545367 0.748889 0.775000
129 0.575687 0.748889 0.785000
130 0.574014 0.796111 0.835000
131 0.600598 0.741667 0.760000
132 0.610597 0.772222 0.800000
133 0.599015 0.795556 0.840000
134 0.616178 0.787778 0.820000
135 0.538604 0.756111 0.790000
136 0.567528 0.795000 0.810000
137 0.632777 0.799444 0.850000
138 0.555755 0.797778 0.840000
139 0.617576 0.768333 0.805000
140 0.546717 0.753889 0.795000
141 0.555119 0.797222 0.840000
142 0.577692 0.769444 0.800000
143 0.532206 0.791111 0.820000
144 0.533911 0.734444 0.765000
145 0.539055 0.792778 0.835000
146 0.544731 0.741667 0.760000
147 0.563149 0.777222 0.810000
148 0.554396 0.787778 0.815000
149 0.549826 0.805000 0.850000
150 0.529922 0.797222 0.830000
151 0.527259 0.782222 0.800000
152 0.537008 0.793889 0.820000
153 0.520429 0.785000 0.805000
154 0.519417 0.790000 0.815000
155 0.509868 0.742778 0.780000
156 0.545121 0.799444 0.835000
157 0.510446 0.746667 0.795000
158 0.523087 0.792222 0.825000
159 0.551948 0.796111 0.835000
160 0.579548 0.755000 0.800000
161 0.553006 0.800556 0.835000
162 0.515966 0.748333 0.785000
163 0.534729 0.795556 0.840000
164 0.530384 0.789444 0.830000
165 0.516637 0.774444 0.800000
166 0.558566 0.760000 0.805000
167 0.525373 0.777778 0.800000
168 0.567355 0.785000 0.805000
169 0.564237 0.765556 0.805000
170 0.536539 0.790000 0.800000
171 0.527446 0.740000 0.765000
172 0.529615 0.770000 0.805000
173 0.517207 0.748889 0.795000
174 0.528402 0.795556 0.830000
175 0.510299 0.783889 0.815000
176 0.503676 0.772778 0.800000
177 0.728182 0.743889 0.760000
178 0.573632 0.800556 0.850000
179 0.529050 0.771111 0.805000
180 0.550557 0.806667 0.825000
181 0.589923 0.787778 0.830000
182 0.528184 0.789444 0.815000
183 0.561193 0.798889 0.860000
184 0.535166 0.730556 0.760000
185 0.544051 0.782222 0.800000
186 0.518225 0.797222 0.840000
187 0.525091 0.770556 0.795000
188 0.526899 0.767222 0.805000
189 0.526380 0.796111 0.835000
190 0.523790 0.757778 0.795000
191 0.520908 0.807778 0.830000
192 0.508303 0.785000 0.805000
193 0.522362 0.776667 0.800000
194 0.513623 0.802778 0.830000
195 0.525747 0.768889 0.800000
196 0.519552 0.790000 0.805000
197 0.515355 0.788889 0.810000
198 0.553850 0.801111 0.830000
199 0.548817 0.788889 0.800000
200 0.503444 0.791111 0.825000
201 0.520865 0.788889 0.815000
202 0.516149 0.795000 0.835000
203 0.531328 0.752778 0.785000
204 0.516498 0.795000 0.830000
205 0.511887 0.790556 0.820000
206 0.514363 0.792222 0.805000
207 0.494901 0.792222 0.820000
208 0.518049 0.743889 0.780000
209 0.527161 0.793333 0.815000
210 0.516625 0.758333 0.800000
211 0.516773 0.741111 0.780000
212 0.501841 0.753333 0.790000
213 0.512872 0.751667 0.795000
214 0.518181 0.790556 0.805000
215 0.523287 0.786667 0.805000
216 0.506712 0.800000 0.835000
217 0.506753 0.761667 0.800000
218 0.500941 0.803333 0.820000
219 0.500176 0.751667 0.795000
220 0.514124 0.762222 0.800000
221 0.508321 0.804444 0.840000
222 0.510342 0.766667 0.795000
223 0.521303 0.791667 0.815000
224 0.517110 0.753333 0.795000
225 0.520392 0.773889 0.795000
226 0.519627 0.803333 0.830000
227 0.505059 0.751111 0.785000
228 0.503861 0.784444 0.805000
229 0.508773 0.768333 0.795000
230 0.505496 0.782778 0.800000
231 0.534817 0.752222 0.790000
232 0.507146 0.770556 0.800000
233 0.506782 0.793889 0.830000
234 0.525037 0.799444 0.820000
235 0.520343 0.778889 0.805000
236 0.502444 0.791667 0.830000
237 0.509464 0.805556 0.815000
238 0.537915 0.803889 0.835000
239 0.501782 0.803889 0.830000
240 0.527759 0.782778 0.810000
241 0.505872 0.794444 0.825000
242 0.507364 0.781667 0.805000
243 0.510762 0.752778 0.800000
244 0.511121 0.778889 0.805000
245 0.511934 0.793889 0.825000
246 0.501377 0.781111 0.800000
247 0.511868 0.775000 0.795000
248 0.515306 0.767222 0.805000
249 0.509528 0.787778 0.815000
250 0.499566 0.776111 0.815000
251 0.499866 0.793333 0.835000
252 0.511944 0.772778 0.810000
253 0.502868 0.779444 0.800000
254 0.497315 0.763889 0.800000
255 0.500491 0.782778 0.810000
256 0.499316 0.779444 0.795000
257 0.504445 0.784444 0.805000
258 0.501376 0.786111 0.810000
259 0.506748 0.796667 0.830000
260 0.507231 0.780000 0.800000
261 0.523064 0.793333 0.815000
262 0.513526 0.806111 0.825000
263 0.505175 0.757222 0.795000
264 0.502756 0.756667 0.800000
265 0.505239 0.798333 0.820000
266 0.495523 0.783889 0.805000
267 0.499861 0.797222 0.815000
268 0.522254 0.777778 0.820000
269 0.498698 0.768889 0.795000
270 0.482659 0.767778 0.800000
271 0.510219 0.791667 0.815000
272 0.499894 0.784444 0.800000
273 0.492342 0.776111 0.805000
274 0.489912 0.782778 0.810000
275 0.500674 0.760556 0.825000
276 0.509016 0.797778 0.825000
277 0.517842 0.771667 0.820000
278 0.491420 0.777222 0.810000
279 0.501198 0.782222 0.820000
280 0.498600 0.796111 0.830000
281 0.514892 0.757222 0.790000
282 0.501458 0.762778 0.810000
283 0.506040 0.787222 0.815000
284 0.502505 0.809444 0.845000
285 0.497408 0.740556 0.765000
286 0.509534 0.795000 0.835000
287 0.492134 0.743333 0.790000
288 0.493514 0.801667 0.805000
289 0.494919 0.770556 0.795000
290 0.499991 0.804444 0.840000
291 0.507706 0.767222 0.790000
292 0.492565 0.794444 0.820000
293 0.484838 0.780556 0.825000
294 0.488666 0.775000 0.825000
295 0.493169 0.771667 0.825000
296 0.493049 0.768889 0.825000
297 0.487735 0.766667 0.805000
298 0.485738 0.771667 0.815000
299 0.501624 0.788889 0.820000
300 0.486669 0.800000 0.820000
301 0.491199 0.771111 0.825000
302 0.486334 0.774444 0.820000
303 0.482606 0.796111 0.815000
304 0.488481 0.802778 0.815000
305 0.480609 0.783889 0.830000
306 0.490005 0.810556 0.825000
307 0.478031 0.812222 0.835000
308 0.495144 0.798333 0.820000
309 0.500553 0.799444 0.845000
310 0.491047 0.787222 0.810000
311 0.471157 0.795000 0.815000
312 0.481453 0.808333 0.835000
313 0.467281 0.788889 0.805000
314 0.465640 0.806111 0.830000
315 0.456918 0.812222 0.825000
316 0.467234 0.791111 0.820000
317 0.469284 0.793889 0.825000
318 0.472295 0.819444 0.815000
319 0.469931 0.825556 0.830000
320 0.462630 0.818889 0.845000
321 0.464176 0.816111 0.820000
322 0.459806 0.806667 0.815000
323 0.481468 0.821111 0.845000
324 0.467874 0.816667 0.850000
325 0.462959 0.829444 0.835000
326 0.454166 0.824444 0.845000
327 0.459666 0.821111 0.835000
328 0.460706 0.830556 0.830000
329 0.454523 0.813889 0.825000
330 0.464271 0.823889 0.840000
331 0.455095 0.814444 0.820000
332 0.447507 0.827778 0.835000
333 0.457534 0.821111 0.840000
334 0.454619 0.799444 0.835000
335 0.460507 0.824444 0.840000
336 0.454052 0.827222 0.840000
337 0.448502 0.812778 0.825000
338 0.467288 0.816111 0.830000
339 0.456758 0.830000 0.845000
340 0.445012 0.830556 0.840000
341 0.458095 0.833333 0.845000
342 0.453846 0.823889 0.845000
343 0.450323 0.813889 0.840000
344 0.447053 0.813889 0.835000
345 0.451317 0.825556 0.840000
346 0.440295 0.827778 0.840000
347 0.443537 0.826111 0.845000
348 0.468814 0.818333 0.850000
349 0.460516 0.829444 0.840000
350 0.444040 0.830556 0.840000
