1 3.786432 0.661290 0.617647
2 1.559027 0.645161 0.735294
3 1.177827 0.703226 0.617647
4 0.901765 0.619355 0.558824
5 1.045166 0.774194 0.617647
6 0.779107 0.770968 0.558824
7 0.704340 0.748387 0.588235
8 0.540884 0.809677 0.705882
9 0.434578 0.870968 0.676471
10 0.406338 0.851613 0.647059
11 0.502303 0.880645 0.705882
12 0.260054 0.803226 0.676471
13 0.345323 0.796774 0.558824
14 0.317421 0.883871 0.735294
15 0.291166 0.916129 0.735294
16 0.202193 0.961290 0.705882
17 0.166873 0.935484 0.676471
18 0.177102 0.958065 0.676471
19 0.130059 0.941935 0.588235
20 0.139799 0.958065 0.705882
21 0.130167 0.967742 0.676471
22 0.195729 0.880645 0.617647
23 0.167927 0.990323 0.794118
24 0.077223 0.987097 0.705882
25 0.186249 0.941935 0.705882
26 0.162800 0.974194 0.705882
27 0.191742 0.919355 0.705882
28 0.136288 0.967742 0.705882
29 0.087924 0.993548 0.705882
30 0.151997 0.925806 0.617647
31 0.248783 0.903226 0.647059
32 0.157917 0.987097 0.735294
33 0.085688 0.993548 0.764706
34 0.074113 0.993548 0.676471
35 0.069667 0.990323 0.735294
36 0.106672 0.990323 0.676471
37 0.179707 0.919355 0.705882
38 0.131740 0.980645 0.735294
39 0.239761 0.838710 0.588235
40 0.141313 0.990323 0.705882
41 0.066641 0.993548 0.647059
42 0.164996 0.967742 0.705882
43 0.100166 0.993548 0.676471
44 0.069218 0.983871 0.705882
45 0.070453 0.993548 0.705882
46 0.059041 0.987097 0.764706
47 0.074563 0.987097 0.705882
48 0.093676 0.990323 0.647059
49 0.096750 0.987097 0.676471
50 0.077664 0.993548 0.676471
51 0.049949 0.993548 0.705882
52 0.042765 0.993548 0.676471
53 0.045440 0.993548 0.705882
54 0.040491 0.993548 0.705882
55 0.045085 0.993548 0.764706
56 0.039192 0.993548 0.705882
57 0.036760 0.993548 0.676471
58 0.033968 0.993548 0.676471
59 0.038504 0.993548 0.676471
60 0.039180 0.993548 0.676471
61 0.038135 0.993548 0.705882
62 0.037863 0.993548 0.676471
63 0.045968 0.993548 0.676471
64 0.037298 0.993548 0.676471
65 0.045788 0.993548 0.676471
66 0.036519 0.993548 0.705882
67 0.038530 0.993548 0.676471
68 0.035572 0.993548 0.705882
69 0.039223 0.993548 0.676471
70 0.040256 0.993548 0.705882
71 0.036504 0.993548 0.705882
72 0.036623 0.993548 0.705882
73 0.036476 0.993548 0.676471
74 0.037573 0.993548 0.676471
75 0.038862 0.993548 0.705882
76 0.033239 0.993548 0.705882
77 0.039711 0.993548 0.676471
78 0.032344 0.993548 0.705882
79 0.040983 0.993548 0.676471
80 0.038901 0.993548 0.705882
81 0.040419 0.993548 0.705882
82 0.042961 0.990323 0.705882
83 0.188359 0.954839 0.705882
84 0.099986 0.990323 0.705882
85 0.069123 0.987097 0.735294
86 0.055347 0.993548 0.676471
87 0.041728 0.993548 0.676471
88 0.043390 0.993548 0.705882
89 0.044863 0.993548 0.705882
90 0.041187 0.993548 0.705882
91 0.043019 0.993548 0.676471
92 0.038663 0.993548 0.676471
93 0.041993 0.983871 0.676471
94 0.037219 0.993548 0.647059
95 0.038223 0.993548 0.647059
96 0.036252 0.993548 0.676471
97 0.040334 0.993548 0.676471
98 0.042803 0.993548 0.705882
99 0.048260 0.993548 0.705882
100 0.034846 0.993548 0.735294
101 0.030227 0.993548 0.705882
102 0.030942 0.993548 0.676471
103 0.031817 0.993548 0.676471
104 0.027821 0.993548 0.705882
105 0.030805 0.993548 0.705882
106 0.038701 0.993548 0.705882
107 0.033492 0.993548 0.676471
108 0.033962 0.993548 0.676471
109 0.034725 0.993548 0.676471
110 0.027037 0.993548 0.676471
111 0.033675 0.993548 0.705882
112 0.031303 0.993548 0.676471
113 0.030956 0.993548 0.676471
114 0.032781 0.993548 0.705882
115 0.028871 0.993548 0.676471
116 0.030974 0.993548 0.676471
117 0.029217 0.993548 0.676471
118 0.029451 0.993548 0.705882
119 0.032348 0.993548 0.676471
120 0.058531 0.964516 0.647059
121 0.072723 0.993548 0.676471
122 0.047853 0.993548 0.676471
123 0.036482 0.993548 0.735294
124 0.032155 0.993548 0.705882
125 0.032347 0.993548 0.676471
126 0.036938 0.993548 0.705882
127 0.167620 0.967742 0.617647
128 0.081391 0.993548 0.676471
129 0.046542 0.993548 0.647059
130 0.038346 0.993548 0.647059
131 0.035212 0.993548 0.647059
132 0.036476 0.993548 0.676471
133 0.041107 0.993548 0.647059
134 0.034224 0.993548 0.647059
135 0.035554 0.993548 0.647059
136 0.035591 0.993548 0.647059
137 0.032364 0.993548 0.647059
138 0.029265 0.993548 0.647059
139 0.033083 0.993548 0.676471
140 0.028710 0.993548 0.647059
141 0.028156 0.993548 0.647059
142 0.035077 0.993548 0.676471
143 0.031117 0.993548 0.676471
144 0.040575 0.993548 0.647059
145 0.039755 0.993548 0.647059
146 0.032527 0.993548 0.676471
147 0.030509 0.993548 0.676471
148 0.031738 0.993548 0.647059
149 0.034520 0.993548 0.676471
150 0.031935 0.993548 0.647059
151 0.030347 0.993548 0.676471
152 0.027181 0.993548 0.705882
153 0.026470 0.993548 0.676471
154 0.029507 0.993548 0.676471
155 0.025528 0.993548 0.647059
156 0.027456 0.993548 0.647059
157 0.026600 0.993548 0.647059
158 0.023584 0.993548 0.676471
159 0.025785 0.993548 0.676471
160 0.027657 0.993548 0.647059
161 0.030933 0.993548 0.647059
162 0.027160 0.993548 0.647059
163 0.027640 0.993548 0.647059
164 0.026537 0.993548 0.647059
165 0.025228 0.993548 0.647059
166 0.027091 0.993548 0.676471
167 0.025524 0.993548 0.676471
168 0.027601 0.993548 0.676471
169 0.026680 0.993548 0.676471
170 0.028083 0.993548 0.676471
171 0.027326 0.993548 0.676471
172 0.027413 0.993548 0.676471
173 0.027216 0.993548 0.647059
174 0.033273 0.993548 0.676471
175 0.029458 0.993548 0.676471
176 0.028233 0.993548 0.676471
177 0.024385 0.993548 0.676471
178 0.026843 0.993548 0.676471
179 0.028498 0.993548 0.676471
180 0.029967 0.993548 0.705882
181 0.029909 0.993548 0.647059
182 0.029581 0.993548 0.647059
183 0.025658 0.993548 0.676471
184 0.031410 0.993548 0.676471
185 0.042600 0.993548 0.676471
186 0.032060 0.993548 0.705882
187 0.026432 0.993548 0.676471
188 0.028958 0.993548 0.676471
189 0.027007 0.993548 0.705882
190 0.026297 0.993548 0.676471
191 0.026670 0.993548 0.647059
192 0.030495 0.993548 0.705882
193 0.025671 0.993548 0.676471
194 0.031625 0.993548 0.705882
195 0.031244 0.993548 0.676471
196 0.026096 0.993548 0.705882
197 0.028603 0.993548 0.676471
198 0.027379 0.993548 0.705882
199 0.030021 0.993548 0.647059
200 0.024378 0.993548 0.676471
201 0.023678 0.993548 0.676471
202 0.025137 0.993548 0.676471
203 0.024754 0.993548 0.676471
204 0.024915 0.993548 0.676471
205 0.021983 0.993548 0.676471
206 0.025413 0.993548 0.676471
207 0.023027 0.993548 0.676471
208 0.025293 0.993548 0.676471
209 0.027274 0.993548 0.676471
210 0.026038 0.993548 0.676471
211 0.026953 0.993548 0.676471
212 0.028662 0.993548 0.676471
213 0.023967 0.993548 0.676471
214 0.026184 0.993548 0.676471
215 0.027569 0.993548 0.676471
216 0.024257 0.993548 0.676471
217 0.023840 0.993548 0.676471
218 0.023914 0.993548 0.676471
219 0.024627 0.993548 0.676471
220 0.026707 0.993548 0.705882
221 0.024997 0.993548 0.705882
222 0.027259 0.993548 0.705882
223 0.026728 0.993548 0.705882
224 0.026862 0.993548 0.705882
225 0.025016 0.993548 0.705882
226 0.023414 0.993548 0.705882
227 0.024316 0.993548 0.705882
228 0.025550 0.993548 0.705882
229 0.028630 0.993548 0.705882
230 0.025196 0.993548 0.705882
231 0.027640 0.993548 0.705882
232 0.028297 0.993548 0.705882
233 0.024222 0.993548 0.705882
234 0.022128 0.993548 0.705882
235 0.022769 0.993548 0.705882
236 0.024633 0.993548 0.705882
237 0.025805 0.993548 0.705882
238 0.022699 0.993548 0.705882
239 0.023716 0.993548 0.705882
240 0.025327 0.993548 0.705882
241 0.024361 0.993548 0.705882
242 0.022899 0.993548 0.705882
243 0.022703 0.993548 0.705882
244 0.028850 0.993548 0.705882
245 0.023335 0.993548 0.705882
246 0.025525 0.993548 0.705882
247 0.022718 0.993548 0.705882
248 0.025215 0.993548 0.705882
249 0.022331 0.993548 0.705882
250 0.026793 0.993548 0.705882
251 0.025278 0.993548 0.705882
252 0.021300 0.993548 0.705882
253 0.022062 0.993548 0.705882
254 0.023578 0.993548 0.705882
255 0.023489 0.993548 0.705882
256 0.023390 0.993548 0.705882
257 0.023431 0.993548 0.705882
258 0.022803 0.993548 0.705882
259 0.024419 0.993548 0.705882
260 0.022920 0.993548 0.705882
261 0.025577 0.993548 0.705882
262 0.023618 0.993548 0.705882
263 0.021129 0.993548 0.705882
264 0.021217 0.993548 0.705882
265 0.025929 0.993548 0.705882
266 0.024221 0.993548 0.705882
267 0.023166 0.993548 0.705882
268 0.023513 0.993548 0.705882
269 0.024924 0.993548 0.705882
270 0.020840 0.993548 0.705882
271 0.023310 0.993548 0.705882
272 0.024414 0.993548 0.705882
273 0.022884 0.993548 0.705882
274 0.023305 0.993548 0.705882
275 0.021476 0.993548 0.705882
276 0.021790 0.993548 0.705882
277 0.022603 0.993548 0.705882
278 0.022188 0.993548 0.705882
279 0.024678 0.993548 0.705882
280 0.022815 0.993548 0.705882
281 0.027243 0.993548 0.705882
282 0.024742 0.993548 0.705882
283 0.021296 0.993548 0.705882
284 0.022169 0.993548 0.705882
285 0.021478 0.993548 0.705882
286 0.021121 0.993548 0.705882
287 0.024920 0.993548 0.705882
288 0.022935 0.993548 0.705882
289 0.021723 0.993548 0.705882
290 0.021910 0.993548 0.705882
291 0.023114 0.993548 0.705882
292 0.022336 0.993548 0.705882
293 0.021244 0.993548 0.705882
294 0.022835 0.993548 0.705882
295 0.024011 0.993548 0.705882
296 0.022465 0.993548 0.705882
297 0.026125 0.993548 0.705882
298 0.023836 0.993548 0.705882
299 0.023411 0.993548 0.705882
300 0.021353 0.993548 0.705882
301 0.022161 0.993548 0.705882
302 0.022375 0.993548 0.705882
303 0.024328 0.993548 0.705882
304 0.021825 0.993548 0.705882
305 0.021305 0.993548 0.705882
306 0.021643 0.993548 0.705882
307 0.022052 0.993548 0.705882
308 0.019927 0.993548 0.705882
309 0.022396 0.993548 0.705882
310 0.025384 0.993548 0.705882
311 0.023597 0.993548 0.705882
312 0.023596 0.993548 0.705882
313 0.022112 0.993548 0.705882
314 0.019690 0.993548 0.705882
315 0.023109 0.993548 0.705882
316 0.023153 0.993548 0.705882
317 0.025285 0.993548 0.705882
318 0.021845 0.993548 0.705882
319 0.023747 0.993548 0.705882
320 0.021570 0.993548 0.705882
321 0.022525 0.993548 0.705882
322 0.020484 0.993548 0.705882
323 0.022659 0.993548 0.705882
324 0.022643 0.993548 0.705882
325 0.021441 0.993548 0.705882
326 0.025299 0.993548 0.705882
327 0.018642 0.993548 0.705882
328 0.022021 0.993548 0.705882
329 0.022320 0.993548 0.705882
330 0.020821 0.993548 0.705882
331 0.022038 0.993548 0.705882
332 0.022906 0.993548 0.705882
333 0.021382 0.993548 0.705882
334 0.021400 0.993548 0.705882
335 0.020969 0.993548 0.705882
336 0.024355 0.993548 0.705882
337 0.020576 0.993548 0.705882
338 0.020462 0.993548 0.705882
339 0.023509 0.993548 0.705882
340 0.022177 0.993548 0.705882
341 0.019986 0.993548 0.705882
342 0.022987 0.993548 0.705882
343 0.020640 0.993548 0.705882
344 0.021805 0.993548 0.705882
345 0.021049 0.993548 0.705882
346 0.021349 0.993548 0.705882
347 0.021365 0.993548 0.705882
348 0.021953 0.993548 0.705882
349 0.022842 0.993548 0.705882
350 0.024421 0.993548 0.705882
