1 150.169566 0.690556 0.685000
2 64.940363 0.575556 0.615000
3 19.841703 0.693889 0.660000
4 13.362757 0.643333 0.630000
5 12.479253 0.702778 0.680000
6 13.366243 0.687222 0.655000
7 6.401914 0.658333 0.630000
8 5.646293 0.775000 0.780000
9 10.740457 0.716667 0.700000
10 4.463199 0.614444 0.625000
11 6.759037 0.706667 0.670000
12 2.599416 0.714444 0.680000
13 4.600937 0.710000 0.665000
14 1.706928 0.737778 0.750000
15 1.615579 0.543333 0.560000
16 4.390878 0.550556 0.575000
17 5.656306 0.717778 0.705000
18 1.636784 0.717778 0.705000
19 3.515674 0.750000 0.750000
20 2.374940 0.768889 0.775000
21 1.447028 0.742222 0.735000
22 1.139589 0.716667 0.715000
23 1.176566 0.755000 0.770000
24 0.957200 0.705556 0.665000
25 0.905919 0.538889 0.560000
26 2.083532 0.774444 0.780000
27 0.958650 0.740556 0.735000
28 1.353643 0.764444 0.765000
29 0.997219 0.695000 0.675000
30 1.638272 0.757778 0.775000
31 0.871402 0.748889 0.760000
32 0.945883 0.767222 0.790000
33 1.193258 0.762222 0.795000
34 0.842438 0.769444 0.780000
35 0.729502 0.759444 0.755000
36 0.728977 0.762222 0.790000
37 1.451844 0.768333 0.780000
38 2.246825 0.742222 0.735000
39 1.252190 0.713333 0.720000
40 1.174735 0.773889 0.780000
41 0.742978 0.766667 0.775000
42 0.743645 0.766667 0.765000
43 0.843242 0.703333 0.710000
44 0.941099 0.758889 0.760000
45 1.038495 0.774444 0.795000
46 1.044939 0.538333 0.560000
47 0.774104 0.731667 0.740000
48 0.761097 0.517778 0.525000
49 0.949197 0.769444 0.775000
50 1.389008 0.731667 0.705000
51 0.899025 0.767778 0.780000
52 0.843351 0.762778 0.785000
53 0.644494 0.765556 0.780000
54 0.623973 0.728889 0.750000
55 0.657436 0.765000 0.760000
56 0.730754 0.756111 0.775000
57 0.693150 0.724444 0.700000
58 0.677260 0.747222 0.750000
59 0.627385 0.776667 0.805000
60 0.830662 0.766667 0.795000
61 0.672710 0.739444 0.745000
62 0.709578 0.768889 0.795000
63 0.631477 0.758889 0.765000
64 0.635118 0.749444 0.755000
65 0.629385 0.768333 0.800000
66 0.715372 0.766667 0.795000
67 0.621454 0.753333 0.750000
68 0.646585 0.766667 0.795000
69 0.583727 0.721111 0.720000
70 0.645486 0.766667 0.785000
71 0.633631 0.776111 0.790000
72 0.707484 0.764444 0.790000
73 0.649381 0.749444 0.755000
74 0.698723 0.720556 0.730000
75 0.653429 0.760556 0.765000
76 0.655969 0.730556 0.735000
77 0.610067 0.768889 0.795000
78 0.610980 0.749444 0.760000
79 0.677174 0.754444 0.755000
80 0.796613 0.731111 0.730000
81 0.735231 0.767778 0.785000
82 0.634137 0.746111 0.745000
83 0.658985 0.768889 0.765000
84 0.606371 0.753333 0.755000
85 0.615855 0.771667 0.785000
86 0.611013 0.750556 0.750000
87 0.701009 0.741111 0.705000
88 0.750245 0.762778 0.785000
89 0.614754 0.771667 0.795000
90 0.696289 0.776111 0.790000
91 0.685819 0.744444 0.745000
92 0.686687 0.738889 0.735000
93 0.658741 0.753889 0.765000
94 0.607995 0.772778 0.795000
95 0.632502 0.771667 0.775000
96 0.651986 0.768333 0.790000
97 0.573539 0.770556 0.785000
98 0.654291 0.762222 0.775000
99 0.692162 0.772778 0.800000
100 0.579168 0.783889 0.790000
101 0.553522 0.771111 0.795000
102 0.596393 0.755556 0.745000
103 0.551590 0.785000 0.810000
104 0.570275 0.784444 0.795000
105 0.585856 0.766667 0.755000
106 0.562201 0.779444 0.790000
107 0.585470 0.785000 0.805000
108 0.583719 0.792222 0.800000
109 0.556983 0.776667 0.750000
110 0.540438 0.784444 0.795000
111 0.555515 0.741667 0.740000
112 0.663676 0.776667 0.800000
113 0.545566 0.777778 0.760000
114 0.579365 0.753333 0.780000
115 0.729864 0.775000 0.790000
116 0.599680 0.741667 0.740000
117 0.584483 0.791111 0.795000
118 0.582450 0.781667 0.790000
119 0.545585 0.787778 0.795000
120 0.538754 0.761111 0.780000
121 0.565428 0.783333 0.800000
122 0.536877 0.780000 0.780000
123 0.602270 0.782778 0.795000
124 0.565194 0.784444 0.795000
125 0.563573 0.770556 0.795000
126 0.545136 0.784444 0.790000
127 0.580387 0.756667 0.780000
128 0.552707 0.747778 0.750000
129 0.540765 0.785000 0.790000
130 0.569853 0.786111 0.800000
131 0.567933 0.787778 0.785000
132 0.596118 0.800556 0.795000
133 0.559254 0.784444 0.800000
134 0.547664 0.795556 0.820000
135 0.535183 0.791111 0.800000
136 0.550363 0.774444 0.800000
137 0.560560 0.792778 0.780000
138 0.651482 0.786111 0.805000
139 0.607162 0.781111 0.795000
140 0.551340 0.760000 0.780000
141 0.569087 0.782778 0.745000
142 0.541962 0.783333 0.800000
143 0.547310 0.787222 0.795000
144 0.568572 0.747778 0.745000
145 0.539520 0.739444 0.740000
146 0.551620 0.796111 0.785000
147 0.546530 0.741667 0.735000
148 0.614561 0.800556 0.795000
149 0.548277 0.798889 0.800000
150 0.544695 0.798333 0.785000
151 0.515426 0.782778 0.800000
152 0.557917 0.790000 0.790000
153 0.506576 0.757222 0.765000
154 0.548183 0.745556 0.750000
155 0.515498 0.765000 0.795000
156 0.527722 0.795000 0.795000
157 0.521370 0.781667 0.790000
158 0.516627 0.794444 0.810000
159 0.523147 0.788889 0.790000
160 0.528179 0.771667 0.810000
161 0.519430 0.784444 0.780000
162 0.524206 0.778333 0.805000
163 0.535645 0.776667 0.805000
164 0.550667 0.801111 0.785000
165 0.519857 0.783333 0.790000
166 0.547121 0.786667 0.805000
167 0.533157 0.780556 0.815000
168 0.520869 0.798333 0.815000
169 0.515889 0.769444 0.805000
170 0.514429 0.796667 0.810000
171 0.513974 0.796667 0.820000
172 0.513583 0.768333 0.790000
173 0.520060 0.767778 0.805000
174 0.535085 0.776111 0.760000
175 0.532730 0.799444 0.815000
176 0.528959 0.799444 0.775000
177 0.536769 0.753333 0.775000
178 0.547582 0.795000 0.815000
179 0.538443 0.754444 0.770000
180 0.526759 0.755000 0.760000
181 0.548498 0.786111 0.810000
182 0.555373 0.757778 0.775000
183 0.531251 0.797778 0.820000
184 0.542235 0.738889 0.730000
185 0.520671 0.767222 0.795000
186 0.527773 0.782222 0.790000
187 0.532724 0.780000 0.805000
188 0.504997 0.785556 0.810000
189 0.513278 0.748889 0.730000
190 0.555134 0.741667 0.740000
191 0.529842 0.798333 0.770000
192 0.501227 0.758889 0.785000
193 0.523953 0.794444 0.795000
194 0.508965 0.803333 0.780000
195 0.508463 0.772778 0.810000
196 0.531891 0.801111 0.790000
197 0.532412 0.756111 0.760000
198 0.562627 0.773333 0.800000
199 0.515941 0.749444 0.745000
200 0.517463 0.790556 0.830000
201 0.522409 0.794444 0.815000
202 0.511900 0.787778 0.800000
203 0.509710 0.781111 0.800000
204 0.524586 0.787778 0.800000
205 0.495499 0.796667 0.805000
206 0.511148 0.786667 0.805000
207 0.507305 0.781667 0.800000
208 0.505559 0.762778 0.790000
209 0.520589 0.782778 0.815000
210 0.502089 0.746667 0.745000
211 0.501685 0.771111 0.795000
212 0.505034 0.761667 0.785000
213 0.519233 0.758889 0.780000
214 0.506479 0.793889 0.820000
215 0.534009 0.799444 0.800000
216 0.516342 0.796111 0.790000
217 0.506314 0.781111 0.795000
218 0.500533 0.799444 0.810000
219 0.504234 0.770000 0.800000
220 0.499285 0.797778 0.800000
221 0.502277 0.798889 0.810000
222 0.522215 0.797222 0.785000
223 0.517140 0.761111 0.775000
224 0.509570 0.757222 0.780000
225 0.522499 0.788889 0.820000
226 0.504811 0.800000 0.795000
227 0.510416 0.754444 0.760000
228 0.532390 0.782222 0.805000
229 0.506507 0.795000 0.810000
230 0.502571 0.762222 0.785000
231 0.517284 0.753889 0.755000
232 0.512820 0.740556 0.735000
233 0.522801 0.788333 0.825000
234 0.517828 0.773889 0.810000
235 0.532665 0.803333 0.805000
236 0.512393 0.787778 0.805000
237 0.516599 0.784444 0.810000
238 0.523608 0.789444 0.780000
239 0.517261 0.791111 0.835000
240 0.499036 0.758889 0.780000
241 0.515187 0.786667 0.805000
242 0.522195 0.761667 0.780000
243 0.506252 0.781111 0.810000
244 0.512391 0.796111 0.815000
245 0.532464 0.797778 0.820000
246 0.514042 0.801111 0.825000
247 0.522996 0.780000 0.805000
248 0.500684 0.775556 0.805000
249 0.497768 0.776111 0.805000
250 0.501243 0.772222 0.800000
251 0.513414 0.782222 0.810000
252 0.513112 0.786667 0.810000
253 0.493763 0.770000 0.805000
254 0.498158 0.800556 0.810000
255 0.515049 0.785000 0.810000
256 0.486997 0.785556 0.810000
257 0.512374 0.801111 0.820000
258 0.503328 0.791111 0.810000
259 0.511318 0.801111 0.825000
260 0.506729 0.794444 0.805000
261 0.506382 0.791111 0.805000
262 0.499929 0.797778 0.815000
263 0.497429 0.786667 0.810000
264 0.506568 0.788333 0.810000
265 0.498070 0.765556 0.790000
266 0.508961 0.783333 0.810000
267 0.498536 0.798333 0.815000
268 0.508379 0.788333 0.805000
269 0.499816 0.787222 0.805000
270 0.499719 0.804444 0.815000
271 0.510846 0.801667 0.805000
272 0.514402 0.783333 0.820000
273 0.501931 0.764444 0.790000
274 0.506208 0.790000 0.810000
275 0.505051 0.781111 0.805000
276 0.482064 0.786111 0.815000
277 0.505431 0.772778 0.805000
278 0.502124 0.778889 0.810000
279 0.493865 0.785556 0.805000
280 0.495982 0.783333 0.810000
281 0.503195 0.763333 0.790000
282 0.519856 0.776111 0.805000
283 0.507727 0.792778 0.810000
284 0.516406 0.796667 0.820000
285 0.496433 0.757222 0.785000
286 0.510820 0.801111 0.815000
287 0.503076 0.773889 0.810000
288 0.506687 0.799444 0.820000
289 0.495734 0.796111 0.815000
290 0.496266 0.802778 0.815000
291 0.507135 0.765000 0.790000
292 0.494160 0.786111 0.805000
293 0.497742 0.802778 0.815000
294 0.509798 0.770556 0.800000
295 0.486503 0.790000 0.810000
296 0.504613 0.766667 0.795000
297 0.493249 0.755556 0.760000
298 0.497082 0.788333 0.815000
299 0.502623 0.797778 0.810000
300 0.502258 0.789444 0.805000
301 0.493765 0.756667 0.770000
302 0.507201 0.769444 0.795000
303 0.504818 0.779444 0.810000
304 0.494859 0.787222 0.820000
305 0.497700 0.788889 0.810000
306 0.498709 0.781111 0.815000
307 0.493935 0.778889 0.810000
308 0.498916 0.785000 0.815000
309 0.508207 0.794444 0.815000
310 0.504558 0.772222 0.795000
311 0.497614 0.786111 0.805000
312 0.498402 0.786667 0.805000
313 0.498892 0.777778 0.805000
314 0.502735 0.800000 0.825000
315 0.500020 0.787222 0.810000
316 0.494238 0.783333 0.810000
317 0.495972 0.782778 0.815000
318 0.505026 0.790000 0.805000
319 0.506843 0.781111 0.810000
320 0.509243 0.788889 0.805000
321 0.508438 0.761111 0.780000
322 0.498330 0.777778 0.805000
323 0.504910 0.778889 0.810000
324 0.505912 0.786667 0.805000
325 0.499776 0.801667 0.815000
326 0.497924 0.791667 0.810000
327 0.487875 0.801111 0.795000
328 0.505061 0.791111 0.805000
329 0.497441 0.800556 0.815000
330 0.493846 0.791111 0.805000
331 0.497641 0.796111 0.805000
332 0.492973 0.777222 0.805000
333 0.495356 0.803889 0.800000
334 0.474855 0.788889 0.800000
335 0.495426 0.788889 0.805000
336 0.501310 0.779444 0.805000
337 0.491337 0.787222 0.810000
338 0.497970 0.802222 0.810000
339 0.507643 0.800000 0.810000
340 0.495741 0.780000 0.810000
341 0.499341 0.790556 0.810000
342 0.500592 0.793889 0.810000
343 0.505430 0.756667 0.780000
344 0.507701 0.790000 0.810000
345 0.497051 0.778333 0.815000
346 0.503404 0.797778 0.810000
347 0.487959 0.785000 0.805000
348 0.505658 0.785556 0.805000
349 0.509390 0.772778 0.800000
350 0.493436 0.788333 0.805000
