1 1.764553 0.734444 0.750000
2 0.658814 0.768889 0.770000
3 0.579390 0.748889 0.740000
4 0.584824 0.770000 0.750000
5 0.503482 0.774444 0.780000
6 0.497197 0.785556 0.720000
7 0.493571 0.783333 0.730000
8 0.460086 0.782222 0.750000
9 0.499179 0.788889 0.760000
10 0.499734 0.786667 0.750000
11 0.439113 0.796667 0.710000
12 0.444801 0.786667 0.740000
13 0.463152 0.802222 0.730000
14 0.417596 0.817778 0.730000
15 0.419145 0.814444 0.740000
16 0.419334 0.817778 0.740000
17 0.417365 0.814444 0.710000
18 0.420903 0.813333 0.730000
19 0.440795 0.818889 0.700000
20 0.409359 0.832222 0.750000
21 0.400327 0.824444 0.700000
22 0.403081 0.820000 0.680000
23 0.410148 0.794444 0.680000
24 0.386328 0.833333 0.750000
25 0.401669 0.824444 0.720000
26 0.386975 0.847778 0.710000
27 0.379783 0.838889 0.710000
28 0.387389 0.847778 0.670000
29 0.371889 0.842222 0.700000
30 1.371031 0.743333 0.700000
31 0.510771 0.803333 0.740000
32 0.422836 0.822222 0.720000
33 0.405797 0.822222 0.710000
34 0.424703 0.822222 0.720000
35 0.436203 0.827778 0.660000
36 0.381097 0.851111 0.700000
37 0.373865 0.831111 0.690000
38 0.368258 0.854444 0.690000
39 0.378322 0.833333 0.720000
40 0.369087 0.831111 0.700000
41 0.373158 0.847778 0.660000
42 0.373444 0.838889 0.700000
43 0.367846 0.853333 0.710000
44 0.360478 0.846667 0.690000
45 0.352946 0.864444 0.670000
46 0.353189 0.860000 0.700000
47 0.350018 0.848889 0.670000
48 0.346288 0.853333 0.660000
49 0.365013 0.864444 0.720000
50 0.340900 0.872222 0.710000
51 0.324899 0.863333 0.730000
52 0.324639 0.861111 0.670000
53 0.329659 0.871111 0.720000
54 0.314339 0.871111 0.700000
55 0.314023 0.861111 0.700000
56 0.306179 0.877778 0.720000
57 0.305562 0.875556 0.730000
58 0.304817 0.872222 0.720000
59 0.329781 0.875556 0.700000
60 0.313178 0.874444 0.660000
61 0.316998 0.881111 0.680000
62 0.303229 0.876667 0.720000
63 0.310359 0.868889 0.680000
64 0.316811 0.876667 0.690000
65 0.313152 0.873333 0.670000
66 0.324410 0.884444 0.680000
67 0.322710 0.874444 0.680000
68 0.306610 0.870000 0.700000
69 0.316189 0.876667 0.690000
70 0.726142 0.871111 0.700000
71 0.326318 0.871111 0.710000
72 0.315814 0.881111 0.690000
73 0.300070 0.874444 0.710000
74 0.303217 0.883333 0.700000
75 0.303106 0.875556 0.710000
76 0.302612 0.871111 0.710000
77 0.292543 0.874444 0.690000
78 0.317131 0.874444 0.690000
79 0.508112 0.866667 0.680000
80 0.309080 0.874444 0.680000
81 0.312411 0.877778 0.680000
82 0.288330 0.881111 0.700000
83 0.294889 0.885556 0.690000
84 0.287170 0.891111 0.690000
85 0.286527 0.886667 0.660000
86 0.292883 0.863333 0.700000
87 0.304312 0.846667 0.680000
88 0.337668 0.868889 0.710000
89 0.296083 0.888889 0.680000
90 0.295391 0.893333 0.670000
91 0.269629 0.881111 0.690000
92 0.291287 0.878889 0.700000
93 0.294716 0.890000 0.690000
94 0.369888 0.881111 0.690000
95 0.515364 0.854444 0.710000
96 0.364933 0.876667 0.670000
97 0.310305 0.877778 0.660000
98 0.300673 0.883333 0.690000
99 0.284867 0.875556 0.690000
100 0.278600 0.890000 0.690000
101 0.259176 0.888889 0.680000
102 0.267453 0.893333 0.680000
103 0.262666 0.885556 0.680000
104 0.264485 0.903333 0.700000
105 0.251265 0.888889 0.710000
106 0.293006 0.897778 0.700000
107 0.264870 0.894444 0.690000
108 0.252700 0.892222 0.700000
109 0.309641 0.887778 0.680000
110 0.269765 0.898889 0.680000
111 0.274995 0.895556 0.690000
112 0.262179 0.894444 0.690000
113 0.261450 0.891111 0.700000
114 0.262296 0.900000 0.710000
115 0.243131 0.897778 0.690000
116 0.260342 0.891111 0.700000
117 0.254594 0.898889 0.710000
118 0.240232 0.898889 0.690000
119 0.241684 0.891111 0.730000
120 0.241293 0.904444 0.700000
121 0.259548 0.902222 0.710000
122 0.245067 0.898889 0.700000
123 0.242046 0.900000 0.700000
124 0.260101 0.903333 0.690000
125 0.246415 0.900000 0.680000
126 0.242426 0.905556 0.700000
127 0.245263 0.901111 0.710000
128 0.269010 0.898889 0.700000
129 0.249028 0.908889 0.710000
130 0.254706 0.914444 0.730000
131 0.238149 0.908889 0.710000
132 0.256711 0.901111 0.700000
133 0.241373 0.906667 0.700000
134 0.242185 0.905556 0.710000
135 0.241363 0.904444 0.690000
136 0.237706 0.908889 0.690000
137 0.243917 0.896667 0.700000
138 0.230439 0.902222 0.710000
139 0.251090 0.907778 0.690000
140 0.242485 0.903333 0.720000
141 0.245218 0.907778 0.700000
142 0.233044 0.907778 0.680000
143 0.223612 0.900000 0.700000
144 0.240774 0.916667 0.720000
145 0.231131 0.905556 0.730000
146 0.257819 0.898889 0.690000
147 0.245164 0.908889 0.680000
148 0.231118 0.902222 0.700000
149 0.226812 0.906667 0.710000
150 0.222300 0.913333 0.700000
151 0.225074 0.913333 0.710000
152 0.225066 0.915556 0.720000
153 0.223919 0.911111 0.690000
154 0.226152 0.910000 0.710000
155 0.214519 0.915556 0.710000
156 0.217220 0.915556 0.700000
157 0.220959 0.918889 0.710000
158 0.217286 0.906667 0.710000
159 0.219154 0.915556 0.720000
160 0.220129 0.914444 0.720000
161 0.222247 0.912222 0.720000
162 0.212790 0.917778 0.720000
163 0.213838 0.911111 0.710000
164 0.221367 0.918889 0.710000
165 0.221377 0.908889 0.720000
166 0.233177 0.908889 0.730000
167 0.220214 0.913333 0.720000
168 0.222269 0.911111 0.710000
169 0.215712 0.924444 0.710000
170 0.213148 0.913333 0.710000
171 0.220391 0.911111 0.710000
172 0.216975 0.921111 0.710000
173 0.217962 0.916667 0.700000
174 0.223749 0.921111 0.710000
175 0.223951 0.904444 0.700000
176 0.219625 0.918889 0.690000
177 0.212560 0.917778 0.710000
178 0.208775 0.920000 0.700000
179 0.208787 0.914444 0.700000
180 0.239337 0.916667 0.710000
181 0.222673 0.910000 0.700000
182 0.221694 0.908889 0.720000
183 0.219432 0.916667 0.700000
184 0.222271 0.916667 0.730000
185 0.209078 0.905556 0.700000
186 0.217283 0.911111 0.720000
187 0.217419 0.922222 0.710000
188 0.217507 0.921111 0.710000
189 0.215068 0.921111 0.690000
190 0.220335 0.922222 0.730000
191 0.215119 0.920000 0.720000
192 0.204107 0.921111 0.720000
193 0.207906 0.925556 0.710000
194 0.212134 0.918889 0.720000
195 0.211536 0.915556 0.690000
196 0.218762 0.918889 0.690000
197 0.219498 0.916667 0.720000
198 0.202673 0.904444 0.730000
199 0.210177 0.913333 0.710000
200 0.205057 0.923333 0.710000
201 0.203227 0.918889 0.720000
202 0.213858 0.916667 0.710000
203 0.209583 0.922222 0.720000
204 0.197560 0.925556 0.710000
205 0.209764 0.922222 0.700000
206 0.198031 0.916667 0.680000
207 0.216751 0.928889 0.720000
208 0.203624 0.922222 0.710000
209 0.204732 0.922222 0.690000
210 0.194367 0.923333 0.710000
211 0.191172 0.932222 0.700000
212 0.201407 0.923333 0.710000
213 0.191749 0.926667 0.710000
214 0.200573 0.928889 0.710000
215 0.206846 0.926667 0.730000
216 0.191458 0.924444 0.720000
217 0.203231 0.924444 0.700000
218 0.202616 0.926667 0.710000
219 0.208535 0.921111 0.700000
220 0.211681 0.922222 0.690000
221 0.199756 0.926667 0.720000
222 0.198698 0.925556 0.700000
223 0.196475 0.915556 0.710000
224 0.191043 0.923333 0.710000
225 0.202986 0.925556 0.700000
226 0.196411 0.923333 0.700000
227 0.190075 0.922222 0.700000
228 0.210298 0.923333 0.700000
229 0.199816 0.927778 0.710000
230 0.208153 0.921111 0.680000
231 0.211246 0.924444 0.670000
232 0.197556 0.924444 0.700000
233 0.193958 0.924444 0.690000
234 0.205099 0.923333 0.710000
235 0.194128 0.917778 0.710000
236 0.197452 0.927778 0.700000
237 0.212025 0.926667 0.690000
238 0.194878 0.925556 0.710000
239 0.198441 0.926667 0.710000
240 0.199356 0.922222 0.690000
241 0.199181 0.923333 0.690000
242 0.183271 0.928889 0.690000
243 0.188326 0.925556 0.710000
244 0.198570 0.927778 0.690000
245 0.204342 0.928889 0.700000
246 0.204011 0.930000 0.690000
247 0.203844 0.925556 0.680000
248 0.199535 0.925556 0.700000
249 0.181514 0.928889 0.710000
250 0.200447 0.928889 0.690000
251 0.184129 0.930000 0.720000
252 0.200940 0.931111 0.710000
253 0.191338 0.925556 0.690000
254 0.198945 0.931111 0.690000
255 0.191534 0.928889 0.690000
256 0.197600 0.935556 0.700000
257 0.195078 0.927778 0.680000
258 0.195535 0.932222 0.700000
259 0.189773 0.931111 0.710000
260 0.189120 0.927778 0.690000
261 0.196337 0.928889 0.690000
262 0.191060 0.928889 0.700000
263 0.190592 0.932222 0.680000
264 0.188103 0.930000 0.710000
265 0.185377 0.935556 0.690000
266 0.253586 0.931111 0.690000
267 0.195204 0.922222 0.700000
268 0.206098 0.925556 0.680000
269 0.192434 0.933333 0.690000
270 0.197979 0.928889 0.690000
271 0.199682 0.928889 0.710000
272 0.185345 0.933333 0.660000
273 0.193318 0.926667 0.700000
274 0.195054 0.933333 0.700000
275 0.201987 0.930000 0.710000
276 0.180910 0.930000 0.680000
277 0.192722 0.925556 0.690000
278 0.191506 0.926667 0.680000
279 0.184054 0.925556 0.690000
280 0.187615 0.928889 0.680000
281 0.180194 0.927778 0.700000
282 0.187858 0.926667 0.680000
283 0.197644 0.928889 0.680000
284 0.196475 0.928889 0.700000
285 0.194595 0.925556 0.690000
286 0.199621 0.933333 0.690000
287 0.183362 0.931111 0.700000
288 0.207837 0.923333 0.700000
289 0.192464 0.925556 0.690000
290 0.191669 0.928889 0.680000
291 0.188581 0.928889 0.700000
292 0.186879 0.928889 0.690000
293 0.177392 0.928889 0.700000
294 0.196852 0.931111 0.680000
295 0.188482 0.931111 0.720000
296 0.184931 0.925556 0.700000
297 0.185202 0.932222 0.690000
298 0.192456 0.926667 0.690000
299 0.185323 0.926667 0.700000
300 0.179120 0.928889 0.690000
301 0.189370 0.932222 0.690000
302 0.180029 0.926667 0.720000
303 0.186137 0.927778 0.700000
304 0.179150 0.926667 0.690000
305 0.185438 0.931111 0.690000
306 0.183559 0.928889 0.710000
307 0.187728 0.932222 0.700000
308 0.180947 0.927778 0.690000
309 0.180899 0.924444 0.690000
310 0.183844 0.931111 0.700000
311 0.190171 0.932222 0.680000
312 0.184282 0.933333 0.680000
313 0.179614 0.931111 0.700000
314 0.185993 0.931111 0.690000
315 0.178181 0.930000 0.680000
316 0.183775 0.930000 0.690000
317 0.185972 0.930000 0.710000
318 0.183204 0.924444 0.700000
319 0.185977 0.933333 0.680000
320 0.186309 0.933333 0.690000
321 0.178047 0.932222 0.690000
322 0.184794 0.933333 0.690000
323 0.183194 0.932222 0.690000
324 0.188830 0.934444 0.680000
325 0.179336 0.924444 0.710000
326 0.185319 0.924444 0.690000
327 0.180963 0.926667 0.680000
328 0.190939 0.935556 0.690000
329 0.181599 0.927778 0.680000
330 0.187848 0.931111 0.680000
331 0.190127 0.931111 0.710000
332 0.176848 0.928889 0.720000
333 0.181839 0.933333 0.700000
334 0.189356 0.935556 0.680000
335 0.176539 0.932222 0.690000
336 0.188410 0.936667 0.690000
337 0.182810 0.927778 0.680000
338 0.186430 0.932222 0.680000
339 0.178195 0.930000 0.690000
340 0.192018 0.924444 0.670000
341 0.190081 0.927778 0.670000
342 0.185941 0.934444 0.680000
343 0.179489 0.931111 0.680000
344 0.184006 0.928889 0.680000
345 0.189426 0.934444 0.680000
346 0.192482 0.934444 0.700000
347 0.182949 0.930000 0.680000
348 0.183741 0.927778 0.680000
349 0.180043 0.932222 0.680000
350 0.190061 0.928889 0.700000
