1 147.998621 0.561111 0.575000
2 64.530837 0.686111 0.695000
3 21.402876 0.728333 0.740000
4 7.567094 0.685000 0.685000
5 11.820045 0.702778 0.725000
6 11.993825 0.680556 0.670000
7 10.776695 0.730556 0.715000
8 5.721016 0.715000 0.725000
9 4.545332 0.572222 0.590000
10 3.758526 0.744444 0.735000
11 3.037339 0.578889 0.585000
12 2.596623 0.671111 0.690000
13 3.121413 0.750000 0.740000
14 3.037259 0.748889 0.775000
15 1.585403 0.721667 0.720000
16 4.870157 0.719444 0.715000
17 1.805754 0.705000 0.705000
18 1.540498 0.714444 0.720000
19 2.592273 0.623889 0.630000
20 2.349816 0.746667 0.740000
21 1.314454 0.633333 0.640000
22 1.064110 0.748333 0.780000
23 1.244746 0.739444 0.715000
24 1.016804 0.753889 0.735000
25 2.603680 0.775556 0.790000
26 5.029405 0.721111 0.735000
27 0.815141 0.769444 0.790000
28 0.983716 0.740556 0.760000
29 0.838317 0.551667 0.585000
30 0.967709 0.733333 0.720000
31 0.887787 0.743333 0.740000
32 1.435174 0.766111 0.770000
33 0.853991 0.725556 0.715000
34 1.105345 0.727222 0.720000
35 0.816957 0.751111 0.735000
36 0.875339 0.770000 0.790000
37 0.883242 0.750556 0.740000
38 3.777224 0.733889 0.715000
39 1.308137 0.771667 0.785000
40 1.169018 0.757778 0.730000
41 0.972290 0.771111 0.760000
42 0.724093 0.768889 0.770000
43 0.721915 0.723333 0.725000
44 0.673839 0.752222 0.745000
45 0.890658 0.778333 0.785000
46 1.003615 0.766667 0.775000
47 1.006813 0.755000 0.770000
48 0.827513 0.762222 0.730000
49 1.020820 0.760000 0.760000
50 0.690649 0.771111 0.790000
51 0.666909 0.770556 0.770000
52 0.685889 0.550556 0.555000
53 0.726425 0.716667 0.715000
54 0.686234 0.717222 0.745000
55 0.627859 0.723889 0.725000
56 0.578473 0.771111 0.780000
57 0.645423 0.693889 0.695000
58 0.944963 0.588333 0.600000
59 0.701126 0.767222 0.780000
60 0.600985 0.763889 0.740000
61 0.594129 0.742222 0.715000
62 0.643082 0.778889 0.785000
63 0.594508 0.772778 0.775000
64 0.746719 0.736111 0.730000
65 0.724072 0.777222 0.790000
66 0.619029 0.751111 0.725000
67 0.614093 0.753333 0.735000
68 0.633616 0.785000 0.780000
69 0.624071 0.584444 0.580000
70 0.700086 0.671667 0.715000
71 0.792613 0.781667 0.785000
72 0.651998 0.772778 0.775000
73 0.674756 0.792778 0.790000
74 0.872366 0.777778 0.790000
75 0.655268 0.781111 0.765000
76 0.683968 0.766111 0.745000
77 0.660654 0.775000 0.780000
78 0.592262 0.751111 0.720000
79 0.699499 0.739444 0.725000
80 0.701528 0.746667 0.720000
81 0.609885 0.764444 0.765000
82 0.547488 0.781111 0.780000
83 0.704025 0.738889 0.730000
84 0.762603 0.765000 0.730000
85 0.673547 0.760556 0.720000
86 0.596671 0.775000 0.760000
87 0.594966 0.796667 0.785000
88 0.662878 0.800000 0.795000
89 0.623147 0.708889 0.755000
90 0.569845 0.775556 0.765000
91 0.697988 0.796667 0.800000
92 0.728299 0.747778 0.725000
93 0.648927 0.752778 0.725000
94 0.674265 0.783333 0.760000
95 0.566809 0.791667 0.775000
96 0.673566 0.775556 0.760000
97 0.646158 0.737778 0.730000
98 0.674684 0.779444 0.790000
99 0.634265 0.786111 0.790000
100 0.544613 0.802222 0.790000
101 0.541695 0.758889 0.760000
102 0.570740 0.768889 0.770000
103 0.520080 0.765556 0.755000
104 0.547384 0.794444 0.775000
105 0.616473 0.767222 0.745000
106 0.598081 0.782778 0.775000
107 0.550543 0.795000 0.775000
108 0.530887 0.778889 0.775000
109 0.564325 0.748889 0.730000
110 0.518003 0.796111 0.770000
111 0.547449 0.760556 0.760000
112 0.548292 0.806111 0.780000
113 0.535622 0.805556 0.790000
114 0.569461 0.751667 0.740000
115 0.516958 0.808333 0.785000
116 0.592925 0.732778 0.725000
117 0.538990 0.762778 0.755000
118 0.563248 0.739444 0.730000
119 0.533988 0.793333 0.800000
120 0.516985 0.800000 0.785000
121 0.556718 0.808333 0.790000
122 0.515655 0.683889 0.730000
123 0.544884 0.789444 0.775000
124 0.577274 0.780556 0.760000
125 0.544724 0.786111 0.810000
126 0.537288 0.790556 0.775000
127 0.558128 0.764444 0.760000
128 0.557011 0.752778 0.745000
129 0.552512 0.784444 0.765000
130 0.596391 0.796111 0.795000
131 0.601260 0.762222 0.755000
132 0.557622 0.806111 0.770000
133 0.512323 0.768333 0.765000
134 0.543281 0.755000 0.745000
135 0.520641 0.791667 0.770000
136 0.568683 0.769444 0.765000
137 0.606256 0.752778 0.735000
138 0.584745 0.799444 0.775000
139 0.524689 0.768333 0.765000
140 0.600508 0.763333 0.755000
141 0.554188 0.810000 0.805000
142 0.510149 0.789444 0.780000
143 0.511546 0.812222 0.780000
144 0.535906 0.800000 0.790000
145 0.577889 0.803333 0.775000
146 0.580414 0.803333 0.785000
147 0.535551 0.808333 0.775000
148 0.559577 0.711667 0.720000
149 0.557404 0.739444 0.725000
150 0.496617 0.766111 0.755000
151 0.504812 0.772778 0.760000
152 0.515089 0.803333 0.775000
153 0.496142 0.750556 0.740000
154 0.507545 0.773889 0.760000
155 0.502662 0.750556 0.740000
156 0.505760 0.813889 0.790000
157 0.500326 0.803889 0.790000
158 0.485196 0.800556 0.775000
159 0.520957 0.811667 0.790000
160 0.501456 0.753333 0.745000
161 0.495569 0.807778 0.820000
162 0.523518 0.800000 0.780000
163 0.486250 0.809444 0.770000
164 0.524655 0.794444 0.765000
165 0.490972 0.752222 0.730000
166 0.520234 0.752222 0.745000
167 0.527517 0.800000 0.780000
168 0.492035 0.804444 0.780000
169 0.503761 0.820000 0.785000
170 0.494736 0.817778 0.795000
171 0.501195 0.776111 0.765000
172 0.489656 0.811667 0.785000
173 0.507623 0.763889 0.775000
174 0.489982 0.808889 0.790000
175 0.498449 0.753333 0.735000
176 0.502966 0.792778 0.760000
177 0.501183 0.738333 0.725000
178 0.531732 0.814444 0.790000
179 0.500975 0.780000 0.765000
180 0.492907 0.809444 0.790000
181 0.522420 0.744444 0.720000
182 0.539183 0.787222 0.765000
183 0.514662 0.811111 0.815000
184 0.511895 0.750556 0.740000
185 0.503833 0.801111 0.775000
186 0.496434 0.770000 0.830000
187 0.523228 0.761667 0.745000
188 0.508502 0.747222 0.740000
189 0.495255 0.807222 0.780000
190 0.487727 0.760000 0.740000
191 0.504290 0.820000 0.835000
192 0.504889 0.753889 0.740000
193 0.506312 0.795556 0.825000
194 0.505560 0.788889 0.810000
195 0.503351 0.788889 0.770000
196 0.489507 0.807778 0.775000
197 0.493082 0.743889 0.725000
198 0.521297 0.738889 0.740000
199 0.518706 0.747778 0.735000
200 0.488372 0.815000 0.780000
201 0.487616 0.809444 0.800000
202 0.511658 0.823333 0.815000
203 0.488658 0.750000 0.740000
204 0.481276 0.791667 0.770000
205 0.479269 0.806111 0.785000
206 0.487613 0.808333 0.785000
207 0.482689 0.807778 0.795000
208 0.483461 0.780000 0.780000
209 0.485440 0.786111 0.765000
210 0.475444 0.748889 0.735000
211 0.484959 0.782778 0.760000
212 0.477818 0.767222 0.770000
213 0.506344 0.742778 0.740000
214 0.482527 0.807222 0.785000
215 0.512079 0.800556 0.780000
216 0.491534 0.802778 0.785000
217 0.495081 0.795000 0.780000
218 0.474952 0.825000 0.840000
219 0.496322 0.797222 0.775000
220 0.482335 0.761111 0.750000
221 0.490125 0.800556 0.825000
222 0.484915 0.817222 0.780000
223 0.491321 0.791667 0.780000
224 0.481821 0.778333 0.770000
225 0.494421 0.761111 0.750000
226 0.505289 0.816667 0.790000
227 0.489358 0.765000 0.760000
228 0.494456 0.772222 0.770000
229 0.490164 0.787222 0.770000
230 0.463359 0.798889 0.775000
231 0.497660 0.778889 0.775000
232 0.489289 0.753889 0.740000
233 0.536790 0.803889 0.785000
234 0.497167 0.820000 0.810000
235 0.487394 0.788889 0.765000
236 0.499667 0.820000 0.805000
237 0.487730 0.816111 0.800000
238 0.494165 0.783333 0.765000
239 0.475150 0.813333 0.805000
240 0.484271 0.754444 0.735000
241 0.482052 0.811111 0.800000
242 0.492265 0.791667 0.780000
243 0.482324 0.803889 0.780000
244 0.482105 0.788333 0.765000
245 0.468158 0.818333 0.800000
246 0.485741 0.779444 0.775000
247 0.495420 0.765000 0.765000
248 0.497456 0.773333 0.760000
249 0.493786 0.791667 0.765000
250 0.470275 0.785556 0.760000
251 0.471532 0.810556 0.785000
252 0.495234 0.802778 0.780000
253 0.474629 0.808333 0.790000
254 0.483099 0.814444 0.800000
255 0.486967 0.783333 0.765000
256 0.467500 0.803333 0.790000
257 0.489974 0.821111 0.805000
258 0.472632 0.781111 0.760000
259 0.470782 0.806111 0.790000
260 0.487889 0.793333 0.780000
261 0.486335 0.795000 0.780000
262 0.473051 0.820556 0.800000
263 0.473037 0.775556 0.760000
264 0.469167 0.765556 0.750000
265 0.468298 0.790000 0.785000
266 0.492514 0.801111 0.785000
267 0.472711 0.810000 0.790000
268 0.488364 0.783889 0.765000
269 0.483268 0.782222 0.775000
270 0.475604 0.825556 0.800000
271 0.463777 0.809444 0.830000
272 0.472647 0.769444 0.750000
273 0.477161 0.783333 0.755000
274 0.476608 0.765556 0.735000
275 0.480908 0.780000 0.760000
276 0.466416 0.798333 0.780000
277 0.479659 0.802778 0.785000
278 0.486867 0.788889 0.765000
279 0.473310 0.787222 0.755000
280 0.466981 0.787778 0.780000
281 0.488547 0.787222 0.760000
282 0.472205 0.753889 0.730000
283 0.484398 0.821667 0.800000
284 0.469682 0.811667 0.795000
285 0.470427 0.756111 0.735000
286 0.468495 0.801111 0.780000
287 0.489747 0.811111 0.790000
288 0.468143 0.797778 0.775000
289 0.463278 0.806667 0.795000
290 0.473754 0.797778 0.770000
291 0.467352 0.770000 0.725000
292 0.468548 0.776667 0.740000
293 0.478363 0.816111 0.810000
294 0.480550 0.810556 0.780000
295 0.474154 0.797222 0.770000
296 0.487069 0.795556 0.775000
297 0.454972 0.770000 0.740000
298 0.463385 0.812222 0.790000
299 0.466587 0.818889 0.795000
300 0.473437 0.798333 0.770000
301 0.459387 0.766111 0.725000
302 0.474511 0.779444 0.740000
303 0.464380 0.801667 0.785000
304 0.457264 0.807222 0.780000
305 0.461186 0.809444 0.795000
306 0.454849 0.796667 0.780000
307 0.455189 0.788889 0.765000
308 0.466450 0.820000 0.805000
309 0.470688 0.807778 0.790000
310 0.476797 0.796667 0.775000
311 0.465688 0.818889 0.790000
312 0.462604 0.797222 0.775000
313 0.460317 0.802222 0.780000
314 0.459390 0.805000 0.780000
315 0.463810 0.820556 0.800000
316 0.460863 0.805556 0.780000
317 0.457529 0.817222 0.805000
318 0.463007 0.804444 0.785000
319 0.454823 0.805000 0.790000
320 0.455022 0.790000 0.760000
321 0.465229 0.777222 0.750000
322 0.456831 0.800000 0.780000
323 0.454291 0.795000 0.775000
324 0.478028 0.820556 0.815000
325 0.462029 0.804444 0.780000
326 0.457192 0.803333 0.780000
327 0.459485 0.819444 0.810000
328 0.464072 0.813889 0.785000
329 0.453003 0.818333 0.795000
330 0.450912 0.795000 0.765000
331 0.462428 0.807222 0.785000
332 0.452543 0.780000 0.745000
333 0.467925 0.822222 0.800000
334 0.451595 0.809444 0.790000
335 0.450396 0.806667 0.790000
336 0.466721 0.812222 0.785000
337 0.463532 0.810556 0.785000
338 0.461840 0.827222 0.820000
339 0.472636 0.825556 0.815000
340 0.452919 0.790556 0.765000
341 0.463730 0.822778 0.800000
342 0.452644 0.803889 0.790000
343 0.472085 0.784444 0.735000
344 0.469857 0.809444 0.785000
345 0.446134 0.822222 0.810000
346 0.455232 0.826111 0.795000
347 0.456238 0.801111 0.770000
348 0.465165 0.808889 0.785000
349 0.451088 0.797778 0.785000
350 0.457874 0.808333 0.785000
