1 1.054403 0.869822 0.894737
2 0.330417 0.928994 0.894737
3 0.164969 0.946746 0.894737
4 0.159237 0.952663 0.842105
5 0.188177 0.893491 0.894737
6 0.158139 0.994083 0.894737
7 0.066020 0.994083 0.894737
8 0.069976 0.982249 0.894737
9 0.049389 0.994083 0.842105
10 0.037263 1.000000 0.894737
11 0.029595 1.000000 0.894737
12 0.036132 0.994083 0.894737
13 0.034127 1.000000 0.842105
14 0.034221 0.964497 1.000000
15 0.050153 1.000000 0.842105
16 0.076225 0.970414 0.894737
17 0.339678 0.940828 0.842105
18 0.164696 0.976331 0.842105
19 0.069123 1.000000 0.894737
20 0.047870 1.000000 0.842105
21 0.047055 1.000000 0.894737
22 0.028949 0.988166 0.894737
23 0.033017 1.000000 0.894737
24 0.019174 1.000000 0.894737
25 0.021563 1.000000 0.894737
26 0.019720 1.000000 0.894737
27 0.019730 1.000000 0.894737
28 0.016948 1.000000 0.894737
29 0.016428 1.000000 0.894737
30 0.017320 1.000000 0.894737
31 0.014508 1.000000 0.894737
32 0.036615 1.000000 0.894737
33 0.229923 0.857988 0.789474
34 0.065446 1.000000 0.842105
35 0.027064 1.000000 0.842105
36 0.028087 0.994083 0.842105
37 0.020091 1.000000 0.842105
38 0.021995 1.000000 0.789474
39 0.034035 1.000000 0.789474
40 0.062852 0.976331 0.789474
41 0.041151 1.000000 0.842105
42 0.019756 1.000000 0.789474
43 0.014996 1.000000 0.842105
44 0.022462 1.000000 0.842105
45 0.021814 1.000000 0.842105
46 0.060307 0.982249 0.789474
47 0.066039 0.952663 0.789474
48 0.028785 0.970414 0.736842
49 0.022444 1.000000 0.842105
50 0.015994 1.000000 0.789474
51 0.013660 1.000000 0.789474
52 0.012314 1.000000 0.789474
53 0.013558 1.000000 0.789474
54 0.014805 1.000000 0.789474
55 0.016770 1.000000 0.789474
56 0.016200 1.000000 0.789474
57 0.011672 1.000000 0.789474
58 0.015211 1.000000 0.789474
59 0.013371 1.000000 0.789474
60 0.010198 1.000000 0.789474
61 0.011592 1.000000 0.789474
62 0.012792 1.000000 0.789474
63 0.014156 1.000000 0.789474
64 0.012246 1.000000 0.789474
65 0.012987 1.000000 0.789474
66 0.011858 1.000000 0.789474
67 0.014734 1.000000 0.789474
68 0.016985 1.000000 0.789474
69 0.014388 1.000000 0.789474
70 0.013234 1.000000 0.789474
