1 6.612284 0.700444 0.682000
2 1.423595 0.737111 0.736000
3 1.049266 0.767333 0.720000
4 1.361664 0.692000 0.666000
5 1.208759 0.725556 0.716000
6 1.028095 0.761778 0.742000
7 0.795503 0.753333 0.740000
8 0.721798 0.735333 0.702000
9 0.782018 0.746889 0.720000
10 0.845173 0.751556 0.736000
11 0.653572 0.762444 0.736000
12 0.625473 0.765111 0.728000
13 0.626716 0.775333 0.744000
14 0.572686 0.786222 0.758000
15 0.608388 0.774000 0.750000
16 0.586920 0.784667 0.740000
17 0.573272 0.747333 0.718000
18 0.578846 0.772000 0.698000
19 0.559704 0.771778 0.738000
20 0.560938 0.795333 0.778000
21 0.525246 0.792222 0.770000
22 0.572259 0.786889 0.764000
23 0.559366 0.783556 0.756000
24 0.537065 0.778000 0.794000
25 0.559983 0.804667 0.770000
26 0.556724 0.802667 0.784000
27 0.570410 0.794000 0.794000
28 0.555619 0.789778 0.796000
29 0.522784 0.785556 0.742000
30 0.506765 0.793111 0.728000
