1 357.602128 0.277395 0.284000
2 144.524709 0.366081 0.398000
3 51.863211 0.413647 0.444000
4 35.818028 0.437875 0.468000
5 28.417839 0.423650 0.422000
6 33.781077 0.399200 0.382000
7 23.347163 0.440765 0.458000
8 22.989678 0.412092 0.424000
9 17.908490 0.480774 0.488000
10 15.555692 0.382974 0.376000
11 10.761812 0.458102 0.466000
12 15.089046 0.396977 0.396000
13 6.679160 0.514114 0.512000
14 8.092527 0.457213 0.442000
15 8.339987 0.411202 0.426000
16 7.170631 0.492109 0.480000
17 6.414393 0.482329 0.498000
18 4.914826 0.376750 0.362000
19 4.815637 0.472549 0.458000
20 3.560107 0.492332 0.496000
21 3.230366 0.474994 0.496000
22 3.807867 0.441654 0.474000
23 3.413439 0.478773 0.504000
24 3.634193 0.438320 0.436000
25 2.866690 0.331629 0.332000
26 2.954934 0.411647 0.392000
27 2.595670 0.513447 0.510000
28 2.766090 0.453656 0.458000
29 2.782057 0.396310 0.398000
30 2.034166 0.512114 0.522000
31 2.127676 0.444099 0.462000
32 2.595075 0.424761 0.428000
33 2.415941 0.356079 0.364000
34 2.197629 0.488998 0.472000
35 1.970444 0.333630 0.350000
36 1.958043 0.382307 0.398000
37 2.507223 0.386308 0.390000
38 2.318560 0.473439 0.476000
39 1.833668 0.499889 0.486000
40 2.131231 0.489220 0.494000
41 2.096665 0.373639 0.364000
42 2.313466 0.414981 0.408000
43 2.749709 0.384308 0.378000
44 2.070372 0.483218 0.500000
45 1.989513 0.425872 0.414000
46 2.054882 0.480774 0.482000
47 1.766647 0.407202 0.400000
48 1.794518 0.388309 0.390000
49 1.946508 0.241609 0.238000
50 1.618147 0.488775 0.480000
51 1.456838 0.488998 0.488000
52 1.483411 0.498333 0.480000
53 1.516741 0.456768 0.464000
54 1.496423 0.526784 0.508000
55 1.578186 0.423872 0.420000
56 1.583387 0.518115 0.486000
57 1.520702 0.450989 0.476000
58 1.509890 0.489220 0.456000
59 1.576271 0.444099 0.422000
60 1.595457 0.499222 0.484000
61 1.522971 0.525228 0.488000
62 1.620337 0.409424 0.396000
63 1.525540 0.508557 0.506000
64 1.593837 0.497888 0.470000
65 1.629607 0.456546 0.448000
66 1.527153 0.502112 0.482000
67 1.457681 0.438764 0.424000
68 1.497186 0.492554 0.482000
69 1.605798 0.455657 0.452000
70 1.689033 0.506335 0.492000
