1 1.604923 0.662222 0.620000
2 0.716266 0.756667 0.740000
3 0.668645 0.656667 0.710000
4 0.606238 0.777778 0.720000
5 0.512872 0.747778 0.700000
6 0.462102 0.800000 0.710000
7 0.458423 0.798889 0.750000
8 0.461961 0.798889 0.790000
9 0.444434 0.808889 0.750000
10 0.427549 0.813333 0.700000
11 0.423758 0.816667 0.750000
12 0.420753 0.783333 0.750000
13 0.423740 0.807778 0.750000
14 0.400749 0.847778 0.790000
15 0.405552 0.823333 0.740000
16 0.398908 0.822222 0.730000
17 0.370343 0.844444 0.760000
18 0.379589 0.835556 0.770000
19 0.372023 0.864444 0.770000
20 0.345528 0.867778 0.790000
21 0.366102 0.821111 0.710000
22 0.379591 0.832222 0.720000
23 0.368935 0.853333 0.770000
24 0.336275 0.852222 0.820000
25 0.354681 0.860000 0.780000
26 0.361852 0.848889 0.730000
27 0.345999 0.858889 0.740000
28 0.371745 0.860000 0.760000
29 0.348749 0.877778 0.770000
30 0.343440 0.845556 0.780000
31 0.303768 0.883333 0.770000
32 0.310050 0.868889 0.750000
33 0.326565 0.878889 0.730000
34 0.300787 0.853333 0.790000
35 0.810524 0.816667 0.740000
36 0.411266 0.828889 0.800000
37 0.377976 0.833333 0.790000
38 0.341044 0.865556 0.750000
39 0.338206 0.867778 0.780000
40 0.333664 0.860000 0.740000
41 0.301462 0.875556 0.760000
42 0.286094 0.886667 0.770000
43 0.296153 0.876667 0.760000
44 0.286950 0.877778 0.770000
45 0.270300 0.887778 0.760000
46 0.289492 0.891111 0.740000
47 0.271761 0.896667 0.770000
48 0.263123 0.896667 0.750000
49 0.297566 0.842222 0.750000
50 0.273065 0.901111 0.760000
51 0.237345 0.895556 0.750000
52 0.234836 0.907778 0.790000
53 0.224932 0.912222 0.730000
54 0.221423 0.901111 0.780000
55 0.218744 0.906667 0.780000
56 0.237632 0.910000 0.740000
57 0.229229 0.918889 0.740000
58 0.217650 0.904444 0.730000
59 0.217906 0.912222 0.770000
60 0.221682 0.912222 0.750000
61 0.224394 0.921111 0.780000
62 0.226949 0.916667 0.790000
63 0.222355 0.916667 0.770000
64 0.206169 0.920000 0.800000
65 0.206362 0.921111 0.770000
66 0.222417 0.902222 0.740000
67 0.241011 0.908889 0.740000
68 0.216161 0.901111 0.730000
69 0.226267 0.922222 0.730000
70 0.204734 0.923333 0.720000
71 0.212139 0.927778 0.750000
72 0.199229 0.920000 0.750000
73 0.207918 0.924444 0.740000
74 0.187109 0.925556 0.780000
75 0.205100 0.921111 0.750000
76 0.196065 0.922222 0.720000
77 0.201405 0.925556 0.730000
78 0.187391 0.930000 0.790000
79 0.207620 0.922222 0.750000
80 0.176205 0.933333 0.770000
81 0.193207 0.924444 0.740000
82 0.188069 0.922222 0.750000
83 0.215608 0.918889 0.760000
84 0.237489 0.922222 0.730000
85 0.194981 0.928889 0.710000
86 0.173437 0.928889 0.770000
87 0.167173 0.926667 0.740000
88 0.203486 0.924444 0.730000
89 0.182594 0.931111 0.750000
90 0.186910 0.934444 0.760000
91 0.196790 0.915556 0.710000
92 0.201051 0.926667 0.730000
93 0.185811 0.927778 0.720000
94 0.176224 0.934444 0.740000
95 0.169361 0.934444 0.730000
96 0.193619 0.934444 0.750000
97 0.181310 0.928889 0.720000
98 0.177545 0.935556 0.740000
99 0.211408 0.920000 0.730000
100 0.188059 0.931111 0.770000
101 0.162907 0.924444 0.740000
102 0.166559 0.923333 0.810000
103 0.166117 0.935556 0.800000
104 0.166494 0.935556 0.750000
105 0.159752 0.937778 0.770000
106 0.163053 0.933333 0.780000
107 0.155241 0.934444 0.740000
108 0.156720 0.937778 0.740000
109 0.156909 0.935556 0.770000
110 0.145659 0.937778 0.770000
111 0.153678 0.928889 0.780000
112 0.154093 0.936667 0.740000
113 0.149752 0.935556 0.750000
114 0.145234 0.941111 0.750000
115 0.152398 0.931111 0.740000
116 0.198172 0.915556 0.760000
117 0.162620 0.937778 0.730000
118 0.136113 0.941111 0.750000
119 0.160123 0.942222 0.750000
120 0.150196 0.941111 0.750000
121 0.146827 0.940000 0.760000
122 0.156618 0.938889 0.750000
123 0.158799 0.943333 0.770000
124 0.144728 0.943333 0.740000
125 0.149434 0.944444 0.750000
126 0.156629 0.935556 0.750000
127 0.149668 0.944444 0.740000
128 0.145582 0.936667 0.760000
129 0.153097 0.940000 0.740000
130 0.149446 0.941111 0.770000
131 0.142171 0.937778 0.780000
132 0.146342 0.937778 0.730000
133 0.149658 0.936667 0.740000
134 0.157194 0.941111 0.730000
135 0.143821 0.942222 0.770000
136 0.152206 0.940000 0.780000
137 0.149332 0.940000 0.770000
138 0.144733 0.943333 0.750000
139 0.150042 0.935556 0.740000
140 0.166474 0.938889 0.730000
141 0.145107 0.943333 0.730000
142 0.127285 0.942222 0.780000
143 0.143792 0.941111 0.760000
144 0.140631 0.945556 0.760000
145 0.147800 0.941111 0.770000
146 0.142930 0.942222 0.770000
147 0.144752 0.934444 0.770000
148 0.148376 0.943333 0.750000
149 0.141683 0.944444 0.780000
150 0.133059 0.944444 0.750000
151 0.128783 0.942222 0.750000
152 2.224799 0.936667 0.730000
153 0.139760 0.943333 0.740000
154 0.129074 0.946667 0.740000
155 0.129605 0.944444 0.760000
156 0.135731 0.946667 0.750000
157 0.127419 0.943333 0.760000
158 0.125004 0.946667 0.740000
159 0.124476 0.944444 0.750000
160 0.125392 0.945556 0.750000
161 0.135738 0.943333 0.780000
162 0.135763 0.943333 0.750000
163 0.131793 0.946667 0.760000
164 0.122664 0.947778 0.770000
165 0.122777 0.942222 0.760000
166 0.123144 0.945556 0.760000
167 0.127815 0.946667 0.770000
168 0.127595 0.947778 0.760000
169 0.133220 0.944444 0.740000
170 0.139177 0.944444 0.770000
171 0.129163 0.946667 0.760000
172 0.116974 0.945556 0.740000
173 0.130409 0.948889 0.760000
174 0.118949 0.944444 0.780000
175 0.124123 0.945556 0.750000
176 0.123826 0.946667 0.760000
177 0.121570 0.945556 0.740000
178 0.118276 0.948889 0.760000
179 0.122820 0.946667 0.790000
180 0.118166 0.945556 0.780000
181 0.118779 0.950000 0.750000
182 0.131844 0.945556 0.780000
183 1.114985 0.947778 0.750000
184 0.155357 0.944444 0.750000
185 0.133592 0.947778 0.740000
186 0.127179 0.947778 0.750000
187 0.127648 0.946667 0.770000
188 0.119309 0.948889 0.750000
189 0.131333 0.946667 0.780000
190 0.117705 0.945556 0.760000
191 0.119933 0.946667 0.780000
192 0.119394 0.943333 0.780000
193 0.125228 0.945556 0.760000
194 0.122101 0.944444 0.750000
195 0.125544 0.946667 0.770000
196 0.139523 0.946667 0.760000
197 0.126407 0.944444 0.760000
198 0.123650 0.945556 0.750000
199 0.120933 0.947778 0.780000
200 0.119309 0.943333 0.750000
201 0.123170 0.950000 0.750000
202 0.120447 0.948889 0.770000
203 0.114478 0.948889 0.770000
204 0.116787 0.948889 0.770000
205 0.109363 0.947778 0.760000
206 0.115376 0.948889 0.760000
207 0.110333 0.947778 0.780000
208 0.119316 0.948889 0.760000
209 0.117192 0.950000 0.770000
210 0.123375 0.947778 0.770000
211 0.718017 0.948889 0.750000
212 0.114417 0.947778 0.750000
213 0.128226 0.946667 0.770000
214 0.119043 0.948889 0.780000
215 0.117655 0.948889 0.770000
216 0.116271 0.947778 0.770000
217 0.118634 0.947778 0.760000
218 0.113648 0.948889 0.760000
219 0.121028 0.948889 0.760000
220 0.110004 0.950000 0.760000
221 0.117423 0.950000 0.750000
222 0.112522 0.947778 0.760000
223 0.118107 0.948889 0.760000
224 0.111200 0.948889 0.760000
225 0.588464 0.948889 0.750000
226 0.129241 0.948889 0.770000
227 0.116536 0.948889 0.760000
228 0.114186 0.946667 0.770000
229 0.110607 0.945556 0.750000
230 0.115952 0.948889 0.760000
231 0.111638 0.947778 0.750000
232 0.120300 0.945556 0.750000
233 0.107229 0.948889 0.760000
234 0.109489 0.950000 0.750000
235 0.106286 0.947778 0.780000
236 0.118342 0.946667 0.750000
237 0.121299 0.948889 0.770000
238 0.110788 0.946667 0.760000
239 0.123388 0.948889 0.760000
240 0.122926 0.948889 0.780000
241 0.119284 0.950000 0.780000
242 0.112562 0.950000 0.770000
243 0.124505 0.948889 0.770000
244 0.113901 0.945556 0.760000
245 0.110560 0.950000 0.740000
246 0.116362 0.948889 0.760000
247 0.118408 0.948889 0.770000
248 0.117523 0.950000 0.780000
249 0.114771 0.950000 0.780000
250 0.123985 0.950000 0.780000
251 0.113071 0.947778 0.760000
252 0.113506 0.947778 0.780000
253 0.107724 0.951111 0.770000
254 0.109741 0.948889 0.770000
255 0.109636 0.950000 0.780000
256 0.106818 0.950000 0.770000
257 0.105855 0.947778 0.780000
258 0.111830 0.947778 0.770000
259 0.109958 0.947778 0.770000
260 0.108508 0.951111 0.770000
261 0.111225 0.950000 0.770000
262 0.114527 0.950000 0.770000
263 0.102279 0.951111 0.780000
264 0.113811 0.952222 0.770000
265 0.108768 0.948889 0.770000
266 0.112420 0.948889 0.780000
267 0.117080 0.950000 0.770000
268 0.113832 0.948889 0.770000
269 0.108124 0.946667 0.780000
270 0.109075 0.948889 0.780000
271 0.116712 0.950000 0.770000
272 0.109499 0.948889 0.750000
273 0.106708 0.948889 0.770000
274 0.115539 0.950000 0.780000
275 0.106924 0.948889 0.770000
276 0.109139 0.948889 0.760000
277 0.113803 0.951111 0.770000
278 0.112118 0.948889 0.770000
279 0.116036 0.950000 0.780000
280 0.107011 0.950000 0.770000
281 0.177978 0.951111 0.760000
282 0.111467 0.951111 0.760000
283 0.111154 0.951111 0.760000
284 0.115616 0.950000 0.770000
285 0.116216 0.950000 0.750000
286 0.122020 0.950000 0.770000
287 0.114614 0.948889 0.760000
288 0.108801 0.951111 0.770000
289 0.105032 0.950000 0.760000
290 0.110189 0.947778 0.770000
291 0.108788 0.948889 0.780000
292 0.107510 0.947778 0.780000
293 0.100784 0.948889 0.760000
294 0.109452 0.947778 0.780000
295 0.102430 0.948889 0.780000
296 0.111081 0.947778 0.780000
297 0.100949 0.948889 0.780000
298 0.107337 0.948889 0.770000
299 0.109099 0.948889 0.760000
300 0.114492 0.948889 0.780000
301 0.109810 0.948889 0.780000
302 0.115691 0.950000 0.790000
303 0.110059 0.948889 0.780000
304 0.107225 0.948889 0.770000
305 0.108300 0.948889 0.770000
306 0.102711 0.950000 0.780000
307 0.099508 0.950000 0.780000
308 0.105072 0.950000 0.770000
309 0.110384 0.950000 0.780000
310 0.107179 0.950000 0.780000
311 0.103033 0.947778 0.770000
312 0.100698 0.950000 0.780000
313 0.110411 0.950000 0.760000
314 0.102443 0.950000 0.780000
315 0.105344 0.951111 0.770000
316 0.108334 0.950000 0.790000
317 0.104330 0.950000 0.770000
318 0.112809 0.948889 0.770000
319 0.098328 0.948889 0.770000
320 0.105437 0.950000 0.780000
321 0.108250 0.948889 0.760000
322 0.104169 0.951111 0.770000
323 0.106951 0.951111 0.770000
324 0.107159 0.951111 0.770000
325 0.111318 0.950000 0.760000
326 0.108915 0.950000 0.780000
327 0.108648 0.952222 0.780000
328 0.105069 0.951111 0.770000
329 0.108503 0.951111 0.770000
330 0.103055 0.951111 0.760000
331 0.111678 0.950000 0.770000
332 0.108092 0.950000 0.760000
333 0.107571 0.952222 0.780000
334 0.102955 0.951111 0.770000
335 0.101960 0.951111 0.780000
336 0.109175 0.951111 0.780000
337 0.110833 0.951111 0.760000
338 0.113079 0.951111 0.770000
339 0.106134 0.951111 0.760000
340 0.112187 0.950000 0.750000
341 0.107674 0.950000 0.760000
342 0.117790 0.950000 0.770000
343 0.109540 0.948889 0.770000
344 0.118837 0.951111 0.770000
345 0.105947 0.951111 0.760000
346 0.113401 0.950000 0.770000
347 0.108246 0.951111 0.760000
348 0.108989 0.950000 0.770000
349 0.112325 0.948889 0.780000
350 0.104052 0.951111 0.770000
