1 1.138069 0.887574 0.842105
2 0.378966 0.887574 0.789474
3 0.269462 0.923077 0.894737
4 0.238333 0.911243 0.789474
5 0.226768 0.846154 0.736842
6 0.200034 0.911243 0.842105
7 0.191791 0.893491 0.947368
8 0.180078 0.946746 0.947368
9 0.126357 0.928994 0.736842
10 0.128858 0.964497 0.894737
11 0.091159 0.964497 0.947368
12 0.065329 0.988166 0.894737
13 0.109044 0.976331 0.894737
14 0.065152 0.988166 0.842105
15 0.093737 0.952663 0.789474
16 0.054524 0.964497 0.842105
17 0.042962 1.000000 0.842105
18 0.033523 1.000000 0.789474
19 0.036378 0.994083 0.789474
20 0.054843 0.964497 0.789474
21 0.093357 0.905325 0.842105
22 0.157534 0.905325 0.842105
23 0.106133 0.988166 0.842105
24 0.036288 1.000000 0.842105
25 0.035114 0.994083 0.842105
26 0.027164 1.000000 0.842105
27 0.024871 1.000000 0.842105
28 0.019393 1.000000 0.842105
29 0.035731 1.000000 0.842105
30 0.023631 1.000000 0.789474
31 0.032838 0.958580 0.789474
32 0.026595 1.000000 0.789474
33 0.024530 0.988166 0.842105
34 0.046892 0.887574 0.736842
35 0.112119 0.911243 0.842105
36 0.050797 0.946746 0.842105
37 0.023096 1.000000 0.842105
38 0.024138 0.988166 0.842105
39 0.038869 0.940828 0.789474
40 0.071823 0.940828 0.842105
41 0.043465 1.000000 0.789474
42 0.033336 1.000000 0.842105
43 0.028206 0.976331 0.789474
44 0.021096 0.988166 0.789474
45 0.024266 1.000000 0.789474
46 0.019329 1.000000 0.789474
47 0.015294 1.000000 0.789474
48 0.021975 1.000000 0.789474
49 0.040232 0.982249 0.789474
50 0.025729 1.000000 0.736842
51 0.017407 1.000000 0.789474
52 0.019688 1.000000 0.789474
53 0.019358 1.000000 0.789474
54 0.016784 1.000000 0.789474
55 0.016355 1.000000 0.789474
56 0.016917 1.000000 0.789474
57 0.019823 1.000000 0.789474
58 0.015909 1.000000 0.789474
59 0.013479 1.000000 0.789474
60 0.014276 1.000000 0.789474
61 0.015950 1.000000 0.789474
62 0.014439 1.000000 0.789474
63 0.019854 1.000000 0.789474
64 0.016450 1.000000 0.789474
65 0.016151 1.000000 0.736842
66 0.013333 1.000000 0.789474
67 0.013381 1.000000 0.789474
68 0.015982 1.000000 0.789474
69 0.013053 1.000000 0.789474
70 0.012470 1.000000 0.736842
