1 1.773351 0.744444 0.730000
2 0.749013 0.763333 0.730000
3 0.560417 0.778889 0.740000
4 0.477897 0.792222 0.730000
5 0.497693 0.763333 0.670000
6 0.507152 0.791111 0.710000
7 0.563713 0.750000 0.660000
8 0.469486 0.790000 0.710000
9 0.436745 0.807778 0.690000
10 0.384747 0.833333 0.710000
11 0.409447 0.820000 0.720000
12 0.429501 0.806667 0.690000
13 0.445797 0.817778 0.710000
14 0.389794 0.791111 0.700000
15 0.404059 0.828889 0.700000
16 0.488187 0.805556 0.690000
17 0.388178 0.857778 0.690000
18 0.367450 0.837778 0.720000
19 0.352995 0.855556 0.710000
20 0.358790 0.824444 0.680000
21 0.353459 0.856667 0.730000
22 0.333245 0.873333 0.720000
23 0.868939 0.656667 0.610000
24 0.529613 0.813333 0.720000
25 0.855060 0.763333 0.680000
26 0.420381 0.787778 0.680000
27 0.393109 0.838889 0.740000
28 0.382523 0.815556 0.690000
29 0.369613 0.858889 0.730000
30 0.344032 0.860000 0.690000
31 0.341859 0.858889 0.710000
32 1.174499 0.796667 0.660000
33 0.395209 0.838889 0.720000
34 0.349537 0.854444 0.710000
35 0.346675 0.861111 0.720000
36 0.324209 0.871111 0.690000
37 0.345801 0.866667 0.670000
38 0.322563 0.864444 0.670000
39 0.336683 0.872222 0.700000
40 0.319536 0.885556 0.690000
41 0.326304 0.883333 0.680000
42 0.297798 0.872222 0.700000
43 0.280692 0.883333 0.710000
44 0.303608 0.887778 0.670000
45 0.297676 0.885556 0.670000
46 0.301165 0.890000 0.660000
47 0.298274 0.877778 0.670000
48 0.275361 0.896667 0.670000
49 0.273523 0.871111 0.700000
50 0.260807 0.893333 0.670000
51 0.245512 0.895556 0.670000
52 0.250207 0.908889 0.700000
53 0.246867 0.905556 0.660000
54 0.246695 0.900000 0.660000
55 0.268264 0.904444 0.690000
56 0.245521 0.912222 0.690000
57 0.232519 0.910000 0.690000
58 0.237803 0.906667 0.650000
59 0.257540 0.906667 0.670000
60 0.251818 0.903333 0.660000
61 0.247923 0.902222 0.660000
62 0.248573 0.913333 0.680000
63 0.238582 0.901111 0.690000
64 0.229451 0.913333 0.650000
65 0.234152 0.908889 0.670000
66 0.223571 0.907778 0.670000
67 0.245901 0.905556 0.670000
68 0.227754 0.903333 0.670000
69 0.231239 0.910000 0.670000
70 0.215700 0.916667 0.620000
71 0.225711 0.908889 0.650000
72 0.214751 0.916667 0.650000
73 0.228173 0.913333 0.650000
74 0.228585 0.916667 0.630000
75 0.234004 0.912222 0.700000
76 0.226591 0.922222 0.650000
77 0.215666 0.906667 0.690000
78 0.215181 0.918889 0.700000
79 0.215152 0.915556 0.660000
80 0.202726 0.923333 0.680000
81 0.231103 0.916667 0.650000
82 0.205934 0.922222 0.690000
83 0.204307 0.920000 0.640000
84 0.210746 0.917778 0.640000
85 0.207306 0.918889 0.680000
86 0.219909 0.924444 0.630000
87 0.231222 0.910000 0.670000
88 0.205105 0.915556 0.700000
89 0.196396 0.920000 0.680000
90 0.200707 0.925556 0.700000
91 0.222758 0.913333 0.680000
92 0.235014 0.923333 0.670000
93 0.222538 0.918889 0.670000
94 0.211180 0.923333 0.680000
95 0.204921 0.916667 0.680000
96 0.195010 0.923333 0.670000
97 0.185359 0.921111 0.640000
98 0.207350 0.918889 0.660000
99 0.194686 0.923333 0.650000
100 0.188637 0.926667 0.660000
101 0.182266 0.935556 0.650000
102 0.176779 0.934444 0.670000
103 0.180577 0.932222 0.670000
104 0.176583 0.935556 0.660000
105 0.180216 0.928889 0.640000
106 0.167252 0.924444 0.670000
107 0.179611 0.932222 0.660000
108 0.171901 0.934444 0.640000
109 0.176849 0.933333 0.660000
110 0.161853 0.933333 0.670000
111 0.168170 0.930000 0.680000
112 0.166784 0.933333 0.680000
113 0.160476 0.935556 0.700000
114 0.157601 0.930000 0.680000
115 0.174423 0.930000 0.650000
116 0.186973 0.935556 0.680000
117 0.160006 0.932222 0.670000
118 0.165956 0.926667 0.690000
119 0.161565 0.927778 0.670000
120 0.161973 0.934444 0.650000
121 0.166159 0.932222 0.650000
122 0.160104 0.934444 0.690000
123 0.170518 0.940000 0.690000
124 0.162466 0.934444 0.670000
125 0.165828 0.930000 0.680000
126 0.160296 0.937778 0.690000
127 0.151940 0.937778 0.660000
128 0.154054 0.931111 0.710000
129 0.161705 0.932222 0.670000
130 0.166412 0.936667 0.660000
131 0.169871 0.934444 0.650000
132 0.166380 0.934444 0.650000
133 0.162586 0.932222 0.660000
134 0.188441 0.916667 0.700000
135 0.168839 0.942222 0.650000
136 0.157889 0.931111 0.660000
137 0.159689 0.937778 0.650000
138 0.152879 0.937778 0.650000
139 0.159748 0.936667 0.640000
140 0.165633 0.937778 0.650000
141 0.145392 0.935556 0.660000
142 0.154782 0.940000 0.670000
143 0.148718 0.936667 0.680000
144 0.158033 0.936667 0.680000
145 0.169287 0.933333 0.670000
146 0.161534 0.938889 0.710000
147 0.166975 0.941111 0.640000
148 0.160823 0.938889 0.640000
149 0.155628 0.937778 0.700000
150 0.148338 0.942222 0.660000
151 0.145250 0.940000 0.660000
152 0.151447 0.944444 0.680000
153 0.150005 0.941111 0.680000
154 0.136323 0.944444 0.640000
155 0.146373 0.942222 0.660000
156 0.148189 0.940000 0.660000
157 0.144853 0.945556 0.630000
158 0.135727 0.944444 0.640000
159 0.134852 0.951111 0.640000
160 0.143382 0.942222 0.650000
161 0.140824 0.943333 0.660000
162 0.137845 0.940000 0.680000
163 0.139267 0.942222 0.650000
164 0.137816 0.943333 0.660000
165 0.141937 0.943333 0.620000
166 0.134771 0.947778 0.650000
167 0.131287 0.948889 0.640000
168 0.137097 0.946667 0.630000
169 0.135196 0.948889 0.650000
170 0.139979 0.945556 0.650000
171 0.144094 0.944444 0.670000
172 0.142817 0.948889 0.650000
173 0.151730 0.942222 0.630000
174 0.128017 0.950000 0.650000
175 0.143984 0.950000 0.640000
176 0.144312 0.944444 0.660000
177 0.143446 0.944444 0.640000
178 0.138995 0.947778 0.710000
179 0.139014 0.946667 0.670000
180 0.150833 0.944444 0.640000
181 0.143540 0.940000 0.710000
182 0.138581 0.943333 0.670000
183 0.137599 0.947778 0.660000
184 0.137948 0.947778 0.660000
185 0.127418 0.947778 0.650000
186 0.132106 0.948889 0.640000
187 0.141391 0.946667 0.610000
188 0.131752 0.947778 0.640000
189 0.130601 0.947778 0.630000
190 0.133190 0.953333 0.630000
191 0.128367 0.952222 0.640000
192 0.128231 0.950000 0.640000
193 0.127718 0.951111 0.630000
194 0.137638 0.944444 0.630000
195 0.138571 0.944444 0.640000
196 0.137399 0.948889 0.640000
197 0.130627 0.953333 0.640000
198 0.134743 0.946667 0.650000
199 0.133308 0.950000 0.630000
200 0.120807 0.944444 0.640000
201 0.127070 0.948889 0.670000
202 0.130832 0.952222 0.650000
203 0.122804 0.953333 0.650000
204 0.119073 0.956667 0.640000
205 0.112643 0.954444 0.640000
206 0.120869 0.950000 0.670000
207 0.136821 0.952222 0.650000
208 0.127452 0.953333 0.650000
209 0.118060 0.955556 0.650000
210 0.123192 0.953333 0.650000
211 0.122003 0.951111 0.650000
212 0.116802 0.954444 0.660000
213 0.121610 0.953333 0.660000
214 0.127245 0.952222 0.660000
215 0.118719 0.953333 0.660000
216 0.118891 0.956667 0.630000
217 0.122288 0.944444 0.650000
218 0.125990 0.953333 0.660000
219 0.128501 0.946667 0.670000
220 0.121665 0.952222 0.630000
221 0.120793 0.952222 0.640000
222 0.121286 0.952222 0.640000
223 0.124980 0.953333 0.640000
224 0.121647 0.953333 0.630000
225 0.117829 0.948889 0.650000
226 0.119432 0.953333 0.680000
227 0.124951 0.950000 0.660000
228 0.121822 0.954444 0.650000
229 0.120816 0.951111 0.670000
230 0.125690 0.951111 0.650000
231 0.123375 0.954444 0.650000
232 0.120033 0.950000 0.660000
233 0.116918 0.950000 0.660000
234 0.116388 0.953333 0.640000
235 0.117745 0.955556 0.640000
236 0.114846 0.952222 0.660000
237 0.120247 0.954444 0.640000
238 0.117852 0.953333 0.640000
239 0.146181 0.952222 0.630000
240 0.120944 0.954444 0.640000
241 0.113665 0.951111 0.640000
242 0.121530 0.955556 0.630000
243 0.119452 0.953333 0.650000
244 0.109524 0.953333 0.650000
245 0.115885 0.950000 0.650000
246 0.114184 0.953333 0.660000
247 0.124813 0.952222 0.650000
248 0.115351 0.952222 0.660000
249 0.115475 0.951111 0.650000
250 0.115555 0.951111 0.660000
251 0.112868 0.954444 0.640000
252 0.116378 0.951111 0.660000
253 0.108041 0.952222 0.660000
254 0.103745 0.952222 0.640000
255 0.119464 0.953333 0.630000
256 0.124871 0.953333 0.650000
257 0.108312 0.954444 0.650000
258 0.120173 0.957778 0.630000
259 0.112437 0.953333 0.660000
260 0.107017 0.954444 0.650000
261 0.111636 0.951111 0.660000
262 0.111629 0.955556 0.660000
263 0.109658 0.954444 0.640000
264 0.112550 0.955556 0.640000
265 0.110846 0.953333 0.660000
266 0.121697 0.953333 0.650000
267 0.112753 0.955556 0.640000
268 0.110531 0.954444 0.650000
269 0.112753 0.955556 0.640000
270 0.127911 0.952222 0.660000
271 0.111866 0.953333 0.630000
272 0.113438 0.953333 0.640000
273 0.115722 0.952222 0.640000
274 0.112760 0.956667 0.630000
275 0.111873 0.957778 0.640000
276 0.111441 0.953333 0.660000
277 0.113476 0.954444 0.640000
278 0.116246 0.953333 0.640000
279 0.114946 0.953333 0.640000
280 0.109195 0.954444 0.650000
281 0.108359 0.951111 0.640000
282 0.115286 0.952222 0.660000
283 0.115004 0.953333 0.660000
284 0.114915 0.952222 0.650000
285 0.115870 0.953333 0.630000
286 0.123246 0.957778 0.640000
287 0.114057 0.954444 0.640000
288 0.117859 0.955556 0.650000
289 0.112562 0.954444 0.660000
290 0.120114 0.954444 0.650000
291 0.112040 0.954444 0.650000
292 0.112591 0.952222 0.650000
293 0.112964 0.954444 0.650000
294 0.106073 0.955556 0.640000
295 0.108635 0.954444 0.640000
296 0.112388 0.954444 0.660000
297 0.107563 0.953333 0.660000
298 0.119087 0.955556 0.630000
299 0.113400 0.954444 0.640000
300 0.110446 0.954444 0.640000
301 0.106225 0.954444 0.650000
302 0.113200 0.953333 0.640000
303 0.109707 0.955556 0.650000
304 0.105424 0.955556 0.650000
305 0.110171 0.955556 0.650000
306 0.109258 0.955556 0.660000
307 0.104030 0.955556 0.650000
308 0.108941 0.952222 0.650000
309 0.106626 0.955556 0.650000
310 0.111502 0.953333 0.640000
311 0.111633 0.953333 0.660000
312 0.099345 0.952222 0.650000
313 0.114191 0.954444 0.650000
314 0.098453 0.955556 0.650000
315 0.103544 0.954444 0.650000
316 0.112405 0.956667 0.640000
317 0.112379 0.953333 0.650000
318 0.106672 0.954444 0.650000
319 0.109557 0.954444 0.640000
320 0.102969 0.953333 0.650000
321 0.109508 0.954444 0.640000
322 0.107608 0.957778 0.650000
323 0.105426 0.954444 0.650000
324 0.113452 0.956667 0.650000
325 0.108783 0.954444 0.660000
326 0.107138 0.954444 0.660000
327 0.102759 0.955556 0.650000
328 0.103504 0.954444 0.650000
329 0.106164 0.955556 0.640000
330 0.104419 0.954444 0.640000
331 0.110670 0.954444 0.640000
332 0.106919 0.954444 0.660000
333 0.104926 0.954444 0.650000
334 0.109537 0.954444 0.640000
335 0.098655 0.955556 0.680000
336 0.104484 0.955556 0.650000
337 0.104776 0.954444 0.660000
338 0.112584 0.953333 0.650000
339 0.110423 0.953333 0.650000
340 0.110022 0.955556 0.640000
341 0.105101 0.953333 0.660000
342 0.109759 0.956667 0.640000
343 0.110679 0.954444 0.650000
344 0.111560 0.954444 0.650000
345 0.104897 0.953333 0.640000
346 0.112901 0.953333 0.650000
347 0.112928 0.954444 0.660000
348 0.113648 0.955556 0.640000
349 0.111904 0.956667 0.640000
350 0.110048 0.955556 0.660000
