1 3.154160 0.500000 0.446667
2 2.460279 0.469630 0.473333
3 1.605786 0.468148 0.440000
4 1.381185 0.511111 0.473333
5 2.126784 0.539259 0.500000
6 1.090113 0.542222 0.533333
7 1.164981 0.477778 0.460000
8 1.663476 0.530370 0.513333
9 1.429521 0.525185 0.486667
10 1.413937 0.544444 0.526667
11 1.039149 0.539259 0.486667
12 1.077012 0.546667 0.513333
13 1.069912 0.548148 0.466667
14 1.026119 0.525926 0.486667
15 1.212428 0.529630 0.500000
16 0.970331 0.551852 0.486667
17 0.957727 0.486667 0.440000
18 1.043542 0.522222 0.433333
19 1.380044 0.538519 0.446667
20 1.438044 0.552593 0.500000
21 1.178268 0.544444 0.480000
22 1.029329 0.535556 0.540000
23 1.026332 0.546667 0.466667
24 0.994064 0.539259 0.466667
25 1.002689 0.530370 0.473333
26 0.968160 0.547407 0.526667
27 0.960773 0.546667 0.493333
28 0.962395 0.542963 0.440000
29 0.976006 0.556296 0.473333
30 0.990947 0.551852 0.493333
31 1.067688 0.550370 0.473333
32 0.941807 0.552593 0.460000
33 0.956308 0.546667 0.440000
34 0.931136 0.537778 0.546667
35 0.969149 0.567407 0.513333
36 0.956724 0.568148 0.486667
37 0.963794 0.556296 0.520000
38 0.926249 0.573333 0.493333
39 0.908320 0.577037 0.493333
40 0.915509 0.525185 0.433333
41 0.927599 0.577778 0.493333
42 0.918081 0.569630 0.486667
43 0.903807 0.570370 0.520000
44 0.925960 0.573333 0.486667
45 0.922314 0.585926 0.500000
46 0.913785 0.584444 0.506667
47 0.901300 0.580000 0.480000
48 0.914474 0.573333 0.486667
49 0.906792 0.578519 0.480000
50 0.886989 0.585926 0.466667
51 0.885557 0.593333 0.486667
52 0.874436 0.592593 0.480000
53 0.912770 0.587407 0.480000
54 0.891554 0.591852 0.486667
55 0.883389 0.583704 0.520000
56 0.887449 0.577778 0.493333
57 0.890227 0.595556 0.466667
58 0.878291 0.562222 0.466667
59 0.864698 0.600741 0.460000
60 0.867856 0.597778 0.466667
61 0.862818 0.610370 0.473333
62 0.890420 0.608889 0.473333
63 0.859441 0.611852 0.480000
64 0.857538 0.604444 0.486667
65 0.855668 0.597037 0.486667
66 0.862251 0.602222 0.500000
67 0.868376 0.594074 0.486667
68 0.919190 0.593333 0.473333
69 0.889983 0.599259 0.480000
70 0.864346 0.602963 0.486667
