1 1.351087 0.905325 0.947368
2 0.305826 0.958580 0.947368
3 0.159436 0.940828 0.947368
4 0.127489 0.964497 0.947368
5 0.110368 0.964497 0.947368
6 0.215215 0.923077 0.894737
7 0.094450 0.988166 0.947368
8 0.059495 0.976331 0.947368
9 0.072063 0.946746 0.947368
10 0.105236 1.000000 0.947368
11 0.045575 0.946746 0.947368
12 0.035311 1.000000 0.947368
13 0.050262 0.994083 0.947368
14 0.197393 0.875740 0.947368
15 0.070638 0.958580 0.947368
16 0.028189 1.000000 0.947368
17 0.031113 1.000000 0.947368
18 0.020090 1.000000 0.947368
19 0.018577 1.000000 0.947368
20 0.032732 0.994083 0.947368
21 0.050900 0.982249 0.947368
22 0.048850 0.905325 0.894737
23 0.048747 0.988166 0.947368
24 0.040454 0.994083 0.947368
25 0.093351 0.934911 0.947368
26 0.046514 1.000000 0.947368
27 0.025712 1.000000 0.947368
28 0.015847 1.000000 0.947368
29 0.016804 1.000000 0.947368
30 0.022419 1.000000 0.947368
31 0.015471 1.000000 0.947368
32 0.020895 1.000000 0.947368
33 0.027726 0.994083 0.947368
34 0.064805 0.970414 0.947368
35 0.047139 0.934911 0.947368
36 0.027050 1.000000 0.947368
37 0.018676 1.000000 0.947368
38 0.017893 1.000000 0.947368
39 0.033368 0.994083 0.947368
40 0.030637 1.000000 0.947368
41 0.022936 1.000000 0.947368
42 0.016270 1.000000 0.947368
43 0.019348 1.000000 0.947368
44 0.016256 1.000000 0.947368
45 0.066403 0.704142 0.578947
46 0.084683 0.982249 0.947368
47 0.089331 0.934911 0.894737
48 0.063372 1.000000 0.947368
49 0.029982 0.934911 0.947368
50 0.044847 1.000000 0.947368
51 0.018746 1.000000 0.947368
52 0.013622 1.000000 0.947368
53 0.022061 1.000000 0.947368
54 0.016590 1.000000 0.947368
55 0.017141 1.000000 0.947368
56 0.012003 1.000000 0.947368
57 0.011371 1.000000 0.947368
58 0.020045 1.000000 0.947368
59 0.014038 1.000000 0.947368
60 0.015790 1.000000 0.947368
61 0.014162 1.000000 0.947368
62 0.016599 1.000000 0.947368
63 0.013658 1.000000 0.947368
64 0.013544 1.000000 0.947368
65 0.012140 1.000000 0.947368
66 0.013719 1.000000 0.947368
67 0.010492 1.000000 0.947368
68 0.012664 1.000000 0.947368
69 0.011896 1.000000 0.947368
70 0.017463 1.000000 0.947368
