1 4.947539 0.578264 0.586375
2 1.562044 0.608813 0.576642
3 1.554107 0.587186 0.566910
4 1.490137 0.720195 0.693431
5 0.997100 0.611246 0.598540
6 1.006700 0.734523 0.705596
7 0.954258 0.645580 0.620438
8 1.284733 0.672885 0.630170
9 1.127166 0.649365 0.625304
10 0.796782 0.696404 0.664234
11 0.887358 0.742903 0.715328
12 0.879323 0.692349 0.671533
13 0.912589 0.719654 0.698297
14 0.815547 0.754799 0.744526
15 0.747599 0.745337 0.705596
16 0.764984 0.739930 0.710462
17 0.734308 0.757232 0.739659
18 0.751273 0.757772 0.732360
19 0.741831 0.743985 0.732360
20 0.763676 0.629900 0.608273
21 0.750361 0.657205 0.652068
22 0.623436 0.696404 0.664234
23 0.606611 0.763990 0.749392
24 0.609843 0.757502 0.739659
25 0.584054 0.768856 0.746959
26 0.570221 0.765612 0.729927
27 0.597133 0.724250 0.698297
28 0.594178 0.681536 0.656934
29 0.648552 0.769667 0.739659
30 0.680663 0.756150 0.737226
31 0.570995 0.753717 0.734793
32 0.579387 0.755880 0.715328
33 0.534237 0.758043 0.722628
34 0.530672 0.778589 0.749392
35 0.520258 0.781292 0.761557
36 0.534912 0.759124 0.720195
37 0.523495 0.796431 0.768856
38 0.519738 0.777507 0.729927
39 0.522030 0.783185 0.759124
40 0.493360 0.784536 0.754258
41 0.518633 0.706407 0.671533
42 0.504041 0.691538 0.664234
43 0.483577 0.745337 0.727494
44 0.518423 0.784266 0.773723
45 0.532939 0.796431 0.761557
46 0.495135 0.759935 0.734793
47 0.494806 0.782374 0.768856
48 0.498345 0.774804 0.744526
49 0.486620 0.790754 0.749392
50 0.458076 0.830224 0.795620
51 0.436462 0.834009 0.807786
52 0.421379 0.839146 0.788321
53 0.443294 0.843471 0.807786
54 0.426187 0.834280 0.793187
55 0.410614 0.835631 0.785888
56 0.417380 0.856177 0.807786
57 0.418282 0.807245 0.768856
58 0.412933 0.846175 0.812652
59 0.412962 0.844012 0.790754
60 0.408375 0.825088 0.766423
61 0.422607 0.784807 0.749392
62 0.407811 0.862395 0.795620
63 0.402594 0.828332 0.766423
64 0.388371 0.847526 0.802920
65 0.398677 0.836442 0.776156
66 0.404525 0.814544 0.776156
67 0.383665 0.830495 0.783455
68 0.404492 0.823736 0.781022
69 0.394343 0.848337 0.778589
70 0.422207 0.823466 0.763990
71 0.383611 0.861044 0.827251
72 0.386429 0.847526 0.800487
73 0.383757 0.864558 0.798054
74 0.429637 0.852122 0.793187
75 0.411355 0.852393 0.785888
76 0.396547 0.827251 0.776156
77 0.398934 0.855366 0.819951
78 0.405845 0.852663 0.785888
79 0.413082 0.863747 0.795620
80 0.413722 0.863206 0.788321
81 0.396928 0.837794 0.768856
82 0.377811 0.835091 0.802920
83 0.371827 0.867802 0.805353
84 0.374167 0.836172 0.766423
85 0.399751 0.808867 0.749392
86 0.374592 0.842119 0.776156
87 0.356910 0.854015 0.810219
88 0.387667 0.854826 0.790754
89 0.380840 0.874290 0.807786
90 0.363929 0.878345 0.805353
91 0.414642 0.867261 0.795620
92 0.343371 0.882130 0.802920
93 0.374047 0.859151 0.785888
94 0.372112 0.854285 0.771290
95 0.392259 0.868613 0.800487
96 0.365229 0.877534 0.788321
97 0.354211 0.855907 0.773723
98 0.358435 0.821844 0.761557
99 0.372921 0.867802 0.785888
100 0.338284 0.905650 0.812652
101 0.317823 0.906732 0.807786
102 0.306164 0.907002 0.812652
103 0.313000 0.907543 0.788321
104 0.310841 0.912409 0.815085
105 0.303234 0.903217 0.805353
106 0.307949 0.914842 0.798054
107 0.300996 0.908083 0.781022
108 0.287639 0.918897 0.815085
109 0.298805 0.912949 0.795620
110 0.303279 0.897540 0.807786
111 0.293984 0.917005 0.824818
112 0.288163 0.904298 0.802920
113 0.297670 0.923763 0.807786
114 0.287564 0.902947 0.802920
115 0.294303 0.905109 0.795620
116 0.289416 0.922682 0.800487
117 0.293029 0.904298 0.785888
118 0.304820 0.913490 0.810219
119 0.290313 0.919167 0.807786
120 0.294570 0.915653 0.807786
121 0.283545 0.921600 0.790754
122 0.290128 0.898892 0.783455
123 0.271086 0.910787 0.805353
124 0.283294 0.935388 0.798054
125 0.301925 0.921060 0.795620
126 0.276771 0.922411 0.783455
127 0.298752 0.917005 0.776156
128 0.271794 0.908894 0.798054
129 0.281623 0.926467 0.802920
130 0.276369 0.924845 0.793187
131 0.267219 0.934847 0.800487
132 0.270431 0.929711 0.798054
133 0.260719 0.922411 0.798054
134 0.272602 0.928900 0.802920
135 0.274548 0.922682 0.800487
136 0.284964 0.897270 0.781022
137 0.281086 0.924845 0.795620
138 0.263943 0.932685 0.798054
139 0.277115 0.922411 0.807786
140 0.268368 0.925385 0.798054
141 0.275627 0.921330 0.798054
142 0.274054 0.927818 0.807786
143 0.255146 0.934036 0.793187
144 0.247199 0.902947 0.776156
145 0.272716 0.915653 0.812652
146 0.273401 0.932144 0.793187
147 0.256169 0.938362 0.807786
148 0.256780 0.894025 0.812652
149 0.284188 0.917005 0.773723
150 0.239554 0.946202 0.795620
151 0.220301 0.945931 0.800487
152 0.220365 0.944039 0.812652
153 0.209451 0.951338 0.798054
154 0.218074 0.951068 0.802920
155 0.199565 0.954042 0.812652
156 0.224908 0.953231 0.790754
157 0.211033 0.953771 0.793187
158 0.214786 0.952690 0.795620
159 0.215957 0.948635 0.807786
160 0.211059 0.955123 0.793187
161 0.230591 0.937010 0.807786
162 0.207752 0.959448 0.793187
163 0.200880 0.957556 0.795620
164 0.202235 0.951609 0.795620
165 0.220393 0.959719 0.793187
166 0.211801 0.958908 0.802920
167 0.212082 0.957556 0.800487
168 0.200543 0.960260 0.810219
169 0.204785 0.952690 0.795620
170 0.197265 0.962693 0.800487
171 0.200123 0.954312 0.800487
172 0.208367 0.956745 0.798054
173 0.200114 0.958097 0.790754
174 0.210314 0.960800 0.798054
175 0.203771 0.964855 0.800487
176 0.198257 0.964044 0.807786
177 0.197883 0.954853 0.810219
178 0.190054 0.960800 0.798054
179 0.207361 0.960260 0.795620
180 0.203215 0.961341 0.798054
181 0.191490 0.963233 0.800487
182 0.202927 0.938632 0.802920
183 0.211336 0.959448 0.793187
184 0.198941 0.959989 0.793187
185 0.183246 0.963504 0.783455
186 0.184053 0.966748 0.793187
187 0.189324 0.965126 0.805353
188 0.176737 0.961882 0.785888
189 0.196396 0.964855 0.790754
190 0.193077 0.957556 0.802920
191 0.189558 0.964585 0.788321
192 0.186431 0.964585 0.788321
193 0.191605 0.962152 0.793187
194 0.191982 0.965666 0.805353
195 0.191716 0.966477 0.807786
196 0.186068 0.952420 0.785888
197 0.195739 0.958097 0.783455
198 0.190924 0.964044 0.788321
199 0.192152 0.959719 0.802920
200 0.173551 0.971073 0.785888
201 0.166194 0.975669 0.795620
202 0.168207 0.973506 0.785888
203 0.173530 0.972966 0.800487
204 0.163963 0.976750 0.795620
205 0.161952 0.968099 0.785888
206 0.163168 0.970533 0.788321
207 0.160846 0.974047 0.795620
208 0.171333 0.974588 0.788321
209 0.169343 0.977291 0.783455
210 0.164535 0.977291 0.798054
211 0.151843 0.979184 0.795620
212 0.152942 0.978643 0.800487
213 0.144875 0.975128 0.793187
214 0.175025 0.976750 0.805353
215 0.168970 0.978913 0.800487
216 0.159600 0.974317 0.795620
217 0.161293 0.977021 0.802920
218 0.163888 0.978643 0.798054
219 0.169375 0.978643 0.783455
220 0.155910 0.977832 0.798054
221 0.158530 0.977021 0.802920
222 0.156156 0.979724 0.795620
223 0.161975 0.972695 0.798054
224 0.150784 0.979724 0.793187
225 0.170314 0.979724 0.805353
226 0.154682 0.978643 0.788321
227 0.155515 0.974858 0.800487
228 0.162501 0.977832 0.781022
229 0.163193 0.977832 0.793187
230 0.152999 0.977291 0.785888
231 0.160917 0.978373 0.790754
232 0.154364 0.982157 0.788321
233 0.159542 0.978643 0.798054
234 0.151376 0.978643 0.790754
235 0.156816 0.984320 0.802920
236 0.143923 0.981346 0.785888
237 0.158960 0.979724 0.815085
238 0.153911 0.982428 0.798054
239 0.142894 0.983779 0.788321
240 0.159392 0.978373 0.793187
241 0.151061 0.981617 0.810219
242 0.159160 0.977021 0.795620
243 0.143879 0.982157 0.783455
244 0.164006 0.978643 0.795620
245 0.152198 0.981346 0.781022
246 0.147376 0.979995 0.790754
247 0.145616 0.979184 0.788321
248 0.149834 0.979184 0.783455
249 0.152697 0.979724 0.793187
250 0.150533 0.981887 0.788321
251 0.147188 0.982968 0.788321
252 0.139573 0.982698 0.795620
253 0.133826 0.983509 0.807786
254 0.136793 0.983779 0.800487
255 0.128841 0.984590 0.802920
256 0.140719 0.985131 0.793187
257 0.138128 0.985131 0.790754
258 0.131386 0.983509 0.790754
259 0.133326 0.984320 0.793187
260 0.143145 0.984050 0.788321
261 0.138535 0.986483 0.785888
262 0.144111 0.983509 0.785888
263 0.139633 0.984590 0.802920
264 0.140011 0.985672 0.798054
265 0.135764 0.986753 0.807786
266 0.138446 0.986483 0.800487
267 0.134096 0.984320 0.793187
268 0.141471 0.986212 0.788321
269 0.139290 0.987835 0.793187
270 0.134404 0.985672 0.800487
271 0.140662 0.984590 0.788321
272 0.133061 0.987835 0.795620
273 0.136366 0.987024 0.790754
274 0.137274 0.985401 0.776156
275 0.126023 0.987835 0.798054
276 0.130042 0.987024 0.793187
277 0.137677 0.986212 0.793187
278 0.131139 0.987564 0.793187
279 0.134917 0.986212 0.793187
280 0.131883 0.988105 0.802920
281 0.134984 0.984861 0.802920
282 0.131719 0.986212 0.793187
283 0.128673 0.985672 0.798054
284 0.142073 0.988105 0.805353
285 0.141234 0.988105 0.805353
286 0.133503 0.986212 0.795620
287 0.131718 0.987564 0.793187
288 0.143652 0.986753 0.805353
289 0.135282 0.985942 0.778589
290 0.132814 0.987294 0.798054
291 0.138304 0.982968 0.800487
292 0.136647 0.986753 0.781022
293 0.126419 0.985942 0.798054
294 0.138857 0.985942 0.798054
295 0.128746 0.987294 0.800487
296 0.130577 0.987294 0.788321
297 0.130753 0.987835 0.790754
298 0.129861 0.988375 0.802920
299 0.133009 0.986753 0.790754
300 0.132491 0.987294 0.800487
301 0.128143 0.988646 0.798054
302 0.131027 0.987835 0.793187
303 0.126227 0.987835 0.802920
304 0.121267 0.988375 0.795620
305 0.132505 0.988916 0.790754
306 0.124569 0.989457 0.790754
307 0.126862 0.987564 0.790754
308 0.125942 0.988375 0.781022
309 0.132126 0.988375 0.790754
310 0.137829 0.990268 0.800487
311 0.119916 0.988646 0.798054
312 0.121132 0.989997 0.798054
313 0.123520 0.990268 0.802920
314 0.127597 0.989186 0.795620
315 0.123671 0.991619 0.798054
316 0.115987 0.991349 0.800487
317 0.134385 0.990268 0.793187
318 0.125615 0.989186 0.800487
319 0.123812 0.988916 0.793187
320 0.122806 0.988646 0.798054
321 0.112631 0.991079 0.788321
322 0.122172 0.990268 0.793187
323 0.130525 0.989457 0.790754
324 0.126515 0.988916 0.793187
325 0.119528 0.990808 0.798054
326 0.123625 0.987835 0.795620
327 0.121238 0.992160 0.790754
328 0.120427 0.990808 0.785888
329 0.120745 0.988916 0.788321
330 0.121476 0.990268 0.795620
331 0.123289 0.991890 0.800487
332 0.129246 0.989186 0.788321
333 0.125696 0.990538 0.790754
334 0.126692 0.991079 0.778589
335 0.121886 0.989997 0.790754
336 0.128907 0.989997 0.795620
337 0.124230 0.989727 0.788321
338 0.126370 0.991619 0.793187
339 0.119679 0.989457 0.785888
340 0.122013 0.988105 0.788321
341 0.127314 0.988916 0.785888
342 0.119354 0.990538 0.798054
343 0.125627 0.990808 0.783455
344 0.122603 0.991890 0.785888
345 0.130075 0.991619 0.788321
346 0.117464 0.989997 0.795620
347 0.116714 0.989457 0.788321
348 0.122804 0.990538 0.790754
349 0.123298 0.991890 0.785888
350 0.125997 0.992701 0.783455
