1 1.667089 0.734444 0.690000
2 0.732637 0.753333 0.720000
3 0.554422 0.738889 0.690000
4 0.662745 0.774444 0.740000
5 0.517748 0.765556 0.710000
6 0.514953 0.781111 0.680000
7 1.294715 0.635556 0.620000
8 0.598215 0.770000 0.700000
9 0.532898 0.784444 0.730000
10 0.467670 0.782222 0.690000
11 0.428370 0.780000 0.690000
12 0.438590 0.794444 0.720000
13 0.433205 0.808889 0.690000
14 0.461378 0.794444 0.720000
15 0.444433 0.803333 0.710000
16 0.418186 0.793333 0.680000
17 0.427031 0.804444 0.710000
18 0.415035 0.810000 0.700000
19 0.410619 0.803333 0.700000
20 0.408979 0.806667 0.710000
21 0.397740 0.814444 0.740000
22 0.386748 0.810000 0.730000
23 0.402939 0.788889 0.660000
24 0.738418 0.753333 0.690000
25 0.513612 0.787778 0.680000
26 0.659371 0.802222 0.720000
27 0.433578 0.807778 0.720000
28 0.422976 0.815556 0.730000
29 0.734256 0.805556 0.740000
30 0.444685 0.797778 0.710000
31 0.425643 0.830000 0.710000
32 0.830292 0.781111 0.710000
33 0.485923 0.820000 0.710000
34 0.412283 0.820000 0.680000
35 0.395311 0.828889 0.670000
36 0.396726 0.820000 0.690000
37 0.409276 0.832222 0.660000
38 0.382831 0.818889 0.680000
39 0.378151 0.832222 0.740000
40 0.387366 0.845556 0.690000
41 0.376078 0.830000 0.730000
42 0.378543 0.816667 0.710000
43 0.403439 0.836667 0.690000
44 0.386526 0.837778 0.670000
45 0.381721 0.831111 0.700000
46 0.376260 0.853333 0.690000
47 0.372781 0.844444 0.730000
48 0.381058 0.854444 0.700000
49 0.370275 0.850000 0.700000
50 0.379591 0.851111 0.710000
51 0.347857 0.861111 0.700000
52 0.352804 0.860000 0.720000
53 0.350456 0.834444 0.680000
54 0.354004 0.840000 0.700000
55 0.357897 0.861111 0.720000
56 0.345386 0.855556 0.700000
57 0.342561 0.852222 0.730000
58 0.343392 0.850000 0.700000
59 0.333714 0.847778 0.730000
60 0.333264 0.867778 0.690000
61 0.351841 0.857778 0.700000
62 0.340221 0.866667 0.700000
63 0.331415 0.856667 0.720000
64 0.343397 0.863333 0.710000
65 0.341391 0.852222 0.710000
66 0.350498 0.867778 0.700000
67 0.325097 0.870000 0.730000
68 0.332817 0.846667 0.710000
69 0.341869 0.854444 0.690000
70 0.322815 0.865556 0.720000
71 0.344787 0.865556 0.730000
72 0.331419 0.873333 0.760000
73 0.328833 0.878889 0.740000
74 0.319476 0.874444 0.710000
75 0.319759 0.872222 0.710000
76 0.321618 0.855556 0.720000
77 0.333560 0.851111 0.680000
78 0.318852 0.870000 0.690000
79 0.312913 0.864444 0.720000
80 0.318876 0.878889 0.680000
81 0.311487 0.862222 0.710000
82 0.320039 0.861111 0.760000
83 0.307413 0.875556 0.720000
84 0.299245 0.876667 0.700000
85 0.313409 0.874444 0.720000
86 0.300118 0.847778 0.690000
87 0.301560 0.876667 0.700000
88 0.327660 0.875556 0.720000
89 0.317352 0.885556 0.690000
90 0.299269 0.874444 0.700000
91 0.306547 0.871111 0.720000
92 0.293474 0.873333 0.690000
93 0.319302 0.868889 0.710000
94 0.302223 0.877778 0.700000
95 0.295002 0.876667 0.700000
96 0.301384 0.874444 0.730000
97 0.302721 0.873333 0.730000
98 0.293354 0.870000 0.770000
99 0.304621 0.870000 0.710000
100 0.296221 0.878889 0.740000
101 0.269924 0.881111 0.730000
102 0.281156 0.884444 0.700000
103 0.279925 0.885556 0.700000
104 0.280328 0.894444 0.710000
105 0.270470 0.894444 0.760000
106 0.276693 0.888889 0.730000
107 0.272569 0.884444 0.740000
108 0.274270 0.891111 0.710000
109 0.274115 0.892222 0.730000
110 0.274743 0.893333 0.730000
111 0.270557 0.885556 0.730000
112 0.279995 0.888889 0.740000
113 0.274823 0.892222 0.730000
114 0.273338 0.888889 0.740000
115 0.285456 0.880000 0.720000
116 0.286458 0.880000 0.690000
117 0.274390 0.894444 0.700000
118 0.257190 0.895556 0.740000
119 0.267074 0.898889 0.670000
120 0.269558 0.894444 0.750000
121 0.278318 0.885556 0.700000
122 0.278795 0.894444 0.700000
123 0.272482 0.893333 0.720000
124 0.257596 0.898889 0.740000
125 0.268012 0.896667 0.680000
126 0.263108 0.895556 0.690000
127 0.275273 0.885556 0.730000
128 0.275442 0.891111 0.700000
129 0.266346 0.893333 0.720000
130 0.271824 0.894444 0.730000
131 0.265911 0.890000 0.720000
132 0.270051 0.890000 0.710000
133 0.264209 0.894444 0.790000
134 0.272700 0.897778 0.720000
135 0.256812 0.896667 0.720000
136 0.253031 0.893333 0.680000
137 0.256014 0.901111 0.740000
138 0.258658 0.898889 0.730000
139 0.267001 0.886667 0.720000
140 0.258517 0.891111 0.710000
141 0.258040 0.910000 0.710000
142 0.263497 0.897778 0.730000
143 0.257793 0.904444 0.680000
144 0.256889 0.903333 0.740000
145 0.261257 0.900000 0.720000
146 0.263665 0.895556 0.700000
147 0.258260 0.903333 0.690000
148 0.246752 0.890000 0.750000
149 0.267308 0.896667 0.720000
150 0.258417 0.910000 0.710000
151 0.245553 0.894444 0.710000
152 0.235967 0.908889 0.710000
153 0.251299 0.902222 0.710000
154 0.241501 0.906667 0.710000
155 0.241606 0.910000 0.710000
156 0.247358 0.906667 0.720000
157 0.246535 0.898889 0.710000
158 0.248773 0.910000 0.690000
159 0.237824 0.903333 0.710000
160 0.231561 0.907778 0.710000
161 0.235559 0.914444 0.730000
162 0.240155 0.912222 0.700000
163 0.242479 0.903333 0.730000
164 0.249684 0.908889 0.680000
165 0.251131 0.902222 0.710000
166 0.229041 0.904444 0.720000
167 0.243589 0.908889 0.720000
168 0.234934 0.911111 0.720000
169 0.236004 0.908889 0.710000
170 0.232554 0.914444 0.720000
171 0.245612 0.913333 0.680000
172 0.237170 0.907778 0.730000
173 0.250209 0.915556 0.700000
174 0.257817 0.908889 0.720000
175 0.250536 0.914444 0.730000
176 0.247454 0.903333 0.720000
177 0.243145 0.911111 0.690000
178 0.234198 0.912222 0.730000
179 0.249680 0.916667 0.700000
180 0.243482 0.912222 0.720000
181 0.222342 0.910000 0.710000
182 0.227680 0.917778 0.690000
183 0.231977 0.916667 0.690000
184 0.241445 0.915556 0.670000
185 0.237709 0.902222 0.720000
186 0.243055 0.908889 0.700000
187 0.241429 0.913333 0.720000
188 0.243892 0.910000 0.690000
189 0.244532 0.917778 0.690000
190 0.234856 0.913333 0.690000
191 0.226175 0.915556 0.690000
192 0.227761 0.913333 0.710000
193 0.232762 0.902222 0.730000
194 0.239146 0.917778 0.710000
195 0.244448 0.900000 0.720000
196 0.241213 0.912222 0.730000
197 0.242270 0.916667 0.720000
198 0.232140 0.916667 0.700000
199 0.238893 0.913333 0.720000
200 0.231342 0.922222 0.710000
201 0.224962 0.921111 0.690000
202 0.218718 0.911111 0.710000
203 0.223653 0.916667 0.720000
204 0.227403 0.922222 0.720000
205 0.218616 0.921111 0.680000
206 0.229189 0.906667 0.710000
207 0.238000 0.918889 0.710000
208 0.227741 0.913333 0.730000
209 0.234204 0.918889 0.710000
210 0.224180 0.915556 0.700000
211 0.233655 0.918889 0.690000
212 0.234053 0.918889 0.700000
213 0.225144 0.917778 0.690000
214 0.219170 0.923333 0.720000
215 0.221150 0.917778 0.700000
216 0.230905 0.916667 0.710000
217 0.224958 0.916667 0.730000
218 0.235394 0.907778 0.700000
219 0.222051 0.921111 0.730000
220 0.227481 0.917778 0.710000
221 0.222884 0.912222 0.700000
222 0.228244 0.910000 0.710000
223 0.227182 0.921111 0.710000
224 0.229307 0.921111 0.710000
225 0.234127 0.913333 0.700000
226 0.225240 0.915556 0.740000
227 0.223057 0.920000 0.720000
228 0.226640 0.924444 0.710000
229 0.223127 0.918889 0.700000
230 0.230804 0.917778 0.690000
231 0.222405 0.920000 0.710000
232 0.222793 0.923333 0.690000
233 0.224902 0.923333 0.720000
234 0.228020 0.924444 0.700000
235 0.219420 0.923333 0.730000
236 0.239331 0.917778 0.720000
237 0.228229 0.917778 0.730000
238 0.221388 0.914444 0.700000
239 0.230761 0.913333 0.720000
240 0.214616 0.920000 0.680000
241 0.224182 0.920000 0.700000
242 0.217029 0.920000 0.750000
243 0.233695 0.916667 0.700000
244 0.227033 0.914444 0.730000
245 0.217493 0.915556 0.730000
246 0.226589 0.917778 0.710000
247 0.224325 0.916667 0.700000
248 0.220596 0.923333 0.710000
249 0.224111 0.918889 0.680000
250 0.220459 0.916667 0.740000
251 0.223784 0.925556 0.690000
252 0.223649 0.921111 0.740000
253 0.223848 0.917778 0.720000
254 0.221067 0.921111 0.700000
255 0.219151 0.917778 0.720000
256 0.214180 0.920000 0.710000
257 0.222569 0.926667 0.680000
258 0.218041 0.925556 0.730000
259 0.214794 0.926667 0.680000
260 0.219794 0.926667 0.690000
261 0.214699 0.921111 0.700000
262 0.221881 0.916667 0.740000
263 0.220085 0.918889 0.730000
264 0.216827 0.924444 0.690000
265 0.215206 0.925556 0.690000
266 0.221095 0.924444 0.690000
267 0.217472 0.923333 0.710000
268 0.226872 0.927778 0.720000
269 0.214078 0.923333 0.700000
270 0.225376 0.926667 0.690000
271 0.213945 0.922222 0.700000
272 0.208894 0.922222 0.720000
273 0.223418 0.923333 0.730000
274 0.226869 0.921111 0.730000
275 0.212153 0.924444 0.700000
276 0.203136 0.927778 0.730000
277 0.211168 0.926667 0.730000
278 0.222124 0.927778 0.730000
279 0.218672 0.922222 0.740000
280 0.221890 0.926667 0.730000
281 0.209012 0.926667 0.730000
282 0.225727 0.923333 0.720000
283 0.219394 0.927778 0.700000
284 0.215531 0.928889 0.720000
285 0.221207 0.925556 0.690000
286 0.212116 0.920000 0.690000
287 0.220495 0.921111 0.710000
288 0.233341 0.931111 0.680000
289 0.208282 0.926667 0.710000
290 0.211298 0.924444 0.720000
291 0.219842 0.925556 0.710000
292 0.217563 0.927778 0.680000
293 0.214707 0.925556 0.700000
294 0.211717 0.918889 0.710000
295 0.209778 0.921111 0.700000
296 0.214803 0.924444 0.710000
297 0.215570 0.930000 0.690000
298 0.212080 0.926667 0.690000
299 0.203282 0.918889 0.710000
300 0.218742 0.927778 0.690000
301 0.215443 0.928889 0.680000
302 0.216882 0.925556 0.690000
303 0.223140 0.923333 0.690000
304 0.211509 0.923333 0.700000
305 0.220724 0.924444 0.710000
306 0.201804 0.923333 0.700000
307 0.218031 0.922222 0.700000
308 0.212826 0.922222 0.720000
309 0.215627 0.927778 0.700000
310 0.214737 0.924444 0.710000
311 0.214490 0.924444 0.710000
312 0.218599 0.928889 0.710000
313 0.218389 0.927778 0.710000
314 0.205889 0.924444 0.700000
315 0.221184 0.931111 0.690000
316 0.207415 0.927778 0.700000
317 0.214504 0.923333 0.700000
318 0.221183 0.930000 0.700000
319 0.213572 0.926667 0.690000
320 0.211362 0.926667 0.710000
321 0.209144 0.925556 0.690000
322 0.220041 0.922222 0.710000
323 0.211937 0.927778 0.690000
324 0.214682 0.923333 0.700000
325 0.204443 0.926667 0.680000
326 0.212505 0.921111 0.690000
327 0.214734 0.924444 0.720000
328 0.208275 0.927778 0.730000
329 0.210965 0.931111 0.720000
330 0.209366 0.923333 0.700000
331 0.210034 0.928889 0.690000
332 0.212909 0.924444 0.710000
333 0.212709 0.924444 0.690000
334 0.213019 0.926667 0.720000
335 0.205349 0.925556 0.690000
336 0.207354 0.928889 0.710000
337 0.219208 0.922222 0.720000
338 0.228090 0.928889 0.710000
339 0.208316 0.923333 0.700000
340 0.216442 0.927778 0.720000
341 0.207669 0.926667 0.730000
342 0.218144 0.926667 0.720000
343 0.210057 0.924444 0.720000
344 0.209598 0.930000 0.710000
345 0.209928 0.928889 0.690000
346 0.214460 0.925556 0.710000
347 0.208295 0.927778 0.690000
348 0.219656 0.924444 0.690000
349 0.209080 0.927778 0.710000
350 0.212812 0.923333 0.710000
