1 5.388403 0.735556 0.730000
2 1.671071 0.749778 0.746000
3 1.291972 0.727556 0.734000
4 1.089481 0.754222 0.758000
5 1.047970 0.757556 0.764000
6 0.776952 0.772444 0.768000
7 0.809379 0.765111 0.788000
8 0.760965 0.784889 0.788000
9 0.746164 0.771556 0.768000
10 0.721864 0.766444 0.764000
11 0.690705 0.776444 0.792000
12 0.664239 0.775778 0.784000
13 0.651731 0.784444 0.778000
14 0.626708 0.788222 0.788000
15 0.619253 0.747333 0.754000
16 0.748287 0.717778 0.710000
17 1.032709 0.772000 0.764000
18 0.670990 0.772000 0.774000
19 0.701190 0.751111 0.744000
20 0.679936 0.786444 0.770000
21 0.601930 0.785333 0.794000
22 0.558415 0.799333 0.778000
23 0.573065 0.788444 0.768000
24 0.621291 0.765778 0.752000
25 0.555748 0.795556 0.770000
26 0.531505 0.806444 0.800000
27 0.550766 0.816222 0.796000
28 0.533092 0.803333 0.794000
29 0.549845 0.789333 0.768000
30 0.545036 0.804222 0.790000
