1 2.974636 0.470370 0.493333
2 1.782954 0.471111 0.440000
3 2.171285 0.449630 0.473333
4 1.728320 0.449630 0.433333
5 1.368630 0.480741 0.466667
6 1.275654 0.484444 0.473333
7 1.109591 0.485926 0.513333
8 1.034884 0.545185 0.580000
9 1.014092 0.543704 0.493333
10 1.142824 0.532593 0.560000
11 1.300951 0.531852 0.533333
12 1.336598 0.540000 0.526667
13 1.040085 0.554815 0.560000
14 1.386106 0.546667 0.513333
15 1.118265 0.541481 0.546667
16 1.350931 0.534815 0.553333
17 1.076716 0.540741 0.506667
18 0.995563 0.522222 0.506667
19 0.959134 0.548889 0.513333
20 0.940137 0.552593 0.506667
21 0.948267 0.551111 0.506667
22 0.992683 0.547407 0.533333
23 0.933769 0.534815 0.473333
24 0.969437 0.542963 0.580000
25 0.945324 0.559259 0.526667
26 1.014190 0.562222 0.500000
27 0.962167 0.559259 0.506667
28 0.932490 0.564444 0.506667
29 0.909587 0.569630 0.520000
30 0.917069 0.568148 0.500000
31 0.918259 0.565926 0.493333
32 1.065425 0.549630 0.553333
33 0.986233 0.550370 0.500000
34 0.943116 0.559259 0.533333
35 0.901478 0.565926 0.460000
36 0.892449 0.557778 0.486667
37 0.951769 0.527407 0.486667
38 0.931181 0.571852 0.493333
39 0.900133 0.573333 0.486667
40 0.925469 0.560000 0.506667
41 0.939247 0.576296 0.520000
42 0.904332 0.574074 0.506667
43 0.896522 0.571852 0.453333
44 0.888881 0.583704 0.473333
45 0.876537 0.588148 0.493333
46 0.911661 0.584444 0.493333
47 0.879284 0.591852 0.486667
48 0.893432 0.594074 0.486667
49 0.881231 0.591852 0.473333
50 0.866869 0.597037 0.506667
51 0.849079 0.605185 0.466667
52 0.837044 0.603704 0.473333
53 0.849637 0.604444 0.466667
54 0.838092 0.593333 0.486667
55 0.844564 0.613333 0.473333
56 0.847739 0.607407 0.486667
57 0.841757 0.602222 0.473333
58 0.844850 0.617037 0.506667
59 0.829764 0.602963 0.473333
60 0.819535 0.619259 0.480000
61 0.838580 0.613333 0.493333
62 0.826384 0.622222 0.453333
63 0.816897 0.613333 0.433333
64 0.812309 0.624444 0.486667
65 0.824031 0.608889 0.460000
66 0.806357 0.633333 0.500000
67 0.828079 0.630370 0.480000
68 0.821770 0.625185 0.486667
69 0.830778 0.628889 0.480000
70 0.814847 0.624444 0.480000
