1 6.153504 0.724444 0.742000
2 1.552177 0.699556 0.682000
3 1.572719 0.753556 0.744000
4 1.442899 0.755333 0.750000
5 1.017452 0.743111 0.736000
6 0.977498 0.765556 0.756000
7 0.826728 0.770444 0.762000
8 0.795588 0.762444 0.768000
9 0.632817 0.769778 0.778000
10 0.675503 0.746444 0.762000
11 0.616895 0.783333 0.794000
12 0.609486 0.755111 0.752000
13 0.593087 0.776667 0.772000
14 0.588897 0.782667 0.760000
15 0.579932 0.786889 0.782000
16 0.835994 0.753778 0.752000
17 0.627449 0.786889 0.776000
18 0.566975 0.774444 0.772000
19 0.567643 0.775556 0.774000
20 0.564430 0.786889 0.786000
21 0.574630 0.777556 0.768000
22 0.564106 0.793778 0.782000
23 0.527858 0.805111 0.792000
24 0.547083 0.791111 0.774000
25 0.542767 0.805333 0.786000
26 0.535150 0.791111 0.782000
27 0.665099 0.784667 0.772000
28 0.584204 0.791333 0.778000
29 0.566629 0.763333 0.750000
30 0.541997 0.750444 0.744000
