1 5.877178 0.757333 0.754000
2 1.269956 0.742000 0.742000
3 1.260428 0.769333 0.782000
4 1.133401 0.740000 0.750000
5 1.065446 0.696000 0.690000
6 0.942486 0.782889 0.784000
7 0.808446 0.759333 0.782000
8 0.718219 0.749556 0.754000
9 0.660765 0.776667 0.752000
10 1.456080 0.692667 0.650000
11 0.810288 0.785778 0.790000
12 0.645911 0.774222 0.774000
13 0.788661 0.794222 0.810000
14 0.685694 0.763556 0.756000
15 0.623182 0.752000 0.754000
16 0.647027 0.761111 0.758000
17 0.606090 0.778000 0.780000
18 0.601720 0.793333 0.784000
19 0.565632 0.807111 0.798000
20 0.607271 0.805111 0.804000
21 0.590223 0.788444 0.796000
22 0.591219 0.786889 0.782000
23 0.577057 0.805333 0.802000
24 0.522441 0.811778 0.794000
25 0.541606 0.784444 0.746000
26 0.552761 0.812667 0.786000
27 0.557360 0.798889 0.768000
28 0.530520 0.808000 0.808000
29 0.509922 0.791778 0.770000
30 0.522287 0.792889 0.768000
