1 150.206857 0.710556 0.685000
2 68.864009 0.572778 0.565000
3 15.767473 0.670000 0.670000
4 14.843285 0.662222 0.665000
5 9.719329 0.758889 0.750000
6 8.708468 0.770556 0.755000
7 5.636892 0.725000 0.730000
8 3.604131 0.778889 0.770000
9 5.018031 0.542778 0.540000
10 6.598336 0.688889 0.675000
11 4.991802 0.780556 0.755000
12 8.189203 0.706667 0.685000
13 3.303189 0.704444 0.685000
14 3.574577 0.715556 0.700000
15 1.809133 0.760556 0.725000
16 1.472446 0.654444 0.625000
17 1.610845 0.765556 0.750000
18 1.089145 0.697778 0.675000
19 2.136132 0.776667 0.740000
20 1.187577 0.735556 0.685000
21 1.080870 0.642778 0.630000
22 1.222931 0.753889 0.735000
23 2.130897 0.636111 0.620000
24 2.663888 0.773889 0.725000
25 1.537698 0.727222 0.735000
26 1.708950 0.653333 0.645000
27 2.168268 0.715000 0.650000
28 1.052962 0.699444 0.690000
29 0.743498 0.583333 0.585000
30 2.170554 0.782222 0.755000
31 0.710420 0.666667 0.625000
32 1.217097 0.719444 0.665000
33 1.818206 0.742778 0.725000
34 1.110899 0.748889 0.730000
35 0.674876 0.764444 0.730000
36 0.624460 0.772778 0.740000
37 0.702438 0.776111 0.735000
38 0.947576 0.764444 0.735000
39 0.721526 0.775000 0.745000
40 0.752453 0.717778 0.700000
41 1.101948 0.773333 0.730000
42 1.166943 0.723889 0.695000
43 1.056853 0.768889 0.725000
44 1.313268 0.752222 0.735000
45 0.703324 0.653889 0.615000
46 0.875713 0.750556 0.745000
47 0.790070 0.757222 0.740000
48 0.705845 0.745556 0.710000
49 0.800549 0.745000 0.750000
50 0.857196 0.767222 0.735000
51 0.790082 0.767778 0.750000
52 0.692445 0.586667 0.580000
53 0.654890 0.772222 0.740000
54 0.608473 0.781111 0.745000
55 0.599722 0.780556 0.765000
56 0.571729 0.755000 0.745000
57 0.649165 0.773333 0.740000
58 0.619370 0.766111 0.730000
59 0.895416 0.775000 0.735000
60 0.595309 0.741667 0.720000
61 0.651906 0.757778 0.735000
62 0.799950 0.775000 0.730000
63 0.647756 0.751111 0.735000
64 0.803619 0.722222 0.725000
65 0.669750 0.755556 0.720000
66 0.733447 0.765000 0.750000
67 0.615088 0.724444 0.720000
68 0.793302 0.730556 0.725000
69 0.855023 0.605000 0.580000
70 0.766631 0.756111 0.730000
71 0.848620 0.784444 0.740000
72 0.577189 0.686111 0.675000
73 0.715389 0.765556 0.740000
74 0.707077 0.788333 0.740000
75 0.586285 0.763889 0.740000
76 0.720589 0.756111 0.735000
77 0.632694 0.778333 0.745000
78 0.602914 0.777222 0.750000
79 0.635977 0.745000 0.755000
80 0.700517 0.727222 0.690000
81 0.606998 0.745000 0.755000
82 0.601539 0.743889 0.755000
83 0.724442 0.768889 0.755000
84 0.601579 0.750556 0.755000
85 0.602854 0.774444 0.770000
86 0.582435 0.780556 0.765000
87 0.640583 0.661111 0.630000
88 0.615704 0.770000 0.755000
89 0.591986 0.753889 0.755000
90 0.627359 0.777222 0.755000
91 0.651463 0.734444 0.705000
92 0.671338 0.792222 0.770000
93 1.017661 0.531111 0.520000
94 0.750870 0.741667 0.755000
95 0.676962 0.778889 0.755000
96 0.588472 0.767778 0.745000
97 0.606583 0.741667 0.750000
98 0.683284 0.738889 0.740000
99 0.702135 0.765000 0.750000
100 0.538676 0.793333 0.775000
101 0.528465 0.778333 0.755000
102 0.556888 0.801111 0.770000
103 0.543456 0.776667 0.765000
104 0.515301 0.792778 0.800000
105 0.516760 0.798889 0.790000
106 0.614137 0.750556 0.750000
107 0.543062 0.794444 0.775000
108 0.530480 0.788889 0.820000
109 0.545180 0.756667 0.740000
110 0.542447 0.779444 0.760000
111 0.597513 0.748889 0.755000
112 0.572050 0.785556 0.765000
113 0.534176 0.758333 0.740000
114 0.581184 0.768889 0.750000
115 0.511694 0.746111 0.755000
116 0.544525 0.775556 0.750000
117 0.518756 0.760556 0.740000
118 0.529428 0.772778 0.755000
119 0.582140 0.789444 0.810000
120 0.538071 0.796667 0.780000
121 0.566890 0.775000 0.750000
122 0.579135 0.798889 0.775000
123 0.547632 0.774444 0.755000
124 0.610751 0.790556 0.755000
125 0.560485 0.785000 0.755000
126 0.524341 0.782222 0.770000
127 0.532127 0.787222 0.800000
128 0.509071 0.805000 0.775000
129 0.567795 0.801111 0.780000
130 0.613594 0.800000 0.785000
131 0.552996 0.771667 0.755000
132 0.550196 0.790556 0.825000
133 0.559229 0.756667 0.740000
134 0.520517 0.803333 0.775000
135 0.542829 0.779444 0.760000
136 0.537759 0.792222 0.790000
137 0.640404 0.802778 0.785000
138 0.573272 0.785000 0.805000
139 0.576026 0.797222 0.800000
140 0.532312 0.757778 0.735000
141 0.561576 0.805000 0.790000
142 0.544464 0.776111 0.755000
143 0.538207 0.768889 0.770000
144 0.580671 0.775556 0.745000
145 0.564093 0.788889 0.805000
146 0.569981 0.785000 0.800000
147 0.514862 0.750000 0.740000
148 0.532578 0.787778 0.795000
149 0.527164 0.793333 0.785000
150 0.517239 0.800000 0.775000
151 0.518125 0.797222 0.780000
152 0.525303 0.795556 0.815000
153 0.603069 0.763889 0.740000
154 0.534701 0.802222 0.790000
155 0.507514 0.775556 0.755000
156 0.510823 0.783889 0.785000
157 0.506799 0.801667 0.775000
158 0.518317 0.786667 0.815000
159 0.512570 0.800556 0.775000
160 0.513228 0.768333 0.740000
161 0.565563 0.803889 0.785000
162 0.560928 0.786111 0.815000
163 0.531153 0.779444 0.755000
164 0.552230 0.787222 0.795000
165 0.517230 0.787222 0.800000
166 0.519032 0.785000 0.805000
167 0.502645 0.777222 0.770000
168 0.511595 0.778333 0.755000
169 0.532117 0.762778 0.740000
170 0.512311 0.787778 0.795000
171 0.516357 0.765556 0.740000
172 0.499736 0.768889 0.740000
173 0.523228 0.762778 0.745000
174 0.524903 0.801667 0.770000
175 0.510591 0.803889 0.795000
176 0.517624 0.797222 0.805000
177 0.526391 0.768333 0.740000
178 0.529846 0.788333 0.810000
179 0.508227 0.767778 0.760000
180 0.526255 0.792778 0.805000
181 0.544179 0.795556 0.810000
182 0.510971 0.802222 0.810000
183 0.526781 0.800556 0.785000
184 0.521234 0.788333 0.805000
185 0.510563 0.772778 0.765000
186 0.534725 0.803889 0.795000
187 0.523136 0.754444 0.745000
188 0.514193 0.781667 0.775000
189 0.514447 0.803889 0.780000
190 0.507941 0.794444 0.805000
191 0.515294 0.780000 0.775000
192 0.494117 0.775000 0.755000
193 0.499176 0.798333 0.810000
194 0.519994 0.806667 0.790000
195 0.523687 0.785556 0.810000
196 0.507375 0.793889 0.790000
197 0.513221 0.801667 0.770000
198 0.535337 0.780000 0.790000
199 0.529293 0.731111 0.730000
200 0.513580 0.806111 0.775000
201 0.514013 0.776111 0.755000
202 0.514654 0.795556 0.805000
203 0.506638 0.771111 0.760000
204 0.521540 0.767778 0.740000
205 0.515156 0.800000 0.785000
206 0.497484 0.801111 0.785000
207 0.516789 0.796667 0.805000
208 0.514183 0.780556 0.775000
209 0.506776 0.790556 0.815000
210 0.505163 0.767778 0.740000
211 0.499905 0.783889 0.785000
212 0.507093 0.758333 0.740000
213 0.519597 0.789444 0.810000
214 0.498673 0.794444 0.805000
215 0.510894 0.796667 0.810000
216 0.513521 0.802778 0.780000
217 0.508201 0.774444 0.750000
218 0.490527 0.791667 0.810000
219 0.496556 0.800000 0.810000
220 0.496026 0.764444 0.740000
221 0.498428 0.803889 0.790000
222 0.500963 0.802222 0.805000
223 0.491572 0.785000 0.805000
224 0.505322 0.748889 0.735000
225 0.518650 0.760556 0.735000
226 0.519563 0.802222 0.780000
227 0.508144 0.768889 0.780000
228 0.511349 0.785000 0.800000
229 0.502736 0.793889 0.810000
230 0.499760 0.770556 0.760000
231 0.505183 0.787778 0.810000
232 0.489335 0.764444 0.745000
233 0.498395 0.762222 0.740000
234 0.512632 0.785556 0.800000
235 0.513670 0.783333 0.795000
236 0.500168 0.768889 0.755000
237 0.506786 0.777778 0.790000
238 0.514851 0.788333 0.810000
239 0.501519 0.805556 0.795000
240 0.497550 0.793889 0.810000
241 0.503234 0.799444 0.805000
242 0.506925 0.783333 0.805000
243 0.501167 0.795556 0.810000
244 0.502747 0.793889 0.785000
245 0.512109 0.802778 0.810000
246 0.493344 0.801111 0.780000
247 0.498575 0.758889 0.730000
248 0.504741 0.781667 0.790000
249 0.497965 0.746667 0.730000
250 0.501935 0.783333 0.795000
251 0.510339 0.796667 0.820000
252 0.514700 0.789444 0.805000
253 0.504473 0.802778 0.785000
254 0.499008 0.800000 0.780000
255 0.502224 0.780000 0.785000
256 0.487436 0.776111 0.785000
257 0.502955 0.787222 0.805000
258 0.491406 0.783333 0.790000
259 0.496526 0.804444 0.790000
260 0.504538 0.792778 0.805000
261 0.493098 0.792222 0.810000
262 0.496481 0.800000 0.800000
263 0.501877 0.790556 0.800000
264 0.512727 0.772222 0.770000
265 0.494084 0.791111 0.800000
266 0.494159 0.802778 0.795000
267 0.503173 0.805000 0.805000
268 0.503597 0.786667 0.810000
269 0.495120 0.785556 0.810000
270 0.500701 0.783333 0.790000
271 0.500857 0.791667 0.780000
272 0.508762 0.798333 0.785000
273 0.505327 0.786667 0.810000
274 0.509527 0.792222 0.810000
275 0.495478 0.788333 0.800000
276 0.502461 0.786667 0.810000
277 0.505416 0.770000 0.760000
278 0.502338 0.801111 0.810000
279 0.484318 0.806667 0.785000
280 0.501255 0.785000 0.795000
281 0.507852 0.786667 0.810000
282 0.489499 0.772778 0.770000
283 0.509884 0.786111 0.805000
284 0.501577 0.803889 0.800000
285 0.493082 0.782222 0.795000
286 0.497159 0.804444 0.800000
287 0.501874 0.791667 0.805000
288 0.489126 0.801667 0.805000
289 0.503954 0.803889 0.795000
290 0.503545 0.792778 0.805000
291 0.503103 0.778889 0.785000
292 0.500441 0.789444 0.805000
293 0.496451 0.800000 0.805000
294 0.507489 0.794444 0.815000
295 0.499227 0.791667 0.800000
296 0.493640 0.783889 0.795000
297 0.490732 0.758333 0.735000
298 0.489412 0.802222 0.775000
299 0.496391 0.796111 0.780000
300 0.511419 0.794444 0.810000
301 0.492938 0.778333 0.780000
302 0.500323 0.803889 0.805000
303 0.488272 0.803333 0.805000
304 0.492170 0.801111 0.810000
305 0.495127 0.801111 0.805000
306 0.495084 0.797778 0.800000
307 0.491633 0.805000 0.785000
308 0.507198 0.791111 0.810000
309 0.502585 0.800556 0.785000
310 0.506607 0.790556 0.810000
311 0.493031 0.806667 0.790000
312 0.492522 0.775556 0.775000
313 0.499291 0.786667 0.800000
314 0.505880 0.807222 0.785000
315 0.492974 0.806667 0.775000
316 0.481731 0.804444 0.790000
317 0.504708 0.805556 0.810000
318 0.499603 0.786111 0.805000
319 0.494989 0.805556 0.800000
320 0.502816 0.804444 0.795000
321 0.498897 0.792222 0.810000
322 0.501095 0.772778 0.785000
323 0.491050 0.788333 0.810000
324 0.495056 0.797222 0.810000
325 0.480251 0.796111 0.815000
326 0.493536 0.795000 0.805000
327 0.491701 0.798333 0.805000
328 0.503650 0.798333 0.805000
329 0.498241 0.798333 0.795000
330 0.481334 0.778889 0.785000
331 0.513645 0.786667 0.810000
332 0.492285 0.781111 0.790000
333 0.498747 0.803333 0.800000
334 0.488860 0.805556 0.795000
335 0.500082 0.798889 0.805000
336 0.490875 0.785000 0.800000
337 0.483994 0.805000 0.795000
338 0.503682 0.804444 0.805000
339 0.503196 0.810000 0.805000
340 0.501712 0.789444 0.800000
341 0.497739 0.803333 0.785000
342 0.493030 0.802222 0.785000
343 0.487514 0.790000 0.800000
344 0.494286 0.803333 0.805000
345 0.508700 0.805556 0.785000
346 0.511037 0.793333 0.810000
347 0.509307 0.773889 0.770000
348 0.511016 0.784444 0.810000
349 0.490154 0.790000 0.810000
350 0.487700 0.805000 0.800000
