1 4.071945 0.610165 0.593674
2 1.432326 0.673155 0.654501
3 1.893039 0.741822 0.744526
4 1.150029 0.716680 0.693431
5 1.139420 0.558800 0.557178
6 1.114151 0.746959 0.727494
7 1.023123 0.729657 0.729927
8 1.186289 0.711814 0.671533
9 0.894341 0.750743 0.737226
10 0.970927 0.745877 0.712895
11 1.175994 0.693431 0.688564
12 0.779243 0.675858 0.659367
13 0.704136 0.708840 0.661800
14 0.751525 0.683698 0.681265
15 0.674677 0.761557 0.742092
16 0.682968 0.758043 0.727494
17 0.607218 0.762909 0.727494
18 0.674530 0.732901 0.698297
19 0.619516 0.760476 0.732360
20 0.572126 0.726683 0.717762
21 0.545077 0.772101 0.744526
22 0.541622 0.783185 0.742092
23 0.527638 0.783725 0.766423
24 0.553731 0.772912 0.754258
25 0.513439 0.778589 0.746959
26 0.522605 0.777507 0.756691
27 0.500797 0.778589 0.734793
28 0.508190 0.782374 0.756691
29 0.512422 0.812652 0.778589
30 0.492783 0.776426 0.737226
31 0.470911 0.805893 0.781022
32 0.490340 0.807245 0.781022
33 0.502341 0.811571 0.783455
34 0.479701 0.803460 0.781022
35 0.461716 0.823736 0.805353
36 0.480296 0.795350 0.763990
37 0.465275 0.817789 0.785888
38 0.460872 0.815896 0.781022
39 0.477603 0.816167 0.785888
40 0.451651 0.831035 0.785888
41 0.432243 0.805082 0.763990
42 0.421400 0.816167 0.785888
43 0.442451 0.814274 0.759124
44 0.438811 0.812922 0.795620
45 0.438140 0.834550 0.790754
46 0.439967 0.801838 0.781022
47 0.418433 0.825899 0.800487
48 0.405519 0.815896 0.768856
49 0.416839 0.836713 0.749392
50 0.398008 0.868343 0.810219
51 0.361411 0.878345 0.785888
52 0.358503 0.872668 0.802920
53 0.383932 0.866180 0.783455
54 0.342612 0.849419 0.766423
55 0.361058 0.882671 0.795620
56 0.338490 0.883752 0.819951
57 0.327744 0.890241 0.817518
58 0.320193 0.886726 0.832117
59 0.353021 0.893485 0.788321
60 0.339415 0.884563 0.776156
61 0.321007 0.895107 0.793187
62 0.328965 0.895107 0.805353
63 0.327663 0.896459 0.790754
64 0.325352 0.886456 0.812652
65 0.304728 0.895918 0.783455
66 0.314376 0.908083 0.790754
67 0.302446 0.913490 0.802920
68 0.327644 0.895647 0.781022
69 0.320240 0.895107 0.800487
70 0.307737 0.901595 0.790754
71 0.297024 0.911327 0.812652
72 0.299180 0.902136 0.795620
73 0.313804 0.895107 0.817518
74 0.298507 0.869154 0.783455
75 0.324132 0.900514 0.785888
76 0.290234 0.914842 0.815085
77 0.303227 0.914031 0.810219
78 0.292481 0.885374 0.800487
79 0.302170 0.922141 0.815085
80 0.282992 0.918356 0.795620
81 0.266219 0.925385 0.824818
82 0.262575 0.909705 0.805353
83 0.280960 0.915923 0.827251
84 0.268293 0.920249 0.810219
85 0.248157 0.914031 0.822384
86 0.252509 0.929440 0.824818
87 0.282075 0.917816 0.824818
88 0.253819 0.912679 0.781022
89 0.279026 0.929440 0.819951
90 0.268126 0.926196 0.793187
91 0.245256 0.931062 0.802920
92 0.247071 0.927548 0.817518
93 0.235616 0.866721 0.766423
94 0.242784 0.934307 0.815085
95 0.250755 0.933766 0.810219
96 0.240351 0.924304 0.819951
97 0.253112 0.926196 0.798054
98 0.227589 0.943228 0.832117
99 0.222375 0.938632 0.783455
100 0.198838 0.956204 0.812652
101 0.164098 0.961882 0.795620
102 0.177208 0.955393 0.810219
103 0.172364 0.952960 0.785888
104 0.156495 0.967829 0.810219
105 0.150781 0.966748 0.817518
106 0.161237 0.968640 0.812652
107 0.149816 0.968640 0.802920
108 0.159714 0.971344 0.819951
109 0.146492 0.969181 0.819951
110 0.146882 0.964315 0.817518
111 0.139185 0.971614 0.810219
112 0.134006 0.971073 0.795620
113 0.149708 0.972695 0.798054
114 0.155335 0.967829 0.798054
115 0.154480 0.969722 0.793187
116 0.134787 0.968370 0.793187
117 0.149185 0.955393 0.810219
118 0.147177 0.964315 0.798054
119 0.142259 0.975939 0.793187
120 0.133042 0.973236 0.807786
121 0.132123 0.977562 0.802920
122 0.116130 0.970533 0.790754
123 0.130691 0.970262 0.783455
124 0.128179 0.981076 0.802920
125 0.144020 0.970533 0.783455
126 0.123006 0.980265 0.790754
127 0.125743 0.972155 0.795620
128 0.134562 0.978373 0.790754
129 0.147868 0.958367 0.773723
130 0.141215 0.975128 0.800487
131 0.120500 0.974588 0.812652
132 0.151384 0.968640 0.812652
133 0.137810 0.979995 0.810219
134 0.114258 0.970533 0.807786
135 0.116030 0.980535 0.785888
136 0.133276 0.976480 0.793187
137 0.133195 0.979184 0.810219
138 0.119933 0.973236 0.773723
139 0.135382 0.965396 0.781022
140 0.129706 0.981346 0.807786
141 0.124237 0.968370 0.773723
142 0.124690 0.971614 0.800487
143 0.118644 0.972425 0.798054
144 0.101336 0.984320 0.802920
145 0.130507 0.976750 0.810219
146 0.129976 0.978102 0.807786
147 0.104299 0.985131 0.827251
148 0.139881 0.965126 0.819951
149 0.125924 0.978373 0.812652
150 0.107643 0.990268 0.807786
151 0.082501 0.992430 0.812652
152 0.073648 0.992430 0.807786
153 0.068479 0.992160 0.802920
154 0.073841 0.994593 0.795620
155 0.074684 0.992701 0.793187
156 0.074913 0.991349 0.807786
157 0.072310 0.993241 0.795620
158 0.075576 0.991890 0.800487
159 0.071503 0.992971 0.805353
160 0.073434 0.992701 0.805353
161 0.079859 0.992430 0.798054
162 0.075859 0.992701 0.798054
163 0.075762 0.993782 0.815085
164 0.069198 0.993782 0.815085
165 0.068001 0.993241 0.802920
166 0.062801 0.993782 0.805353
167 0.067006 0.992971 0.793187
168 0.069291 0.994323 0.805353
169 0.074283 0.992701 0.810219
170 0.062772 0.994052 0.800487
171 0.062984 0.992701 0.812652
172 0.073154 0.992430 0.805353
173 0.069142 0.993241 0.802920
174 0.070416 0.992971 0.810219
175 0.063777 0.993512 0.810219
176 0.066632 0.991079 0.802920
177 0.065483 0.994593 0.812652
178 0.068021 0.993782 0.800487
179 0.067131 0.994863 0.805353
180 0.070252 0.991619 0.812652
181 0.063241 0.993782 0.781022
182 0.080330 0.992971 0.793187
183 0.067061 0.987024 0.798054
184 0.084987 0.989186 0.802920
185 0.082134 0.992701 0.800487
186 0.070881 0.994593 0.795620
187 0.063758 0.991619 0.800487
188 0.057666 0.994052 0.800487
189 0.066922 0.994593 0.815085
190 0.058336 0.995134 0.795620
191 0.066288 0.995675 0.802920
192 0.056475 0.995134 0.793187
193 0.065340 0.993241 0.793187
194 0.059684 0.995134 0.798054
195 0.063579 0.993512 0.812652
196 0.065932 0.994863 0.793187
197 0.061427 0.995404 0.802920
198 0.062322 0.996215 0.790754
199 0.062674 0.990268 0.795620
200 0.060001 0.995675 0.800487
201 0.055527 0.996215 0.800487
202 0.054036 0.996486 0.802920
203 0.055110 0.997026 0.807786
204 0.048972 0.996756 0.815085
205 0.053154 0.996756 0.802920
206 0.060231 0.997026 0.807786
207 0.051939 0.996215 0.810219
208 0.053704 0.996215 0.793187
209 0.051639 0.996215 0.798054
210 0.052119 0.996215 0.810219
211 0.050248 0.996215 0.802920
212 0.056072 0.996486 0.805353
213 0.052081 0.996215 0.805353
214 0.051130 0.996486 0.800487
215 0.055885 0.995404 0.805353
216 0.051045 0.996756 0.807786
217 0.044009 0.996486 0.805353
218 0.053888 0.996486 0.807786
219 0.057190 0.996756 0.800487
220 0.052243 0.997297 0.800487
221 0.053072 0.997297 0.805353
222 0.050818 0.996756 0.802920
223 0.045767 0.995945 0.807786
224 0.045695 0.996756 0.793187
225 0.052355 0.997837 0.807786
226 0.051850 0.997026 0.807786
227 0.052753 0.997026 0.805353
228 0.053842 0.996486 0.805353
229 0.053314 0.996756 0.798054
230 0.054873 0.996756 0.812652
231 0.049962 0.997297 0.805353
232 0.049647 0.996756 0.812652
233 0.056419 0.997297 0.819951
234 0.044046 0.997567 0.807786
235 0.056439 0.996486 0.807786
236 0.052001 0.996756 0.807786
237 0.048607 0.997026 0.805353
238 0.055264 0.994593 0.798054
239 0.053293 0.997026 0.800487
240 0.054179 0.996215 0.807786
241 0.053000 0.997026 0.802920
242 0.053769 0.996756 0.800487
243 0.051326 0.997026 0.802920
244 0.056024 0.996756 0.815085
245 0.052420 0.995675 0.798054
246 0.051833 0.996756 0.807786
247 0.048161 0.997026 0.805353
248 0.055685 0.996756 0.807786
249 0.047567 0.996486 0.795620
250 0.046446 0.997567 0.805353
251 0.047029 0.997297 0.805353
252 0.045531 0.997297 0.805353
253 0.042297 0.997837 0.802920
254 0.039310 0.997297 0.800487
255 0.041305 0.997297 0.802920
256 0.046496 0.997567 0.798054
257 0.041193 0.997297 0.802920
258 0.042179 0.997297 0.800487
259 0.042721 0.997297 0.805353
260 0.042468 0.997297 0.800487
261 0.043494 0.997567 0.802920
262 0.045306 0.997567 0.798054
263 0.042106 0.997297 0.805353
264 0.038877 0.997837 0.810219
265 0.043230 0.997567 0.812652
266 0.040672 0.997837 0.807786
267 0.037556 0.997567 0.805353
268 0.047891 0.997837 0.805353
269 0.044647 0.998108 0.805353
270 0.041878 0.998108 0.795620
271 0.042045 0.997567 0.810219
272 0.044657 0.997297 0.807786
273 0.041220 0.997297 0.812652
274 0.043553 0.998108 0.807786
275 0.038367 0.997567 0.810219
276 0.039934 0.997837 0.817518
277 0.046926 0.998108 0.812652
278 0.042340 0.997837 0.807786
279 0.042860 0.997837 0.810219
280 0.042386 0.997837 0.805353
281 0.046950 0.998108 0.815085
282 0.044856 0.997837 0.810219
283 0.042413 0.997297 0.815085
284 0.043202 0.997567 0.807786
285 0.046927 0.997297 0.810219
286 0.042401 0.997837 0.800487
287 0.045365 0.998108 0.802920
288 0.042079 0.997567 0.798054
289 0.041937 0.998108 0.798054
290 0.037954 0.997567 0.802920
291 0.040893 0.998108 0.802920
292 0.042528 0.997567 0.805353
293 0.041284 0.997837 0.798054
294 0.038070 0.998108 0.800487
295 0.040184 0.997567 0.798054
296 0.042781 0.997567 0.785888
297 0.045932 0.998108 0.800487
298 0.042172 0.997567 0.795620
299 0.046612 0.997567 0.800487
300 0.041553 0.998108 0.805353
301 0.043173 0.997837 0.798054
302 0.037451 0.998108 0.800487
303 0.039416 0.998108 0.793187
304 0.035705 0.997837 0.800487
305 0.042032 0.998108 0.805353
306 0.043910 0.998108 0.802920
307 0.041109 0.998108 0.807786
308 0.043072 0.997837 0.812652
309 0.042675 0.998108 0.802920
310 0.042375 0.997837 0.807786
311 0.038537 0.998108 0.807786
312 0.038631 0.998108 0.805353
313 0.039421 0.998108 0.802920
314 0.036291 0.998108 0.798054
315 0.039456 0.998108 0.800487
316 0.036931 0.997837 0.807786
317 0.037498 0.997837 0.807786
318 0.037479 0.997837 0.810219
319 0.040741 0.997837 0.805353
320 0.036269 0.997567 0.800487
321 0.042327 0.997837 0.805353
322 0.040072 0.997837 0.802920
323 0.040380 0.997837 0.802920
324 0.039298 0.997837 0.800487
325 0.042433 0.998108 0.795620
326 0.037750 0.998108 0.800487
327 0.039520 0.997837 0.798054
328 0.043799 0.998108 0.802920
329 0.041648 0.997567 0.802920
330 0.042233 0.998108 0.807786
331 0.039485 0.998108 0.798054
332 0.039480 0.997837 0.805353
333 0.036617 0.998108 0.810219
334 0.038682 0.997837 0.802920
335 0.038113 0.998108 0.805353
336 0.035824 0.997837 0.807786
337 0.035582 0.997837 0.798054
338 0.038142 0.997567 0.802920
339 0.038280 0.998108 0.807786
340 0.039987 0.997837 0.805353
341 0.041184 0.997837 0.798054
342 0.042118 0.998108 0.795620
343 0.038130 0.998108 0.793187
344 0.038069 0.997837 0.802920
345 0.041029 0.997837 0.807786
346 0.038220 0.997837 0.805353
347 0.035624 0.998108 0.802920
348 0.039495 0.998108 0.810219
349 0.039609 0.998108 0.798054
350 0.038365 0.998108 0.800487
