1 3.590504 0.581509 0.598540
2 1.456391 0.661800 0.632603
3 1.931692 0.662882 0.698297
4 1.182746 0.708300 0.708029
5 1.174069 0.699108 0.671533
6 1.308662 0.673155 0.688564
7 1.013315 0.685050 0.695864
8 1.021412 0.748310 0.773723
9 0.858908 0.724790 0.732360
10 0.841158 0.688564 0.700730
11 0.739771 0.733712 0.732360
12 0.764405 0.689376 0.666667
13 0.730844 0.753988 0.768856
14 0.691447 0.742903 0.776156
15 0.782183 0.638821 0.654501
16 0.632244 0.744526 0.759124
17 0.674243 0.746418 0.744526
18 0.598950 0.753988 0.768856
19 0.574581 0.762368 0.783455
20 0.600897 0.726413 0.739659
21 0.634665 0.756150 0.776156
22 0.557028 0.762909 0.773723
23 0.619326 0.757502 0.785888
24 0.545591 0.712084 0.717762
25 0.557484 0.718843 0.729927
26 0.581907 0.759394 0.790754
27 0.544636 0.778048 0.773723
28 0.529093 0.738848 0.737226
29 0.540563 0.743444 0.695864
30 0.532685 0.757772 0.751825
31 0.568676 0.635577 0.639903
32 0.585395 0.729386 0.734793
33 0.514794 0.782374 0.766423
34 0.524362 0.779941 0.783455
35 0.503093 0.734793 0.742092
36 0.524735 0.747770 0.751825
37 0.548653 0.778859 0.759124
38 0.510660 0.778318 0.773723
39 0.521610 0.772101 0.761557
40 0.561830 0.799676 0.785888
41 0.525565 0.781022 0.773723
42 0.487568 0.800216 0.759124
43 0.499581 0.802649 0.783455
44 0.502780 0.751014 0.763990
45 0.530159 0.799946 0.800487
46 0.487583 0.805353 0.783455
47 0.496124 0.798594 0.771290
48 0.478160 0.808867 0.773723
49 0.478638 0.803460 0.756691
50 0.464100 0.824006 0.788321
51 0.438617 0.824277 0.802920
52 0.447874 0.791565 0.778589
53 0.442057 0.826980 0.768856
54 0.448935 0.780752 0.759124
55 0.441346 0.797783 0.756691
56 0.432942 0.812652 0.763990
57 0.432364 0.832928 0.802920
58 0.442047 0.798865 0.793187
59 0.424362 0.831035 0.800487
60 0.421000 0.828332 0.798054
61 0.419908 0.830495 0.810219
62 0.417026 0.821844 0.793187
63 0.409615 0.837253 0.783455
64 0.415570 0.831846 0.776156
65 0.418523 0.825899 0.810219
66 0.423139 0.821033 0.793187
67 0.412151 0.822655 0.795620
68 0.424253 0.800216 0.727494
69 0.400706 0.852933 0.805353
70 0.423956 0.843742 0.822384
71 0.403246 0.842119 0.795620
72 0.399569 0.850500 0.795620
73 0.408330 0.847256 0.798054
74 0.390440 0.855637 0.800487
75 0.402754 0.856718 0.817518
76 0.381304 0.838875 0.795620
77 0.398474 0.855637 0.788321
78 0.379996 0.810760 0.795620
79 0.387556 0.850500 0.795620
80 0.388814 0.848878 0.785888
81 0.382161 0.828873 0.768856
82 0.383991 0.835361 0.793187
83 0.396677 0.842390 0.776156
84 0.383300 0.821303 0.768856
85 0.389758 0.853204 0.805353
86 0.364328 0.856718 0.810219
87 0.392010 0.856718 0.812652
88 0.370351 0.859421 0.805353
89 0.349303 0.843201 0.817518
90 0.361178 0.858610 0.807786
91 0.368085 0.872668 0.802920
92 0.370690 0.867261 0.793187
93 0.366027 0.877264 0.827251
94 0.336877 0.800757 0.798054
95 0.385632 0.835091 0.810219
96 0.387592 0.859421 0.844282
97 0.358862 0.870235 0.812652
98 0.356079 0.848608 0.802920
99 0.360725 0.874020 0.802920
100 0.328121 0.890241 0.822384
101 0.318103 0.892133 0.807786
102 0.308547 0.892674 0.790754
103 0.286359 0.897540 0.819951
104 0.306398 0.902947 0.844282
105 0.302652 0.881590 0.800487
106 0.306081 0.896999 0.817518
107 0.289997 0.906191 0.807786
108 0.281901 0.910787 0.812652
109 0.283504 0.907002 0.817518
110 0.295915 0.908894 0.824818
111 0.292031 0.899973 0.832117
112 0.286905 0.894836 0.836983
113 0.291376 0.902947 0.861314
114 0.286734 0.899432 0.834550
115 0.281822 0.908083 0.807786
116 0.284902 0.912409 0.810219
117 0.265031 0.908354 0.817518
118 0.291299 0.918086 0.832117
119 0.271385 0.919438 0.829684
120 0.276238 0.912138 0.824818
121 0.264574 0.917816 0.812652
122 0.276536 0.914842 0.822384
123 0.271573 0.915383 0.822384
124 0.269616 0.915112 0.812652
125 0.263803 0.921330 0.841849
126 0.256261 0.916194 0.829684
127 0.255924 0.921060 0.832117
128 0.252745 0.927818 0.827251
129 0.254718 0.911598 0.810219
130 0.260874 0.921330 0.793187
131 0.257297 0.908354 0.824818
132 0.238297 0.928089 0.834550
133 0.243490 0.912679 0.805353
134 0.259017 0.923222 0.819951
135 0.242572 0.915653 0.810219
136 0.250519 0.918356 0.822384
137 0.247707 0.926737 0.810219
138 0.223183 0.923493 0.822384
139 0.236016 0.931333 0.802920
140 0.255297 0.922682 0.832117
141 0.239285 0.934577 0.824818
142 0.211561 0.938362 0.805353
143 0.225972 0.937010 0.817518
144 0.221185 0.933225 0.836983
145 0.216750 0.931333 0.851582
146 0.227877 0.937010 0.829684
147 0.221241 0.934307 0.824818
148 0.239413 0.922952 0.819951
149 0.230625 0.929170 0.817518
150 0.222566 0.948635 0.817518
151 0.187207 0.953771 0.832117
152 0.173218 0.956204 0.844282
153 0.163038 0.957015 0.827251
154 0.178958 0.959719 0.849148
155 0.177145 0.958637 0.839416
156 0.157125 0.956204 0.812652
157 0.172757 0.960800 0.827251
158 0.170357 0.964585 0.822384
159 0.160599 0.959989 0.827251
160 0.155320 0.965666 0.824818
161 0.159438 0.964044 0.817518
162 0.166235 0.962693 0.844282
163 0.146049 0.964585 0.832117
164 0.144171 0.963504 0.829684
165 0.146349 0.962152 0.819951
166 0.155727 0.964044 0.822384
167 0.150384 0.963504 0.827251
168 0.148834 0.965126 0.827251
169 0.152716 0.956204 0.810219
170 0.138764 0.969451 0.832117
171 0.135087 0.970803 0.829684
172 0.143944 0.969451 0.829684
173 0.136392 0.967288 0.824818
174 0.140535 0.971614 0.812652
175 0.135223 0.973777 0.836983
176 0.142309 0.971614 0.829684
177 0.145682 0.973777 0.832117
178 0.145470 0.967559 0.817518
179 0.147660 0.971073 0.846715
180 0.143176 0.974858 0.829684
181 0.133083 0.968911 0.822384
182 0.133929 0.973506 0.834550
183 0.138584 0.973777 0.829684
184 0.130254 0.972695 0.824818
185 0.139087 0.976750 0.834550
186 0.125264 0.979184 0.841849
187 0.133534 0.976480 0.827251
188 0.124353 0.973236 0.829684
189 0.123981 0.978913 0.827251
190 0.136413 0.974588 0.822384
191 0.140062 0.973236 0.836983
192 0.118662 0.975669 0.832117
193 0.114206 0.977291 0.832117
194 0.129057 0.978102 0.839416
195 0.118731 0.981346 0.822384
196 0.116217 0.977562 0.829684
197 0.142990 0.975128 0.815085
198 0.117293 0.982428 0.836983
199 0.122298 0.977291 0.822384
200 0.105328 0.984861 0.832117
201 0.097353 0.986212 0.824818
202 0.096077 0.987294 0.815085
203 0.098789 0.986483 0.829684
204 0.095186 0.987564 0.844282
205 0.087949 0.987835 0.834550
206 0.091727 0.988646 0.827251
207 0.081667 0.987835 0.834550
208 0.098357 0.987294 0.822384
209 0.102835 0.988105 0.822384
210 0.092839 0.987024 0.836983
211 0.091064 0.984861 0.824818
212 0.088163 0.988646 0.822384
213 0.081389 0.989457 0.819951
214 0.091353 0.988105 0.817518
215 0.088552 0.986483 0.824818
216 0.092201 0.988646 0.824818
217 0.084953 0.989457 0.819951
218 0.086769 0.989727 0.817518
219 0.095819 0.989186 0.827251
220 0.085104 0.989727 0.822384
221 0.095646 0.988646 0.812652
222 0.086359 0.989186 0.812652
223 0.098608 0.989997 0.829684
224 0.080139 0.987294 0.819951
225 0.087556 0.988375 0.812652
226 0.090089 0.990268 0.822384
227 0.091582 0.988375 0.829684
228 0.084059 0.989186 0.817518
229 0.080637 0.989457 0.817518
230 0.082485 0.989186 0.815085
231 0.085812 0.988916 0.817518
232 0.078848 0.989727 0.807786
233 0.090202 0.989457 0.824818
234 0.081460 0.992160 0.832117
235 0.079440 0.991619 0.839416
236 0.085519 0.991079 0.819951
237 0.088203 0.989457 0.815085
238 0.074963 0.990808 0.824818
239 0.077302 0.990538 0.817518
240 0.076079 0.990808 0.819951
241 0.080188 0.989457 0.815085
242 0.078539 0.991890 0.812652
243 0.078210 0.990268 0.822384
244 0.078130 0.991349 0.815085
245 0.079045 0.992430 0.827251
246 0.082974 0.991890 0.815085
247 0.083077 0.988646 0.817518
248 0.085062 0.991619 0.812652
249 0.079897 0.992971 0.817518
250 0.075161 0.993512 0.819951
251 0.067650 0.994052 0.819951
252 0.074055 0.993241 0.824818
253 0.064274 0.992701 0.807786
254 0.065586 0.991890 0.822384
255 0.068918 0.993782 0.817518
256 0.065099 0.992971 0.822384
257 0.069139 0.993241 0.822384
258 0.062100 0.993782 0.822384
259 0.067930 0.993241 0.812652
260 0.071187 0.993512 0.805353
261 0.068789 0.994323 0.810219
262 0.065260 0.994863 0.805353
263 0.068797 0.995134 0.807786
264 0.065293 0.994863 0.822384
265 0.064773 0.993512 0.832117
266 0.067638 0.994863 0.822384
267 0.060767 0.995404 0.812652
268 0.063353 0.995404 0.815085
269 0.061205 0.995134 0.822384
270 0.066875 0.992971 0.815085
271 0.065371 0.994323 0.815085
272 0.063406 0.994863 0.824818
273 0.069411 0.994593 0.817518
274 0.063779 0.995134 0.812652
275 0.060140 0.995134 0.817518
276 0.056568 0.994593 0.817518
277 0.061915 0.993512 0.817518
278 0.060242 0.994593 0.810219
279 0.063961 0.993782 0.815085
280 0.060564 0.994052 0.812652
281 0.065595 0.994593 0.815085
282 0.064483 0.994593 0.827251
283 0.059941 0.994052 0.815085
284 0.068613 0.993782 0.810219
285 0.061009 0.994593 0.812652
286 0.061747 0.995134 0.815085
287 0.060521 0.994593 0.815085
288 0.061313 0.995134 0.810219
289 0.062295 0.994593 0.812652
290 0.059310 0.994323 0.810219
291 0.064329 0.994593 0.819951
292 0.057444 0.994593 0.805353
293 0.070866 0.994863 0.812652
294 0.066501 0.993782 0.812652
295 0.068977 0.994323 0.827251
296 0.062041 0.994593 0.817518
297 0.066123 0.995134 0.817518
298 0.058335 0.995675 0.810219
299 0.062977 0.994593 0.827251
300 0.058797 0.994863 0.824818
301 0.052647 0.994863 0.815085
302 0.057217 0.996215 0.815085
303 0.054715 0.995945 0.824818
304 0.053737 0.995945 0.819951
305 0.054825 0.995675 0.824818
306 0.052676 0.996215 0.822384
307 0.057566 0.996215 0.822384
308 0.052622 0.995945 0.822384
309 0.058363 0.996215 0.817518
310 0.053814 0.995945 0.817518
311 0.061689 0.995675 0.819951
312 0.050356 0.996215 0.819951
313 0.052301 0.995404 0.819951
314 0.050805 0.995675 0.817518
315 0.063236 0.995675 0.812652
316 0.062839 0.995945 0.812652
317 0.051213 0.996215 0.815085
318 0.055671 0.995945 0.822384
319 0.058824 0.996215 0.824818
320 0.049808 0.995945 0.822384
321 0.054533 0.996486 0.817518
322 0.053155 0.996486 0.807786
323 0.049177 0.996486 0.815085
324 0.054616 0.996215 0.810219
325 0.051459 0.995404 0.819951
326 0.056367 0.995404 0.819951
327 0.053586 0.996215 0.810219
328 0.059409 0.995945 0.819951
329 0.052704 0.995134 0.819951
330 0.058670 0.996486 0.817518
331 0.051136 0.995945 0.817518
332 0.053547 0.996486 0.819951
333 0.049645 0.996215 0.817518
334 0.053446 0.995404 0.810219
335 0.051925 0.994593 0.819951
336 0.057262 0.995675 0.812652
337 0.054793 0.995134 0.817518
338 0.057944 0.996215 0.815085
339 0.053020 0.995675 0.827251
340 0.052035 0.996215 0.807786
341 0.052394 0.996756 0.812652
342 0.052182 0.996215 0.824818
343 0.053393 0.996486 0.827251
344 0.054414 0.996215 0.819951
345 0.058525 0.995675 0.819951
346 0.054185 0.996486 0.822384
347 0.055954 0.997026 0.819951
348 0.053482 0.995945 0.827251
349 0.062867 0.997026 0.824818
350 0.054429 0.996756 0.812652
