1 1.779152 0.674444 0.710000
2 0.634932 0.774444 0.740000
3 0.624086 0.757778 0.680000
4 0.530929 0.783333 0.720000
5 0.476840 0.793333 0.730000
6 0.448038 0.801111 0.700000
7 0.475516 0.773333 0.670000
8 0.499128 0.801111 0.700000
9 0.426377 0.815556 0.700000
10 0.412752 0.823333 0.700000
11 0.394914 0.826667 0.720000
12 0.402698 0.820000 0.720000
13 0.405267 0.828889 0.740000
14 0.379758 0.846667 0.720000
15 0.367196 0.848889 0.760000
16 0.352219 0.850000 0.710000
17 0.339368 0.857778 0.740000
18 0.372220 0.807778 0.760000
19 0.426824 0.836667 0.760000
20 0.364499 0.845556 0.750000
21 0.373924 0.855556 0.760000
22 0.371902 0.831111 0.720000
23 0.346892 0.846667 0.730000
24 0.323207 0.840000 0.730000
25 0.333507 0.847778 0.760000
26 0.308613 0.862222 0.710000
27 0.312692 0.865556 0.770000
28 0.304153 0.865556 0.740000
29 1.691147 0.793333 0.720000
30 0.460293 0.806667 0.740000
31 0.393352 0.825556 0.700000
32 0.384491 0.843333 0.690000
33 0.384831 0.843333 0.720000
34 0.347332 0.851111 0.720000
35 0.357021 0.847778 0.710000
36 0.318683 0.866667 0.740000
37 0.311804 0.868889 0.690000
38 0.302757 0.861111 0.730000
39 0.327063 0.825556 0.760000
40 0.308728 0.873333 0.760000
41 0.286467 0.842222 0.640000
42 0.282006 0.873333 0.720000
43 0.305915 0.878889 0.730000
44 0.298215 0.860000 0.660000
45 0.289900 0.882222 0.730000
46 0.270197 0.884444 0.680000
47 0.294740 0.874444 0.750000
48 0.299823 0.880000 0.710000
49 0.286865 0.886667 0.690000
50 0.251060 0.901111 0.710000
51 0.238204 0.887778 0.700000
52 0.226309 0.902222 0.680000
53 0.322282 0.900000 0.710000
54 0.247518 0.897778 0.720000
55 0.234325 0.905556 0.730000
56 0.219311 0.903333 0.700000
57 0.220163 0.901111 0.670000
58 0.216514 0.914444 0.710000
59 0.222311 0.916667 0.690000
60 0.222077 0.911111 0.690000
61 0.236838 0.906667 0.710000
62 0.222049 0.910000 0.730000
63 0.214818 0.904444 0.710000
64 0.237842 0.896667 0.700000
65 0.219308 0.912222 0.710000
66 0.229663 0.904444 0.760000
67 0.210574 0.906667 0.670000
68 0.206370 0.891111 0.670000
69 0.218264 0.903333 0.720000
70 0.215897 0.918889 0.700000
71 0.211447 0.917778 0.670000
72 0.225610 0.911111 0.690000
73 0.226836 0.901111 0.670000
74 0.197802 0.910000 0.680000
75 0.189471 0.918889 0.730000
76 0.209923 0.904444 0.710000
77 0.207369 0.904444 0.680000
78 0.205641 0.918889 0.700000
79 0.183223 0.915556 0.690000
80 0.199005 0.918889 0.710000
81 0.227181 0.907778 0.690000
82 0.189728 0.925556 0.740000
83 0.193382 0.916667 0.720000
84 0.191389 0.918889 0.720000
85 0.213324 0.907778 0.710000
86 0.198669 0.924444 0.720000
87 0.192160 0.932222 0.710000
88 0.189348 0.916667 0.740000
89 0.189329 0.916667 0.700000
90 0.200852 0.926667 0.740000
91 0.197488 0.923333 0.710000
92 0.206329 0.924444 0.720000
93 0.190651 0.927778 0.720000
94 0.181390 0.925556 0.710000
95 0.182813 0.927778 0.710000
96 0.193982 0.926667 0.710000
97 0.187829 0.928889 0.720000
98 0.217092 0.915556 0.750000
99 0.196650 0.918889 0.700000
100 0.168524 0.926667 0.710000
101 0.157067 0.930000 0.740000
102 0.170557 0.931111 0.730000
103 0.171044 0.933333 0.710000
104 0.156461 0.931111 0.740000
105 0.161063 0.928889 0.720000
106 0.150508 0.933333 0.750000
107 0.173471 0.925556 0.680000
108 0.165005 0.934444 0.750000
109 0.158579 0.932222 0.750000
110 0.159466 0.931111 0.720000
111 0.152027 0.933333 0.730000
112 0.160967 0.933333 0.730000
113 0.154458 0.934444 0.720000
114 0.148575 0.935556 0.690000
115 0.163064 0.930000 0.740000
116 0.164668 0.934444 0.740000
117 0.189950 0.928889 0.750000
118 0.142775 0.935556 0.730000
119 0.160601 0.931111 0.750000
120 0.162784 0.931111 0.740000
121 0.168228 0.935556 0.750000
122 0.295153 0.930000 0.750000
123 0.158429 0.936667 0.730000
124 0.155605 0.932222 0.700000
125 0.144249 0.933333 0.750000
126 0.158370 0.931111 0.690000
127 0.142522 0.931111 0.720000
128 0.153030 0.932222 0.720000
129 0.160747 0.935556 0.740000
130 0.176539 0.931111 0.700000
131 0.147543 0.932222 0.730000
132 0.147782 0.936667 0.740000
133 0.147663 0.933333 0.730000
134 0.148242 0.940000 0.720000
135 0.150229 0.936667 0.740000
136 0.162070 0.938889 0.710000
137 0.148505 0.936667 0.760000
138 0.149931 0.938889 0.710000
139 0.155377 0.934444 0.720000
140 0.154447 0.937778 0.700000
141 0.142674 0.937778 0.730000
142 0.157789 0.933333 0.700000
143 0.158394 0.935556 0.710000
144 0.156536 0.930000 0.730000
145 0.317213 0.923333 0.740000
146 0.194215 0.941111 0.720000
147 0.171166 0.936667 0.690000
148 0.153582 0.940000 0.710000
149 0.148206 0.937778 0.730000
150 0.207780 0.936667 0.700000
151 0.147172 0.941111 0.740000
152 0.135547 0.938889 0.730000
153 0.145247 0.940000 0.730000
154 0.146432 0.935556 0.730000
155 0.130593 0.941111 0.730000
156 0.134693 0.940000 0.740000
157 0.138699 0.940000 0.720000
158 0.139921 0.937778 0.740000
159 0.150342 0.940000 0.730000
160 0.136858 0.941111 0.760000
161 0.136263 0.937778 0.750000
162 0.138159 0.940000 0.740000
163 0.138270 0.935556 0.740000
164 0.131150 0.938889 0.720000
165 0.127761 0.934444 0.740000
166 0.143969 0.940000 0.730000
167 0.147842 0.940000 0.740000
168 0.136293 0.938889 0.740000
169 0.130707 0.942222 0.730000
170 0.137466 0.938889 0.730000
171 0.135243 0.945556 0.720000
172 0.126473 0.941111 0.710000
173 0.139656 0.940000 0.720000
174 0.125417 0.943333 0.700000
175 0.136574 0.941111 0.700000
176 0.132643 0.934444 0.720000
177 0.158150 0.934444 0.730000
178 0.126248 0.941111 0.730000
179 0.129895 0.945556 0.730000
180 0.129543 0.942222 0.740000
181 0.134620 0.943333 0.730000
182 0.129944 0.941111 0.730000
183 0.127301 0.941111 0.730000
184 0.123740 0.945556 0.740000
185 0.128973 0.942222 0.710000
186 0.137067 0.943333 0.730000
187 0.132032 0.940000 0.740000
188 0.136918 0.941111 0.730000
189 0.134578 0.941111 0.730000
190 0.127305 0.944444 0.740000
191 0.128466 0.942222 0.720000
192 0.130253 0.942222 0.720000
193 0.133423 0.942222 0.710000
194 0.130037 0.941111 0.710000
195 0.127264 0.943333 0.730000
196 0.130066 0.945556 0.730000
197 0.133650 0.944444 0.710000
198 0.134617 0.940000 0.730000
199 0.132203 0.943333 0.730000
200 0.124538 0.943333 0.710000
201 0.124955 0.944444 0.710000
202 0.119348 0.942222 0.730000
203 0.121338 0.946667 0.740000
204 0.125971 0.942222 0.730000
205 0.119463 0.944444 0.730000
206 0.121675 0.945556 0.740000
207 0.121823 0.944444 0.700000
208 0.124182 0.943333 0.730000
209 0.126569 0.946667 0.720000
210 0.121333 0.943333 0.740000
211 0.120422 0.942222 0.710000
212 0.123301 0.943333 0.700000
213 0.124982 0.944444 0.720000
214 0.118401 0.945556 0.710000
215 0.126112 0.945556 0.710000
216 0.128253 0.944444 0.720000
217 0.120342 0.946667 0.720000
218 0.127648 0.946667 0.710000
219 0.127852 0.944444 0.700000
220 0.119567 0.946667 0.700000
221 0.119812 0.943333 0.710000
222 0.121515 0.945556 0.690000
223 0.115267 0.942222 0.680000
224 0.120424 0.943333 0.700000
225 0.113921 0.942222 0.710000
226 0.124546 0.944444 0.730000
227 0.111616 0.941111 0.680000
228 0.119319 0.942222 0.680000
229 0.120548 0.945556 0.730000
230 0.126966 0.944444 0.700000
231 0.119263 0.946667 0.690000
232 0.125899 0.946667 0.700000
233 0.129236 0.945556 0.700000
234 0.111782 0.946667 0.690000
235 0.118197 0.944444 0.700000
236 0.121912 0.943333 0.730000
237 0.120230 0.946667 0.690000
238 0.125295 0.944444 0.680000
239 0.127070 0.945556 0.720000
240 0.125671 0.943333 0.690000
241 0.118512 0.946667 0.680000
242 0.120054 0.945556 0.730000
243 0.126231 0.945556 0.720000
244 0.110835 0.944444 0.700000
245 0.129828 0.945556 0.690000
246 0.115959 0.942222 0.700000
247 0.115969 0.945556 0.710000
248 0.111444 0.944444 0.700000
249 0.120192 0.941111 0.730000
250 0.135063 0.943333 0.720000
251 0.123253 0.946667 0.720000
252 0.114475 0.946667 0.700000
253 0.112465 0.946667 0.710000
254 0.115179 0.946667 0.720000
255 0.131578 0.945556 0.710000
256 0.117433 0.946667 0.720000
257 0.112348 0.946667 0.710000
258 0.116060 0.946667 0.710000
259 0.117767 0.943333 0.710000
260 0.116111 0.944444 0.720000
261 0.115168 0.945556 0.730000
262 0.118285 0.946667 0.720000
263 0.115504 0.946667 0.720000
264 0.115609 0.947778 0.720000
265 0.108619 0.944444 0.730000
266 0.117715 0.948889 0.720000
267 0.117179 0.947778 0.710000
268 0.115770 0.948889 0.730000
269 0.111687 0.947778 0.710000
270 0.111220 0.945556 0.710000
271 0.119586 0.947778 0.720000
272 0.115184 0.946667 0.730000
273 0.109459 0.945556 0.710000
274 0.114774 0.948889 0.710000
275 0.122571 0.948889 0.730000
276 0.122417 0.947778 0.720000
277 0.115214 0.946667 0.720000
278 0.115639 0.947778 0.730000
279 0.112742 0.946667 0.720000
280 0.111644 0.947778 0.700000
281 0.112877 0.946667 0.720000
282 0.118903 0.946667 0.710000
283 0.113680 0.945556 0.720000
284 0.123640 0.948889 0.710000
285 0.122743 0.947778 0.710000
286 0.122216 0.947778 0.710000
287 0.122600 0.946667 0.710000
288 0.122555 0.947778 0.700000
289 0.114466 0.946667 0.700000
290 0.118013 0.945556 0.690000
291 0.110139 0.950000 0.690000
292 0.113434 0.948889 0.720000
293 0.119379 0.946667 0.730000
294 0.115387 0.948889 0.720000
295 0.117353 0.946667 0.700000
296 0.116544 0.946667 0.730000
297 0.107310 0.950000 0.710000
298 0.117941 0.947778 0.710000
299 0.115270 0.948889 0.720000
300 0.117653 0.948889 0.700000
301 0.115520 0.951111 0.720000
302 0.120923 0.950000 0.710000
303 0.119246 0.948889 0.720000
304 0.110621 0.950000 0.700000
305 0.112475 0.950000 0.700000
306 0.108180 0.947778 0.710000
307 0.112647 0.946667 0.720000
308 0.120109 0.946667 0.720000
309 0.111892 0.948889 0.700000
310 0.114593 0.948889 0.720000
311 0.112135 0.946667 0.710000
312 0.111300 0.948889 0.720000
313 0.121342 0.950000 0.700000
314 0.118682 0.947778 0.700000
315 0.112686 0.948889 0.710000
316 0.108824 0.947778 0.710000
317 0.116127 0.947778 0.710000
318 0.117722 0.945556 0.730000
319 0.117518 0.944444 0.710000
320 0.112302 0.948889 0.710000
321 0.115509 0.947778 0.700000
322 0.111975 0.948889 0.710000
323 0.111394 0.947778 0.690000
324 0.113333 0.950000 0.710000
325 0.115282 0.950000 0.710000
326 0.118618 0.950000 0.700000
327 0.114123 0.945556 0.700000
328 0.114613 0.946667 0.710000
329 0.116788 0.947778 0.710000
330 0.113152 0.948889 0.700000
331 0.111455 0.946667 0.690000
332 0.115648 0.950000 0.710000
333 0.111337 0.948889 0.690000
334 0.107900 0.951111 0.720000
335 0.103516 0.950000 0.700000
336 0.112865 0.945556 0.710000
337 0.109015 0.947778 0.710000
338 0.116159 0.950000 0.690000
339 0.113923 0.951111 0.710000
340 0.114186 0.947778 0.700000
341 0.108595 0.948889 0.720000
342 0.115193 0.950000 0.710000
343 0.110138 0.950000 0.710000
344 0.109583 0.948889 0.710000
345 0.113246 0.948889 0.680000
346 0.114525 0.946667 0.710000
347 0.113537 0.948889 0.710000
348 0.118943 0.947778 0.700000
349 0.118679 0.950000 0.700000
350 0.111011 0.951111 0.710000
