1 3.704942 0.649905 0.639903
2 1.409136 0.669370 0.666667
3 1.358467 0.668018 0.678832
4 1.241880 0.706407 0.717762
5 1.186133 0.663963 0.688564
6 1.233996 0.630711 0.637470
7 1.387606 0.716951 0.737226
8 0.887374 0.739930 0.742092
9 1.041022 0.555556 0.557178
10 0.991641 0.742092 0.734793
11 0.867952 0.728846 0.703163
12 0.683652 0.663963 0.639903
13 0.944325 0.655583 0.698297
14 0.783719 0.601514 0.562044
15 0.640855 0.732090 0.751825
16 0.633188 0.732901 0.725061
17 0.750601 0.610706 0.581509
18 0.614535 0.739930 0.751825
19 0.573313 0.729657 0.734793
20 0.575038 0.736686 0.737226
21 0.560936 0.744255 0.759124
22 0.542504 0.742903 0.737226
23 0.559138 0.667478 0.647202
24 0.571496 0.737226 0.712895
25 0.542011 0.745337 0.732360
26 0.585402 0.701541 0.717762
27 0.542429 0.759665 0.768856
28 0.559574 0.744796 0.732360
29 0.539473 0.760205 0.761557
30 0.529246 0.748851 0.720195
31 0.533064 0.781292 0.768856
32 0.535647 0.766153 0.729927
33 0.531586 0.778859 0.761557
34 0.526638 0.777778 0.754258
35 0.524167 0.751014 0.734793
36 0.524459 0.768316 0.749392
37 0.506274 0.776156 0.766423
38 0.507058 0.800487 0.776156
39 0.548125 0.789403 0.763990
40 0.495818 0.786429 0.763990
41 0.500464 0.798054 0.768856
42 0.504019 0.789403 0.759124
43 0.480848 0.803460 0.771290
44 0.527074 0.778048 0.751825
45 0.523054 0.784536 0.761557
46 0.502505 0.770479 0.742092
47 0.498100 0.771560 0.763990
48 0.477391 0.804001 0.773723
49 0.476494 0.789673 0.756691
50 0.459081 0.817248 0.776156
51 0.469678 0.808597 0.761557
52 0.442262 0.806975 0.793187
53 0.449014 0.812382 0.768856
54 0.447214 0.816437 0.771290
55 0.438815 0.808597 0.746959
56 0.429074 0.816437 0.800487
57 0.449430 0.836983 0.771290
58 0.446220 0.824277 0.776156
59 0.447012 0.754799 0.686131
60 0.439551 0.824818 0.773723
61 0.426022 0.827521 0.781022
62 0.454971 0.833198 0.776156
63 0.441291 0.840227 0.776156
64 0.432984 0.835091 0.785888
65 0.450230 0.821844 0.788321
66 0.429041 0.822655 0.783455
67 0.422864 0.837794 0.783455
68 0.411730 0.826710 0.781022
69 0.422290 0.843201 0.795620
70 0.419895 0.829413 0.785888
71 0.415141 0.826440 0.788321
72 0.410845 0.843471 0.790754
73 0.417758 0.828602 0.761557
74 0.435415 0.834009 0.783455
75 0.402792 0.842390 0.807786
76 0.414500 0.842660 0.781022
77 0.421149 0.839416 0.785888
78 0.401551 0.847526 0.805353
79 0.404343 0.819951 0.802920
80 0.392006 0.840227 0.798054
81 0.402786 0.851041 0.798054
82 0.407654 0.835361 0.793187
83 0.392076 0.842931 0.790754
84 0.408383 0.858610 0.810219
85 0.398110 0.851852 0.795620
86 0.381390 0.841038 0.807786
87 0.388845 0.846715 0.798054
88 0.421664 0.841308 0.795620
89 0.409637 0.855366 0.785888
90 0.373820 0.845364 0.805353
91 0.388881 0.860232 0.815085
92 0.369108 0.846986 0.798054
93 0.377729 0.864288 0.800487
94 0.378402 0.815085 0.756691
95 0.406572 0.862666 0.805353
96 0.384372 0.851852 0.807786
97 0.374898 0.868072 0.817518
98 0.377669 0.821573 0.785888
99 0.384415 0.856718 0.802920
100 0.369597 0.883482 0.805353
101 0.320106 0.875642 0.834550
102 0.327845 0.886185 0.793187
103 0.316531 0.867802 0.812652
104 0.334413 0.892403 0.800487
105 0.320073 0.894296 0.807786
106 0.326387 0.888348 0.805353
107 0.323961 0.890511 0.781022
108 0.318397 0.888348 0.795620
109 0.318157 0.888889 0.829684
110 0.335500 0.887537 0.793187
111 0.323261 0.882130 0.795620
112 0.320635 0.896459 0.817518
113 0.311445 0.899162 0.788321
114 0.307163 0.895377 0.810219
115 0.310061 0.897270 0.798054
116 0.303690 0.898621 0.793187
117 0.311920 0.896188 0.790754
118 0.305051 0.890781 0.788321
119 0.301541 0.905921 0.800487
120 0.289445 0.896459 0.815085
121 0.285144 0.896999 0.812652
122 0.285801 0.887537 0.800487
123 0.282554 0.901325 0.800487
124 0.290143 0.914301 0.819951
125 0.289956 0.898081 0.793187
126 0.289506 0.905109 0.810219
127 0.286241 0.905921 0.815085
128 0.285860 0.907272 0.795620
129 0.263329 0.911868 0.817518
130 0.284050 0.914301 0.802920
131 0.277550 0.910516 0.815085
132 0.297493 0.911598 0.790754
133 0.279296 0.912409 0.802920
134 0.250891 0.917816 0.812652
135 0.282810 0.913490 0.802920
136 0.271978 0.922411 0.793187
137 0.265514 0.911598 0.798054
138 0.280954 0.924845 0.802920
139 0.263117 0.922682 0.793187
140 0.259118 0.920249 0.781022
141 0.274232 0.918897 0.810219
142 0.258178 0.919708 0.822384
143 0.266700 0.907813 0.817518
144 0.238346 0.929440 0.805353
145 0.257263 0.914031 0.807786
146 0.258783 0.924845 0.802920
147 0.266348 0.925115 0.805353
148 0.254730 0.929711 0.805353
149 0.237795 0.929440 0.795620
150 0.206747 0.940524 0.788321
151 0.200113 0.939443 0.802920
152 0.202779 0.948635 0.810219
153 0.207916 0.947824 0.798054
154 0.203436 0.946202 0.798054
155 0.215741 0.944580 0.788321
156 0.217585 0.945931 0.783455
157 0.203957 0.944580 0.781022
158 0.191935 0.952690 0.802920
159 0.200342 0.948364 0.798054
160 0.195792 0.949446 0.790754
161 0.210483 0.951068 0.798054
162 0.190630 0.946742 0.785888
163 0.187573 0.951068 0.785888
164 0.197499 0.949716 0.783455
165 0.196478 0.953231 0.800487
166 0.188478 0.953231 0.793187
167 0.192030 0.948905 0.795620
168 0.192652 0.950798 0.795620
169 0.191107 0.947013 0.795620
170 0.186799 0.952690 0.778589
171 0.193846 0.953231 0.800487
172 0.188276 0.951068 0.790754
173 0.185799 0.954582 0.788321
174 0.188139 0.950527 0.773723
175 0.175245 0.955123 0.793187
176 0.171064 0.952149 0.785888
177 0.175003 0.950798 0.795620
178 0.188981 0.952690 0.781022
179 0.182156 0.952690 0.778589
180 0.184608 0.958367 0.788321
181 0.167747 0.954582 0.776156
182 0.189665 0.950257 0.778589
183 0.185268 0.959448 0.768856
184 0.183712 0.961611 0.790754
185 0.168097 0.954312 0.761557
186 0.166423 0.962422 0.783455
187 0.182815 0.951879 0.785888
188 0.179122 0.960800 0.798054
189 0.171417 0.962422 0.785888
190 0.157258 0.957286 0.802920
191 0.166134 0.964855 0.798054
192 0.180996 0.956745 0.790754
193 0.155514 0.966748 0.778589
194 0.143558 0.965126 0.798054
195 0.178346 0.963233 0.785888
196 0.162355 0.963504 0.783455
197 0.175235 0.966207 0.781022
198 0.149294 0.965396 0.783455
199 0.153124 0.968370 0.778589
200 0.143787 0.974588 0.781022
201 0.129004 0.974588 0.790754
202 0.139958 0.977832 0.783455
203 0.141171 0.976750 0.785888
204 0.135343 0.975669 0.773723
205 0.125254 0.974858 0.778589
206 0.124834 0.974858 0.790754
207 0.123160 0.978373 0.776156
208 0.126547 0.977291 0.776156
209 0.123187 0.981887 0.771290
210 0.131406 0.978102 0.785888
211 0.126628 0.977291 0.790754
212 0.113129 0.978913 0.785888
213 0.110922 0.978913 0.795620
214 0.125130 0.977832 0.781022
215 0.139278 0.977832 0.785888
216 0.127732 0.980265 0.785888
217 0.124028 0.980535 0.776156
218 0.130341 0.978643 0.788321
219 0.123858 0.981076 0.793187
220 0.118618 0.979184 0.788321
221 0.119201 0.983779 0.783455
222 0.116822 0.982698 0.788321
223 0.112165 0.979454 0.783455
224 0.113016 0.979995 0.783455
225 0.123230 0.979724 0.788321
226 0.111122 0.982428 0.795620
227 0.118389 0.983239 0.795620
228 0.120278 0.981346 0.800487
229 0.120224 0.980806 0.802920
230 0.110582 0.984320 0.778589
231 0.117288 0.982428 0.800487
232 0.112920 0.983779 0.790754
233 0.109113 0.980806 0.783455
234 0.104620 0.981617 0.773723
235 0.103520 0.984320 0.783455
236 0.099412 0.987024 0.788321
237 0.115402 0.980806 0.768856
238 0.115944 0.980806 0.788321
239 0.110082 0.984590 0.790754
240 0.117704 0.983779 0.788321
241 0.103718 0.982698 0.778589
242 0.108809 0.985672 0.778589
243 0.106254 0.987024 0.783455
244 0.096970 0.987024 0.785888
245 0.101388 0.982968 0.783455
246 0.106101 0.983239 0.785888
247 0.107313 0.982968 0.773723
248 0.108715 0.987024 0.773723
249 0.099723 0.985131 0.778589
250 0.098571 0.988375 0.783455
251 0.091550 0.989457 0.776156
252 0.084919 0.989997 0.778589
253 0.088853 0.988646 0.776156
254 0.091618 0.990538 0.790754
255 0.087038 0.988375 0.785888
256 0.090129 0.989186 0.763990
257 0.087217 0.990538 0.778589
258 0.088172 0.989457 0.783455
259 0.089820 0.991349 0.771290
260 0.083428 0.990268 0.783455
261 0.082496 0.989186 0.773723
262 0.092356 0.989457 0.778589
263 0.081808 0.991349 0.773723
264 0.086850 0.990268 0.788321
265 0.085092 0.989997 0.798054
266 0.081338 0.988916 0.783455
267 0.085213 0.991079 0.790754
268 0.081643 0.990538 0.785888
269 0.085817 0.990808 0.781022
270 0.081708 0.990268 0.783455
271 0.083925 0.991079 0.781022
272 0.090758 0.990268 0.771290
273 0.086409 0.992701 0.783455
274 0.085729 0.990538 0.778589
275 0.074723 0.990808 0.783455
276 0.076785 0.990808 0.771290
277 0.074706 0.989997 0.771290
278 0.083930 0.990808 0.793187
279 0.082063 0.991349 0.773723
280 0.079738 0.990268 0.781022
281 0.091189 0.989727 0.778589
282 0.085224 0.990538 0.778589
283 0.087685 0.991079 0.781022
284 0.082784 0.990538 0.785888
285 0.081581 0.990538 0.776156
286 0.077047 0.991079 0.785888
287 0.081658 0.992160 0.776156
288 0.087528 0.990808 0.778589
289 0.079638 0.992160 0.776156
290 0.079846 0.990808 0.785888
291 0.082216 0.990538 0.771290
292 0.078637 0.992160 0.783455
293 0.078629 0.989997 0.778589
294 0.078343 0.991619 0.781022
295 0.081882 0.990268 0.778589
296 0.073336 0.991079 0.768856
297 0.082673 0.991619 0.788321
298 0.085669 0.993241 0.763990
299 0.085464 0.990808 0.790754
300 0.076966 0.992701 0.785888
301 0.081141 0.992430 0.778589
302 0.070314 0.992160 0.783455
303 0.068219 0.992430 0.783455
304 0.075911 0.992160 0.778589
305 0.071819 0.992430 0.776156
306 0.073600 0.993512 0.783455
307 0.069711 0.993241 0.783455
308 0.067669 0.993241 0.776156
309 0.075607 0.993241 0.773723
310 0.075597 0.993782 0.776156
311 0.068105 0.993512 0.788321
312 0.071489 0.992701 0.783455
313 0.070964 0.993782 0.776156
314 0.069591 0.993512 0.783455
315 0.068320 0.993782 0.781022
316 0.068018 0.993241 0.790754
317 0.071749 0.993241 0.773723
318 0.067933 0.993512 0.781022
319 0.073352 0.994052 0.790754
320 0.063182 0.993782 0.795620
321 0.072586 0.994052 0.790754
322 0.068178 0.994593 0.783455
323 0.074891 0.993782 0.783455
324 0.070433 0.993241 0.776156
325 0.063695 0.993241 0.778589
326 0.067070 0.993782 0.788321
327 0.069555 0.994052 0.785888
328 0.071246 0.994323 0.785888
329 0.068241 0.993512 0.778589
330 0.067137 0.994323 0.783455
331 0.063322 0.994323 0.785888
332 0.074151 0.993782 0.781022
333 0.074588 0.993241 0.778589
334 0.065315 0.994323 0.776156
335 0.059701 0.995134 0.783455
336 0.069051 0.994863 0.783455
337 0.066112 0.993782 0.776156
338 0.071725 0.993241 0.788321
339 0.065760 0.994323 0.778589
340 0.063468 0.994052 0.783455
341 0.067445 0.995134 0.783455
342 0.066014 0.995134 0.778589
343 0.067270 0.994323 0.781022
344 0.063858 0.993782 0.781022
345 0.062859 0.994323 0.783455
346 0.062278 0.994593 0.783455
347 0.067446 0.994863 0.778589
348 0.062478 0.994323 0.778589
349 0.063044 0.994323 0.785888
350 0.066220 0.994052 0.781022
