1 370.843167 0.223828 0.226000
2 168.821188 0.279395 0.284000
3 63.920533 0.486775 0.470000
4 39.992357 0.433430 0.436000
5 28.507973 0.454323 0.452000
6 25.625197 0.426539 0.424000
7 31.252624 0.430540 0.438000
8 21.897530 0.382752 0.382000
9 25.457893 0.390754 0.374000
10 13.399787 0.494554 0.486000
11 10.166141 0.353856 0.362000
12 9.834944 0.490553 0.486000
13 6.745855 0.433430 0.432000
14 6.314867 0.409647 0.384000
15 6.631394 0.434541 0.416000
16 6.959255 0.479662 0.450000
17 4.786540 0.495221 0.498000
18 4.024579 0.382974 0.382000
19 4.507669 0.400089 0.378000
20 3.311669 0.404534 0.394000
21 4.435886 0.493665 0.488000
22 3.107584 0.438764 0.412000
23 3.717847 0.463214 0.438000
24 3.088916 0.367415 0.344000
25 2.180292 0.384530 0.370000
26 2.477715 0.470994 0.456000
27 3.199681 0.486330 0.470000
28 2.312979 0.399200 0.378000
29 2.267313 0.394754 0.368000
30 2.381766 0.412758 0.392000
31 1.965750 0.492332 0.460000
32 2.263589 0.403423 0.408000
33 2.257520 0.409647 0.392000
34 2.146241 0.392309 0.380000
35 1.950358 0.393865 0.376000
36 1.793812 0.476106 0.450000
37 2.030760 0.350967 0.336000
38 2.088133 0.442543 0.428000
39 2.340907 0.413870 0.384000
40 2.230768 0.482329 0.460000
41 1.880045 0.505890 0.496000
42 2.104221 0.484330 0.456000
43 2.347347 0.462103 0.448000
44 1.877432 0.404090 0.398000
45 1.871256 0.486553 0.462000
46 1.938721 0.493888 0.464000
47 1.822667 0.416759 0.396000
48 1.766099 0.433430 0.442000
49 2.304913 0.478551 0.440000
50 1.794046 0.373639 0.364000
51 1.753175 0.438320 0.436000
52 1.480497 0.422538 0.420000
53 1.509579 0.459435 0.452000
54 1.534358 0.520338 0.496000
55 1.511036 0.473661 0.410000
56 1.539631 0.455212 0.448000
57 1.568764 0.495888 0.490000
58 1.487188 0.501000 0.490000
59 1.688792 0.418760 0.414000
60 1.613577 0.503001 0.486000
61 1.555706 0.473216 0.452000
62 1.688689 0.391420 0.400000
63 1.590736 0.517004 0.512000
64 1.475893 0.497222 0.490000
65 1.465691 0.466548 0.466000
66 1.546770 0.444543 0.428000
67 1.532572 0.460547 0.448000
68 1.482606 0.346299 0.344000
69 1.624852 0.422538 0.400000
70 1.734312 0.383419 0.366000
