1 1.665880 0.718889 0.720000
2 0.689935 0.712222 0.720000
3 0.581144 0.790000 0.810000
4 0.567303 0.777778 0.720000
5 0.513412 0.792222 0.760000
6 0.451734 0.788889 0.730000
7 0.473255 0.752222 0.680000
8 0.437518 0.788889 0.670000
9 0.413496 0.822222 0.710000
10 0.421611 0.811111 0.720000
11 0.409364 0.814444 0.740000
12 0.388404 0.807778 0.730000
13 0.383923 0.848889 0.720000
14 0.374448 0.835556 0.700000
15 0.363343 0.844444 0.670000
16 0.349926 0.825556 0.660000
17 0.342616 0.833333 0.700000
18 0.362234 0.846667 0.730000
19 0.341014 0.853333 0.690000
20 0.337810 0.844444 0.650000
21 0.328715 0.866667 0.680000
22 0.318721 0.881111 0.670000
23 0.307594 0.873333 0.650000
24 0.315628 0.857778 0.680000
25 0.310973 0.893333 0.680000
26 0.282681 0.877778 0.650000
27 0.296212 0.883333 0.700000
28 0.307286 0.873333 0.700000
29 1.075055 0.805556 0.730000
30 0.424910 0.847778 0.700000
31 0.454166 0.847778 0.720000
32 0.512966 0.791111 0.750000
33 0.425541 0.820000 0.670000
34 0.393416 0.825556 0.700000
35 0.415872 0.822222 0.720000
36 0.384042 0.851111 0.700000
37 0.388803 0.833333 0.700000
38 0.370215 0.857778 0.700000
39 0.349278 0.855556 0.710000
40 0.362551 0.843333 0.710000
41 0.350244 0.864444 0.720000
42 0.331337 0.858889 0.720000
43 0.329766 0.867778 0.690000
44 0.324216 0.875556 0.750000
45 0.318201 0.884444 0.740000
46 0.313554 0.871111 0.660000
47 0.306181 0.862222 0.750000
48 0.298735 0.878889 0.680000
49 0.289205 0.891111 0.700000
50 0.271463 0.888889 0.720000
51 0.250040 0.896667 0.730000
52 0.248914 0.898889 0.680000
53 0.327894 0.893333 0.710000
54 0.583886 0.846667 0.690000
55 0.313381 0.898889 0.690000
56 0.280521 0.902222 0.720000
57 0.256231 0.902222 0.720000
58 0.257392 0.906667 0.730000
59 0.236587 0.908889 0.700000
60 0.260430 0.901111 0.710000
61 0.259008 0.908889 0.680000
62 0.228378 0.912222 0.700000
63 0.226998 0.917778 0.690000
64 0.236156 0.903333 0.700000
65 0.239508 0.900000 0.700000
66 0.280141 0.896667 0.680000
67 0.241294 0.908889 0.680000
68 0.234074 0.908889 0.630000
69 0.229327 0.915556 0.680000
70 0.290099 0.895556 0.710000
71 0.284502 0.888889 0.690000
72 0.264868 0.908889 0.680000
73 0.237576 0.897778 0.720000
74 0.218817 0.910000 0.680000
75 0.237790 0.914444 0.710000
76 0.222213 0.910000 0.740000
77 0.210607 0.923333 0.720000
78 0.218736 0.927778 0.710000
79 0.237321 0.918889 0.680000
80 0.510805 0.858889 0.670000
81 0.446550 0.893333 0.690000
82 0.261170 0.901111 0.710000
83 0.241015 0.921111 0.700000
84 0.226804 0.912222 0.720000
85 0.233923 0.918889 0.690000
86 0.219973 0.921111 0.690000
87 0.219577 0.932222 0.700000
88 0.247365 0.920000 0.730000
89 0.236607 0.912222 0.680000
90 0.222993 0.920000 0.690000
91 0.223122 0.923333 0.690000
92 0.216888 0.917778 0.710000
93 0.215481 0.927778 0.720000
94 0.216703 0.925556 0.710000
95 0.210581 0.923333 0.700000
96 0.206961 0.921111 0.730000
97 0.211327 0.905556 0.700000
98 0.210250 0.924444 0.710000
99 0.200216 0.908889 0.710000
100 0.233634 0.925556 0.710000
101 0.191225 0.930000 0.710000
102 0.183500 0.934444 0.720000
103 0.181331 0.925556 0.710000
104 0.184684 0.933333 0.710000
105 0.182116 0.928889 0.710000
106 0.177830 0.928889 0.750000
107 0.173689 0.926667 0.690000
108 0.175896 0.933333 0.710000
109 0.169668 0.935556 0.690000
110 0.178508 0.931111 0.710000
111 0.184647 0.937778 0.730000
112 0.178149 0.932222 0.730000
113 0.168255 0.933333 0.720000
114 0.170299 0.928889 0.710000
115 0.177327 0.937778 0.720000
116 0.185017 0.930000 0.700000
117 0.182242 0.930000 0.720000
118 0.177115 0.934444 0.710000
119 0.164507 0.934444 0.750000
120 0.171855 0.936667 0.720000
121 0.181958 0.935556 0.720000
122 0.162830 0.935556 0.710000
123 0.174607 0.937778 0.700000
124 0.160869 0.933333 0.680000
125 0.167780 0.936667 0.700000
126 0.169085 0.933333 0.680000
127 0.171073 0.932222 0.690000
128 0.179065 0.937778 0.710000
129 0.182922 0.930000 0.690000
130 0.163645 0.933333 0.700000
131 0.174384 0.936667 0.720000
132 0.185256 0.932222 0.730000
133 0.168042 0.936667 0.710000
134 0.160736 0.932222 0.710000
135 0.162233 0.941111 0.710000
136 0.169868 0.933333 0.700000
137 0.169517 0.928889 0.700000
138 0.164773 0.937778 0.730000
139 0.165920 0.934444 0.690000
140 0.170913 0.935556 0.730000
141 0.155296 0.934444 0.720000
142 0.179555 0.937778 0.710000
143 0.160233 0.933333 0.700000
144 0.174390 0.933333 0.680000
145 0.158708 0.940000 0.690000
146 0.153012 0.935556 0.670000
147 0.153127 0.942222 0.680000
148 0.155167 0.940000 0.660000
149 0.149365 0.940000 0.720000
150 0.132728 0.933333 0.680000
151 0.151793 0.940000 0.710000
152 0.146204 0.938889 0.730000
153 0.154970 0.940000 0.720000
154 0.143442 0.943333 0.680000
155 0.149259 0.933333 0.700000
156 0.142468 0.944444 0.690000
157 0.149083 0.938889 0.680000
158 0.142773 0.940000 0.700000
159 0.159102 0.937778 0.670000
160 0.138701 0.941111 0.710000
161 0.150026 0.941111 0.740000
162 0.150711 0.942222 0.710000
163 0.140791 0.938889 0.710000
164 0.143407 0.944444 0.710000
165 0.138007 0.942222 0.730000
166 0.146431 0.940000 0.700000
167 0.144929 0.943333 0.710000
168 0.144058 0.937778 0.710000
169 0.143855 0.941111 0.740000
170 0.142078 0.940000 0.710000
171 0.142945 0.944444 0.700000
172 0.139300 0.942222 0.690000
173 0.141779 0.938889 0.700000
174 0.141322 0.942222 0.690000
175 0.149449 0.943333 0.700000
176 0.133771 0.944444 0.690000
177 0.143774 0.942222 0.690000
178 0.142693 0.941111 0.670000
179 0.148013 0.945556 0.700000
180 0.143391 0.943333 0.700000
181 0.132042 0.945556 0.690000
182 0.138996 0.943333 0.700000
183 0.133038 0.938889 0.710000
184 0.132530 0.945556 0.680000
185 0.136467 0.943333 0.730000
186 0.135796 0.938889 0.700000
187 0.139803 0.943333 0.720000
188 0.140069 0.937778 0.670000
189 0.138321 0.940000 0.690000
190 0.138479 0.938889 0.670000
191 0.126852 0.943333 0.700000
192 0.128002 0.944444 0.710000
193 0.143304 0.942222 0.710000
194 0.138728 0.942222 0.680000
195 0.146466 0.941111 0.700000
196 0.144180 0.935556 0.700000
197 0.137262 0.942222 0.700000
198 0.134299 0.944444 0.700000
199 0.134627 0.943333 0.700000
200 0.137304 0.945556 0.710000
201 0.136630 0.942222 0.700000
202 0.131425 0.941111 0.690000
203 0.133712 0.943333 0.700000
204 0.133548 0.942222 0.730000
205 0.135920 0.943333 0.690000
206 0.127492 0.945556 0.710000
207 0.137333 0.943333 0.700000
208 0.125712 0.945556 0.710000
209 0.125725 0.942222 0.700000
210 0.133980 0.944444 0.690000
211 0.121108 0.944444 0.710000
212 0.137352 0.942222 0.670000
213 0.135780 0.945556 0.710000
214 0.129030 0.942222 0.710000
215 0.128933 0.944444 0.700000
216 0.132938 0.942222 0.710000
217 0.127310 0.943333 0.700000
218 0.127806 0.941111 0.690000
219 0.133259 0.943333 0.700000
220 0.125846 0.944444 0.710000
221 0.125764 0.941111 0.700000
222 0.133763 0.943333 0.680000
223 0.122440 0.944444 0.700000
224 0.127585 0.944444 0.700000
225 0.131466 0.944444 0.690000
226 0.123700 0.943333 0.690000
227 0.123207 0.938889 0.680000
228 0.125483 0.945556 0.680000
229 0.124185 0.941111 0.670000
230 0.123140 0.943333 0.720000
231 0.122145 0.942222 0.690000
232 0.130857 0.945556 0.700000
233 0.125942 0.941111 0.700000
234 0.122601 0.946667 0.690000
235 0.123642 0.943333 0.700000
236 0.129316 0.946667 0.690000
237 0.122636 0.944444 0.690000
238 0.118413 0.945556 0.700000
239 0.122612 0.944444 0.710000
240 0.125352 0.945556 0.710000
241 0.131320 0.943333 0.710000
242 0.126767 0.944444 0.690000
243 0.132184 0.945556 0.720000
244 0.125535 0.943333 0.710000
245 0.141340 0.946667 0.690000
246 0.128954 0.945556 0.710000
247 0.130170 0.943333 0.720000
248 0.124200 0.944444 0.720000
249 0.128042 0.944444 0.730000
250 0.125099 0.945556 0.700000
251 0.119819 0.945556 0.700000
252 0.121236 0.944444 0.690000
253 0.121588 0.946667 0.700000
254 0.124732 0.943333 0.690000
255 0.120182 0.945556 0.700000
256 0.126233 0.944444 0.700000
257 0.116421 0.943333 0.710000
258 0.121462 0.945556 0.700000
259 0.128097 0.946667 0.700000
260 0.127474 0.945556 0.700000
261 0.134018 0.944444 0.710000
262 0.125431 0.942222 0.710000
263 0.128364 0.941111 0.690000
264 0.127249 0.942222 0.690000
265 0.123246 0.945556 0.710000
266 0.120789 0.947778 0.690000
267 0.170576 0.945556 0.700000
268 0.127470 0.946667 0.710000
269 0.127898 0.945556 0.710000
270 0.153671 0.947778 0.700000
271 0.125446 0.942222 0.710000
272 0.118171 0.940000 0.710000
273 0.122794 0.945556 0.700000
274 0.122285 0.942222 0.690000
275 0.119315 0.945556 0.690000
276 0.127035 0.946667 0.700000
277 0.126637 0.944444 0.700000
278 0.167373 0.944444 0.700000
279 0.125754 0.947778 0.680000
280 0.120024 0.944444 0.680000
281 0.116928 0.944444 0.690000
282 0.126664 0.944444 0.710000
283 0.119849 0.946667 0.700000
284 0.125204 0.947778 0.700000
285 0.129807 0.943333 0.710000
286 0.130709 0.944444 0.700000
287 0.122824 0.941111 0.690000
288 0.125178 0.943333 0.720000
289 0.119475 0.943333 0.710000
290 0.118863 0.944444 0.680000
291 0.126569 0.945556 0.680000
292 0.123013 0.944444 0.690000
293 0.120909 0.945556 0.690000
294 0.116060 0.945556 0.700000
295 0.119433 0.945556 0.680000
296 0.113983 0.945556 0.690000
297 0.118126 0.944444 0.700000
298 0.120741 0.944444 0.710000
299 0.120499 0.944444 0.710000
300 0.118632 0.945556 0.720000
301 0.116879 0.944444 0.690000
302 0.116341 0.945556 0.720000
303 0.120934 0.945556 0.690000
304 0.115007 0.945556 0.720000
305 0.123699 0.945556 0.720000
306 0.123985 0.947778 0.710000
307 0.111555 0.946667 0.700000
308 0.124264 0.944444 0.710000
309 0.120920 0.946667 0.710000
310 0.130700 0.947778 0.700000
311 0.124089 0.945556 0.690000
312 0.117248 0.941111 0.700000
313 0.119023 0.946667 0.710000
314 0.115327 0.946667 0.700000
315 0.114218 0.946667 0.690000
316 0.121970 0.945556 0.700000
317 0.116858 0.946667 0.700000
318 0.121094 0.945556 0.710000
319 0.118835 0.944444 0.710000
320 0.118305 0.945556 0.700000
321 0.119888 0.947778 0.710000
322 0.117479 0.944444 0.700000
323 0.120626 0.943333 0.720000
324 0.120349 0.943333 0.710000
325 0.117329 0.945556 0.700000
326 0.120518 0.945556 0.720000
327 0.119914 0.945556 0.720000
328 0.116183 0.945556 0.700000
329 0.118344 0.944444 0.710000
330 0.125293 0.944444 0.710000
331 0.120659 0.944444 0.710000
332 0.121217 0.946667 0.700000
333 0.120398 0.945556 0.690000
334 0.116272 0.950000 0.700000
335 0.110854 0.946667 0.700000
336 0.115032 0.947778 0.710000
337 0.115512 0.945556 0.700000
338 0.127910 0.945556 0.710000
339 0.124457 0.944444 0.690000
340 0.121615 0.945556 0.700000
341 0.116347 0.945556 0.700000
342 0.119228 0.944444 0.690000
343 0.117558 0.944444 0.690000
344 0.122734 0.944444 0.720000
345 0.118425 0.944444 0.720000
346 0.122865 0.945556 0.700000
347 0.121340 0.945556 0.710000
348 0.115869 0.944444 0.710000
349 0.119337 0.947778 0.700000
350 0.122185 0.944444 0.710000
