1 1.091198 0.928994 0.789474
2 0.377146 0.911243 0.894737
3 0.226944 0.893491 0.894737
4 0.153310 0.923077 0.894737
5 0.188901 0.911243 0.789474
6 0.127968 0.970414 0.789474
7 0.098516 0.952663 0.842105
8 0.085039 0.976331 0.894737
9 0.047689 0.982249 0.789474
10 0.095704 0.917160 0.947368
11 0.052805 1.000000 0.947368
12 0.030800 0.928994 0.842105
13 0.045574 0.994083 0.894737
14 0.045502 1.000000 0.947368
15 0.036335 0.982249 0.947368
16 0.134732 0.970414 0.842105
17 0.083388 0.988166 0.947368
18 0.021617 1.000000 0.947368
19 0.016471 1.000000 0.894737
20 0.019000 1.000000 0.947368
21 0.020537 0.970414 0.894737
22 0.038040 0.964497 0.894737
23 0.056845 0.988166 0.947368
24 0.027234 1.000000 0.947368
25 0.021128 1.000000 0.894737
26 0.015849 1.000000 0.947368
27 0.022054 1.000000 0.842105
28 0.019118 1.000000 0.947368
29 0.021240 1.000000 0.894737
30 0.016592 1.000000 0.894737
31 0.021115 1.000000 0.947368
32 0.031887 0.970414 0.894737
33 0.110756 0.875740 0.842105
34 0.132718 0.852071 0.789474
35 0.142527 0.887574 0.789474
36 0.033868 1.000000 0.947368
37 0.022147 1.000000 0.894737
38 0.016255 1.000000 0.894737
39 0.021376 1.000000 0.947368
40 0.018779 1.000000 0.894737
41 0.025754 1.000000 0.894737
42 0.017473 1.000000 0.894737
43 0.016237 1.000000 0.947368
44 0.015308 1.000000 0.947368
45 0.018733 1.000000 0.894737
46 0.015843 1.000000 0.947368
47 0.014451 1.000000 0.894737
48 0.018442 1.000000 0.842105
49 0.014180 1.000000 0.894737
50 0.017940 1.000000 0.894737
51 0.015152 1.000000 0.894737
52 0.010161 1.000000 0.947368
53 0.020495 1.000000 0.947368
54 0.014853 1.000000 0.947368
55 0.010811 1.000000 0.894737
56 0.014861 1.000000 0.947368
57 0.014630 1.000000 0.947368
58 0.012920 1.000000 0.947368
59 0.011345 1.000000 0.947368
60 0.010727 1.000000 0.947368
61 0.014349 1.000000 0.947368
62 0.010047 1.000000 0.947368
63 0.014310 1.000000 0.894737
64 0.013700 1.000000 0.947368
65 0.012753 1.000000 0.947368
66 0.011648 1.000000 0.947368
67 0.010519 1.000000 0.894737
68 0.007661 1.000000 0.947368
69 0.010963 1.000000 0.894737
70 0.014441 1.000000 0.947368
