1 1.044308 0.800000 0.777778
2 0.303256 0.870588 0.833333
3 0.133126 0.958824 0.777778
4 0.111050 0.982353 0.833333
5 0.199752 0.994118 0.833333
6 0.083712 0.994118 0.833333
7 0.099619 0.952941 0.777778
8 0.121506 0.947059 0.833333
9 0.140529 0.970588 0.888889
10 0.055973 0.958824 0.888889
11 0.026119 1.000000 0.888889
12 0.049776 0.994118 0.833333
13 0.024204 1.000000 0.833333
14 0.019901 1.000000 0.833333
15 0.035710 0.947059 0.777778
16 0.055524 0.988235 0.888889
17 0.049972 1.000000 0.888889
18 0.061250 1.000000 0.944444
19 0.073107 0.994118 0.888889
20 0.042462 0.994118 0.777778
21 0.025986 1.000000 0.888889
22 0.028652 0.988235 0.888889
23 0.026379 1.000000 0.888889
24 0.023539 1.000000 0.888889
25 0.045248 1.000000 0.833333
26 0.044061 1.000000 0.888889
27 0.030089 1.000000 0.833333
28 0.034529 1.000000 0.833333
29 0.023781 1.000000 0.777778
30 0.020005 0.994118 0.888889
31 0.030577 0.982353 0.833333
32 0.106298 0.717647 0.722222
33 0.132969 1.000000 0.888889
34 0.049189 0.976471 0.777778
35 0.019835 1.000000 0.777778
36 0.018952 1.000000 0.833333
37 0.017318 1.000000 0.888889
38 0.012126 1.000000 0.777778
39 0.020149 1.000000 0.777778
40 0.013718 1.000000 0.833333
41 0.078582 0.882353 0.833333
42 0.073293 0.952941 0.833333
43 0.030213 1.000000 0.777778
44 0.015959 1.000000 0.833333
45 0.019457 1.000000 0.833333
46 0.017056 1.000000 0.833333
47 0.015497 1.000000 0.777778
48 0.016765 1.000000 0.833333
49 0.013078 1.000000 0.833333
50 0.012956 1.000000 0.833333
51 0.010900 1.000000 0.833333
52 0.012434 1.000000 0.833333
53 0.013508 1.000000 0.833333
54 0.011645 1.000000 0.833333
55 0.010831 1.000000 0.777778
56 0.016803 1.000000 0.833333
57 0.012565 1.000000 0.833333
58 0.012568 1.000000 0.833333
59 0.014432 1.000000 0.777778
60 0.010040 1.000000 0.833333
61 0.014023 1.000000 0.833333
62 0.013971 1.000000 0.833333
63 0.010535 1.000000 0.833333
64 0.014878 1.000000 0.833333
65 0.011618 1.000000 0.833333
66 0.011894 1.000000 0.833333
67 0.010586 1.000000 0.777778
68 0.012721 1.000000 0.833333
69 0.011510 1.000000 0.833333
70 0.011520 1.000000 0.833333
