1 3.231165 0.487407 0.466667
2 1.499965 0.515556 0.446667
3 1.526048 0.524444 0.520000
4 1.366719 0.491852 0.460000
5 1.188201 0.540741 0.486667
6 1.160826 0.525185 0.480000
7 1.220461 0.506667 0.486667
8 1.197916 0.497037 0.453333
9 1.130201 0.528889 0.440000
10 1.024474 0.537778 0.453333
11 0.980134 0.516296 0.493333
12 1.051356 0.551111 0.500000
13 0.999840 0.562963 0.486667
14 1.003698 0.550370 0.493333
15 0.960454 0.557037 0.500000
16 0.968972 0.546667 0.506667
17 0.952384 0.511111 0.486667
18 0.945849 0.557037 0.506667
19 0.941459 0.514074 0.460000
20 0.945393 0.544444 0.493333
21 0.925410 0.557037 0.480000
22 0.934212 0.556296 0.480000
23 0.930295 0.567407 0.506667
24 0.993634 0.543704 0.486667
25 0.960184 0.549630 0.473333
26 0.940927 0.551852 0.480000
27 0.934187 0.571111 0.433333
28 0.926236 0.552593 0.466667
29 0.940724 0.568889 0.493333
30 0.926458 0.562963 0.480000
31 0.935220 0.575556 0.486667
32 0.933153 0.552593 0.506667
33 0.940328 0.577037 0.473333
34 0.980578 0.567407 0.466667
35 0.958017 0.565185 0.446667
36 0.934677 0.536296 0.466667
37 0.960793 0.568889 0.493333
38 0.924335 0.574074 0.480000
39 0.927080 0.574815 0.473333
40 0.923929 0.520000 0.460000
41 0.947486 0.571852 0.473333
42 0.931122 0.569630 0.446667
43 0.932639 0.548889 0.466667
44 0.928995 0.554815 0.446667
45 0.935645 0.534815 0.466667
46 0.988923 0.530370 0.453333
47 0.931639 0.579259 0.473333
48 1.046147 0.526667 0.446667
49 1.106934 0.567407 0.480000
50 0.930004 0.561481 0.480000
51 1.149795 0.566667 0.453333
52 0.929307 0.569630 0.460000
53 0.958670 0.557778 0.493333
54 0.980573 0.570370 0.466667
55 0.931521 0.569630 0.480000
56 0.923296 0.573333 0.466667
57 0.933279 0.564444 0.440000
58 0.913758 0.575556 0.460000
59 0.917849 0.577037 0.480000
60 0.901581 0.581481 0.473333
61 0.928090 0.578519 0.460000
62 0.904095 0.576296 0.473333
63 0.900490 0.577037 0.473333
64 0.921990 0.570370 0.433333
65 0.905325 0.580000 0.466667
66 0.897555 0.567407 0.460000
67 0.914020 0.590370 0.473333
68 0.920400 0.585185 0.466667
69 0.901704 0.585185 0.446667
70 0.895761 0.571852 0.500000
