1 134.603621 0.680000 0.695000
2 64.030373 0.581667 0.600000
3 23.091999 0.667222 0.700000
4 11.362194 0.743333 0.770000
5 9.635840 0.713333 0.745000
6 7.189001 0.777778 0.795000
7 9.211267 0.536111 0.545000
8 3.377769 0.713889 0.720000
9 6.123244 0.762778 0.775000
10 3.026502 0.752778 0.785000
11 3.966026 0.680556 0.715000
12 2.642283 0.712222 0.725000
13 3.454692 0.680000 0.725000
14 8.926938 0.642778 0.660000
15 2.016127 0.741667 0.755000
16 1.731248 0.756111 0.760000
17 1.779096 0.709444 0.725000
18 0.956509 0.721111 0.735000
19 1.030347 0.768333 0.780000
20 1.053049 0.763889 0.760000
21 2.238467 0.776111 0.820000
22 0.786189 0.748333 0.755000
23 4.790850 0.618333 0.615000
24 1.721547 0.724444 0.755000
25 1.706798 0.568333 0.595000
26 1.196798 0.711111 0.730000
27 0.990920 0.756667 0.770000
28 0.842116 0.765000 0.765000
29 0.741951 0.770556 0.790000
30 0.713591 0.775556 0.815000
31 0.853888 0.746667 0.755000
32 0.725509 0.741667 0.795000
33 1.231867 0.529444 0.540000
34 0.997585 0.761111 0.805000
35 0.745732 0.733333 0.740000
36 0.715998 0.744444 0.795000
37 0.907596 0.774444 0.820000
38 0.817159 0.770556 0.785000
39 0.786771 0.760556 0.760000
40 0.700225 0.761667 0.770000
41 1.218793 0.602222 0.635000
42 0.847173 0.736111 0.745000
43 0.654610 0.740556 0.805000
44 0.696845 0.750556 0.755000
45 0.687501 0.772222 0.800000
46 0.690139 0.742222 0.745000
47 0.794767 0.759444 0.800000
48 0.825854 0.693889 0.720000
49 0.807049 0.773889 0.780000
50 0.830492 0.745556 0.805000
51 0.965970 0.775000 0.785000
52 0.720770 0.772778 0.780000
53 0.601609 0.779444 0.800000
54 0.693302 0.595556 0.605000
55 0.618725 0.739444 0.785000
56 0.672648 0.752222 0.805000
57 0.596089 0.755000 0.750000
58 0.621210 0.734444 0.740000
59 0.826951 0.762778 0.765000
60 0.653648 0.770556 0.825000
61 0.633246 0.733333 0.745000
62 0.629338 0.776111 0.775000
63 0.631311 0.761111 0.810000
64 0.658226 0.774444 0.790000
65 0.623639 0.750556 0.765000
66 0.580367 0.745000 0.745000
67 0.577347 0.772778 0.770000
68 0.627507 0.763333 0.765000
69 0.587050 0.758333 0.790000
70 0.599908 0.783889 0.785000
71 0.697708 0.761111 0.770000
72 0.637757 0.751667 0.765000
73 0.653866 0.737778 0.745000
74 0.652155 0.584444 0.600000
75 0.813575 0.779444 0.810000
76 0.556212 0.771667 0.780000
77 0.595541 0.776667 0.830000
78 0.600211 0.735000 0.730000
79 0.568712 0.755556 0.770000
80 0.646670 0.795000 0.815000
81 0.735035 0.762778 0.810000
82 0.614106 0.784444 0.775000
83 0.821236 0.779444 0.790000
84 0.620552 0.721667 0.745000
85 0.793122 0.796111 0.825000
86 0.582858 0.753333 0.750000
87 0.593933 0.770000 0.770000
88 0.619137 0.782778 0.790000
89 0.725440 0.758889 0.765000
90 0.583474 0.750000 0.760000
91 0.582939 0.779444 0.815000
92 0.618161 0.748889 0.765000
93 0.653728 0.769444 0.770000
94 1.365693 0.741111 0.750000
95 1.224675 0.738889 0.745000
96 0.650176 0.769444 0.815000
97 0.677667 0.772222 0.770000
98 0.688195 0.761111 0.765000
99 0.676604 0.751111 0.790000
100 0.567995 0.781111 0.790000
101 0.571667 0.743333 0.755000
102 0.588172 0.786111 0.795000
103 0.551691 0.771111 0.770000
104 0.525310 0.771667 0.775000
105 0.546759 0.788889 0.780000
106 0.558293 0.771667 0.770000
107 0.584346 0.798333 0.825000
108 0.552844 0.788889 0.825000
109 0.548096 0.790556 0.795000
110 0.513041 0.785000 0.805000
111 0.557570 0.774444 0.780000
112 0.533418 0.791667 0.790000
113 0.541557 0.770000 0.765000
114 0.554127 0.748333 0.770000
115 0.540935 0.796111 0.790000
116 0.525488 0.757222 0.770000
117 0.539178 0.791111 0.815000
118 0.561588 0.793333 0.810000
119 0.567379 0.742222 0.785000
120 0.560266 0.792222 0.800000
121 0.674088 0.728333 0.760000
122 0.575001 0.791667 0.815000
123 0.584764 0.786667 0.795000
124 0.554197 0.795556 0.795000
125 0.577286 0.767222 0.765000
126 0.544658 0.792778 0.795000
127 0.601818 0.790000 0.785000
128 0.617976 0.787222 0.830000
129 0.550966 0.798333 0.810000
130 0.606321 0.794444 0.830000
131 0.594612 0.776111 0.765000
132 0.560510 0.750556 0.770000
133 0.529007 0.765556 0.765000
134 0.545073 0.782222 0.785000
135 0.544271 0.774444 0.815000
136 0.573047 0.775000 0.775000
137 0.542494 0.790556 0.820000
138 0.559040 0.797222 0.825000
139 0.509722 0.796667 0.805000
140 0.542828 0.794444 0.835000
141 0.539388 0.752222 0.775000
142 0.555431 0.789444 0.825000
143 0.552019 0.787778 0.820000
144 0.569876 0.746667 0.770000
145 0.548670 0.763333 0.770000
146 0.550998 0.802222 0.820000
147 0.521119 0.793889 0.815000
148 0.534763 0.781111 0.775000
149 0.559960 0.776667 0.805000
150 0.542340 0.799444 0.820000
151 0.535456 0.778333 0.785000
152 0.545351 0.787222 0.800000
153 0.568031 0.758889 0.760000
154 0.535675 0.793333 0.800000
155 0.511159 0.759444 0.765000
156 0.516512 0.803889 0.795000
157 0.521127 0.795556 0.825000
158 0.524831 0.782222 0.775000
159 0.529857 0.801111 0.795000
160 0.532736 0.787778 0.780000
161 0.520186 0.801111 0.810000
162 0.525885 0.762778 0.765000
163 0.511950 0.780556 0.780000
164 0.546700 0.792778 0.830000
165 0.503957 0.785000 0.780000
166 0.504173 0.800000 0.825000
167 0.508981 0.761111 0.770000
168 0.520873 0.743889 0.745000
169 0.536062 0.778889 0.785000
170 0.512337 0.803333 0.825000
171 0.508385 0.740000 0.755000
172 0.505464 0.789444 0.800000
173 0.533059 0.753333 0.750000
174 0.540930 0.787222 0.790000
175 0.511275 0.787222 0.795000
176 0.505970 0.779444 0.780000
177 0.529309 0.793889 0.785000
178 0.536194 0.793333 0.790000
179 0.520379 0.790000 0.790000
180 0.506913 0.798333 0.835000
181 0.526843 0.780000 0.785000
182 0.524096 0.741111 0.745000
183 0.523266 0.793333 0.785000
184 0.535347 0.742222 0.755000
185 0.539291 0.755556 0.770000
186 0.504213 0.771111 0.810000
187 0.508479 0.782778 0.790000
188 0.516724 0.753889 0.765000
189 0.496140 0.802778 0.815000
190 0.504318 0.742222 0.765000
191 0.513867 0.766111 0.765000
192 0.593834 0.788333 0.780000
193 0.520830 0.796667 0.835000
194 0.529263 0.806111 0.795000
195 0.510921 0.802222 0.795000
196 0.510399 0.796667 0.810000
197 0.505845 0.792778 0.790000
198 0.536996 0.795556 0.810000
199 0.544312 0.787778 0.795000
200 0.500803 0.791111 0.830000
201 0.502469 0.795000 0.780000
202 0.507054 0.788333 0.785000
203 0.497772 0.799444 0.780000
204 0.504782 0.788333 0.790000
205 0.488538 0.786667 0.780000
206 0.495921 0.793333 0.785000
207 0.501793 0.802778 0.815000
208 0.494341 0.785556 0.790000
209 0.512355 0.805000 0.825000
210 0.490096 0.783333 0.770000
211 0.516444 0.781111 0.770000
212 0.482053 0.772778 0.765000
213 0.503060 0.783889 0.775000
214 0.495479 0.770000 0.765000
215 0.503623 0.791111 0.780000
216 0.506264 0.790556 0.790000
217 0.487746 0.797222 0.780000
218 0.498269 0.796111 0.810000
219 0.509341 0.790000 0.780000
220 0.492931 0.763333 0.765000
221 0.509337 0.793333 0.825000
222 0.504642 0.781667 0.765000
223 0.510434 0.756667 0.760000
224 0.488669 0.762778 0.770000
225 0.534603 0.787778 0.775000
226 0.494256 0.801667 0.780000
227 0.514141 0.773333 0.760000
228 0.493555 0.802222 0.830000
229 0.486468 0.785000 0.780000
230 0.483280 0.768889 0.765000
231 0.508549 0.758889 0.765000
232 0.496491 0.774444 0.765000
233 0.498486 0.794444 0.800000
234 0.491269 0.782778 0.785000
235 0.484321 0.797778 0.780000
236 0.481672 0.758889 0.765000
237 0.491409 0.782778 0.785000
238 0.497353 0.782778 0.785000
239 0.502421 0.787222 0.785000
240 0.495513 0.786667 0.780000
241 0.480540 0.780556 0.760000
242 0.488721 0.790000 0.795000
243 0.489482 0.783889 0.775000
244 0.488900 0.778333 0.760000
245 0.508014 0.782222 0.785000
246 0.487214 0.794444 0.830000
247 0.497856 0.769444 0.770000
248 0.479535 0.781667 0.775000
249 0.482909 0.758333 0.765000
250 0.486546 0.801111 0.800000
251 0.569304 0.780556 0.785000
252 0.501349 0.787778 0.780000
253 0.483682 0.790556 0.785000
254 0.481368 0.783333 0.775000
255 0.509168 0.787778 0.785000
256 0.474648 0.791667 0.790000
257 0.500115 0.787222 0.780000
258 0.478987 0.785556 0.780000
259 0.482993 0.793333 0.800000
260 0.493699 0.762778 0.765000
261 0.496956 0.784444 0.780000
262 0.483460 0.783333 0.780000
263 0.486450 0.786667 0.780000
264 0.490482 0.785556 0.780000
265 0.478726 0.765000 0.760000
266 0.486832 0.793333 0.785000
267 0.486478 0.793889 0.805000
268 0.488331 0.791111 0.785000
269 0.479493 0.788889 0.785000
270 0.480782 0.779444 0.765000
271 0.499016 0.782222 0.780000
272 0.501072 0.783333 0.780000
273 0.491862 0.777778 0.760000
274 0.495541 0.783889 0.765000
275 0.510046 0.775000 0.765000
276 0.484981 0.801111 0.795000
277 0.486849 0.782778 0.775000
278 0.484286 0.781667 0.770000
279 0.485024 0.778889 0.770000
280 0.482902 0.766111 0.765000
281 0.487334 0.781111 0.770000
282 0.482778 0.745556 0.750000
283 0.486021 0.777778 0.770000
284 0.478320 0.800000 0.815000
285 0.477701 0.787778 0.785000
286 0.492413 0.772778 0.760000
287 0.488736 0.784444 0.775000
288 0.470757 0.782222 0.780000
289 0.488513 0.791111 0.785000
290 0.492226 0.787222 0.765000
291 0.477378 0.771111 0.765000
292 0.475607 0.778889 0.765000
293 0.478797 0.791111 0.800000
294 0.488656 0.791111 0.785000
295 0.478817 0.786111 0.785000
296 0.486720 0.790000 0.785000
297 0.474949 0.754444 0.765000
298 0.484822 0.798333 0.795000
299 0.492825 0.800556 0.790000
300 0.482720 0.781111 0.785000
301 0.487536 0.758889 0.765000
302 0.495732 0.771667 0.750000
303 0.479473 0.787778 0.785000
304 0.482088 0.791111 0.785000
305 0.484601 0.782222 0.775000
306 0.492352 0.779444 0.775000
307 0.474319 0.796111 0.790000
308 0.484949 0.793889 0.790000
309 0.484262 0.771667 0.755000
310 0.494293 0.769444 0.750000
311 0.480098 0.791667 0.790000
312 0.472822 0.782778 0.780000
313 0.454038 0.797222 0.790000
314 0.465629 0.791111 0.790000
315 0.477173 0.789444 0.785000
316 0.474609 0.782222 0.760000
317 0.468574 0.793333 0.790000
318 0.473450 0.805000 0.825000
319 0.462829 0.797778 0.790000
320 0.469845 0.812222 0.810000
321 0.454697 0.784444 0.785000
322 0.466754 0.782778 0.785000
323 0.467437 0.788889 0.780000
324 0.454587 0.791667 0.790000
325 0.443603 0.810000 0.805000
326 0.446619 0.808333 0.805000
327 0.444177 0.802222 0.795000
328 0.466372 0.788889 0.790000
329 0.454823 0.808333 0.815000
330 0.454342 0.809444 0.825000
331 0.439834 0.794444 0.790000
332 0.448325 0.781667 0.775000
333 0.445974 0.815000 0.835000
334 0.458893 0.795000 0.800000
335 0.454727 0.818333 0.820000
336 0.454173 0.810556 0.810000
337 0.446419 0.810000 0.815000
338 0.456211 0.823889 0.820000
339 0.444527 0.809444 0.815000
340 0.441776 0.820000 0.835000
341 0.450658 0.814444 0.820000
342 0.448598 0.825556 0.835000
343 0.453258 0.819444 0.825000
344 0.440514 0.810000 0.835000
345 0.451807 0.803889 0.825000
346 0.453179 0.818889 0.830000
347 0.456306 0.786667 0.790000
348 0.461091 0.823333 0.845000
349 0.448988 0.795000 0.795000
350 0.444187 0.816111 0.830000
