1 3.523934 0.521222 0.520681
2 1.751815 0.683158 0.693431
3 1.754873 0.625034 0.632603
4 1.220676 0.714788 0.732360
5 0.908667 0.743985 0.749392
6 1.182699 0.647202 0.647202
7 1.180542 0.706948 0.705596
8 1.033630 0.635036 0.644769
9 1.258507 0.676129 0.693431
10 0.800684 0.713706 0.712895
11 0.745961 0.683698 0.703163
12 0.803353 0.704515 0.700730
13 0.728321 0.734523 0.756691
14 0.702624 0.742092 0.759124
15 0.630280 0.706677 0.683698
16 0.559110 0.768045 0.763990
17 0.574385 0.713706 0.700730
18 0.603673 0.743174 0.717762
19 0.547880 0.752095 0.763990
20 0.555420 0.750473 0.739659
21 0.576931 0.761287 0.744526
22 0.547818 0.745877 0.742092
23 0.527103 0.782644 0.768856
24 0.519101 0.757232 0.761557
25 0.509408 0.794809 0.761557
26 0.541384 0.768316 0.729927
27 0.520746 0.815085 0.778589
28 0.531943 0.749121 0.725061
29 0.505249 0.733171 0.725061
30 0.510333 0.767775 0.729927
31 0.493552 0.812652 0.776156
32 0.528803 0.782644 0.768856
33 0.488263 0.778048 0.759124
34 0.493253 0.813193 0.773723
35 0.495595 0.797783 0.751825
36 0.482281 0.805082 0.766423
37 0.457230 0.814274 0.759124
38 0.453561 0.810489 0.766423
39 0.490379 0.793998 0.746959
40 0.445257 0.817789 0.742092
41 0.454971 0.828873 0.768856
42 0.455794 0.813193 0.759124
43 0.427570 0.834009 0.778589
44 0.459434 0.819140 0.771290
45 0.438716 0.789403 0.739659
46 0.424526 0.838335 0.768856
47 0.434811 0.763450 0.742092
48 0.436643 0.815085 0.773723
49 0.417059 0.823195 0.744526
50 0.400508 0.861314 0.785888
51 0.389550 0.861855 0.771290
52 0.359584 0.859692 0.785888
53 0.375068 0.871587 0.776156
54 0.382166 0.842660 0.742092
55 0.368711 0.868343 0.771290
56 0.333686 0.874290 0.771290
57 0.377309 0.859692 0.778589
58 0.373248 0.847526 0.773723
59 0.357136 0.865099 0.776156
60 0.358152 0.883482 0.783455
61 0.347335 0.874290 0.785888
62 0.355713 0.864288 0.771290
63 0.354124 0.877805 0.778589
64 0.337889 0.876723 0.790754
65 0.349898 0.878616 0.788321
66 0.342771 0.892133 0.788321
67 0.333926 0.886185 0.783455
68 0.332691 0.859151 0.773723
69 0.342687 0.878886 0.776156
70 0.326152 0.894296 0.800487
71 0.323026 0.893214 0.785888
72 0.326767 0.886726 0.783455
73 0.325116 0.892403 0.790754
74 0.328670 0.892944 0.785888
75 0.325168 0.865369 0.778589
76 0.333900 0.879697 0.751825
77 0.328806 0.898621 0.790754
78 0.311067 0.898351 0.785888
79 0.315913 0.889430 0.793187
80 0.319155 0.882941 0.812652
81 0.308850 0.898621 0.783455
82 0.325546 0.854015 0.749392
83 0.308194 0.888619 0.781022
84 0.306178 0.898351 0.788321
85 0.320414 0.892674 0.785888
86 0.301003 0.903758 0.771290
87 0.304109 0.904028 0.802920
88 0.340247 0.892403 0.795620
89 0.318105 0.916194 0.788321
90 0.275955 0.908354 0.798054
91 0.305206 0.914572 0.800487
92 0.272142 0.912409 0.790754
93 0.295519 0.904569 0.781022
94 0.294072 0.855366 0.771290
95 0.320133 0.902136 0.773723
96 0.282175 0.891592 0.768856
97 0.278607 0.914842 0.800487
98 0.288429 0.896729 0.773723
99 0.311738 0.904569 0.807786
100 0.261300 0.929711 0.781022
101 0.231487 0.934577 0.800487
102 0.216577 0.940795 0.795620
103 0.204793 0.938091 0.800487
104 0.217734 0.945120 0.785888
105 0.202891 0.939713 0.793187
106 0.223219 0.948364 0.805353
107 0.207474 0.954042 0.795620
108 0.198926 0.947283 0.790754
109 0.217620 0.952149 0.795620
110 0.202986 0.950257 0.807786
111 0.217633 0.933225 0.807786
112 0.214579 0.944309 0.800487
113 0.205444 0.943498 0.795620
114 0.209856 0.951068 0.785888
115 0.205374 0.952420 0.815085
116 0.194637 0.951879 0.812652
117 0.203760 0.947824 0.795620
118 0.193872 0.957826 0.795620
119 0.181261 0.957826 0.800487
120 0.189573 0.954042 0.812652
121 0.187897 0.950527 0.785888
122 0.177916 0.959178 0.807786
123 0.191098 0.945391 0.807786
124 0.190057 0.959178 0.805353
125 0.184457 0.954312 0.790754
126 0.186176 0.944850 0.824818
127 0.198325 0.956475 0.790754
128 0.187652 0.954312 0.795620
129 0.172834 0.962152 0.810219
130 0.184633 0.957556 0.795620
131 0.179554 0.951068 0.807786
132 0.196708 0.953231 0.802920
133 0.174998 0.948364 0.785888
134 0.165379 0.954042 0.802920
135 0.184149 0.967829 0.827251
136 0.161768 0.967288 0.798054
137 0.157826 0.959989 0.798054
138 0.163995 0.968911 0.785888
139 0.151357 0.963504 0.788321
140 0.170021 0.956475 0.805353
141 0.172101 0.964855 0.812652
142 0.149343 0.971073 0.802920
143 0.144546 0.965666 0.807786
144 0.148783 0.973506 0.790754
145 0.155487 0.957015 0.793187
146 0.189587 0.965666 0.805353
147 0.168468 0.963774 0.795620
148 0.166125 0.961341 0.785888
149 0.152377 0.958097 0.776156
150 0.134912 0.980806 0.795620
151 0.103569 0.979995 0.793187
152 0.109489 0.982428 0.800487
153 0.103834 0.985672 0.800487
154 0.113077 0.982428 0.802920
155 0.107100 0.981617 0.798054
156 0.111121 0.983779 0.793187
157 0.110218 0.981617 0.790754
158 0.100110 0.982698 0.793187
159 0.099149 0.980265 0.781022
160 0.097476 0.983239 0.781022
161 0.107249 0.978102 0.776156
162 0.104553 0.984050 0.783455
163 0.104013 0.984320 0.778589
164 0.100825 0.977832 0.788321
165 0.097602 0.984590 0.776156
166 0.099089 0.984861 0.798054
167 0.097015 0.984590 0.800487
168 0.105000 0.981076 0.793187
169 0.099841 0.985401 0.793187
170 0.093605 0.984861 0.805353
171 0.093353 0.988916 0.795620
172 0.089401 0.983239 0.781022
173 0.101308 0.987024 0.781022
174 0.090723 0.986212 0.788321
175 0.097012 0.987024 0.790754
176 0.086656 0.986212 0.788321
177 0.087779 0.984320 0.793187
178 0.098427 0.985672 0.783455
179 0.104577 0.985401 0.805353
180 0.096774 0.989727 0.795620
181 0.095898 0.983779 0.781022
182 0.108261 0.986483 0.778589
183 0.085821 0.988375 0.785888
184 0.090706 0.987564 0.795620
185 0.084825 0.989186 0.778589
186 0.096793 0.984050 0.800487
187 0.093359 0.989186 0.798054
188 0.088174 0.988916 0.795620
189 0.083548 0.988916 0.790754
190 0.090980 0.989727 0.798054
191 0.079218 0.989457 0.781022
192 0.086531 0.989457 0.795620
193 0.082515 0.991349 0.778589
194 0.081066 0.987294 0.802920
195 0.091054 0.990808 0.785888
196 0.091606 0.985401 0.783455
197 0.090510 0.990268 0.790754
198 0.080437 0.991349 0.783455
199 0.078252 0.987564 0.785888
200 0.083293 0.992701 0.781022
201 0.064435 0.992971 0.783455
202 0.073004 0.993241 0.790754
203 0.069050 0.992430 0.788321
204 0.074553 0.993782 0.785888
205 0.060309 0.993782 0.785888
206 0.067287 0.993241 0.785888
207 0.057213 0.993782 0.783455
208 0.067989 0.993241 0.795620
209 0.066098 0.995404 0.795620
210 0.064193 0.994593 0.790754
211 0.062657 0.993512 0.788321
212 0.063139 0.992971 0.793187
213 0.065899 0.994052 0.793187
214 0.061013 0.994323 0.793187
215 0.073254 0.992160 0.788321
216 0.066305 0.995404 0.790754
217 0.061739 0.993782 0.790754
218 0.069954 0.994863 0.781022
219 0.067652 0.995134 0.788321
220 0.062499 0.995675 0.798054
221 0.058411 0.996486 0.793187
222 0.062617 0.995404 0.778589
223 0.059873 0.994052 0.781022
224 0.064181 0.995404 0.783455
225 0.073507 0.993782 0.788321
226 0.065009 0.995134 0.790754
227 0.063192 0.995404 0.805353
228 0.067793 0.995945 0.802920
229 0.055310 0.994593 0.790754
230 0.065862 0.994863 0.800487
231 0.063625 0.994052 0.790754
232 0.055976 0.996215 0.793187
233 0.051855 0.994593 0.778589
234 0.059690 0.995404 0.783455
235 0.060362 0.995404 0.790754
236 0.049558 0.992701 0.788321
237 0.060744 0.996215 0.795620
238 0.057142 0.995134 0.788321
239 0.063331 0.993782 0.795620
240 0.076145 0.994863 0.785888
241 0.054857 0.994323 0.785888
242 0.062266 0.995134 0.790754
243 0.052832 0.996756 0.788321
244 0.059428 0.995675 0.790754
245 0.058763 0.996215 0.788321
246 0.060709 0.995134 0.793187
247 0.053950 0.995134 0.793187
248 0.060797 0.996215 0.800487
249 0.055937 0.994323 0.790754
250 0.055587 0.995404 0.805353
251 0.062196 0.996215 0.783455
252 0.051916 0.995945 0.785888
253 0.049602 0.995675 0.788321
254 0.053655 0.996486 0.778589
255 0.048201 0.995945 0.795620
256 0.052304 0.996756 0.788321
257 0.050023 0.996486 0.783455
258 0.052088 0.995945 0.785888
259 0.056214 0.997026 0.785888
260 0.051127 0.996756 0.790754
261 0.050368 0.997297 0.788321
262 0.051215 0.996756 0.783455
263 0.046734 0.995675 0.788321
264 0.043572 0.996215 0.793187
265 0.050805 0.997567 0.790754
266 0.050410 0.997567 0.790754
267 0.059117 0.997026 0.785888
268 0.051581 0.997297 0.788321
269 0.050136 0.997297 0.788321
270 0.049620 0.996486 0.790754
271 0.047299 0.997297 0.785888
272 0.052422 0.997837 0.783455
273 0.051892 0.997567 0.790754
274 0.052827 0.997837 0.790754
275 0.045957 0.997026 0.788321
276 0.045703 0.997567 0.785888
277 0.044528 0.997297 0.790754
278 0.044677 0.997297 0.798054
279 0.046827 0.997837 0.785888
280 0.046849 0.997297 0.785888
281 0.049435 0.996756 0.785888
282 0.050037 0.997026 0.781022
283 0.047517 0.996756 0.785888
284 0.051158 0.996756 0.793187
285 0.049897 0.997297 0.790754
286 0.043606 0.997297 0.790754
287 0.045030 0.996756 0.790754
288 0.044795 0.997026 0.788321
289 0.055199 0.997837 0.793187
290 0.044407 0.997297 0.798054
291 0.052860 0.997297 0.793187
292 0.046436 0.997837 0.795620
293 0.049087 0.997837 0.795620
294 0.045089 0.997297 0.793187
295 0.046808 0.997567 0.788321
296 0.046544 0.996756 0.776156
297 0.056049 0.997567 0.788321
298 0.052944 0.997297 0.785888
299 0.049587 0.997297 0.776156
300 0.046096 0.997837 0.781022
301 0.046466 0.997837 0.783455
302 0.046894 0.998378 0.781022
303 0.043074 0.997837 0.781022
304 0.042047 0.998108 0.785888
305 0.044100 0.997837 0.783455
306 0.044586 0.997837 0.781022
307 0.043880 0.998108 0.790754
308 0.040194 0.997567 0.783455
309 0.049464 0.998108 0.785888
310 0.048679 0.997837 0.785888
311 0.041497 0.997837 0.790754
312 0.047514 0.997567 0.781022
313 0.043754 0.997297 0.790754
314 0.040468 0.997837 0.798054
315 0.047000 0.998108 0.788321
316 0.041028 0.998108 0.790754
317 0.043581 0.998108 0.788321
318 0.044582 0.997837 0.798054
319 0.043385 0.998108 0.788321
320 0.038208 0.997837 0.793187
321 0.042989 0.997837 0.798054
322 0.039990 0.997837 0.790754
323 0.043438 0.997567 0.788321
324 0.039466 0.997837 0.793187
325 0.040208 0.998108 0.783455
326 0.045175 0.998108 0.790754
327 0.045159 0.997837 0.788321
328 0.047032 0.997567 0.781022
329 0.045542 0.997837 0.783455
330 0.041805 0.997837 0.798054
331 0.042344 0.998108 0.788321
332 0.045695 0.998378 0.788321
333 0.043020 0.998108 0.781022
334 0.042676 0.998108 0.790754
335 0.039409 0.997837 0.788321
336 0.039897 0.998108 0.773723
337 0.041079 0.998108 0.783455
338 0.043358 0.998378 0.785888
339 0.042160 0.998108 0.785888
340 0.041440 0.998108 0.785888
341 0.043577 0.997837 0.783455
342 0.040709 0.998108 0.778589
343 0.043915 0.997837 0.781022
344 0.038209 0.998108 0.783455
345 0.040033 0.998378 0.773723
346 0.042258 0.997837 0.783455
347 0.040262 0.998378 0.785888
348 0.040768 0.997837 0.788321
349 0.043712 0.997837 0.793187
350 0.040922 0.998108 0.785888
