1 3.281453 0.622581 0.558824
2 1.737478 0.622581 0.588235
3 1.077662 0.632258 0.558824
4 1.145768 0.593548 0.588235
5 0.756381 0.729032 0.588235
6 0.670032 0.732258 0.588235
7 0.700231 0.777419 0.647059
8 0.712388 0.812903 0.529412
9 0.488993 0.809677 0.588235
10 0.389341 0.796774 0.588235
11 0.439874 0.845161 0.558824
12 0.444663 0.880645 0.529412
13 0.380496 0.912903 0.617647
14 0.252948 0.751613 0.558824
15 0.287889 0.906452 0.558824
16 0.283740 0.877419 0.558824
17 0.251782 0.964516 0.588235
18 0.287791 0.941935 0.705882
19 0.200814 0.977419 0.558824
20 0.199448 0.954839 0.588235
21 0.291514 0.945161 0.617647
22 0.163980 0.987097 0.500000
23 0.145869 0.958065 0.529412
24 0.196160 0.841935 0.529412
25 0.422993 0.919355 0.588235
26 0.190181 0.993548 0.617647
27 0.121967 0.970968 0.558824
28 0.131386 0.983871 0.558824
29 0.206538 0.916129 0.588235
30 0.171500 0.977419 0.617647
31 0.074384 0.987097 0.558824
32 0.144662 0.945161 0.558824
33 0.188615 0.870968 0.588235
34 0.133356 0.993548 0.500000
35 0.142675 0.941935 0.617647
36 0.093407 0.990323 0.500000
37 0.070082 0.980645 0.500000
38 0.082110 0.961290 0.588235
39 0.187839 0.909677 0.500000
40 0.149520 0.974194 0.588235
41 0.102168 0.951613 0.588235
42 0.124756 0.990323 0.529412
43 0.113691 0.954839 0.529412
44 0.152014 0.967742 0.558824
45 0.081737 0.990323 0.588235
46 0.133045 0.980645 0.529412
47 0.086581 0.993548 0.617647
48 0.053910 0.993548 0.529412
49 0.046162 0.987097 0.588235
50 0.083455 0.983871 0.529412
51 0.057966 0.993548 0.558824
52 0.048495 0.993548 0.529412
53 0.051821 0.993548 0.441176
54 0.056063 0.993548 0.441176
55 0.046268 0.993548 0.470588
56 0.041483 0.993548 0.500000
57 0.037200 0.993548 0.529412
58 0.041708 0.993548 0.529412
59 0.039034 0.993548 0.529412
60 0.034943 0.993548 0.500000
61 0.033300 0.993548 0.529412
62 0.041349 0.993548 0.529412
63 0.037239 0.993548 0.558824
64 0.036249 0.993548 0.529412
65 0.037172 0.993548 0.500000
66 0.036228 0.993548 0.529412
67 0.038477 0.993548 0.529412
68 0.036979 0.993548 0.529412
69 0.040060 0.993548 0.470588
70 0.038849 0.993548 0.529412
71 0.038917 0.993548 0.529412
72 0.037669 0.993548 0.558824
73 0.035943 0.993548 0.529412
74 0.036356 0.993548 0.529412
75 0.041082 0.993548 0.500000
76 0.035982 0.993548 0.529412
77 0.034284 0.993548 0.529412
78 0.034142 0.993548 0.558824
79 0.034943 0.993548 0.529412
80 0.036752 0.993548 0.470588
81 0.038105 0.993548 0.529412
82 0.048897 0.977419 0.529412
83 0.220311 0.845161 0.529412
84 0.315373 0.964516 0.529412
85 0.085668 0.990323 0.617647
86 0.067855 0.990323 0.558824
87 0.062252 0.993548 0.529412
88 0.045834 0.993548 0.588235
89 0.044779 0.993548 0.558824
90 0.044806 0.993548 0.588235
91 0.041495 0.993548 0.558824
92 0.041108 0.993548 0.558824
93 0.043000 0.993548 0.529412
94 0.039127 0.993548 0.558824
95 0.037641 0.993548 0.529412
96 0.039077 0.993548 0.529412
97 0.043121 0.993548 0.500000
98 0.040439 0.993548 0.558824
99 0.085580 0.922581 0.588235
100 0.105412 0.993548 0.558824
101 0.044564 0.993548 0.588235
102 0.039137 0.993548 0.588235
103 0.038228 0.993548 0.588235
104 0.035172 0.993548 0.558824
105 0.035858 0.993548 0.588235
106 0.035720 0.993548 0.588235
107 0.035977 0.993548 0.588235
108 0.034512 0.993548 0.617647
109 0.037388 0.993548 0.617647
110 0.032075 0.993548 0.588235
111 0.033199 0.993548 0.588235
112 0.032387 0.993548 0.617647
113 0.031114 0.993548 0.558824
114 0.036644 0.993548 0.617647
115 0.033179 0.993548 0.588235
116 0.027762 0.993548 0.588235
117 0.029199 0.993548 0.558824
118 0.032201 0.993548 0.558824
119 0.031073 0.993548 0.558824
120 0.033567 0.993548 0.558824
121 0.030027 0.993548 0.558824
122 0.027479 0.993548 0.588235
123 0.029839 0.993548 0.558824
124 0.034393 0.993548 0.588235
125 0.038470 0.993548 0.617647
126 0.033621 0.993548 0.558824
127 0.033850 0.993548 0.647059
128 0.034497 0.993548 0.588235
129 0.032735 0.993548 0.588235
130 0.029958 0.993548 0.529412
131 0.032495 0.993548 0.588235
132 0.035263 0.993548 0.529412
133 0.035512 0.993548 0.617647
134 0.031495 0.993548 0.617647
135 0.034521 0.993548 0.588235
136 0.029795 0.993548 0.558824
137 0.106793 0.941935 0.588235
138 0.106388 0.993548 0.588235
139 0.064257 0.987097 0.529412
140 0.034520 0.993548 0.558824
141 0.033621 0.993548 0.617647
142 0.041917 0.993548 0.558824
143 0.033739 0.993548 0.647059
144 0.031789 0.993548 0.588235
145 0.032850 0.993548 0.588235
146 0.036790 0.990323 0.617647
147 0.034292 0.993548 0.558824
148 0.033606 0.990323 0.558824
149 0.041509 0.993548 0.558824
150 0.031082 0.993548 0.558824
151 0.028007 0.993548 0.588235
152 0.028863 0.993548 0.529412
153 0.028384 0.993548 0.558824
154 0.029035 0.993548 0.558824
155 0.031071 0.993548 0.529412
156 0.029760 0.993548 0.529412
157 0.028194 0.993548 0.558824
158 0.026763 0.993548 0.558824
159 0.026264 0.993548 0.558824
160 0.032433 0.993548 0.529412
161 0.034747 0.993548 0.558824
162 0.030808 0.993548 0.558824
163 0.029621 0.993548 0.588235
164 0.025177 0.993548 0.558824
165 0.025539 0.993548 0.529412
166 0.031011 0.993548 0.558824
167 0.030253 0.993548 0.558824
168 0.028378 0.993548 0.588235
169 0.030330 0.993548 0.558824
170 0.031042 0.993548 0.558824
171 0.026966 0.993548 0.558824
172 0.029878 0.993548 0.558824
173 0.028589 0.993548 0.588235
174 0.032617 0.993548 0.588235
175 0.030704 0.993548 0.588235
176 0.026168 0.993548 0.588235
177 0.025653 0.993548 0.588235
178 0.027673 0.993548 0.588235
179 0.028933 0.993548 0.529412
180 0.032784 0.993548 0.588235
181 0.030682 0.993548 0.558824
182 0.029842 0.993548 0.588235
183 0.025842 0.993548 0.588235
184 0.027237 0.993548 0.588235
185 0.028067 0.993548 0.588235
186 0.025750 0.993548 0.588235
187 0.027628 0.993548 0.588235
188 0.026249 0.993548 0.588235
189 0.025789 0.993548 0.588235
190 0.028091 0.993548 0.558824
191 0.027746 0.993548 0.588235
192 0.030641 0.993548 0.558824
193 0.032217 0.993548 0.588235
194 0.047791 0.970968 0.529412
195 0.059281 0.993548 0.617647
196 0.034275 0.993548 0.617647
197 0.031051 0.993548 0.558824
198 0.031001 0.993548 0.588235
199 0.036251 0.993548 0.617647
200 0.025433 0.993548 0.588235
201 0.026299 0.993548 0.617647
202 0.027997 0.993548 0.588235
203 0.025361 0.993548 0.588235
204 0.026905 0.993548 0.617647
205 0.025205 0.993548 0.588235
206 0.027839 0.993548 0.588235
207 0.025750 0.993548 0.558824
208 0.022314 0.993548 0.588235
209 0.026960 0.993548 0.588235
210 0.024542 0.993548 0.588235
211 0.025490 0.993548 0.617647
212 0.027474 0.993548 0.617647
213 0.027457 0.993548 0.588235
214 0.028184 0.993548 0.617647
215 0.027637 0.993548 0.617647
216 0.022207 0.993548 0.617647
217 0.023886 0.993548 0.617647
218 0.026779 0.993548 0.558824
219 0.027769 0.993548 0.617647
220 0.024816 0.993548 0.588235
221 0.024506 0.993548 0.588235
222 0.026194 0.993548 0.588235
223 0.026033 0.993548 0.588235
224 0.024537 0.993548 0.558824
225 0.026516 0.993548 0.558824
226 0.026045 0.993548 0.617647
227 0.026548 0.993548 0.558824
228 0.030486 0.993548 0.558824
229 0.024345 0.993548 0.558824
230 0.027723 0.993548 0.529412
231 0.026662 0.993548 0.558824
232 0.026519 0.993548 0.558824
233 0.022902 0.993548 0.588235
234 0.021843 0.993548 0.529412
235 0.024260 0.993548 0.617647
236 0.027205 0.993548 0.558824
237 0.025813 0.993548 0.588235
238 0.026969 0.993548 0.588235
239 0.024323 0.993548 0.558824
240 0.027007 0.993548 0.588235
241 0.026161 0.993548 0.529412
242 0.026141 0.993548 0.470588
243 0.023135 0.993548 0.470588
244 0.031920 0.993548 0.558824
245 0.023523 0.993548 0.558824
246 0.027116 0.993548 0.529412
247 0.025876 0.993548 0.529412
248 0.025530 0.993548 0.558824
249 0.023546 0.993548 0.588235
250 0.026355 0.993548 0.588235
251 0.024977 0.993548 0.617647
252 0.023499 0.993548 0.588235
253 0.022547 0.993548 0.588235
254 0.023884 0.993548 0.588235
255 0.022322 0.993548 0.588235
256 0.022214 0.993548 0.558824
257 0.021600 0.993548 0.529412
258 0.022405 0.993548 0.529412
259 0.025213 0.993548 0.588235
260 0.025851 0.993548 0.588235
261 0.026823 0.993548 0.558824
262 0.024001 0.993548 0.558824
263 0.022624 0.993548 0.558824
264 0.023893 0.993548 0.558824
265 0.024626 0.993548 0.558824
266 0.024221 0.993548 0.558824
267 0.026102 0.993548 0.529412
268 0.026700 0.993548 0.558824
269 0.024676 0.993548 0.500000
270 0.020159 0.993548 0.558824
271 0.023136 0.993548 0.500000
272 0.022811 0.993548 0.529412
273 0.025628 0.993548 0.500000
274 0.022115 0.993548 0.617647
275 0.024288 0.993548 0.558824
276 0.023505 0.993548 0.588235
277 0.023767 0.993548 0.558824
278 0.023139 0.993548 0.558824
279 0.023477 0.993548 0.529412
280 0.023023 0.993548 0.529412
281 0.026923 0.993548 0.529412
282 0.024550 0.993548 0.529412
283 0.025204 0.993548 0.529412
284 0.025399 0.993548 0.558824
285 0.022565 0.993548 0.558824
286 0.022414 0.993548 0.558824
287 0.025099 0.993548 0.558824
288 0.022850 0.993548 0.529412
289 0.025638 0.993548 0.529412
290 0.023952 0.993548 0.558824
291 0.023514 0.993548 0.558824
292 0.025226 0.993548 0.529412
293 0.022130 0.993548 0.558824
294 0.024015 0.993548 0.558824
295 0.024003 0.993548 0.558824
296 0.022384 0.993548 0.500000
297 0.024868 0.993548 0.529412
298 0.025742 0.993548 0.588235
299 0.023190 0.993548 0.588235
300 0.024899 0.993548 0.558824
301 0.022790 0.993548 0.529412
302 0.024519 0.993548 0.588235
303 0.024331 0.993548 0.558824
304 0.019766 0.993548 0.558824
305 0.020636 0.993548 0.529412
306 0.022412 0.993548 0.558824
307 0.021689 0.993548 0.558824
308 0.023353 0.993548 0.558824
309 0.025094 0.993548 0.558824
310 0.026070 0.993548 0.558824
311 0.021548 0.993548 0.558824
312 0.022647 0.993548 0.558824
313 0.022735 0.993548 0.558824
314 0.022355 0.993548 0.558824
315 0.024091 0.993548 0.558824
316 0.023491 0.993548 0.558824
317 0.025156 0.993548 0.558824
318 0.019273 0.993548 0.588235
319 0.024896 0.993548 0.558824
320 0.022472 0.993548 0.558824
321 0.022225 0.993548 0.558824
322 0.020954 0.993548 0.558824
323 0.022015 0.993548 0.529412
324 0.022525 0.993548 0.558824
325 0.024189 0.993548 0.558824
326 0.024328 0.993548 0.558824
327 0.022109 0.993548 0.529412
328 0.023178 0.993548 0.529412
329 0.022179 0.993548 0.558824
330 0.023486 0.993548 0.558824
331 0.020627 0.993548 0.558824
332 0.019860 0.993548 0.529412
333 0.021081 0.993548 0.529412
334 0.021720 0.993548 0.558824
335 0.023249 0.993548 0.558824
336 0.024064 0.993548 0.529412
337 0.021766 0.993548 0.558824
338 0.021788 0.993548 0.558824
339 0.022166 0.993548 0.558824
340 0.025488 0.993548 0.529412
341 0.019078 0.993548 0.529412
342 0.023644 0.993548 0.529412
343 0.024368 0.993548 0.529412
344 0.021580 0.993548 0.529412
345 0.022745 0.993548 0.558824
346 0.022139 0.993548 0.558824
347 0.023878 0.993548 0.558824
348 0.022792 0.993548 0.529412
349 0.021225 0.993548 0.529412
350 0.023894 0.993548 0.500000
