1 1.329214 0.750000 0.700000
2 0.674466 0.731111 0.710000
3 0.617275 0.706667 0.680000
4 0.530380 0.752222 0.720000
5 0.522910 0.797778 0.710000
6 0.601341 0.777778 0.750000
7 0.510212 0.774444 0.720000
8 0.555036 0.791111 0.750000
9 0.460843 0.782222 0.740000
10 0.460353 0.777778 0.750000
11 0.434501 0.793333 0.780000
12 0.461861 0.778889 0.760000
13 0.454435 0.791111 0.730000
14 0.432438 0.805556 0.770000
15 0.414490 0.808889 0.750000
16 0.418513 0.793333 0.770000
17 0.401348 0.820000 0.750000
18 0.415008 0.812222 0.750000
19 0.411553 0.810000 0.750000
20 0.413887 0.814444 0.760000
21 0.431716 0.805556 0.790000
22 0.435758 0.820000 0.730000
23 0.396527 0.831111 0.730000
24 0.376746 0.830000 0.760000
25 0.391626 0.837778 0.750000
26 0.380280 0.832222 0.780000
27 0.375554 0.834444 0.730000
28 0.375316 0.847778 0.750000
29 0.376728 0.841111 0.750000
30 0.387150 0.837778 0.750000
31 0.354139 0.850000 0.750000
32 0.376888 0.820000 0.750000
33 0.361684 0.847778 0.770000
34 0.368847 0.846667 0.730000
35 0.363091 0.825556 0.750000
36 0.358738 0.820000 0.750000
37 0.371449 0.854444 0.740000
38 0.355033 0.855556 0.770000
39 0.341814 0.848889 0.740000
40 0.366544 0.806667 0.710000
41 0.449121 0.828889 0.680000
42 0.396654 0.835556 0.750000
43 0.371329 0.856667 0.750000
44 0.367205 0.860000 0.770000
45 0.358089 0.846667 0.770000
46 0.341555 0.858889 0.760000
47 2.878854 0.787778 0.710000
48 0.523003 0.812222 0.750000
49 0.439670 0.805556 0.740000
50 0.430712 0.798889 0.730000
51 0.412306 0.816667 0.760000
52 0.405303 0.828889 0.760000
53 0.401302 0.838889 0.750000
54 0.402485 0.835556 0.760000
55 0.388819 0.820000 0.740000
56 0.383948 0.837778 0.740000
57 0.382905 0.842222 0.730000
58 0.359545 0.848889 0.740000
59 0.364719 0.845556 0.720000
60 0.362165 0.840000 0.730000
61 0.359093 0.855556 0.750000
62 0.348156 0.845556 0.740000
63 0.386469 0.855556 0.740000
64 0.358751 0.848889 0.730000
65 0.338815 0.846667 0.720000
66 0.355738 0.861111 0.740000
67 0.327922 0.866667 0.720000
68 0.344932 0.828889 0.730000
69 0.341264 0.863333 0.730000
70 0.335471 0.855556 0.690000
71 0.326775 0.871111 0.720000
72 0.335553 0.857778 0.710000
73 0.330012 0.872222 0.730000
74 0.343052 0.866667 0.720000
75 0.337771 0.861111 0.740000
76 0.326341 0.858889 0.730000
77 0.326627 0.858889 0.700000
78 0.344176 0.880000 0.730000
79 0.321024 0.865556 0.710000
80 0.316578 0.877778 0.710000
81 0.303376 0.862222 0.710000
82 0.321872 0.883333 0.720000
83 0.324482 0.872222 0.670000
84 0.318520 0.875556 0.720000
85 0.312924 0.863333 0.700000
86 0.324143 0.865556 0.730000
87 0.319000 0.868889 0.700000
88 0.315474 0.872222 0.720000
89 0.301006 0.873333 0.710000
90 0.312237 0.880000 0.690000
91 0.295020 0.877778 0.720000
92 0.302914 0.867778 0.710000
93 0.299471 0.884444 0.720000
94 0.298750 0.886667 0.730000
95 0.306278 0.873333 0.690000
96 0.309023 0.881111 0.710000
97 0.297635 0.875556 0.710000
98 0.307451 0.876667 0.720000
99 0.300503 0.885556 0.720000
100 0.290388 0.890000 0.700000
101 0.290834 0.881111 0.720000
102 0.279266 0.885556 0.710000
103 0.281221 0.892222 0.710000
104 0.264590 0.883333 0.710000
105 0.280620 0.886667 0.730000
106 0.267685 0.891111 0.690000
107 0.267508 0.896667 0.710000
108 0.276961 0.895556 0.740000
109 0.281931 0.883333 0.700000
110 0.281111 0.891111 0.700000
111 0.276519 0.892222 0.720000
112 0.260044 0.891111 0.720000
113 0.266585 0.896667 0.700000
114 0.277604 0.891111 0.680000
115 0.271194 0.883333 0.700000
116 0.272217 0.891111 0.710000
117 0.257622 0.894444 0.700000
118 0.262659 0.895556 0.680000
119 0.276242 0.881111 0.710000
120 0.269507 0.888889 0.720000
121 0.277025 0.885556 0.730000
122 0.276696 0.888889 0.700000
123 0.275367 0.896667 0.690000
124 0.267824 0.894444 0.680000
125 0.264454 0.901111 0.710000
126 0.265344 0.902222 0.700000
127 0.268007 0.892222 0.700000
128 0.265919 0.896667 0.680000
129 0.265592 0.898889 0.700000
130 0.262250 0.895556 0.700000
131 0.267129 0.892222 0.660000
132 0.266222 0.900000 0.680000
133 0.263151 0.898889 0.660000
134 0.261600 0.902222 0.680000
135 0.258022 0.898889 0.690000
136 0.252354 0.895556 0.700000
137 0.254864 0.902222 0.710000
138 0.251693 0.890000 0.680000
139 0.248521 0.901111 0.690000
140 0.252934 0.904444 0.660000
141 0.258083 0.897778 0.680000
142 0.253801 0.893333 0.700000
143 0.248134 0.906667 0.720000
144 0.266817 0.887778 0.670000
145 0.256609 0.903333 0.700000
146 0.261001 0.898889 0.680000
147 0.250544 0.902222 0.690000
148 0.244197 0.898889 0.680000
149 0.242903 0.897778 0.710000
150 0.245300 0.894444 0.670000
151 0.255563 0.907778 0.710000
152 0.249851 0.903333 0.700000
153 0.245023 0.903333 0.700000
154 0.240148 0.905556 0.690000
155 0.235564 0.906667 0.690000
156 0.245891 0.908889 0.670000
157 0.239293 0.904444 0.690000
158 0.234811 0.902222 0.690000
159 0.245530 0.903333 0.660000
160 0.239344 0.895556 0.660000
161 0.238319 0.903333 0.700000
162 0.232037 0.897778 0.710000
163 0.238043 0.904444 0.670000
164 0.235707 0.904444 0.700000
165 0.242530 0.905556 0.690000
166 0.229125 0.903333 0.700000
167 0.229725 0.910000 0.670000
168 0.235012 0.907778 0.690000
169 0.230010 0.908889 0.680000
170 0.230895 0.912222 0.700000
171 0.230609 0.904444 0.700000
172 0.228362 0.912222 0.680000
173 0.223456 0.913333 0.700000
174 0.221644 0.915556 0.670000
175 0.234479 0.911111 0.660000
176 0.242547 0.911111 0.690000
177 0.233485 0.911111 0.660000
178 0.238006 0.901111 0.650000
179 0.233447 0.914444 0.660000
180 0.229258 0.905556 0.670000
181 0.221627 0.906667 0.680000
182 0.860942 0.903333 0.690000
183 0.250128 0.911111 0.680000
184 0.237050 0.910000 0.680000
185 0.220223 0.914444 0.660000
186 0.220240 0.915556 0.680000
187 0.224408 0.911111 0.680000
188 0.233778 0.906667 0.680000
189 0.215605 0.907778 0.680000
190 0.222799 0.908889 0.660000
191 0.228384 0.906667 0.670000
192 0.223037 0.911111 0.690000
193 0.227655 0.904444 0.670000
194 0.227035 0.912222 0.690000
195 0.217595 0.916667 0.680000
196 0.236679 0.912222 0.690000
197 0.237117 0.907778 0.660000
198 0.218684 0.913333 0.670000
199 0.215267 0.910000 0.680000
200 0.215401 0.917778 0.680000
201 0.218473 0.915556 0.670000
202 0.222641 0.916667 0.690000
203 0.214275 0.917778 0.690000
204 0.214500 0.910000 0.680000
205 0.216940 0.916667 0.660000
206 0.216830 0.908889 0.680000
207 0.221060 0.913333 0.670000
208 0.216601 0.910000 0.680000
209 0.212143 0.914444 0.690000
210 0.207183 0.912222 0.660000
211 0.202919 0.910000 0.690000
212 0.220119 0.915556 0.670000
213 0.204308 0.912222 0.670000
214 0.211477 0.913333 0.660000
215 0.209650 0.914444 0.660000
216 0.205105 0.917778 0.660000
217 0.212429 0.920000 0.670000
218 0.209334 0.912222 0.690000
219 0.212746 0.921111 0.660000
220 0.206397 0.916667 0.680000
221 0.207272 0.916667 0.680000
222 0.208912 0.913333 0.680000
223 0.212720 0.920000 0.660000
224 0.211118 0.917778 0.660000
225 0.212191 0.912222 0.680000
226 0.205229 0.915556 0.660000
227 0.204750 0.918889 0.660000
228 0.213290 0.917778 0.660000
229 0.207164 0.915556 0.660000
230 0.220787 0.915556 0.680000
231 0.205490 0.914444 0.680000
232 0.209117 0.920000 0.660000
233 0.195636 0.912222 0.660000
234 0.213991 0.911111 0.670000
235 0.209156 0.920000 0.680000
236 0.201678 0.913333 0.680000
237 0.217967 0.914444 0.660000
238 0.200775 0.914444 0.670000
239 0.211466 0.914444 0.680000
240 0.213310 0.917778 0.690000
241 0.201207 0.915556 0.680000
242 0.201097 0.918889 0.670000
243 0.226660 0.920000 0.660000
244 0.206841 0.917778 0.670000
245 0.207359 0.916667 0.670000
246 0.212591 0.920000 0.670000
247 0.212618 0.922222 0.670000
248 0.214086 0.920000 0.670000
249 0.197833 0.914444 0.680000
250 0.204538 0.913333 0.670000
251 0.276992 0.914444 0.660000
252 0.203168 0.914444 0.670000
253 0.207430 0.915556 0.650000
254 0.200597 0.918889 0.680000
255 0.202568 0.915556 0.650000
256 0.201975 0.921111 0.680000
257 0.196853 0.916667 0.680000
258 0.206141 0.922222 0.680000
259 0.193518 0.922222 0.670000
260 0.197234 0.921111 0.660000
261 0.208698 0.917778 0.680000
262 0.215567 0.917778 0.660000
263 0.195088 0.915556 0.680000
264 0.212011 0.915556 0.660000
265 0.196199 0.923333 0.670000
266 0.198909 0.921111 0.670000
267 0.202240 0.921111 0.660000
268 0.205644 0.917778 0.680000
269 0.209648 0.914444 0.680000
270 0.210290 0.917778 0.680000
271 0.205302 0.918889 0.650000
272 0.194987 0.917778 0.690000
273 0.196671 0.918889 0.650000
274 0.204542 0.913333 0.660000
275 0.204990 0.918889 0.680000
276 0.207192 0.918889 0.680000
277 0.210717 0.915556 0.700000
278 0.197362 0.918889 0.660000
279 0.200998 0.920000 0.660000
280 0.198806 0.920000 0.670000
281 0.209717 0.918889 0.670000
282 0.252263 0.912222 0.680000
283 0.206156 0.916667 0.670000
284 0.204500 0.917778 0.680000
285 0.204219 0.912222 0.660000
286 0.277868 0.922222 0.670000
287 0.195230 0.921111 0.650000
288 0.199330 0.917778 0.650000
289 0.199106 0.918889 0.690000
290 0.207131 0.918889 0.680000
291 0.194227 0.923333 0.690000
292 0.204470 0.918889 0.660000
293 0.225072 0.921111 0.680000
294 0.199118 0.922222 0.650000
295 0.203929 0.921111 0.660000
296 0.192230 0.918889 0.670000
297 0.199707 0.920000 0.670000
298 0.192475 0.920000 0.670000
299 0.190049 0.923333 0.660000
300 0.193765 0.918889 0.660000
301 0.197147 0.917778 0.660000
302 0.195132 0.920000 0.680000
303 0.200893 0.922222 0.690000
304 0.200364 0.918889 0.660000
305 0.195066 0.918889 0.680000
306 0.201245 0.916667 0.680000
307 0.199722 0.916667 0.670000
308 0.197233 0.918889 0.670000
309 0.203831 0.916667 0.680000
310 0.202287 0.918889 0.670000
311 0.200264 0.917778 0.660000
312 0.193815 0.921111 0.660000
313 0.196514 0.918889 0.660000
314 0.192039 0.925556 0.690000
315 0.196907 0.921111 0.670000
316 0.210369 0.916667 0.680000
317 0.198675 0.917778 0.680000
318 0.199258 0.918889 0.680000
319 0.196799 0.916667 0.670000
320 0.195734 0.917778 0.670000
321 0.204216 0.912222 0.660000
322 0.215236 0.918889 0.670000
323 0.198922 0.923333 0.670000
324 0.196729 0.918889 0.670000
325 0.194745 0.921111 0.670000
326 0.195894 0.918889 0.690000
327 0.198864 0.921111 0.670000
328 0.203941 0.918889 0.670000
329 0.195542 0.920000 0.670000
330 0.197482 0.921111 0.690000
331 0.191507 0.920000 0.690000
332 0.199936 0.920000 0.670000
333 0.199093 0.920000 0.690000
334 0.202134 0.920000 0.670000
335 0.188892 0.917778 0.670000
336 0.203302 0.920000 0.670000
337 0.197826 0.918889 0.690000
338 0.199058 0.920000 0.670000
339 0.199179 0.913333 0.670000
340 0.203896 0.921111 0.690000
341 0.194684 0.920000 0.670000
342 0.199097 0.920000 0.690000
343 0.202186 0.917778 0.680000
344 0.200473 0.920000 0.680000
345 0.195898 0.923333 0.680000
346 0.212635 0.920000 0.680000
347 0.198360 0.920000 0.670000
348 0.202823 0.921111 0.670000
349 0.206163 0.922222 0.670000
350 0.193669 0.916667 0.670000
