1 3.470495 0.641935 0.529412
2 1.635986 0.616129 0.529412
3 1.449826 0.651613 0.470588
4 1.197317 0.674194 0.470588
5 0.777256 0.761290 0.647059
6 0.581252 0.780645 0.558824
7 0.493606 0.819355 0.617647
8 0.561207 0.790323 0.558824
9 0.429084 0.764516 0.470588
10 0.423609 0.661290 0.382353
11 0.457018 0.851613 0.617647
12 0.432442 0.819355 0.529412
13 0.371837 0.880645 0.617647
14 0.329795 0.874194 0.470588
15 0.259072 0.861290 0.647059
16 0.372952 0.874194 0.558824
17 0.262930 0.929032 0.441176
18 0.258820 0.941935 0.529412
19 0.190654 0.929032 0.500000
20 0.329018 0.912903 0.500000
21 0.179371 0.851613 0.411765
22 0.173240 0.967742 0.529412
23 0.142587 0.912903 0.500000
24 0.162043 0.929032 0.500000
25 0.268379 0.951613 0.529412
26 0.218317 0.932258 0.588235
27 0.193571 0.974194 0.588235
28 0.103601 0.977419 0.558824
29 0.274352 0.896774 0.617647
30 0.138990 0.977419 0.588235
31 0.117183 0.941935 0.558824
32 0.244255 0.935484 0.588235
33 0.099279 0.983871 0.588235
34 0.204687 0.977419 0.529412
35 0.242338 0.961290 0.500000
36 0.093944 0.990323 0.617647
37 0.058960 0.983871 0.588235
38 0.093239 0.996774 0.588235
39 0.076719 0.983871 0.588235
40 0.071966 0.983871 0.558824
41 0.121522 0.945161 0.617647
42 0.174613 0.938710 0.529412
43 0.099106 0.990323 0.588235
44 0.081463 0.948387 0.529412
45 0.130610 0.993548 0.529412
46 0.116622 0.961290 0.529412
47 0.085408 0.987097 0.617647
48 0.119922 0.977419 0.558824
49 0.146030 0.932258 0.529412
50 0.079447 0.993548 0.558824
51 0.043812 0.996774 0.558824
52 0.041244 0.996774 0.588235
53 0.041544 0.996774 0.588235
54 0.036463 0.996774 0.617647
55 0.038659 0.996774 0.558824
56 0.032850 0.996774 0.558824
57 0.028060 0.996774 0.588235
58 0.033684 0.996774 0.558824
59 0.033531 0.996774 0.558824
60 0.030981 0.996774 0.558824
61 0.033381 0.996774 0.558824
62 0.029134 0.996774 0.558824
63 0.031743 0.996774 0.529412
64 0.029128 0.996774 0.588235
65 0.041308 0.993548 0.558824
66 0.096662 0.977419 0.588235
67 0.113846 0.958065 0.617647
68 0.146202 0.983871 0.500000
69 0.052946 0.996774 0.529412
70 0.041933 0.996774 0.558824
71 0.030541 0.996774 0.588235
72 0.031329 0.996774 0.558824
73 0.033954 0.996774 0.588235
74 0.031931 0.996774 0.588235
75 0.030656 0.996774 0.558824
76 0.031580 0.996774 0.558824
77 0.031661 0.996774 0.617647
78 0.028439 0.996774 0.588235
79 0.031856 0.996774 0.588235
80 0.028970 0.996774 0.588235
81 0.031642 0.996774 0.558824
82 0.036577 0.996774 0.558824
83 0.033472 0.996774 0.529412
84 0.036216 0.996774 0.558824
85 0.212627 0.790323 0.529412
86 0.147036 0.990323 0.529412
87 0.060561 0.990323 0.588235
88 0.051362 0.993548 0.558824
89 0.046576 0.996774 0.588235
90 0.036703 0.996774 0.617647
91 0.035247 0.996774 0.617647
92 0.033157 0.996774 0.617647
93 0.033277 0.996774 0.647059
94 0.032759 0.996774 0.588235
95 0.031405 0.996774 0.558824
96 0.033997 0.996774 0.588235
97 0.037374 0.996774 0.647059
98 0.032295 0.996774 0.558824
99 0.037892 0.993548 0.558824
100 0.044457 0.996774 0.558824
101 0.029482 0.996774 0.617647
102 0.029327 0.996774 0.588235
103 0.028384 0.996774 0.588235
104 0.024832 0.996774 0.588235
105 0.027799 0.996774 0.588235
106 0.031395 0.996774 0.588235
107 0.026351 0.996774 0.588235
108 0.023784 0.996774 0.617647
109 0.024770 0.996774 0.588235
110 0.022035 0.996774 0.617647
111 0.027670 0.996774 0.617647
112 0.023484 0.996774 0.558824
113 0.028309 0.996774 0.588235
114 0.035716 0.996774 0.588235
115 0.023954 0.996774 0.617647
116 0.024286 0.996774 0.617647
117 0.020880 0.996774 0.617647
118 0.033981 0.996774 0.558824
119 0.027622 0.996774 0.558824
120 0.024812 0.996774 0.558824
121 0.027840 0.996774 0.558824
122 0.042993 0.993548 0.588235
123 0.036082 0.996774 0.558824
124 0.038289 0.996774 0.588235
125 0.034778 0.996774 0.558824
126 0.036640 0.990323 0.617647
127 0.069665 0.996774 0.558824
128 0.044193 0.996774 0.529412
129 0.031011 0.996774 0.617647
130 0.032581 0.996774 0.617647
131 0.027227 0.996774 0.558824
132 0.030095 0.996774 0.588235
133 0.035181 0.996774 0.558824
134 0.027437 0.996774 0.558824
135 0.026322 0.996774 0.558824
136 0.024038 0.996774 0.558824
137 0.034122 0.996774 0.558824
138 0.022132 0.996774 0.558824
139 0.030965 0.996774 0.588235
140 0.027860 0.996774 0.588235
141 0.026903 0.996774 0.558824
142 0.029288 0.996774 0.558824
143 0.037572 0.993548 0.617647
144 0.137507 0.993548 0.529412
145 0.054512 0.996774 0.558824
146 0.035734 0.996774 0.558824
147 0.055633 0.996774 0.588235
148 0.045545 0.996774 0.558824
149 0.029604 0.996774 0.558824
150 0.031168 0.996774 0.558824
151 0.024581 0.996774 0.558824
152 0.023957 0.996774 0.558824
153 0.024428 0.996774 0.558824
154 0.025200 0.996774 0.558824
155 0.025020 0.996774 0.558824
156 0.028013 0.996774 0.558824
157 0.022407 0.996774 0.558824
158 0.025420 0.996774 0.558824
159 0.022720 0.996774 0.558824
160 0.024475 0.996774 0.558824
161 0.026545 0.996774 0.558824
162 0.022970 0.996774 0.558824
163 0.024085 0.996774 0.558824
164 0.019320 0.996774 0.558824
165 0.024178 0.996774 0.588235
166 0.023966 0.996774 0.558824
167 0.024679 0.996774 0.558824
168 0.021304 0.996774 0.558824
169 0.022843 0.996774 0.588235
170 0.021285 0.996774 0.558824
171 0.021793 0.996774 0.558824
172 0.021117 0.996774 0.558824
173 0.023414 0.996774 0.558824
174 0.027143 0.996774 0.558824
175 0.026002 0.996774 0.558824
176 0.023939 0.996774 0.558824
177 0.020570 0.996774 0.558824
178 0.025330 0.996774 0.558824
179 0.019787 0.996774 0.558824
180 0.024619 0.996774 0.558824
181 0.021845 0.996774 0.558824
182 0.021203 0.996774 0.558824
183 0.020705 0.996774 0.558824
184 0.030432 0.996774 0.558824
185 0.020523 0.996774 0.558824
186 0.024845 0.996774 0.558824
187 0.025637 0.996774 0.617647
188 0.030089 0.996774 0.588235
189 0.024779 0.996774 0.588235
190 0.022159 0.996774 0.588235
191 0.024757 0.996774 0.558824
192 0.027078 0.996774 0.558824
193 0.020887 0.996774 0.558824
194 0.021201 0.996774 0.558824
195 0.027621 0.996774 0.588235
196 0.021494 0.996774 0.558824
197 0.022714 0.996774 0.558824
198 0.020998 0.996774 0.558824
199 0.025023 0.996774 0.558824
200 0.019616 0.996774 0.558824
201 0.018816 0.996774 0.558824
202 0.021863 0.996774 0.558824
203 0.018939 0.996774 0.558824
204 0.022804 0.996774 0.558824
205 0.017646 0.996774 0.588235
206 0.022400 0.996774 0.558824
207 0.017900 0.996774 0.558824
208 0.018443 0.996774 0.558824
209 0.023132 0.996774 0.558824
210 0.019391 0.996774 0.558824
211 0.019995 0.996774 0.558824
212 0.023569 0.996774 0.588235
213 0.020261 0.996774 0.588235
214 0.020941 0.996774 0.588235
215 0.022570 0.996774 0.588235
216 0.019126 0.996774 0.558824
217 0.020028 0.996774 0.558824
218 0.022972 0.996774 0.558824
219 0.022975 0.996774 0.588235
220 0.021418 0.996774 0.617647
221 0.021681 0.996774 0.617647
222 0.023709 0.996774 0.617647
223 0.022677 0.996774 0.588235
224 0.020192 0.996774 0.617647
225 0.019336 0.996774 0.588235
226 0.023003 0.996774 0.617647
227 0.019107 0.996774 0.617647
228 0.020589 0.996774 0.617647
229 0.020257 0.996774 0.617647
230 0.018232 0.996774 0.617647
231 0.021899 0.996774 0.617647
232 0.020629 0.996774 0.617647
233 0.018300 0.996774 0.617647
234 0.018088 0.996774 0.617647
235 0.018377 0.996774 0.617647
236 0.018528 0.996774 0.588235
237 0.020118 0.996774 0.617647
238 0.017217 0.996774 0.588235
239 0.021145 0.996774 0.617647
240 0.020868 0.996774 0.617647
241 0.020142 0.996774 0.617647
242 0.018801 0.996774 0.617647
243 0.015271 0.996774 0.617647
244 0.020798 0.996774 0.617647
245 0.018100 0.996774 0.617647
246 0.021742 0.996774 0.617647
247 0.018487 0.996774 0.617647
248 0.021980 0.996774 0.617647
249 0.019350 0.996774 0.617647
250 0.019376 0.996774 0.617647
251 0.018352 0.996774 0.617647
252 0.014710 0.996774 0.617647
253 0.017830 0.996774 0.617647
254 0.023441 0.996774 0.617647
255 0.016677 0.996774 0.617647
256 0.018164 0.996774 0.617647
257 0.014501 0.996774 0.617647
258 0.016418 0.996774 0.617647
259 0.019704 0.996774 0.617647
260 0.017978 0.996774 0.588235
261 0.020622 0.996774 0.617647
262 0.017664 0.996774 0.617647
263 0.018564 0.996774 0.588235
264 0.017809 0.996774 0.617647
265 0.022305 0.996774 0.617647
266 0.020767 0.996774 0.617647
267 0.021316 0.996774 0.617647
268 0.019443 0.996774 0.617647
269 0.017157 0.996774 0.617647
270 0.016234 0.996774 0.617647
271 0.018320 0.996774 0.588235
272 0.019967 0.996774 0.588235
273 0.019564 0.996774 0.588235
274 0.020686 0.996774 0.617647
275 0.017320 0.996774 0.617647
276 0.019439 0.996774 0.617647
277 0.019219 0.996774 0.617647
278 0.019880 0.996774 0.588235
279 0.019528 0.996774 0.588235
280 0.016858 0.996774 0.588235
281 0.021558 0.996774 0.588235
282 0.019717 0.996774 0.617647
283 0.017707 0.996774 0.588235
284 0.021296 0.996774 0.529412
285 0.016701 0.996774 0.588235
286 0.016842 0.996774 0.617647
287 0.022123 0.996774 0.617647
288 0.018593 0.996774 0.617647
289 0.018914 0.996774 0.617647
290 0.018051 0.996774 0.558824
291 0.018638 0.996774 0.588235
292 0.018668 0.996774 0.558824
293 0.018596 0.996774 0.588235
294 0.017894 0.996774 0.558824
295 0.017723 0.996774 0.588235
296 0.018576 0.996774 0.588235
297 0.019732 0.996774 0.588235
298 0.018909 0.996774 0.617647
299 0.015228 0.996774 0.588235
300 0.018870 0.996774 0.588235
301 0.017732 0.996774 0.588235
302 0.018092 0.996774 0.588235
303 0.018484 0.996774 0.588235
304 0.015252 0.996774 0.588235
305 0.015866 0.996774 0.588235
306 0.018077 0.996774 0.617647
307 0.018952 0.996774 0.617647
308 0.016634 0.996774 0.617647
309 0.018330 0.996774 0.617647
310 0.018337 0.996774 0.617647
311 0.017474 0.996774 0.617647
312 0.017547 0.996774 0.617647
313 0.017521 0.996774 0.588235
314 0.015119 0.996774 0.617647
315 0.016912 0.996774 0.588235
316 0.017503 0.996774 0.588235
317 0.019386 0.996774 0.617647
318 0.016880 0.996774 0.588235
319 0.019721 0.996774 0.617647
320 0.015531 0.996774 0.617647
321 0.016834 0.996774 0.588235
322 0.019524 0.996774 0.588235
323 0.017835 0.996774 0.588235
324 0.018727 0.996774 0.617647
325 0.018286 0.996774 0.617647
326 0.018152 0.996774 0.617647
327 0.017208 0.996774 0.617647
328 0.016314 0.996774 0.617647
329 0.016969 0.996774 0.617647
330 0.017978 0.996774 0.617647
331 0.016497 0.996774 0.617647
332 0.016174 0.996774 0.617647
333 0.016553 0.996774 0.617647
334 0.019782 0.996774 0.617647
335 0.017753 0.996774 0.617647
336 0.018340 0.996774 0.617647
337 0.016140 0.996774 0.617647
338 0.018631 0.996774 0.617647
339 0.016972 0.996774 0.617647
340 0.017943 0.996774 0.617647
341 0.016898 0.996774 0.617647
342 0.017577 0.996774 0.588235
343 0.015531 0.996774 0.617647
344 0.014540 0.996774 0.617647
345 0.018761 0.996774 0.617647
346 0.017079 0.996774 0.617647
347 0.018183 0.996774 0.617647
348 0.020033 0.996774 0.617647
349 0.016118 0.996774 0.617647
350 0.018794 0.996774 0.617647
