1 3.508707 0.471852 0.426667
2 1.789660 0.520741 0.446667
3 1.677968 0.535556 0.480000
4 1.369974 0.509630 0.426667
5 1.268305 0.468148 0.473333
6 1.081603 0.535556 0.460000
7 1.117629 0.545185 0.533333
8 1.349756 0.524444 0.506667
9 1.234428 0.523704 0.500000
10 1.227747 0.542963 0.433333
11 1.280658 0.507407 0.466667
12 1.331310 0.553333 0.506667
13 0.970125 0.522963 0.433333
14 0.980886 0.554815 0.493333
15 1.099613 0.563704 0.520000
16 1.039168 0.554074 0.533333
17 0.986266 0.451111 0.380000
18 1.062184 0.553333 0.453333
19 1.044098 0.555556 0.480000
20 1.004318 0.567407 0.500000
21 1.169814 0.541481 0.426667
22 1.000955 0.553333 0.440000
23 0.980070 0.540741 0.413333
24 0.952741 0.552593 0.460000
25 0.950372 0.552593 0.486667
26 0.922798 0.554074 0.480000
27 0.917141 0.565185 0.480000
28 0.919638 0.563704 0.486667
29 0.961024 0.580000 0.520000
30 0.914317 0.571852 0.500000
31 0.965719 0.574074 0.500000
32 0.983119 0.512593 0.486667
33 0.954858 0.567407 0.520000
34 0.925005 0.562963 0.493333
35 0.929614 0.575556 0.520000
36 0.908590 0.563704 0.480000
37 0.909448 0.568889 0.520000
38 0.909296 0.569630 0.520000
39 0.910175 0.574074 0.500000
40 0.910128 0.559259 0.486667
41 0.906584 0.561481 0.440000
42 0.922307 0.578519 0.486667
43 0.900257 0.564444 0.426667
44 0.895464 0.575556 0.486667
45 0.890156 0.577778 0.513333
46 0.904083 0.565926 0.520000
47 0.887961 0.587407 0.520000
48 0.883823 0.570370 0.433333
49 0.906907 0.584444 0.493333
50 0.862789 0.594815 0.480000
51 0.862741 0.582963 0.486667
52 0.853329 0.597037 0.506667
53 0.857916 0.600000 0.526667
54 0.850950 0.602222 0.520000
55 0.839873 0.602963 0.533333
56 0.853246 0.586667 0.520000
57 0.840116 0.595556 0.493333
58 0.839622 0.605185 0.533333
59 0.833875 0.597778 0.446667
60 0.840641 0.603704 0.513333
61 0.842898 0.585926 0.453333
62 0.863985 0.599259 0.506667
63 0.832010 0.607407 0.546667
64 0.833281 0.602963 0.513333
65 0.831410 0.603704 0.486667
66 0.836925 0.602963 0.486667
67 0.844386 0.594074 0.453333
68 0.826530 0.607407 0.526667
69 0.828773 0.595556 0.500000
70 0.820336 0.620000 0.546667
