1 1.667285 0.634444 0.640000
2 0.766112 0.701111 0.670000
3 0.644326 0.760000 0.720000
4 0.557457 0.778889 0.730000
5 0.558940 0.750000 0.730000
6 0.572247 0.755556 0.710000
7 0.453382 0.781111 0.710000
8 0.577574 0.788889 0.750000
9 0.440391 0.814444 0.740000
10 0.411687 0.822222 0.720000
11 0.421746 0.807778 0.710000
12 0.409943 0.813333 0.740000
13 0.405095 0.817778 0.770000
14 0.399796 0.841111 0.740000
15 0.372108 0.810000 0.720000
16 0.361566 0.847778 0.740000
17 0.352331 0.810000 0.740000
18 0.359462 0.843333 0.770000
19 0.353526 0.791111 0.740000
20 0.389368 0.856667 0.740000
21 0.355901 0.850000 0.750000
22 0.341492 0.873333 0.780000
23 0.345706 0.843333 0.720000
24 0.326256 0.854444 0.740000
25 0.301297 0.877778 0.750000
26 0.318926 0.876667 0.730000
27 0.296204 0.872222 0.720000
28 0.289162 0.837778 0.750000
29 0.306607 0.876667 0.710000
30 0.305894 0.891111 0.720000
31 0.278031 0.900000 0.750000
32 0.290685 0.902222 0.730000
33 0.291980 0.865556 0.680000
34 0.293343 0.890000 0.710000
35 0.271170 0.903333 0.710000
36 0.250243 0.878889 0.710000
37 0.273620 0.900000 0.720000
38 0.251553 0.888889 0.740000
39 0.267982 0.847778 0.750000
40 0.310568 0.891111 0.730000
41 0.317195 0.903333 0.750000
42 0.256599 0.914444 0.730000
43 0.324882 0.838889 0.760000
44 0.340773 0.887778 0.730000
45 0.277742 0.902222 0.720000
46 0.256149 0.885556 0.740000
47 0.430712 0.836667 0.740000
48 0.317122 0.876667 0.700000
49 0.271600 0.883333 0.710000
50 0.244543 0.900000 0.750000
51 0.249953 0.913333 0.730000
52 0.223054 0.918889 0.730000
53 0.222647 0.926667 0.730000
54 0.216953 0.905556 0.730000
55 0.212454 0.923333 0.740000
56 0.196197 0.928889 0.690000
57 0.205237 0.917778 0.720000
58 0.191833 0.930000 0.720000
59 0.198328 0.920000 0.650000
60 0.197256 0.924444 0.710000
61 0.202079 0.937778 0.730000
62 0.207362 0.923333 0.710000
63 0.225343 0.918889 0.700000
64 0.201957 0.938889 0.700000
65 0.187448 0.930000 0.740000
66 0.195597 0.932222 0.700000
67 0.191452 0.932222 0.690000
68 0.180011 0.916667 0.720000
69 0.186498 0.928889 0.690000
70 0.202285 0.927778 0.700000
71 0.190746 0.931111 0.720000
72 0.187809 0.934444 0.700000
73 0.196525 0.932222 0.740000
74 0.185426 0.934444 0.700000
75 0.193225 0.937778 0.680000
76 0.178741 0.932222 0.710000
77 0.184446 0.925556 0.720000
78 0.187024 0.935556 0.710000
79 0.174016 0.920000 0.710000
80 0.180819 0.942222 0.690000
81 0.166176 0.937778 0.700000
82 0.168147 0.935556 0.720000
83 0.178672 0.940000 0.710000
84 0.187803 0.942222 0.730000
85 0.173921 0.936667 0.710000
86 0.172253 0.933333 0.730000
87 0.180048 0.931111 0.680000
88 0.174715 0.938889 0.700000
89 0.167232 0.938889 0.680000
90 0.167262 0.937778 0.690000
91 0.209841 0.943333 0.720000
92 0.173579 0.934444 0.710000
93 0.160065 0.942222 0.710000
94 0.153673 0.942222 0.740000
95 0.145289 0.936667 0.730000
96 0.166469 0.944444 0.740000
97 0.172630 0.941111 0.740000
98 0.166618 0.944444 0.760000
99 0.156621 0.940000 0.710000
100 0.149849 0.946667 0.710000
101 0.138001 0.946667 0.710000
102 0.142411 0.947778 0.710000
103 0.140598 0.946667 0.730000
104 0.132014 0.950000 0.700000
105 0.133725 0.952222 0.710000
106 0.127093 0.950000 0.700000
107 0.132913 0.944444 0.710000
108 0.130578 0.947778 0.730000
109 0.129465 0.947778 0.730000
110 0.137328 0.942222 0.700000
111 0.135962 0.948889 0.720000
112 0.123743 0.947778 0.700000
113 0.123875 0.951111 0.740000
114 0.125825 0.947778 0.670000
115 0.133461 0.953333 0.710000
116 0.137847 0.951111 0.700000
117 0.138438 0.947778 0.730000
118 0.119312 0.953333 0.680000
119 0.120420 0.948889 0.720000
120 0.122294 0.950000 0.710000
121 0.129864 0.946667 0.720000
122 0.132321 0.950000 0.740000
123 0.141698 0.951111 0.680000
124 0.138746 0.946667 0.700000
125 0.150829 0.951111 0.690000
126 0.126704 0.947778 0.720000
127 0.127835 0.945556 0.730000
128 0.129462 0.951111 0.690000
129 0.126907 0.947778 0.740000
130 0.137349 0.947778 0.700000
131 0.130328 0.947778 0.710000
132 0.135902 0.951111 0.680000
133 0.133874 0.953333 0.700000
134 0.125873 0.950000 0.690000
135 0.136242 0.948889 0.710000
136 0.121466 0.948889 0.670000
137 0.128580 0.948889 0.680000
138 0.128751 0.950000 0.710000
139 0.118523 0.951111 0.670000
140 0.129193 0.952222 0.720000
141 0.131017 0.947778 0.730000
142 0.125024 0.950000 0.690000
143 0.129092 0.951111 0.690000
144 0.129438 0.951111 0.720000
145 0.120526 0.948889 0.720000
146 0.127235 0.952222 0.730000
147 0.124968 0.951111 0.740000
148 0.129348 0.951111 0.710000
149 0.115190 0.945556 0.740000
150 0.109755 0.953333 0.710000
151 0.112016 0.953333 0.720000
152 0.107060 0.953333 0.730000
153 0.118232 0.953333 0.730000
154 0.109731 0.952222 0.730000
155 0.104219 0.953333 0.710000
156 0.111645 0.952222 0.710000
157 0.109253 0.951111 0.740000
158 0.105028 0.954444 0.730000
159 0.109928 0.950000 0.700000
160 0.106117 0.950000 0.720000
161 0.112495 0.951111 0.740000
162 0.103377 0.952222 0.700000
163 0.111585 0.953333 0.720000
164 0.106274 0.947778 0.740000
165 0.103643 0.951111 0.730000
166 0.110675 0.953333 0.730000
167 0.111338 0.951111 0.720000
168 0.117755 0.952222 0.700000
169 0.104252 0.953333 0.700000
170 0.107685 0.953333 0.700000
171 0.107965 0.953333 0.720000
172 0.116149 0.954444 0.700000
173 0.106136 0.950000 0.730000
174 0.103215 0.954444 0.720000
175 0.105365 0.953333 0.720000
176 0.114041 0.953333 0.740000
177 0.115937 0.951111 0.730000
178 0.129278 0.953333 0.720000
179 0.117820 0.952222 0.730000
180 0.111804 0.951111 0.710000
181 0.107979 0.953333 0.710000
182 0.107748 0.954444 0.720000
183 0.108820 0.953333 0.760000
184 0.111861 0.953333 0.750000
185 0.097523 0.952222 0.730000
186 0.098460 0.952222 0.730000
187 0.106860 0.953333 0.740000
188 0.109421 0.951111 0.720000
189 0.098043 0.953333 0.720000
190 0.105257 0.952222 0.720000
191 0.112004 0.954444 0.720000
192 0.100633 0.953333 0.730000
193 0.110559 0.953333 0.720000
194 0.122765 0.953333 0.700000
195 0.109849 0.955556 0.720000
196 0.122121 0.953333 0.710000
197 0.110913 0.954444 0.740000
198 0.104869 0.953333 0.720000
199 0.105088 0.952222 0.720000
200 0.106856 0.954444 0.730000
201 0.101855 0.954444 0.720000
202 0.101907 0.953333 0.710000
203 0.101397 0.955556 0.720000
204 0.102973 0.955556 0.720000
205 0.101137 0.953333 0.710000
206 0.102425 0.955556 0.710000
207 0.103515 0.953333 0.710000
208 0.099655 0.954444 0.730000
209 0.099793 0.953333 0.720000
210 0.093540 0.953333 0.710000
211 0.100996 0.955556 0.720000
212 0.098776 0.954444 0.700000
213 0.102582 0.954444 0.710000
214 0.101984 0.955556 0.710000
215 0.097952 0.953333 0.710000
216 0.091254 0.954444 0.700000
217 0.098386 0.954444 0.710000
218 0.099928 0.955556 0.710000
219 0.098462 0.954444 0.700000
220 0.099997 0.953333 0.720000
221 0.095742 0.952222 0.730000
222 0.098647 0.955556 0.720000
223 0.096077 0.952222 0.710000
224 0.105226 0.954444 0.720000
225 0.101060 0.956667 0.720000
226 0.097820 0.955556 0.690000
227 0.096868 0.954444 0.700000
228 0.104492 0.955556 0.720000
229 0.096308 0.954444 0.680000
230 0.102112 0.955556 0.710000
231 0.095057 0.955556 0.710000
232 0.095215 0.954444 0.710000
233 0.092617 0.955556 0.720000
234 0.093824 0.954444 0.720000
235 0.101194 0.954444 0.720000
236 0.095625 0.953333 0.720000
237 0.108356 0.954444 0.720000
238 0.100183 0.955556 0.730000
239 0.098942 0.951111 0.720000
240 0.095224 0.954444 0.710000
241 0.094191 0.953333 0.720000
242 0.102495 0.954444 0.700000
243 0.098878 0.954444 0.690000
244 0.094413 0.955556 0.720000
245 0.092574 0.953333 0.690000
246 0.096569 0.956667 0.700000
247 0.104474 0.954444 0.710000
248 0.097857 0.952222 0.710000
249 0.094197 0.954444 0.720000
250 0.097462 0.955556 0.730000
251 0.096359 0.955556 0.720000
252 0.093914 0.955556 0.720000
253 0.091292 0.954444 0.720000
254 0.091454 0.954444 0.710000
255 0.093099 0.955556 0.710000
256 0.093426 0.956667 0.720000
257 0.085738 0.956667 0.720000
258 0.098474 0.953333 0.730000
259 0.092629 0.955556 0.720000
260 0.092340 0.956667 0.700000
261 0.092928 0.955556 0.710000
262 0.103600 0.955556 0.710000
263 0.091690 0.956667 0.700000
264 0.099407 0.955556 0.720000
265 0.102479 0.955556 0.720000
266 0.093891 0.954444 0.710000
267 0.101073 0.956667 0.710000
268 0.098391 0.955556 0.710000
269 0.094388 0.953333 0.700000
270 0.100780 0.954444 0.720000
271 0.097589 0.954444 0.720000
272 0.091742 0.956667 0.710000
273 0.088502 0.955556 0.710000
274 0.099135 0.954444 0.720000
275 0.092450 0.955556 0.730000
276 0.098725 0.954444 0.720000
277 0.102809 0.956667 0.720000
278 0.092085 0.956667 0.710000
279 0.088799 0.956667 0.720000
280 0.089190 0.955556 0.710000
281 0.097708 0.954444 0.720000
282 0.095041 0.955556 0.710000
283 0.092965 0.955556 0.720000
284 0.096245 0.956667 0.720000
285 0.090134 0.955556 0.700000
286 0.096692 0.954444 0.690000
287 0.090341 0.954444 0.710000
288 0.093162 0.956667 0.730000
289 0.090570 0.956667 0.720000
290 0.097765 0.955556 0.720000
291 0.088037 0.954444 0.700000
292 0.091801 0.955556 0.710000
293 0.089003 0.954444 0.700000
294 0.091601 0.954444 0.710000
295 0.095268 0.954444 0.710000
296 0.087497 0.955556 0.710000
297 0.091632 0.955556 0.720000
298 0.089928 0.954444 0.700000
299 0.084795 0.955556 0.690000
300 0.085314 0.955556 0.700000
301 0.088302 0.955556 0.700000
302 0.090165 0.955556 0.700000
303 0.090478 0.955556 0.710000
304 0.087757 0.955556 0.700000
305 0.087317 0.954444 0.710000
306 0.091672 0.954444 0.710000
307 0.094179 0.955556 0.700000
308 0.091323 0.955556 0.710000
309 0.097970 0.955556 0.700000
310 0.092947 0.956667 0.710000
311 0.096159 0.955556 0.700000
312 0.087343 0.955556 0.720000
313 0.091203 0.956667 0.720000
314 0.082765 0.956667 0.710000
315 0.096450 0.957778 0.720000
316 0.093893 0.956667 0.720000
317 0.094101 0.956667 0.720000
318 0.091966 0.955556 0.700000
319 0.086953 0.954444 0.710000
320 0.093870 0.956667 0.700000
321 0.089640 0.956667 0.710000
322 0.092100 0.956667 0.720000
323 0.097695 0.955556 0.710000
324 0.087446 0.955556 0.710000
325 0.093530 0.956667 0.720000
326 0.088055 0.956667 0.720000
327 0.087445 0.955556 0.700000
328 0.091306 0.954444 0.710000
329 0.087700 0.956667 0.710000
330 0.092070 0.956667 0.720000
331 0.088522 0.955556 0.710000
332 0.090154 0.956667 0.720000
333 0.093321 0.955556 0.730000
334 0.094400 0.956667 0.710000
335 0.091226 0.956667 0.720000
336 0.094758 0.955556 0.720000
337 0.096860 0.955556 0.720000
338 0.094352 0.955556 0.720000
339 0.093370 0.956667 0.720000
340 0.093918 0.956667 0.710000
341 0.087378 0.956667 0.710000
342 0.091937 0.955556 0.720000
343 0.096430 0.956667 0.710000
344 0.088330 0.955556 0.720000
345 0.092079 0.955556 0.720000
346 0.096914 0.956667 0.690000
347 0.092708 0.956667 0.710000
348 0.094777 0.955556 0.710000
349 0.096046 0.956667 0.720000
350 0.090717 0.954444 0.710000
