1 3.113754 0.494815 0.533333
2 2.026567 0.531852 0.460000
3 1.521966 0.481481 0.433333
4 1.323701 0.477037 0.473333
5 1.356422 0.477037 0.453333
6 1.353872 0.519259 0.466667
7 1.142490 0.544444 0.466667
8 1.197839 0.530370 0.520000
9 1.435208 0.537037 0.526667
10 1.318439 0.527407 0.526667
11 1.187517 0.549630 0.513333
12 1.149366 0.508148 0.440000
13 0.984381 0.531111 0.500000
14 1.013370 0.541481 0.500000
15 1.022486 0.534815 0.480000
16 1.107421 0.548889 0.506667
17 1.020840 0.517778 0.486667
18 0.952311 0.562963 0.486667
19 1.053321 0.548889 0.500000
20 1.016824 0.534074 0.520000
21 0.974727 0.551111 0.526667
22 1.001161 0.547407 0.460000
23 0.949967 0.562963 0.506667
24 0.993107 0.542963 0.513333
25 0.986228 0.551111 0.520000
26 0.946660 0.547407 0.486667
27 0.928435 0.551852 0.460000
28 0.908674 0.571852 0.513333
29 0.933043 0.560000 0.493333
30 0.924486 0.568148 0.506667
31 0.914424 0.556296 0.500000
32 0.933660 0.570370 0.533333
33 0.919222 0.560000 0.486667
34 0.915501 0.580741 0.500000
35 0.902564 0.574074 0.526667
36 0.905044 0.557778 0.466667
37 0.917542 0.571852 0.513333
38 0.982720 0.560000 0.486667
39 0.936019 0.562222 0.486667
40 0.917521 0.578519 0.513333
41 0.966132 0.540000 0.546667
42 1.017360 0.551852 0.520000
43 0.965309 0.508889 0.480000
44 0.938165 0.543704 0.500000
45 0.923545 0.545926 0.513333
46 0.908803 0.552593 0.500000
47 0.892365 0.565926 0.486667
48 0.908899 0.563704 0.520000
49 0.892649 0.582963 0.526667
50 0.889225 0.591852 0.513333
51 0.873348 0.592593 0.506667
52 0.850795 0.602222 0.473333
53 0.867098 0.594815 0.513333
54 0.852089 0.608148 0.526667
55 0.861753 0.608889 0.533333
56 0.844723 0.605926 0.506667
57 0.846395 0.594815 0.540000
58 0.846394 0.600741 0.546667
59 0.852313 0.613333 0.480000
60 0.829982 0.607407 0.513333
61 0.837303 0.614815 0.480000
62 0.857336 0.603704 0.513333
63 0.852688 0.614074 0.513333
64 0.830305 0.614815 0.500000
65 0.834801 0.609630 0.513333
66 0.817687 0.614815 0.493333
67 0.842033 0.565926 0.486667
68 0.836762 0.616296 0.520000
69 0.853574 0.611111 0.500000
70 0.843609 0.614074 0.506667
