1 3.528724 0.490370 0.406667
2 1.665810 0.534074 0.486667
3 1.427314 0.534815 0.466667
4 1.329823 0.498519 0.386667
5 1.695605 0.514815 0.513333
6 1.273481 0.509630 0.520000
7 1.108179 0.533333 0.500000
8 1.239266 0.539259 0.520000
9 1.176245 0.506667 0.473333
10 1.245980 0.524444 0.506667
11 1.152358 0.527407 0.500000
12 1.207080 0.518519 0.453333
13 1.051461 0.525185 0.466667
14 1.028841 0.546667 0.513333
15 1.118647 0.542963 0.500000
16 1.160486 0.545926 0.520000
17 0.962784 0.471111 0.420000
18 0.999185 0.554815 0.473333
19 1.036392 0.557778 0.520000
20 0.961959 0.561481 0.500000
21 1.057374 0.562963 0.500000
22 0.948140 0.552593 0.493333
23 1.044975 0.534815 0.426667
24 1.009166 0.547407 0.460000
25 1.084526 0.534815 0.493333
26 0.930157 0.562963 0.520000
27 0.939141 0.563704 0.493333
28 0.918001 0.557778 0.460000
29 0.915575 0.554074 0.500000
30 0.912114 0.566667 0.513333
31 0.929342 0.559259 0.460000
32 0.944497 0.546667 0.513333
33 0.937239 0.562222 0.446667
34 0.934002 0.568889 0.473333
35 0.937005 0.565185 0.500000
36 0.910135 0.565926 0.500000
37 0.916650 0.579259 0.533333
38 0.913294 0.568148 0.520000
39 0.951597 0.551111 0.500000
40 0.914089 0.578519 0.506667
41 0.921197 0.568889 0.453333
42 0.941556 0.578519 0.460000
43 0.928388 0.575556 0.420000
44 0.904019 0.583704 0.486667
45 0.917596 0.548148 0.473333
46 0.914395 0.576296 0.513333
47 0.915125 0.573333 0.506667
48 0.891729 0.567407 0.446667
49 0.932129 0.581481 0.500000
50 0.883496 0.591111 0.513333
51 0.867727 0.578519 0.500000
52 0.852653 0.592593 0.473333
53 0.863938 0.594815 0.493333
54 0.857050 0.585185 0.460000
55 0.845335 0.600741 0.500000
56 0.856071 0.600000 0.520000
57 0.838674 0.581481 0.446667
58 0.846519 0.600741 0.506667
59 0.838665 0.590370 0.446667
60 0.830693 0.611852 0.540000
61 0.840328 0.597778 0.473333
62 0.855094 0.602222 0.513333
63 0.841418 0.608148 0.533333
64 0.834128 0.610370 0.506667
65 0.822545 0.611852 0.480000
66 0.860059 0.612593 0.466667
67 0.848376 0.609630 0.506667
68 0.834441 0.610370 0.520000
69 0.839368 0.606667 0.500000
70 0.813269 0.612593 0.493333
