1 119.130463 0.666111 0.670000
2 49.610439 0.652778 0.655000
3 15.130837 0.735000 0.775000
4 10.008879 0.688333 0.720000
5 12.058398 0.657778 0.705000
6 8.680827 0.683889 0.700000
7 6.281167 0.755000 0.770000
8 3.984540 0.667778 0.710000
9 9.358210 0.652222 0.660000
10 3.807084 0.745556 0.760000
11 3.457620 0.773889 0.795000
12 5.412136 0.553889 0.565000
13 5.534891 0.683333 0.725000
14 5.231236 0.668889 0.715000
15 3.312470 0.751111 0.765000
16 2.721242 0.742778 0.770000
17 1.951844 0.588333 0.605000
18 1.770352 0.685556 0.725000
19 2.031592 0.735000 0.745000
20 2.220641 0.770556 0.795000
21 1.684249 0.767778 0.785000
22 1.178523 0.731111 0.750000
23 2.135179 0.747222 0.750000
24 2.452102 0.711667 0.740000
25 1.581531 0.780000 0.795000
26 1.976914 0.742778 0.750000
27 1.280732 0.753333 0.795000
28 1.463572 0.725556 0.735000
29 0.854889 0.778889 0.815000
30 0.755836 0.701667 0.720000
31 0.963642 0.752778 0.770000
32 1.020256 0.770000 0.785000
33 1.050763 0.559444 0.560000
34 1.141953 0.765556 0.795000
35 0.812140 0.727222 0.740000
36 0.839958 0.772222 0.810000
37 0.938850 0.750000 0.745000
38 1.034263 0.712222 0.730000
39 0.940658 0.733333 0.745000
40 0.733975 0.766111 0.790000
41 1.216376 0.595556 0.625000
42 0.948958 0.708889 0.755000
43 0.847009 0.589444 0.630000
44 0.906163 0.738333 0.745000
45 0.856642 0.661111 0.680000
46 0.860229 0.772222 0.810000
47 0.954240 0.747222 0.760000
48 0.905717 0.708333 0.755000
49 0.802974 0.608333 0.615000
50 0.829725 0.757778 0.770000
51 0.911375 0.772778 0.815000
52 0.673910 0.760556 0.800000
53 0.625123 0.779444 0.815000
54 0.763914 0.608889 0.610000
55 0.659212 0.686111 0.715000
56 0.666607 0.569444 0.595000
57 0.667580 0.779444 0.815000
58 0.701768 0.761111 0.775000
59 0.954552 0.778333 0.805000
60 0.672601 0.717778 0.760000
61 0.671111 0.717222 0.730000
62 0.714055 0.779444 0.810000
63 0.653635 0.761667 0.805000
64 0.688902 0.768333 0.795000
65 0.620878 0.785000 0.815000
66 0.663981 0.754444 0.770000
67 0.621631 0.768333 0.820000
68 0.705523 0.704444 0.750000
69 0.628499 0.715556 0.740000
70 0.748352 0.737222 0.755000
71 1.071304 0.758889 0.770000
72 0.704445 0.734444 0.760000
73 0.906896 0.738333 0.780000
74 1.186844 0.777222 0.810000
75 1.012639 0.727222 0.775000
76 1.059967 0.747778 0.745000
77 1.470344 0.771111 0.800000
78 1.111372 0.762778 0.770000
79 0.677329 0.736111 0.745000
80 1.113436 0.775556 0.800000
81 0.730848 0.713333 0.745000
82 0.606249 0.705000 0.740000
83 0.724420 0.756111 0.760000
84 0.705352 0.717778 0.730000
85 0.770481 0.741111 0.780000
86 0.627562 0.748889 0.750000
87 0.666419 0.766667 0.770000
88 0.632302 0.774444 0.805000
89 0.781106 0.771111 0.790000
90 0.608268 0.777222 0.810000
91 0.636511 0.768333 0.775000
92 0.738196 0.769444 0.780000
93 0.882980 0.768889 0.775000
94 0.787973 0.747778 0.755000
95 0.954542 0.775556 0.815000
96 0.743337 0.547778 0.550000
97 0.705683 0.768333 0.800000
98 0.586562 0.741111 0.750000
99 0.697381 0.767778 0.785000
100 0.587625 0.751667 0.785000
101 0.587520 0.762222 0.775000
102 0.598798 0.777778 0.815000
103 0.595481 0.762222 0.775000
104 0.551824 0.751111 0.790000
105 0.560877 0.748889 0.790000
106 0.580008 0.776111 0.810000
107 0.622951 0.727222 0.745000
108 0.560493 0.756667 0.775000
109 0.549247 0.775000 0.815000
110 0.522221 0.755556 0.785000
111 0.573957 0.763889 0.785000
112 0.549981 0.761667 0.775000
113 0.564200 0.767222 0.785000
114 0.574950 0.749444 0.755000
115 0.544243 0.768889 0.790000
116 0.542478 0.768333 0.795000
117 0.543936 0.785000 0.820000
118 0.580130 0.722778 0.735000
119 0.563488 0.678889 0.680000
120 0.579098 0.774444 0.795000
121 0.886068 0.761111 0.780000
122 0.663655 0.778889 0.810000
123 0.616687 0.775000 0.805000
124 0.560256 0.766667 0.785000
125 0.607773 0.728333 0.735000
126 0.540011 0.761111 0.775000
127 0.593671 0.768333 0.790000
128 0.631863 0.766111 0.760000
129 0.566876 0.757222 0.775000
130 0.627614 0.770556 0.780000
131 0.660240 0.743889 0.765000
132 0.556040 0.758333 0.770000
133 0.549543 0.778333 0.805000
134 0.615074 0.770556 0.790000
135 0.553959 0.723889 0.715000
136 0.592520 0.773889 0.810000
137 0.556867 0.699444 0.715000
138 0.573666 0.786111 0.830000
139 0.534846 0.751667 0.775000
140 0.553630 0.770000 0.790000
141 0.545907 0.742778 0.785000
142 0.592811 0.761667 0.770000
143 0.605639 0.788889 0.825000
144 0.561662 0.770556 0.785000
145 0.554732 0.768889 0.795000
146 0.562751 0.787778 0.825000
147 0.544539 0.755556 0.780000
148 0.551141 0.781111 0.820000
149 0.562126 0.770556 0.805000
150 0.541935 0.709444 0.725000
151 0.545193 0.767778 0.780000
152 0.562678 0.761111 0.770000
153 0.581278 0.757778 0.770000
154 0.549159 0.773333 0.805000
155 0.528565 0.758333 0.770000
156 0.527294 0.784444 0.825000
157 0.531688 0.777222 0.815000
158 0.543331 0.787222 0.825000
159 0.554319 0.788333 0.820000
160 0.554616 0.758333 0.775000
161 0.529646 0.782222 0.830000
162 0.529808 0.755000 0.765000
163 0.534306 0.767778 0.785000
164 0.574056 0.771667 0.800000
165 0.531657 0.753333 0.780000
166 0.527116 0.777778 0.805000
167 0.525176 0.784444 0.825000
168 0.552325 0.752222 0.770000
169 0.554350 0.772778 0.795000
170 0.534248 0.753889 0.795000
171 0.539351 0.780556 0.820000
172 0.522892 0.779444 0.815000
173 0.552254 0.754444 0.765000
174 0.585105 0.770556 0.780000
175 0.545247 0.733333 0.745000
176 0.549065 0.751667 0.770000
177 0.556863 0.773889 0.800000
178 0.557554 0.787222 0.825000
179 0.546383 0.760000 0.765000
180 0.522432 0.792222 0.825000
181 0.542661 0.781111 0.820000
182 0.562984 0.767222 0.775000
183 0.549912 0.710556 0.735000
184 0.565635 0.766111 0.775000
185 0.540301 0.777222 0.810000
186 0.531113 0.758333 0.780000
187 0.526682 0.771667 0.790000
188 0.530516 0.777778 0.805000
189 0.517242 0.785000 0.815000
190 0.528612 0.741111 0.770000
191 0.544396 0.785556 0.820000
192 0.552348 0.753889 0.795000
193 0.539219 0.716111 0.725000
194 0.545388 0.784444 0.830000
195 0.544983 0.790556 0.830000
196 0.537032 0.793889 0.825000
197 0.527737 0.770556 0.775000
198 0.545146 0.773333 0.800000
199 0.556286 0.771667 0.795000
200 0.525454 0.747778 0.775000
201 0.536172 0.777222 0.800000
202 0.530986 0.788889 0.825000
203 0.517867 0.780556 0.815000
204 0.528886 0.771111 0.795000
205 0.518219 0.787222 0.830000
206 0.529145 0.768333 0.795000
207 0.524639 0.786111 0.820000
208 0.525388 0.773889 0.805000
209 0.541064 0.735556 0.760000
210 0.518631 0.777222 0.795000
211 0.550893 0.784444 0.820000
212 0.511561 0.770000 0.785000
213 0.535803 0.778889 0.810000
214 0.534841 0.783889 0.825000
215 0.527531 0.781111 0.805000
216 0.540862 0.788333 0.825000
217 0.524853 0.780000 0.815000
218 0.520361 0.781667 0.820000
219 0.543184 0.785556 0.820000
220 0.526038 0.753333 0.765000
221 0.533421 0.785000 0.795000
222 0.527884 0.756111 0.765000
223 0.533356 0.785000 0.810000
224 0.514978 0.782778 0.825000
225 0.544357 0.775556 0.795000
226 0.523728 0.787778 0.825000
227 0.537798 0.745556 0.755000
228 0.523493 0.782778 0.805000
229 0.518046 0.779444 0.830000
230 0.516651 0.776667 0.805000
231 0.536988 0.756111 0.765000
232 0.528114 0.753889 0.770000
233 0.524563 0.782222 0.810000
234 0.529392 0.782778 0.820000
235 0.518035 0.776667 0.805000
236 0.518898 0.778889 0.795000
237 0.520596 0.771667 0.790000
238 0.534471 0.785000 0.830000
239 0.527782 0.782222 0.805000
240 0.531958 0.781111 0.805000
241 0.514933 0.771667 0.795000
242 0.527702 0.772778 0.785000
243 0.531196 0.768889 0.775000
244 0.520818 0.768333 0.795000
245 0.545783 0.758889 0.775000
246 0.521438 0.748333 0.785000
247 0.526166 0.768333 0.785000
248 0.506116 0.763889 0.775000
249 0.513827 0.773333 0.790000
250 0.522036 0.783889 0.800000
251 0.560623 0.791111 0.825000
252 0.532842 0.771667 0.795000
253 0.512890 0.789444 0.830000
254 0.509878 0.772778 0.805000
255 0.543850 0.774444 0.790000
256 0.520778 0.779444 0.815000
257 0.530401 0.785000 0.830000
258 0.510326 0.778333 0.810000
259 0.519645 0.771667 0.800000
260 0.528821 0.768333 0.785000
261 0.531667 0.782222 0.825000
262 0.520335 0.780556 0.805000
263 0.521364 0.788333 0.825000
264 0.524597 0.786667 0.810000
265 0.518165 0.771111 0.795000
266 0.518863 0.782778 0.810000
267 0.523204 0.746111 0.750000
268 0.523171 0.785556 0.830000
269 0.514164 0.785556 0.825000
270 0.513517 0.770556 0.795000
271 0.528863 0.785556 0.805000
272 0.536276 0.770000 0.805000
273 0.527797 0.757778 0.765000
274 0.528899 0.776111 0.790000
275 0.530896 0.772778 0.795000
276 0.523616 0.789444 0.830000
277 0.524517 0.777222 0.805000
278 0.518909 0.775556 0.800000
279 0.518550 0.789444 0.825000
280 0.519718 0.765000 0.775000
281 0.526324 0.774444 0.790000
282 0.517998 0.747222 0.765000
283 0.521162 0.767778 0.785000
284 0.515097 0.782222 0.815000
285 0.516274 0.791667 0.820000
286 0.528775 0.783889 0.820000
287 0.524268 0.772222 0.780000
288 0.508946 0.778889 0.805000
289 0.528105 0.772222 0.800000
290 0.524271 0.782222 0.820000
291 0.525867 0.780556 0.820000
292 0.514917 0.788333 0.825000
293 0.513044 0.783333 0.805000
294 0.528359 0.782222 0.820000
295 0.522781 0.777222 0.800000
296 0.518827 0.777778 0.805000
297 0.510315 0.745000 0.765000
298 0.520851 0.781111 0.815000
299 0.530292 0.790000 0.820000
300 0.519534 0.781667 0.820000
301 0.524013 0.763333 0.775000
302 0.536334 0.781111 0.790000
303 0.519304 0.781111 0.820000
304 0.521026 0.786667 0.815000
305 0.520170 0.781111 0.800000
306 0.525918 0.781111 0.815000
307 0.512195 0.783889 0.830000
308 0.525998 0.788333 0.825000
309 0.526694 0.773333 0.790000
310 0.528669 0.772778 0.775000
311 0.519296 0.783889 0.830000
312 0.514707 0.776111 0.800000
313 0.511758 0.777778 0.795000
314 0.522630 0.778333 0.825000
315 0.519117 0.790556 0.825000
316 0.515431 0.781667 0.810000
317 0.520680 0.779444 0.800000
318 0.529363 0.789444 0.830000
319 0.518099 0.775556 0.800000
320 0.524329 0.764444 0.780000
321 0.517201 0.763333 0.770000
322 0.525522 0.766111 0.775000
323 0.525172 0.779444 0.795000
324 0.515801 0.779444 0.795000
325 0.505373 0.795000 0.825000
326 0.510718 0.783889 0.815000
327 0.508065 0.782778 0.810000
328 0.528919 0.771111 0.785000
329 0.519736 0.783889 0.810000
330 0.524386 0.778333 0.820000
331 0.506190 0.780556 0.805000
332 0.513239 0.760556 0.770000
333 0.517195 0.788889 0.825000
334 0.518321 0.781111 0.800000
335 0.521136 0.789444 0.825000
336 0.521156 0.781667 0.810000
337 0.509964 0.772778 0.800000
338 0.524359 0.787778 0.825000
339 0.515183 0.775556 0.800000
340 0.517136 0.787778 0.820000
341 0.524871 0.793889 0.825000
342 0.517294 0.771667 0.800000
343 0.519069 0.781667 0.815000
344 0.515368 0.782778 0.810000
345 0.521859 0.785556 0.830000
346 0.526494 0.784444 0.825000
347 0.519604 0.766667 0.775000
348 0.533128 0.782778 0.810000
349 0.523394 0.780556 0.790000
350 0.510869 0.780000 0.815000
