1 140.243093 0.653333 0.640000
2 59.482387 0.651111 0.640000
3 18.914505 0.654444 0.635000
4 5.775549 0.690000 0.695000
5 8.854241 0.567778 0.570000
6 5.597729 0.769444 0.760000
7 10.326808 0.709444 0.715000
8 3.917746 0.691111 0.670000
9 5.531362 0.747222 0.710000
10 5.565382 0.552778 0.560000
11 4.449289 0.747222 0.755000
12 1.163876 0.781111 0.765000
13 1.570244 0.751111 0.770000
14 1.369725 0.781667 0.770000
15 0.998755 0.770556 0.770000
16 0.731660 0.730000 0.720000
17 2.189932 0.738333 0.745000
18 1.078058 0.741667 0.750000
19 1.144229 0.770000 0.770000
20 1.143072 0.615556 0.605000
21 0.957228 0.627778 0.625000
22 0.769728 0.730556 0.755000
23 1.026422 0.706111 0.670000
24 0.995116 0.733333 0.735000
25 0.737671 0.740556 0.750000
26 1.002418 0.771111 0.730000
27 1.076104 0.761667 0.730000
28 0.979698 0.760556 0.730000
29 0.846680 0.741667 0.750000
30 0.751309 0.758889 0.780000
31 0.731628 0.742222 0.760000
32 1.205619 0.763333 0.725000
33 0.989996 0.682778 0.640000
34 0.905829 0.771111 0.770000
35 0.725957 0.770556 0.775000
36 0.964855 0.782222 0.770000
37 0.861919 0.722222 0.720000
38 0.750354 0.771111 0.775000
39 1.072106 0.770000 0.770000
40 1.151011 0.773889 0.765000
41 0.836212 0.721111 0.720000
42 0.973710 0.771111 0.785000
43 1.288234 0.765000 0.715000
44 1.030653 0.775000 0.745000
45 0.852239 0.750556 0.775000
46 0.849906 0.738889 0.740000
47 0.798576 0.775556 0.770000
48 3.058514 0.776111 0.735000
49 1.162253 0.751111 0.760000
50 2.832556 0.706667 0.730000
51 1.104121 0.772778 0.770000
52 3.082915 0.778889 0.765000
53 0.589128 0.780000 0.760000
54 0.626839 0.776111 0.755000
55 0.577285 0.777778 0.755000
56 1.687168 0.781667 0.760000
57 1.222932 0.786111 0.745000
58 0.561757 0.776667 0.775000
59 0.728920 0.781111 0.750000
60 1.022677 0.791111 0.765000
61 1.391496 0.732778 0.745000
62 1.069102 0.785556 0.740000
63 0.763639 0.777778 0.770000
64 0.699398 0.761667 0.765000
65 0.642498 0.783333 0.750000
66 0.680105 0.753333 0.775000
67 0.658090 0.755556 0.775000
68 0.685345 0.739444 0.740000
69 0.557320 0.741667 0.755000
70 0.616102 0.759444 0.770000
71 0.787292 0.775556 0.775000
72 0.723856 0.791667 0.775000
73 0.776847 0.746667 0.750000
74 1.049735 0.788889 0.775000
75 2.079909 0.770000 0.770000
76 0.689445 0.771667 0.765000
77 0.667013 0.741111 0.760000
78 0.709245 0.740000 0.750000
79 0.590155 0.778333 0.775000
80 0.594879 0.791111 0.780000
81 0.670234 0.794444 0.750000
82 0.572686 0.797222 0.785000
83 1.192070 0.743889 0.755000
84 0.791268 0.750556 0.770000
85 0.800370 0.801111 0.760000
86 0.548919 0.773333 0.770000
87 0.665187 0.725000 0.735000
88 0.738141 0.799444 0.785000
89 0.550881 0.803333 0.785000
90 1.080074 0.730556 0.725000
91 0.757326 0.805000 0.760000
92 0.619241 0.779444 0.780000
93 0.566288 0.803333 0.765000
94 0.677280 0.743889 0.745000
95 0.619377 0.677222 0.645000
96 0.542118 0.798333 0.795000
97 0.534780 0.800000 0.785000
98 0.582544 0.806667 0.770000
99 0.690132 0.766111 0.765000
100 0.554469 0.795556 0.775000
101 0.518505 0.785000 0.785000
102 0.630994 0.793333 0.800000
103 0.560888 0.796111 0.790000
104 0.575479 0.795556 0.785000
105 0.515750 0.807222 0.785000
106 0.539426 0.757222 0.755000
107 0.599210 0.810556 0.795000
108 0.584729 0.733889 0.730000
109 0.518816 0.769444 0.765000
110 0.594218 0.791667 0.775000
111 0.581419 0.771667 0.765000
112 0.520000 0.763333 0.760000
113 0.503340 0.805000 0.770000
114 0.521622 0.755000 0.765000
115 0.598164 0.805556 0.755000
116 0.713852 0.785556 0.765000
117 0.522661 0.786667 0.785000
118 0.618540 0.779444 0.765000
119 0.511252 0.803889 0.775000
120 0.524115 0.798333 0.765000
121 0.524612 0.766111 0.770000
122 0.533078 0.806111 0.790000
123 0.528001 0.766667 0.770000
124 0.547033 0.803333 0.750000
125 0.556848 0.803333 0.795000
126 0.525710 0.777778 0.760000
127 0.526470 0.784444 0.770000
128 0.514084 0.761111 0.755000
129 0.612711 0.703333 0.670000
130 0.579686 0.808333 0.775000
131 0.577401 0.795556 0.780000
132 0.553626 0.765000 0.765000
133 0.516725 0.778333 0.770000
134 0.499430 0.804444 0.760000
135 0.568487 0.783333 0.775000
136 0.575326 0.798889 0.785000
137 0.582416 0.793889 0.760000
138 0.554338 0.805556 0.765000
139 0.534145 0.735000 0.730000
140 0.579298 0.788889 0.775000
141 0.523446 0.803333 0.790000
142 0.543893 0.809444 0.795000
143 0.511835 0.782222 0.780000
144 0.515879 0.796111 0.785000
145 0.511707 0.758333 0.755000
146 0.541412 0.782778 0.770000
147 0.602768 0.806111 0.755000
148 0.551376 0.785556 0.785000
149 0.527696 0.783889 0.780000
150 0.497595 0.805556 0.765000
151 0.502142 0.781667 0.770000
152 0.517219 0.797778 0.785000
153 0.514223 0.769444 0.770000
154 0.510440 0.800000 0.790000
155 0.751381 0.759444 0.755000
156 0.697860 0.796667 0.790000
157 0.495399 0.805556 0.775000
158 0.533655 0.800000 0.785000
159 0.502209 0.802778 0.755000
160 0.520237 0.763333 0.760000
161 0.505052 0.797778 0.785000
162 0.502792 0.761111 0.770000
163 0.651001 0.513333 0.515000
164 0.536378 0.785556 0.790000
165 0.527695 0.811111 0.765000
166 0.522193 0.786667 0.790000
167 0.534575 0.791667 0.780000
168 0.517807 0.798889 0.780000
169 0.509030 0.801111 0.780000
170 0.515365 0.801111 0.770000
171 0.499600 0.786111 0.780000
172 0.509751 0.800556 0.765000
173 0.593201 0.776667 0.760000
174 0.812551 0.806667 0.755000
175 0.578414 0.803333 0.775000
176 0.502383 0.796667 0.775000
177 0.510387 0.758889 0.765000
178 0.688222 0.773333 0.770000
179 0.493841 0.778889 0.765000
180 0.524190 0.798889 0.795000
181 0.517405 0.793333 0.785000
182 0.515392 0.785000 0.780000
183 0.520538 0.791667 0.780000
184 0.509571 0.802222 0.785000
185 0.494063 0.800556 0.775000
186 0.497364 0.781111 0.765000
187 0.564928 0.763333 0.755000
188 0.507509 0.768333 0.770000
189 0.509083 0.795556 0.775000
190 0.512389 0.761667 0.755000
191 0.493513 0.801667 0.780000
192 0.497327 0.787222 0.775000
193 0.511719 0.798889 0.785000
194 0.529831 0.809444 0.760000
195 0.518401 0.802222 0.780000
196 0.505958 0.807778 0.760000
197 0.501608 0.751667 0.765000
198 0.527001 0.765556 0.750000
199 0.528277 0.665000 0.650000
200 0.498502 0.811111 0.755000
201 0.505294 0.783333 0.770000
202 0.509161 0.807222 0.775000
203 0.487305 0.785000 0.780000
204 0.491195 0.795556 0.795000
205 0.496368 0.801667 0.790000
206 0.572330 0.807222 0.750000
207 0.654279 0.806667 0.770000
208 0.502340 0.798889 0.795000
209 0.581231 0.786667 0.780000
210 0.493140 0.767778 0.765000
211 0.510104 0.780556 0.775000
212 0.482946 0.758889 0.765000
213 0.514220 0.798889 0.790000
214 0.495795 0.800556 0.790000
215 0.513160 0.753889 0.770000
216 0.500404 0.790556 0.790000
217 0.485122 0.787778 0.780000
218 0.485292 0.806111 0.765000
219 0.489523 0.798889 0.790000
220 0.488130 0.800556 0.790000
221 0.489700 0.806111 0.775000
222 0.503701 0.791667 0.785000
223 0.497263 0.787778 0.785000
224 0.515308 0.766111 0.755000
225 0.527984 0.762778 0.770000
226 0.506707 0.791111 0.780000
227 0.511671 0.772222 0.770000
228 0.552384 0.791111 0.795000
229 0.498083 0.786667 0.785000
230 0.500024 0.800000 0.790000
231 0.511027 0.773333 0.770000
232 0.495701 0.753889 0.765000
233 0.505896 0.805556 0.760000
234 0.494497 0.806667 0.770000
235 0.504914 0.805556 0.790000
236 0.507029 0.760000 0.770000
237 0.514098 0.786111 0.785000
238 0.512181 0.785000 0.785000
239 0.500118 0.808889 0.770000
240 0.492706 0.781111 0.775000
241 0.490341 0.806667 0.780000
242 0.509148 0.796667 0.785000
243 0.499954 0.802778 0.780000
244 0.495101 0.806667 0.765000
245 0.511187 0.792222 0.780000
246 0.535872 0.800000 0.785000
247 0.500293 0.804444 0.790000
248 0.491957 0.802778 0.780000
249 0.477044 0.793889 0.790000
250 0.531363 0.790000 0.780000
251 0.500964 0.804444 0.770000
252 0.522646 0.777778 0.780000
253 0.488482 0.793333 0.790000
254 0.494335 0.807222 0.765000
255 0.611399 0.809444 0.770000
256 0.487664 0.807778 0.765000
257 0.508287 0.806111 0.765000
258 0.497311 0.784444 0.785000
259 0.489571 0.803889 0.785000
260 0.494359 0.781111 0.785000
261 0.512230 0.803333 0.780000
262 0.498188 0.802222 0.770000
263 0.515968 0.803889 0.780000
264 0.495663 0.795556 0.780000
265 0.492166 0.787222 0.785000
266 0.540702 0.797778 0.780000
267 0.495275 0.803889 0.775000
268 0.498664 0.800556 0.780000
269 0.489782 0.784444 0.775000
270 0.492617 0.809444 0.775000
271 0.490947 0.806111 0.775000
272 0.490825 0.803333 0.775000
273 0.481032 0.797778 0.780000
274 0.488484 0.786111 0.785000
275 0.491550 0.805556 0.770000
276 0.508035 0.796111 0.785000
277 0.486185 0.799444 0.800000
278 0.490981 0.792778 0.780000
279 0.483614 0.805000 0.780000
280 0.522505 0.762222 0.765000
281 0.494541 0.780000 0.780000
282 0.492247 0.776667 0.765000
283 0.487517 0.802222 0.780000
284 0.502392 0.805556 0.775000
285 0.490766 0.773889 0.760000
286 0.489479 0.805000 0.770000
287 0.493624 0.805556 0.770000
288 0.484070 0.798889 0.790000
289 0.485935 0.805000 0.775000
290 0.480214 0.806111 0.775000
291 0.497353 0.767222 0.755000
292 0.495441 0.797778 0.780000
293 0.480351 0.795000 0.785000
294 0.503242 0.781111 0.770000
295 0.486514 0.780000 0.785000
296 0.493798 0.757778 0.765000
297 0.482417 0.787222 0.790000
298 0.479744 0.790556 0.790000
299 0.497300 0.798333 0.810000
300 0.490371 0.795000 0.785000
301 0.491046 0.780556 0.780000
302 0.492514 0.791667 0.790000
303 0.465886 0.801111 0.795000
304 0.477318 0.811667 0.810000
305 0.459702 0.807222 0.785000
306 0.482523 0.802222 0.800000
307 0.485407 0.792778 0.775000
308 0.481379 0.785556 0.780000
309 0.482095 0.791111 0.795000
310 0.473128 0.787778 0.790000
311 0.474320 0.797222 0.790000
312 0.475282 0.800556 0.790000
313 0.460623 0.804444 0.795000
314 0.463519 0.811111 0.810000
315 0.472010 0.787222 0.790000
316 0.451531 0.815556 0.800000
317 0.459649 0.816667 0.815000
318 0.451866 0.811667 0.800000
319 0.458529 0.806111 0.805000
320 0.453390 0.811111 0.820000
321 0.479420 0.810000 0.810000
322 0.452582 0.810556 0.800000
323 0.446062 0.822222 0.815000
324 0.459345 0.816667 0.805000
325 0.441225 0.817222 0.835000
326 0.450675 0.820000 0.815000
327 0.440060 0.820556 0.825000
328 0.453926 0.808889 0.805000
329 0.454907 0.820000 0.815000
330 0.437612 0.816667 0.800000
331 0.447234 0.816111 0.835000
332 0.446636 0.809444 0.805000
333 0.499119 0.823333 0.830000
334 0.444455 0.806667 0.810000
335 0.447471 0.810556 0.805000
336 0.441520 0.813333 0.810000
337 0.434365 0.821667 0.835000
338 0.452633 0.826667 0.820000
339 0.447151 0.826667 0.830000
340 0.432684 0.828889 0.825000
341 0.449374 0.830000 0.835000
342 0.439012 0.828333 0.815000
343 0.439844 0.807778 0.800000
344 0.453894 0.825556 0.825000
345 0.438795 0.811667 0.805000
346 0.437205 0.825556 0.825000
347 0.451209 0.800000 0.815000
348 0.453122 0.825000 0.830000
349 0.478778 0.824444 0.840000
350 0.434269 0.826667 0.835000
