1 4.502753 0.618123 0.514286
2 1.887563 0.640777 0.571429
3 1.334457 0.621359 0.571429
4 1.429711 0.708738 0.657143
5 0.991237 0.676375 0.600000
6 1.031536 0.741100 0.657143
7 0.820250 0.692557 0.571429
8 0.808398 0.640777 0.571429
9 0.714748 0.689320 0.685714
10 0.708088 0.779935 0.742857
11 0.671930 0.750809 0.657143
12 0.706258 0.789644 0.714286
13 0.492382 0.860841 0.828571
14 0.489655 0.851133 0.771429
15 0.787194 0.815534 0.714286
16 0.618781 0.867314 0.742857
17 0.458597 0.828479 0.771429
18 0.407136 0.799353 0.771429
19 0.401484 0.909385 0.685714
20 0.332016 0.857605 0.714286
21 0.299728 0.889968 0.714286
22 0.320838 0.851133 0.742857
23 0.367152 0.902913 0.685714
24 0.314560 0.922330 0.771429
25 0.294548 0.870550 0.742857
26 0.320028 0.928803 0.771429
27 0.330734 0.928803 0.800000
28 0.243821 0.812298 0.714286
29 0.294947 0.889968 0.685714
30 0.299299 0.867314 0.714286
31 0.279503 0.948220 0.657143
32 0.323311 0.974110 0.714286
33 0.199264 0.896440 0.600000
34 0.197221 0.961165 0.685714
35 0.178747 0.944984 0.685714
36 0.212963 0.957929 0.685714
37 0.176468 0.906149 0.742857
38 0.172562 0.970874 0.628571
39 0.152049 0.935275 0.742857
40 0.315679 0.948220 0.771429
41 0.251362 0.915858 0.714286
42 0.171116 0.954693 0.657143
43 0.178236 0.954693 0.657143
44 0.116229 0.941748 0.628571
45 0.171882 0.938511 0.657143
46 0.157661 0.944984 0.685714
47 0.288601 0.954693 0.657143
48 0.160909 0.925566 0.742857
49 0.138945 0.974110 0.657143
50 0.102470 0.993528 0.685714
51 0.093877 0.993528 0.628571
52 0.083149 0.993528 0.600000
53 0.075917 0.993528 0.657143
54 0.079044 0.990291 0.628571
55 0.076954 0.993528 0.600000
56 0.077412 0.993528 0.628571
57 0.079355 0.967638 0.685714
58 0.085946 0.990291 0.657143
59 0.083178 0.993528 0.714286
60 0.080064 0.993528 0.657143
61 0.076112 0.993528 0.628571
62 0.100209 0.993528 0.628571
63 0.096288 0.993528 0.657143
64 0.097795 0.964401 0.685714
65 0.088059 0.993528 0.657143
66 0.087015 0.993528 0.714286
67 0.082972 0.957929 0.714286
68 0.072453 0.993528 0.657143
69 0.078286 0.993528 0.628571
70 0.115564 0.977346 0.628571
71 0.098694 0.993528 0.628571
72 0.197052 0.928803 0.657143
73 0.107992 0.990291 0.742857
74 0.112993 0.974110 0.571429
75 0.089662 0.983819 0.685714
76 0.086340 0.987055 0.685714
77 0.070768 0.993528 0.628571
78 0.076881 0.961165 0.657143
79 0.142092 0.993528 0.657143
80 0.107873 0.983819 0.714286
81 0.080166 0.993528 0.685714
82 0.202383 0.970874 0.714286
83 0.138161 0.990291 0.657143
84 0.078140 0.993528 0.657143
85 0.077647 0.990291 0.571429
86 0.069995 0.993528 0.628571
87 0.063977 0.993528 0.628571
88 0.067012 0.993528 0.657143
89 0.064507 0.990291 0.571429
90 0.072823 0.993528 0.657143
91 0.063438 0.993528 0.600000
92 0.067343 0.993528 0.657143
93 0.075181 0.977346 0.628571
94 0.064713 0.993528 0.628571
95 0.065833 0.987055 0.685714
96 0.229220 0.838188 0.714286
97 0.324273 0.974110 0.657143
98 0.168429 0.980583 0.657143
99 0.093660 0.993528 0.628571
100 0.068833 0.993528 0.628571
101 0.057819 0.993528 0.628571
102 0.058535 0.993528 0.600000
103 0.055115 0.993528 0.628571
104 0.058623 0.993528 0.600000
105 0.053154 0.993528 0.600000
106 0.062242 0.993528 0.628571
107 0.055563 0.993528 0.600000
108 0.053613 0.993528 0.600000
109 0.056497 0.993528 0.628571
110 0.050487 0.993528 0.600000
111 0.055100 0.993528 0.628571
112 0.055945 0.993528 0.600000
113 0.052980 0.993528 0.628571
114 0.054252 0.993528 0.600000
115 0.056632 0.993528 0.600000
116 0.059081 0.993528 0.657143
117 0.047068 0.993528 0.628571
118 0.051584 0.993528 0.628571
119 0.053783 0.993528 0.657143
120 0.054612 0.993528 0.628571
121 0.068074 0.993528 0.657143
122 0.049681 0.993528 0.685714
123 0.053461 0.993528 0.571429
124 0.057016 0.993528 0.657143
125 0.053826 0.993528 0.657143
126 0.056563 0.993528 0.600000
127 0.051417 0.993528 0.628571
128 0.050578 0.993528 0.657143
129 0.055756 0.993528 0.600000
130 0.049937 0.993528 0.628571
131 0.046564 0.993528 0.628571
132 0.064900 0.941748 0.714286
133 0.141456 0.938511 0.657143
134 0.091429 0.990291 0.628571
135 0.157185 0.941748 0.657143
136 0.084826 0.993528 0.600000
137 0.090866 0.990291 0.685714
138 0.069716 0.993528 0.657143
139 0.056087 0.993528 0.628571
140 0.063001 0.977346 0.657143
141 0.061014 0.993528 0.657143
142 0.050503 0.993528 0.628571
143 0.047073 0.993528 0.628571
144 0.050290 0.993528 0.600000
145 0.049685 0.993528 0.657143
146 0.050642 0.993528 0.657143
147 0.063958 0.993528 0.628571
148 0.052524 0.993528 0.628571
149 0.059951 0.993528 0.628571
150 0.047897 0.993528 0.628571
151 0.045907 0.993528 0.628571
152 0.043931 0.993528 0.628571
153 0.040802 0.993528 0.657143
154 0.044465 0.993528 0.657143
155 0.047418 0.993528 0.628571
156 0.043861 0.993528 0.657143
157 0.044105 0.993528 0.657143
158 0.041837 0.993528 0.628571
159 0.045387 0.993528 0.657143
160 0.048972 0.993528 0.600000
161 0.047180 0.993528 0.628571
162 0.044632 0.993528 0.628571
163 0.045695 0.993528 0.600000
164 0.042546 0.993528 0.600000
165 0.045414 0.993528 0.628571
166 0.046562 0.993528 0.628571
167 0.043657 0.993528 0.600000
168 0.039060 0.993528 0.657143
169 0.038761 0.993528 0.600000
170 0.043627 0.993528 0.628571
171 0.042481 0.993528 0.628571
172 0.042342 0.993528 0.628571
173 0.048374 0.993528 0.628571
174 0.044294 0.993528 0.657143
175 0.045737 0.993528 0.600000
176 0.047390 0.993528 0.628571
177 0.042735 0.993528 0.628571
178 0.039860 0.993528 0.628571
179 0.046049 0.993528 0.600000
180 0.048569 0.993528 0.657143
181 0.044714 0.993528 0.628571
182 0.041300 0.993528 0.628571
183 0.044129 0.993528 0.628571
184 0.042479 0.993528 0.600000
185 0.041592 0.993528 0.600000
186 0.043937 0.993528 0.628571
187 0.044597 0.993528 0.600000
188 0.043152 0.993528 0.685714
189 0.051416 0.993528 0.628571
190 0.050657 0.993528 0.657143
191 0.075195 0.993528 0.657143
192 0.050891 0.993528 0.685714
193 0.043566 0.993528 0.714286
194 0.045955 0.993528 0.685714
195 0.048166 0.993528 0.685714
196 0.044289 0.993528 0.657143
197 0.042871 0.993528 0.685714
198 0.041108 0.993528 0.685714
199 0.048893 0.993528 0.628571
200 0.039331 0.993528 0.657143
201 0.039982 0.993528 0.685714
202 0.043824 0.993528 0.657143
203 0.038180 0.993528 0.628571
204 0.043306 0.993528 0.657143
205 0.042224 0.993528 0.628571
206 0.041494 0.993528 0.657143
207 0.036221 0.993528 0.685714
208 0.037542 0.993528 0.657143
209 0.042717 0.993528 0.657143
210 0.037301 0.993528 0.657143
211 0.038411 0.993528 0.628571
212 0.038576 0.993528 0.657143
213 0.034781 0.993528 0.628571
214 0.041921 0.993528 0.685714
215 0.042072 0.993528 0.657143
216 0.037961 0.993528 0.657143
217 0.035620 0.993528 0.685714
218 0.042600 0.993528 0.628571
219 0.040892 0.993528 0.657143
220 0.040771 0.993528 0.628571
221 0.037957 0.993528 0.657143
222 0.041466 0.993528 0.657143
223 0.040811 0.993528 0.657143
224 0.038660 0.993528 0.657143
225 0.043206 0.993528 0.685714
226 0.038220 0.993528 0.657143
227 0.034853 0.993528 0.685714
228 0.037678 0.993528 0.657143
229 0.036884 0.993528 0.657143
230 0.035823 0.993528 0.657143
231 0.037523 0.993528 0.600000
232 0.037836 0.993528 0.657143
233 0.034537 0.993528 0.685714
234 0.035656 0.993528 0.657143
235 0.038509 0.993528 0.657143
236 0.037862 0.993528 0.657143
237 0.039649 0.993528 0.685714
238 0.036997 0.993528 0.628571
239 0.035462 0.993528 0.657143
240 0.045896 0.993528 0.657143
241 0.038057 0.990291 0.628571
242 0.040425 0.993528 0.628571
243 0.037926 0.993528 0.657143
244 0.037142 0.993528 0.628571
245 0.035230 0.993528 0.657143
246 0.038788 0.993528 0.657143
247 0.035964 0.993528 0.657143
248 0.041875 0.993528 0.685714
249 0.037747 0.993528 0.657143
250 0.039389 0.993528 0.628571
251 0.037615 0.993528 0.628571
252 0.032561 0.993528 0.685714
253 0.037112 0.993528 0.657143
254 0.036966 0.993528 0.628571
255 0.035341 0.993528 0.657143
256 0.035168 0.993528 0.628571
257 0.030918 0.993528 0.657143
258 0.034917 0.993528 0.685714
259 0.038162 0.993528 0.685714
260 0.037933 0.993528 0.628571
261 0.038961 0.993528 0.628571
262 0.037504 0.993528 0.657143
263 0.033209 0.993528 0.685714
264 0.036134 0.993528 0.628571
265 0.038651 0.993528 0.685714
266 0.034056 0.993528 0.657143
267 0.036095 0.993528 0.628571
268 0.034763 0.993528 0.628571
269 0.034229 0.993528 0.628571
270 0.033707 0.993528 0.657143
271 0.035181 0.993528 0.657143
272 0.035839 0.993528 0.657143
273 0.038981 0.993528 0.628571
274 0.037451 0.993528 0.628571
275 0.033066 0.993528 0.685714
276 0.035002 0.993528 0.685714
277 0.034565 0.993528 0.657143
278 0.033831 0.993528 0.628571
279 0.038261 0.993528 0.628571
280 0.031732 0.993528 0.657143
281 0.037933 0.993528 0.685714
282 0.037910 0.993528 0.628571
283 0.031306 0.993528 0.685714
284 0.033088 0.993528 0.657143
285 0.036638 0.993528 0.657143
286 0.034010 0.993528 0.628571
287 0.037644 0.993528 0.657143
288 0.032972 0.993528 0.657143
289 0.037412 0.993528 0.657143
290 0.036651 0.993528 0.685714
291 0.036255 0.993528 0.657143
292 0.036543 0.993528 0.685714
293 0.032937 0.993528 0.685714
294 0.035015 0.993528 0.685714
295 0.035640 0.993528 0.685714
296 0.034010 0.993528 0.657143
297 0.035005 0.993528 0.657143
298 0.036070 0.993528 0.657143
299 0.036030 0.993528 0.657143
300 0.033383 0.993528 0.685714
301 0.033532 0.993528 0.657143
302 0.034176 0.993528 0.657143
303 0.037591 0.993528 0.685714
304 0.032084 0.993528 0.685714
305 0.034593 0.993528 0.657143
306 0.033213 0.993528 0.685714
307 0.035090 0.993528 0.685714
308 0.032758 0.993528 0.657143
309 0.036288 0.993528 0.657143
310 0.036903 0.993528 0.657143
311 0.031652 0.993528 0.657143
312 0.033099 0.993528 0.685714
313 0.032844 0.993528 0.657143
314 0.029124 0.993528 0.685714
315 0.033023 0.993528 0.628571
316 0.033916 0.993528 0.657143
317 0.034126 0.993528 0.657143
318 0.032649 0.993528 0.628571
319 0.035360 0.993528 0.657143
320 0.030307 0.993528 0.657143
321 0.035589 0.993528 0.628571
322 0.034165 0.993528 0.628571
323 0.033717 0.993528 0.685714
324 0.034168 0.993528 0.657143
325 0.037499 0.993528 0.657143
326 0.035609 0.993528 0.657143
327 0.036683 0.993528 0.657143
328 0.032572 0.993528 0.657143
329 0.035009 0.993528 0.657143
330 0.034698 0.993528 0.657143
331 0.031955 0.993528 0.657143
332 0.033946 0.993528 0.657143
333 0.033742 0.993528 0.657143
334 0.032605 0.993528 0.685714
335 0.033945 0.993528 0.685714
336 0.035918 0.993528 0.657143
337 0.031991 0.993528 0.685714
338 0.029804 0.993528 0.657143
339 0.034983 0.993528 0.685714
340 0.035501 0.993528 0.628571
341 0.031013 0.993528 0.657143
342 0.033077 0.993528 0.657143
343 0.034121 0.993528 0.657143
344 0.031789 0.993528 0.657143
345 0.033416 0.993528 0.628571
346 0.032530 0.993528 0.657143
347 0.035491 0.993528 0.657143
348 0.032254 0.993528 0.628571
349 0.033295 0.993528 0.657143
350 0.036658 0.993528 0.657143
