1 1.848988 0.717778 0.690000
2 0.689863 0.757778 0.680000
3 0.550763 0.772222 0.690000
4 0.473011 0.783333 0.680000
5 0.447176 0.785556 0.710000
6 0.523988 0.800000 0.700000
7 0.435544 0.801111 0.740000
8 0.415934 0.818889 0.690000
9 0.412775 0.804444 0.680000
10 0.547079 0.734444 0.650000
11 0.484454 0.795556 0.720000
12 0.434491 0.800000 0.680000
13 0.414537 0.818889 0.730000
14 0.401510 0.831111 0.730000
15 0.377024 0.840000 0.720000
16 0.367243 0.823333 0.700000
17 0.353813 0.832222 0.720000
18 0.359163 0.844444 0.750000
19 0.347814 0.808889 0.710000
20 0.332685 0.832222 0.670000
21 0.354249 0.832222 0.690000
22 0.357484 0.853333 0.700000
23 0.342407 0.862222 0.700000
24 0.318155 0.851111 0.690000
25 0.322737 0.857778 0.710000
26 0.326442 0.867778 0.700000
27 0.307672 0.867778 0.710000
28 0.304770 0.863333 0.680000
29 0.307218 0.885556 0.700000
30 0.565262 0.804444 0.700000
31 0.370208 0.854444 0.640000
32 0.340822 0.857778 0.700000
33 0.323704 0.874444 0.700000
34 1.014541 0.670000 0.630000
35 0.557985 0.775556 0.720000
36 0.526375 0.786667 0.700000
37 0.512936 0.758889 0.720000
38 0.448531 0.796667 0.740000
39 0.439962 0.800000 0.720000
40 0.446468 0.815556 0.740000
41 0.399007 0.813333 0.710000
42 0.374591 0.824444 0.680000
43 0.368148 0.847778 0.700000
44 0.366890 0.846667 0.720000
45 0.368188 0.840000 0.680000
46 0.339712 0.840000 0.670000
47 0.355245 0.840000 0.690000
48 0.357818 0.852222 0.690000
49 0.347264 0.841111 0.700000
50 0.323800 0.853333 0.700000
51 0.315401 0.873333 0.690000
52 0.308025 0.874444 0.710000
53 0.309604 0.873333 0.690000
54 0.528997 0.828889 0.660000
55 0.384450 0.853333 0.700000
56 0.345476 0.857778 0.700000
57 0.325482 0.875556 0.690000
58 0.316294 0.872222 0.700000
59 0.307367 0.874444 0.710000
60 0.322084 0.871111 0.690000
61 0.295480 0.881111 0.700000
62 0.302908 0.884444 0.700000
63 0.303496 0.880000 0.670000
64 0.294997 0.875556 0.700000
65 0.284977 0.887778 0.690000
66 0.292994 0.881111 0.710000
67 0.291676 0.890000 0.710000
68 0.265588 0.878889 0.680000
69 0.274737 0.887778 0.670000
70 0.263622 0.894444 0.650000
71 0.288744 0.885556 0.670000
72 0.269485 0.887778 0.700000
73 0.288477 0.886667 0.690000
74 0.267540 0.898889 0.660000
75 0.258915 0.893333 0.710000
76 0.264174 0.892222 0.740000
77 0.256039 0.901111 0.680000
78 0.255891 0.901111 0.670000
79 0.252303 0.893333 0.700000
80 0.241975 0.904444 0.670000
81 0.253738 0.890000 0.660000
82 0.262967 0.901111 0.680000
83 0.256008 0.894444 0.680000
84 0.241962 0.903333 0.680000
85 0.242981 0.900000 0.690000
86 0.257909 0.906667 0.650000
87 0.247264 0.905556 0.690000
88 0.249041 0.906667 0.670000
89 0.250753 0.906667 0.650000
90 0.233786 0.901111 0.660000
91 0.240692 0.911111 0.660000
92 0.262556 0.903333 0.710000
93 0.310135 0.887778 0.680000
94 0.256010 0.903333 0.710000
95 0.267829 0.904444 0.680000
96 0.251439 0.913333 0.660000
97 0.243068 0.920000 0.660000
98 0.239439 0.901111 0.650000
99 0.233470 0.906667 0.690000
100 0.228313 0.921111 0.640000
101 0.214091 0.921111 0.670000
102 0.206603 0.911111 0.680000
103 0.215475 0.926667 0.680000
104 0.225140 0.922222 0.690000
105 0.215610 0.922222 0.670000
106 0.200680 0.921111 0.670000
107 0.208256 0.920000 0.690000
108 0.207164 0.921111 0.680000
109 0.209598 0.920000 0.680000
110 0.203981 0.922222 0.640000
111 0.197611 0.918889 0.690000
112 0.210329 0.914444 0.690000
113 0.210462 0.924444 0.670000
114 0.208021 0.931111 0.680000
115 0.206163 0.926667 0.680000
116 0.206967 0.924444 0.700000
117 0.204391 0.925556 0.680000
118 0.211666 0.923333 0.660000
119 0.202801 0.924444 0.690000
120 0.193849 0.925556 0.680000
121 0.204091 0.924444 0.690000
122 0.191905 0.934444 0.670000
123 0.197929 0.932222 0.660000
124 0.195353 0.935556 0.670000
125 0.192096 0.936667 0.630000
126 0.201942 0.937778 0.640000
127 0.175395 0.936667 0.670000
128 0.196252 0.933333 0.650000
129 0.188332 0.937778 0.680000
130 0.199051 0.927778 0.660000
131 0.189805 0.926667 0.620000
132 0.205354 0.940000 0.660000
133 0.180643 0.931111 0.680000
134 0.196408 0.927778 0.670000
135 0.188457 0.942222 0.660000
136 0.179774 0.930000 0.680000
137 0.180660 0.943333 0.670000
138 0.196811 0.927778 0.680000
139 0.175365 0.941111 0.660000
140 0.191052 0.925556 0.690000
141 0.196373 0.926667 0.640000
142 0.178189 0.933333 0.650000
143 0.181481 0.931111 0.650000
144 0.186608 0.933333 0.660000
145 0.170491 0.932222 0.630000
146 0.194511 0.936667 0.710000
147 0.216490 0.933333 0.690000
148 0.183706 0.935556 0.680000
149 0.193247 0.926667 0.680000
150 0.175626 0.935556 0.710000
151 0.172675 0.933333 0.690000
152 0.170707 0.935556 0.690000
153 0.169481 0.936667 0.660000
154 0.168946 0.938889 0.670000
155 0.167931 0.933333 0.660000
156 0.169578 0.938889 0.690000
157 0.161784 0.936667 0.690000
158 0.148749 0.943333 0.670000
159 0.163093 0.944444 0.670000
160 0.158390 0.941111 0.690000
161 0.169363 0.945556 0.660000
162 0.168977 0.938889 0.670000
163 0.163533 0.940000 0.700000
164 0.159729 0.940000 0.670000
165 0.162011 0.941111 0.670000
166 0.158558 0.944444 0.650000
167 0.164714 0.940000 0.710000
168 0.164141 0.942222 0.670000
169 0.161990 0.945556 0.710000
170 0.153168 0.937778 0.710000
171 0.162174 0.941111 0.690000
172 0.164284 0.943333 0.690000
173 0.153625 0.946667 0.670000
174 0.149600 0.945556 0.700000
175 0.160793 0.944444 0.640000
176 0.165699 0.946667 0.660000
177 0.156271 0.941111 0.680000
178 0.157953 0.944444 0.670000
179 0.164932 0.943333 0.660000
180 0.155082 0.938889 0.680000
181 0.153219 0.944444 0.660000
182 0.153645 0.944444 0.630000
183 0.147675 0.940000 0.680000
184 0.159139 0.941111 0.640000
185 0.161208 0.943333 0.650000
186 0.152973 0.936667 0.660000
187 0.150717 0.942222 0.680000
188 0.147393 0.943333 0.680000
189 0.150391 0.937778 0.690000
190 0.140531 0.944444 0.680000
191 0.149608 0.944444 0.660000
192 0.159171 0.942222 0.690000
193 0.145409 0.943333 0.680000
194 0.162849 0.944444 0.690000
195 0.153581 0.945556 0.670000
196 0.155655 0.943333 0.670000
197 0.155575 0.945556 0.660000
198 0.148997 0.942222 0.700000
199 0.149588 0.942222 0.650000
200 0.148584 0.945556 0.670000
201 0.134932 0.946667 0.660000
202 0.140572 0.947778 0.660000
203 0.144025 0.944444 0.650000
204 0.137930 0.946667 0.660000
205 0.138251 0.945556 0.670000
206 0.144047 0.948889 0.660000
207 0.148362 0.944444 0.650000
208 0.136611 0.946667 0.660000
209 0.140395 0.947778 0.670000
210 0.140168 0.947778 0.660000
211 0.130757 0.945556 0.670000
212 0.136083 0.947778 0.650000
213 0.139933 0.947778 0.680000
214 0.138210 0.947778 0.680000
215 0.135110 0.946667 0.680000
216 0.141765 0.947778 0.660000
217 0.137952 0.946667 0.660000
218 0.141337 0.944444 0.670000
219 0.140793 0.946667 0.660000
220 0.132447 0.943333 0.680000
221 0.137987 0.947778 0.690000
222 0.131218 0.950000 0.670000
223 0.141379 0.947778 0.650000
224 0.137999 0.947778 0.670000
225 0.135899 0.946667 0.670000
226 0.133807 0.944444 0.680000
227 0.130088 0.945556 0.680000
228 0.138111 0.946667 0.670000
229 0.130687 0.945556 0.670000
230 0.145253 0.947778 0.680000
231 0.129959 0.946667 0.660000
232 0.135434 0.947778 0.670000
233 0.130847 0.944444 0.650000
234 0.133856 0.947778 0.670000
235 0.125742 0.948889 0.650000
236 0.140781 0.946667 0.670000
237 0.128795 0.948889 0.660000
238 0.131496 0.945556 0.660000
239 0.132183 0.947778 0.690000
240 0.131682 0.946667 0.670000
241 0.129088 0.948889 0.670000
242 0.127169 0.948889 0.670000
243 0.135225 0.946667 0.660000
244 0.138739 0.946667 0.660000
245 0.133251 0.945556 0.660000
246 0.132903 0.945556 0.660000
247 0.129006 0.951111 0.670000
248 0.130658 0.948889 0.660000
249 0.129866 0.947778 0.660000
250 0.130544 0.948889 0.670000
251 0.124206 0.947778 0.670000
252 0.123855 0.948889 0.670000
253 0.128202 0.947778 0.670000
254 0.124445 0.948889 0.660000
255 0.124806 0.950000 0.660000
256 0.138455 0.946667 0.680000
257 0.120295 0.946667 0.640000
258 0.133233 0.947778 0.670000
259 0.127101 0.945556 0.670000
260 0.130090 0.947778 0.680000
261 0.133438 0.947778 0.690000
262 0.179535 0.948889 0.680000
263 0.126385 0.947778 0.650000
264 0.126479 0.947778 0.670000
265 0.131432 0.945556 0.670000
266 0.132346 0.947778 0.670000
267 0.125904 0.948889 0.680000
268 0.122973 0.950000 0.680000
269 0.122552 0.950000 0.660000
270 0.132206 0.948889 0.650000
271 0.130413 0.948889 0.660000
272 0.122970 0.950000 0.660000
273 0.127334 0.948889 0.660000
274 0.128237 0.948889 0.660000
275 0.142890 0.948889 0.640000
276 0.123199 0.947778 0.680000
277 0.128208 0.948889 0.660000
278 0.121275 0.950000 0.660000
279 0.120344 0.946667 0.680000
280 0.124241 0.950000 0.670000
281 0.123627 0.948889 0.670000
282 0.124643 0.948889 0.680000
283 0.122759 0.947778 0.670000
284 0.134928 0.945556 0.670000
285 0.130754 0.950000 0.670000
286 0.128159 0.948889 0.670000
287 0.144140 0.948889 0.680000
288 0.121180 0.948889 0.680000
289 0.118593 0.948889 0.680000
290 0.129445 0.948889 0.660000
291 0.142017 0.948889 0.660000
292 0.129233 0.951111 0.660000
293 0.123164 0.951111 0.670000
294 0.125454 0.948889 0.680000
295 0.126314 0.948889 0.680000
296 0.120128 0.946667 0.650000
297 0.123303 0.947778 0.670000
298 0.130700 0.950000 0.680000
299 0.125068 0.947778 0.660000
300 0.117569 0.948889 0.670000
301 0.129533 0.950000 0.680000
302 0.135149 0.948889 0.660000
303 0.130926 0.948889 0.670000
304 0.118487 0.951111 0.680000
305 0.119320 0.948889 0.670000
306 0.120176 0.950000 0.670000
307 0.123934 0.948889 0.670000
308 0.125455 0.950000 0.670000
309 0.131330 0.947778 0.660000
310 0.119679 0.948889 0.670000
311 0.120642 0.948889 0.680000
312 0.127196 0.946667 0.670000
313 0.122620 0.947778 0.670000
314 0.124763 0.948889 0.680000
315 0.123071 0.948889 0.670000
316 0.126494 0.947778 0.680000
317 0.121332 0.948889 0.680000
318 0.124186 0.950000 0.660000
319 0.114060 0.948889 0.660000
320 0.130561 0.948889 0.650000
321 0.122315 0.947778 0.660000
322 0.123146 0.950000 0.660000
323 0.127608 0.950000 0.660000
324 0.119854 0.948889 0.640000
325 0.113386 0.950000 0.650000
326 0.126564 0.948889 0.660000
327 0.123632 0.948889 0.660000
328 0.121779 0.947778 0.670000
329 0.122165 0.947778 0.670000
330 0.122143 0.947778 0.660000
331 0.113474 0.950000 0.670000
332 0.127980 0.950000 0.660000
333 0.120057 0.948889 0.660000
334 0.125283 0.950000 0.640000
335 0.114579 0.948889 0.650000
336 0.124871 0.950000 0.650000
337 0.128201 0.947778 0.660000
338 0.126600 0.948889 0.650000
339 0.121168 0.950000 0.660000
340 0.122543 0.948889 0.660000
341 0.120161 0.948889 0.650000
342 0.121532 0.948889 0.660000
343 0.118456 0.951111 0.650000
344 0.127069 0.948889 0.670000
345 0.123105 0.948889 0.660000
346 0.133640 0.950000 0.670000
347 0.123750 0.947778 0.660000
348 0.121503 0.950000 0.680000
349 0.133058 0.948889 0.650000
350 0.122237 0.948889 0.680000
