1 267.744279 0.348522 0.348000
2 74.956588 0.412314 0.448000
3 46.750219 0.378529 0.390000
4 34.209262 0.298289 0.302000
5 38.962670 0.454768 0.466000
6 41.889101 0.440542 0.450000
7 27.709286 0.425872 0.454000
8 23.512661 0.348522 0.346000
9 20.636236 0.399422 0.378000
10 19.642494 0.463214 0.456000
11 14.890700 0.409869 0.426000
12 17.645665 0.440098 0.422000
13 14.046011 0.417871 0.440000
14 15.527529 0.486108 0.488000
15 14.732494 0.467437 0.500000
16 13.043497 0.441431 0.448000
17 8.504932 0.416092 0.410000
18 6.855730 0.438542 0.446000
19 7.880866 0.443210 0.450000
20 7.669368 0.421205 0.416000
21 7.076033 0.418315 0.428000
22 6.921372 0.401423 0.390000
23 4.910375 0.493221 0.476000
24 4.433304 0.455657 0.486000
25 4.571108 0.403868 0.410000
26 4.401750 0.442098 0.450000
27 3.925335 0.425206 0.444000
28 4.267945 0.385419 0.390000
29 3.116413 0.382752 0.370000
30 2.528520 0.518337 0.536000
31 2.423343 0.436319 0.448000
32 3.480825 0.448766 0.442000
33 3.393199 0.394754 0.396000
34 2.607182 0.473216 0.484000
35 2.706299 0.503890 0.520000
36 2.599599 0.433207 0.422000
37 2.403951 0.469660 0.490000
38 2.594186 0.424539 0.424000
39 2.660266 0.401645 0.412000
40 2.729742 0.411869 0.406000
41 2.588491 0.464992 0.478000
42 3.045509 0.430985 0.450000
43 2.465357 0.440765 0.466000
44 2.555876 0.467437 0.488000
45 2.475241 0.476106 0.482000
46 2.274265 0.474105 0.498000
47 2.237526 0.366304 0.388000
48 2.016415 0.481440 0.484000
49 2.212274 0.371194 0.380000
50 2.019212 0.456324 0.462000
51 1.861153 0.411425 0.394000
52 1.820608 0.424317 0.462000
53 1.756419 0.506557 0.524000
54 1.716334 0.458546 0.476000
55 1.830942 0.411647 0.424000
56 1.803227 0.464325 0.474000
57 1.864509 0.405868 0.430000
58 1.938561 0.435652 0.446000
59 1.747512 0.471216 0.454000
60 1.751650 0.477439 0.484000
61 1.726668 0.474328 0.494000
62 1.748673 0.503890 0.516000
63 1.640598 0.499444 0.506000
64 2.634437 0.252501 0.264000
65 1.940558 0.478551 0.488000
66 1.691508 0.410536 0.408000
67 1.655573 0.467437 0.472000
68 1.727347 0.496777 0.516000
69 1.705375 0.425206 0.438000
70 1.849866 0.433430 0.432000
