1 376.186594 0.211380 0.212000
2 149.528583 0.433430 0.460000
3 50.594520 0.306957 0.330000
4 44.960361 0.385864 0.394000
5 33.702003 0.374972 0.358000
6 27.568331 0.408758 0.424000
7 13.549158 0.410091 0.412000
8 28.232550 0.485441 0.472000
9 15.949594 0.387197 0.388000
10 18.589505 0.420316 0.430000
11 14.337328 0.436764 0.402000
12 10.925946 0.414314 0.400000
13 9.958276 0.446544 0.468000
14 7.745432 0.444321 0.458000
15 8.466062 0.367637 0.380000
16 5.220017 0.253834 0.266000
17 3.956506 0.418315 0.434000
18 3.489648 0.441209 0.462000
19 3.012200 0.392087 0.386000
20 3.198662 0.480107 0.486000
21 3.073023 0.452323 0.444000
22 2.874313 0.428540 0.450000
23 2.239236 0.418537 0.416000
24 2.675155 0.498555 0.512000
25 2.278102 0.476995 0.494000
26 2.281144 0.496333 0.512000
27 2.155814 0.380084 0.376000
28 2.809227 0.368082 0.396000
29 2.548900 0.393198 0.388000
30 2.137830 0.422316 0.416000
31 1.894387 0.412758 0.432000
32 2.216985 0.474328 0.480000
33 1.875523 0.494332 0.492000
34 2.088696 0.450322 0.488000
35 2.190156 0.398088 0.392000
36 1.993926 0.473216 0.486000
37 2.029232 0.473883 0.508000
38 1.953024 0.447210 0.470000
39 1.875009 0.424983 0.432000
40 1.983517 0.444099 0.444000
41 1.716459 0.445210 0.454000
42 2.053984 0.470104 0.496000
43 1.934547 0.382752 0.390000
44 1.996964 0.468326 0.458000
45 2.674594 0.432318 0.434000
46 2.802581 0.461880 0.454000
47 2.035939 0.493443 0.504000
48 1.942416 0.444766 0.468000
49 2.138862 0.429429 0.436000
50 1.663663 0.499667 0.488000
51 1.600927 0.467215 0.460000
52 1.631286 0.502556 0.514000
53 1.607282 0.525228 0.550000
54 1.507199 0.458102 0.462000
55 1.502559 0.410980 0.422000
56 1.665646 0.490998 0.514000
57 1.480388 0.473883 0.512000
58 1.512219 0.492554 0.522000
59 1.511985 0.494110 0.496000
60 1.495611 0.446321 0.462000
61 1.623211 0.505446 0.542000
62 1.579002 0.487886 0.516000
63 1.554119 0.510336 0.540000
64 1.557997 0.521227 0.544000
65 1.558863 0.480329 0.470000
66 1.572691 0.424983 0.444000
67 1.537769 0.524339 0.552000
68 1.527797 0.453879 0.484000
69 1.608141 0.424094 0.428000
70 1.495103 0.492109 0.508000
