1 5.952197 0.724000 0.728000
2 1.289800 0.745778 0.728000
3 1.260772 0.736222 0.722000
4 1.039724 0.762667 0.766000
5 1.139323 0.717556 0.694000
6 1.080248 0.741111 0.734000
7 0.733624 0.769556 0.780000
8 0.678187 0.753111 0.766000
9 0.652645 0.762000 0.762000
10 1.216828 0.772222 0.772000
11 0.751730 0.773111 0.772000
12 0.622943 0.774444 0.766000
13 0.637902 0.749556 0.746000
14 0.759003 0.768222 0.758000
15 0.608921 0.778889 0.776000
16 0.621973 0.734444 0.740000
17 0.580278 0.778889 0.776000
18 0.578846 0.784222 0.768000
19 0.565240 0.784889 0.760000
20 0.579543 0.784222 0.782000
21 0.573128 0.790444 0.762000
22 0.581032 0.780889 0.754000
23 0.561988 0.765333 0.756000
24 0.527495 0.785333 0.764000
25 0.524683 0.761556 0.742000
26 0.544270 0.801778 0.762000
27 0.543629 0.786000 0.744000
28 0.517536 0.797111 0.796000
29 0.515012 0.781778 0.760000
30 0.515678 0.781111 0.768000
