1 1.406212 0.700000 0.650000
2 0.650479 0.766667 0.710000
3 0.645701 0.697778 0.710000
4 0.580107 0.770000 0.730000
5 0.597892 0.734444 0.710000
6 0.494560 0.777778 0.730000
7 0.455905 0.807778 0.730000
8 0.416429 0.807778 0.760000
9 0.435443 0.834444 0.740000
10 0.423578 0.818889 0.780000
11 0.449996 0.807778 0.760000
12 0.460011 0.811111 0.750000
13 0.429034 0.830000 0.730000
14 0.384232 0.831111 0.770000
15 0.384684 0.830000 0.710000
16 0.365404 0.835556 0.720000
17 0.359215 0.832222 0.780000
18 0.341430 0.842222 0.740000
19 0.341475 0.851111 0.760000
20 1.325729 0.693333 0.660000
21 0.666493 0.775556 0.740000
22 0.450520 0.786667 0.740000
23 0.448542 0.790000 0.730000
24 0.415746 0.817778 0.740000
25 0.400173 0.810000 0.740000
26 0.379081 0.834444 0.760000
27 0.381420 0.831111 0.750000
28 0.359645 0.834444 0.730000
29 0.382422 0.834444 0.740000
30 0.360042 0.832222 0.750000
31 0.339549 0.841111 0.790000
32 0.354051 0.851111 0.760000
33 0.347094 0.846667 0.760000
34 0.375839 0.855556 0.750000
35 0.925351 0.756667 0.770000
36 0.491588 0.792222 0.760000
37 0.458043 0.804444 0.770000
38 0.435533 0.815556 0.800000
39 0.423507 0.811111 0.780000
40 0.395334 0.833333 0.790000
41 0.407490 0.826667 0.800000
42 0.409133 0.835556 0.810000
43 0.389657 0.818889 0.760000
44 0.387150 0.846667 0.820000
45 0.390742 0.838889 0.770000
46 0.374290 0.843333 0.760000
47 0.386436 0.847778 0.770000
48 0.390752 0.858889 0.780000
49 0.362487 0.828889 0.820000
50 0.360763 0.876667 0.780000
51 0.339707 0.872222 0.770000
52 0.319535 0.881111 0.780000
53 0.313448 0.881111 0.780000
54 0.314675 0.857778 0.770000
55 0.419445 0.864444 0.770000
56 0.337984 0.873333 0.780000
57 0.326178 0.874444 0.810000
58 0.315080 0.888889 0.790000
59 0.311113 0.881111 0.770000
60 0.299877 0.882222 0.760000
61 0.304537 0.891111 0.780000
62 0.301816 0.873333 0.770000
63 0.297001 0.887778 0.750000
64 0.285464 0.895556 0.760000
65 0.276885 0.893333 0.780000
66 0.276240 0.882222 0.780000
67 0.312951 0.883333 0.800000
68 0.290006 0.871111 0.760000
69 0.295975 0.898889 0.750000
70 0.260173 0.901111 0.760000
71 0.268747 0.897778 0.740000
72 0.266973 0.904444 0.780000
73 0.275713 0.882222 0.760000
74 0.297876 0.900000 0.750000
75 0.294032 0.881111 0.780000
76 0.268094 0.897778 0.770000
77 0.261119 0.898889 0.750000
78 0.259308 0.906667 0.770000
79 0.259492 0.890000 0.760000
80 0.269943 0.905556 0.770000
81 0.239212 0.912222 0.780000
82 0.254081 0.916667 0.800000
83 0.248315 0.906667 0.760000
84 0.242644 0.913333 0.790000
85 0.234294 0.924444 0.770000
86 0.242176 0.913333 0.770000
87 0.236292 0.916667 0.760000
88 0.236321 0.892222 0.770000
89 0.248563 0.918889 0.780000
90 0.240562 0.903333 0.760000
91 0.271045 0.900000 0.780000
92 0.233939 0.903333 0.790000
93 0.246422 0.916667 0.770000
94 0.219414 0.927778 0.760000
95 0.215630 0.922222 0.770000
96 0.216812 0.917778 0.760000
97 0.220859 0.910000 0.770000
98 0.232043 0.927778 0.770000
99 0.240004 0.907778 0.770000
100 0.212459 0.928889 0.750000
101 0.203234 0.926667 0.780000
102 0.197999 0.928889 0.760000
103 0.191366 0.928889 0.770000
104 0.190271 0.930000 0.760000
105 0.201724 0.911111 0.770000
106 0.197390 0.934444 0.770000
107 0.181009 0.936667 0.790000
108 0.172874 0.932222 0.760000
109 0.183943 0.927778 0.780000
110 0.183360 0.936667 0.750000
111 0.177807 0.925556 0.730000
112 0.183649 0.933333 0.780000
113 0.185276 0.932222 0.760000
114 0.172616 0.932222 0.760000
115 0.187862 0.931111 0.760000
116 0.174521 0.931111 0.750000
117 0.165385 0.932222 0.760000
118 0.183874 0.931111 0.780000
119 0.174586 0.938889 0.750000
120 0.175418 0.933333 0.740000
121 0.177809 0.932222 0.780000
122 0.190535 0.925556 0.730000
123 0.180239 0.925556 0.740000
124 0.175601 0.933333 0.760000
125 0.184738 0.932222 0.750000
126 0.180025 0.934444 0.720000
127 0.180957 0.934444 0.740000
128 0.165990 0.934444 0.740000
129 0.173435 0.933333 0.760000
130 0.168084 0.937778 0.780000
131 0.178782 0.935556 0.730000
132 0.171564 0.930000 0.760000
133 0.162572 0.928889 0.720000
134 0.166633 0.926667 0.740000
135 0.171845 0.937778 0.750000
136 0.175441 0.934444 0.730000
137 0.171842 0.932222 0.750000
138 0.173652 0.938889 0.720000
139 0.162677 0.942222 0.750000
140 0.157367 0.931111 0.760000
141 0.169169 0.930000 0.760000
142 0.156427 0.936667 0.780000
143 0.147404 0.934444 0.740000
144 0.172873 0.934444 0.710000
145 0.175362 0.935556 0.740000
146 0.164459 0.936667 0.730000
147 0.158336 0.936667 0.710000
148 0.161141 0.936667 0.730000
149 0.155316 0.937778 0.750000
150 0.164644 0.935556 0.740000
151 0.154328 0.938889 0.760000
152 0.146079 0.941111 0.760000
153 0.144586 0.937778 0.750000
154 0.151272 0.941111 0.750000
155 0.157529 0.940000 0.750000
156 0.146722 0.940000 0.740000
157 0.149642 0.937778 0.730000
158 0.153614 0.942222 0.760000
159 0.142872 0.936667 0.750000
160 0.141158 0.941111 0.760000
161 0.148062 0.938889 0.740000
162 0.156922 0.941111 0.740000
163 0.141253 0.937778 0.740000
164 0.142897 0.942222 0.740000
165 0.146447 0.942222 0.760000
166 0.142592 0.942222 0.750000
167 0.142758 0.936667 0.750000
168 0.156231 0.941111 0.730000
169 0.139271 0.941111 0.750000
170 0.133384 0.942222 0.740000
171 0.140126 0.943333 0.740000
172 0.137131 0.942222 0.750000
173 0.141688 0.943333 0.750000
174 0.136557 0.941111 0.770000
175 0.137253 0.944444 0.730000
176 0.131034 0.940000 0.750000
177 0.141337 0.945556 0.740000
178 0.145862 0.943333 0.770000
179 0.135417 0.942222 0.750000
180 0.143224 0.938889 0.710000
181 0.134769 0.938889 0.730000
182 0.128077 0.941111 0.750000
183 0.133769 0.941111 0.760000
184 0.142211 0.942222 0.740000
185 0.133239 0.945556 0.770000
186 0.133367 0.940000 0.750000
187 0.150687 0.942222 0.760000
188 0.145990 0.938889 0.760000
189 0.131736 0.942222 0.750000
190 0.131631 0.943333 0.750000
191 0.132846 0.943333 0.760000
192 0.140540 0.941111 0.740000
193 0.137415 0.942222 0.740000
194 0.127189 0.943333 0.740000
195 0.135697 0.942222 0.730000
196 0.141467 0.942222 0.750000
197 0.129478 0.942222 0.730000
198 0.146644 0.945556 0.710000
199 0.130472 0.938889 0.760000
200 0.128455 0.945556 0.720000
201 0.126412 0.942222 0.750000
202 0.128904 0.944444 0.740000
203 0.132454 0.944444 0.740000
204 0.124511 0.945556 0.760000
205 0.124979 0.944444 0.750000
206 0.126155 0.943333 0.750000
207 0.135471 0.945556 0.740000
208 0.125562 0.945556 0.740000
209 0.125999 0.946667 0.750000
210 0.120263 0.944444 0.750000
211 0.124525 0.943333 0.750000
212 0.132697 0.943333 0.760000
213 0.129990 0.945556 0.760000
214 0.135346 0.945556 0.730000
215 0.128488 0.945556 0.740000
216 0.130096 0.945556 0.760000
217 0.129837 0.944444 0.750000
218 0.143471 0.945556 0.740000
219 0.134034 0.945556 0.740000
220 0.128560 0.945556 0.740000
221 0.128885 0.946667 0.750000
222 0.126686 0.945556 0.740000
223 0.124520 0.945556 0.740000
224 0.124913 0.947778 0.750000
225 0.119091 0.946667 0.740000
226 0.135770 0.945556 0.740000
227 0.124364 0.945556 0.750000
228 0.127063 0.943333 0.730000
229 0.139568 0.945556 0.730000
230 0.132170 0.946667 0.730000
231 0.129086 0.945556 0.730000
232 0.120794 0.945556 0.730000
233 0.124195 0.942222 0.730000
234 0.124001 0.945556 0.720000
235 0.124865 0.945556 0.750000
236 0.131203 0.942222 0.720000
237 0.125059 0.945556 0.750000
238 0.120721 0.945556 0.740000
239 0.122229 0.946667 0.750000
240 0.123564 0.946667 0.730000
241 0.131256 0.946667 0.760000
242 0.122663 0.947778 0.770000
243 0.136009 0.944444 0.760000
244 0.125696 0.946667 0.750000
245 0.130993 0.945556 0.740000
246 0.122672 0.945556 0.730000
247 0.128660 0.945556 0.720000
248 0.131571 0.945556 0.740000
249 0.120422 0.945556 0.750000
250 0.132073 0.947778 0.760000
251 0.120181 0.945556 0.760000
252 0.164078 0.946667 0.750000
253 0.126229 0.945556 0.760000
254 0.127351 0.945556 0.750000
255 0.119668 0.945556 0.750000
256 0.133613 0.946667 0.770000
257 0.117557 0.945556 0.750000
258 0.123125 0.945556 0.740000
259 0.116167 0.946667 0.780000
260 0.125319 0.945556 0.740000
261 0.127219 0.945556 0.760000
262 0.121630 0.946667 0.740000
263 0.194937 0.945556 0.760000
264 0.126082 0.946667 0.750000
265 0.117024 0.945556 0.750000
266 0.122674 0.945556 0.740000
267 0.124300 0.945556 0.730000
268 0.129009 0.945556 0.750000
269 0.112597 0.945556 0.760000
270 0.131429 0.947778 0.730000
271 0.117560 0.946667 0.740000
272 0.125088 0.946667 0.750000
273 0.118636 0.946667 0.740000
274 0.122941 0.946667 0.740000
275 0.118780 0.945556 0.750000
276 0.119291 0.945556 0.750000
277 0.118756 0.946667 0.740000
278 0.123408 0.946667 0.760000
279 0.133944 0.945556 0.740000
280 0.118731 0.946667 0.750000
281 0.120357 0.945556 0.740000
282 0.122824 0.945556 0.740000
283 0.121889 0.946667 0.740000
284 0.118453 0.945556 0.750000
285 0.124979 0.947778 0.750000
286 0.129831 0.945556 0.740000
287 0.117845 0.945556 0.740000
288 0.124206 0.947778 0.740000
289 0.118134 0.946667 0.740000
290 0.128628 0.945556 0.740000
291 0.120634 0.946667 0.740000
292 0.122874 0.945556 0.740000
293 0.110333 0.947778 0.750000
294 0.118566 0.947778 0.740000
295 0.117554 0.945556 0.730000
296 0.117427 0.946667 0.740000
297 0.122608 0.946667 0.740000
298 0.130221 0.947778 0.750000
299 0.118352 0.947778 0.750000
300 0.116628 0.946667 0.750000
301 0.125356 0.945556 0.750000
302 0.112916 0.945556 0.740000
303 0.113675 0.946667 0.730000
304 0.112030 0.946667 0.740000
305 0.125266 0.946667 0.740000
306 0.120996 0.946667 0.740000
307 0.111303 0.946667 0.740000
308 0.117831 0.946667 0.740000
309 0.118806 0.946667 0.740000
310 0.118255 0.947778 0.740000
311 0.121798 0.946667 0.740000
312 0.112563 0.947778 0.730000
313 0.107311 0.947778 0.730000
314 0.120125 0.946667 0.730000
315 0.115958 0.946667 0.740000
316 0.115111 0.947778 0.740000
317 0.116364 0.946667 0.740000
318 0.117535 0.946667 0.740000
319 0.125865 0.946667 0.740000
320 0.114384 0.946667 0.730000
321 0.117697 0.945556 0.740000
322 0.122515 0.946667 0.740000
323 0.119367 0.946667 0.750000
324 0.118055 0.946667 0.740000
325 0.122851 0.945556 0.750000
326 0.112604 0.945556 0.740000
327 0.116965 0.946667 0.740000
328 0.125038 0.946667 0.740000
329 0.120250 0.945556 0.730000
330 0.125056 0.945556 0.740000
331 0.117042 0.946667 0.730000
332 0.117638 0.945556 0.730000
333 0.120175 0.946667 0.740000
334 0.120785 0.945556 0.740000
335 0.115410 0.945556 0.750000
336 0.116515 0.946667 0.750000
337 0.123334 0.945556 0.730000
338 0.123931 0.945556 0.730000
339 0.117433 0.945556 0.740000
340 0.119252 0.947778 0.750000
341 0.113000 0.945556 0.740000
342 0.123388 0.946667 0.750000
343 0.122511 0.947778 0.740000
344 0.116732 0.946667 0.750000
345 0.118629 0.947778 0.750000
346 0.126401 0.947778 0.760000
347 0.116887 0.946667 0.740000
348 0.118964 0.945556 0.740000
349 0.113454 0.947778 0.740000
350 0.121353 0.946667 0.750000
