1 1.308592 0.857988 0.684211
2 0.289946 0.952663 0.842105
3 0.239934 0.893491 0.789474
4 0.178071 0.970414 0.842105
5 0.129923 0.875740 0.894737
6 0.151964 0.934911 0.842105
7 0.173613 0.970414 0.842105
8 0.067827 1.000000 0.842105
9 0.033743 0.976331 0.842105
10 0.054220 0.988166 0.894737
11 0.052986 0.976331 0.842105
12 0.055540 0.964497 0.789474
13 0.049603 1.000000 0.842105
14 0.080720 0.928994 0.842105
15 0.063375 0.940828 0.894737
16 0.057074 0.952663 0.842105
17 0.041258 0.988166 0.842105
18 0.076345 0.976331 0.789474
19 0.027113 1.000000 0.842105
20 0.017948 1.000000 0.789474
21 0.059670 0.952663 0.789474
22 0.032690 1.000000 0.842105
23 0.028160 1.000000 0.894737
24 0.031146 1.000000 0.842105
25 0.019782 1.000000 0.842105
26 0.015178 1.000000 0.842105
27 0.016360 1.000000 0.842105
28 0.013443 1.000000 0.842105
29 0.021396 1.000000 0.842105
30 0.024820 0.982249 0.789474
31 0.212811 0.964497 0.789474
32 0.072943 0.852071 0.736842
33 0.052779 0.970414 0.789474
34 0.041586 1.000000 0.842105
35 0.039832 0.976331 0.789474
36 0.061193 0.994083 0.842105
37 0.053293 1.000000 0.842105
38 0.047594 0.994083 0.789474
39 0.023028 1.000000 0.789474
40 0.021313 1.000000 0.789474
41 0.012281 1.000000 0.789474
42 0.016002 1.000000 0.789474
43 0.012382 1.000000 0.789474
44 0.022059 1.000000 0.789474
45 0.031418 1.000000 0.789474
46 0.033105 0.970414 0.736842
47 0.016775 1.000000 0.789474
48 0.018743 1.000000 0.789474
49 0.015544 1.000000 0.789474
50 0.010326 1.000000 0.789474
51 0.013198 1.000000 0.789474
52 0.013523 1.000000 0.789474
53 0.014348 1.000000 0.789474
54 0.013720 1.000000 0.789474
55 0.012932 1.000000 0.789474
56 0.012422 1.000000 0.789474
57 0.009761 1.000000 0.789474
58 0.012757 1.000000 0.789474
59 0.010878 1.000000 0.789474
60 0.010415 1.000000 0.789474
61 0.012843 1.000000 0.789474
62 0.011110 1.000000 0.789474
63 0.015377 1.000000 0.789474
64 0.017071 1.000000 0.789474
65 0.010411 1.000000 0.789474
66 0.009737 1.000000 0.789474
67 0.009429 1.000000 0.789474
68 0.012009 1.000000 0.789474
69 0.011132 1.000000 0.789474
70 0.010544 1.000000 0.789474
