1 3.556062 0.589078 0.603406
2 1.325710 0.577183 0.596107
3 1.436784 0.680725 0.666667
4 1.133595 0.711814 0.727494
5 1.590095 0.633955 0.639903
6 1.350544 0.722087 0.712895
7 1.163674 0.730468 0.729927
8 1.232728 0.661260 0.681265
9 1.026728 0.728846 0.734793
10 0.739495 0.747770 0.766423
11 0.931803 0.767234 0.771290
12 0.808638 0.759665 0.739659
13 0.727473 0.755069 0.751825
14 0.745700 0.660719 0.673966
15 0.704575 0.658286 0.681265
16 0.651052 0.693431 0.705596
17 0.724658 0.643147 0.678832
18 0.677801 0.624493 0.642336
19 0.612027 0.762098 0.783455
20 0.573812 0.790754 0.776156
21 0.537394 0.784807 0.773723
22 0.532539 0.797783 0.771290
23 0.545067 0.798865 0.781022
24 0.511873 0.786969 0.785888
25 0.480775 0.767775 0.759124
26 0.511284 0.807245 0.788321
27 0.528210 0.822655 0.790754
28 0.502366 0.779129 0.766423
29 0.459688 0.796972 0.785888
30 0.472433 0.804812 0.783455
31 0.457772 0.819411 0.783455
32 0.465997 0.806434 0.785888
33 0.440997 0.836983 0.805353
34 0.453552 0.787510 0.759124
35 0.432932 0.842119 0.829684
36 0.449249 0.743985 0.703163
37 0.444044 0.812652 0.793187
38 0.437646 0.836713 0.805353
39 0.461164 0.848878 0.815085
40 0.451829 0.854826 0.829684
41 0.408167 0.843201 0.783455
42 0.416537 0.838605 0.793187
43 0.403510 0.839146 0.805353
44 0.410068 0.848067 0.795620
45 0.424682 0.826440 0.776156
46 0.406278 0.803731 0.768856
47 0.402644 0.847526 0.781022
48 0.417766 0.838064 0.788321
49 0.403074 0.847797 0.790754
50 0.373508 0.868072 0.778589
51 0.329643 0.878345 0.832117
52 0.343439 0.880238 0.810219
53 0.358499 0.894025 0.807786
54 0.347493 0.883212 0.817518
55 0.331516 0.883212 0.819951
56 0.324579 0.891052 0.812652
57 0.311618 0.888619 0.802920
58 0.328484 0.891052 0.812652
59 0.302348 0.891322 0.829684
60 0.319460 0.880508 0.802920
61 0.330673 0.883482 0.805353
62 0.325629 0.892674 0.836983
63 0.320898 0.891863 0.795620
64 0.310627 0.897270 0.819951
65 0.296512 0.888889 0.807786
66 0.317716 0.899162 0.824818
67 0.297136 0.896188 0.805353
68 0.307491 0.863206 0.800487
69 0.325409 0.900784 0.822384
70 0.299792 0.906461 0.829684
71 0.283936 0.899432 0.810219
72 0.282659 0.899973 0.807786
73 0.277585 0.913760 0.841849
74 0.287331 0.896999 0.798054
75 0.293319 0.894566 0.798054
76 0.299212 0.902947 0.834550
77 0.299471 0.891322 0.793187
78 0.274552 0.914572 0.839416
79 0.287802 0.897810 0.822384
80 0.299385 0.907272 0.815085
81 0.267364 0.905650 0.817518
82 0.278729 0.915923 0.807786
83 0.264171 0.921871 0.807786
84 0.264292 0.907002 0.788321
85 0.288714 0.909976 0.829684
86 0.274946 0.906732 0.832117
87 0.269423 0.923493 0.834550
88 0.247209 0.911598 0.802920
89 0.292169 0.920519 0.815085
90 0.253643 0.918356 0.824818
91 0.246220 0.895647 0.790754
92 0.253865 0.930522 0.834550
93 0.248107 0.921330 0.824818
94 0.264158 0.907002 0.832117
95 0.268194 0.932955 0.832117
96 0.235066 0.931603 0.846715
97 0.245565 0.942958 0.841849
98 0.244152 0.901054 0.810219
99 0.266239 0.926737 0.819951
100 0.223706 0.957556 0.844282
101 0.175002 0.957015 0.834550
102 0.171367 0.959448 0.824818
103 0.164479 0.947824 0.829684
104 0.154282 0.964855 0.844282
105 0.172334 0.958367 0.819951
106 0.182564 0.954312 0.844282
107 0.163811 0.964855 0.836983
108 0.155379 0.964585 0.851582
109 0.190841 0.957286 0.832117
110 0.154262 0.964855 0.839416
111 0.148513 0.965396 0.836983
112 0.144501 0.963233 0.815085
113 0.151110 0.959719 0.822384
114 0.151082 0.971073 0.834550
115 0.146687 0.965937 0.810219
116 0.153074 0.964044 0.812652
117 0.158929 0.965937 0.834550
118 0.156685 0.963233 0.832117
119 0.152806 0.955934 0.810219
120 0.150202 0.969181 0.819951
121 0.148342 0.961071 0.788321
122 0.152368 0.964044 0.822384
123 0.134602 0.956204 0.819951
124 0.133578 0.981076 0.819951
125 0.126909 0.980806 0.819951
126 0.131811 0.970533 0.807786
127 0.139159 0.977021 0.827251
128 0.131322 0.974047 0.817518
129 0.124986 0.980806 0.815085
130 0.120288 0.979454 0.805353
131 0.144896 0.968640 0.812652
132 0.145070 0.971073 0.812652
133 0.145076 0.975669 0.817518
134 0.134660 0.980806 0.807786
135 0.132323 0.967829 0.824818
136 0.132084 0.969451 0.819951
137 0.128943 0.967018 0.788321
138 0.124964 0.967829 0.795620
139 0.139843 0.976210 0.829684
140 0.142679 0.968370 0.832117
141 0.141201 0.968640 0.822384
142 0.121219 0.978913 0.810219
143 0.136714 0.972966 0.810219
144 0.133282 0.981887 0.807786
145 0.119887 0.978643 0.819951
146 0.123114 0.976750 0.812652
147 0.116345 0.977562 0.810219
148 0.126459 0.977832 0.805353
149 0.122915 0.983509 0.802920
150 0.097333 0.988646 0.812652
151 0.089991 0.988646 0.805353
152 0.085435 0.992160 0.802920
153 0.075296 0.990538 0.810219
154 0.084634 0.991079 0.807786
155 0.082563 0.990808 0.817518
156 0.072605 0.991619 0.802920
157 0.076419 0.991619 0.824818
158 0.071545 0.989727 0.817518
159 0.075381 0.992160 0.807786
160 0.086018 0.991619 0.817518
161 0.094545 0.991890 0.817518
162 0.068288 0.994323 0.829684
163 0.063751 0.992430 0.829684
164 0.066764 0.993241 0.819951
165 0.073685 0.992971 0.815085
166 0.070651 0.994052 0.819951
167 0.082099 0.994052 0.827251
168 0.078826 0.991890 0.815085
169 0.082762 0.991890 0.817518
170 0.070196 0.993782 0.824818
171 0.069907 0.994052 0.824818
172 0.065066 0.993241 0.810219
173 0.086571 0.988916 0.834550
174 0.084789 0.992160 0.829684
175 0.071030 0.991890 0.824818
176 0.077482 0.991890 0.810219
177 0.075467 0.993512 0.807786
178 0.073925 0.991079 0.800487
179 0.083916 0.981076 0.810219
180 0.087603 0.989457 0.812652
181 0.078525 0.991890 0.815085
182 0.080586 0.991349 0.824818
183 0.069172 0.993512 0.805353
184 0.076929 0.987294 0.834550
185 0.074519 0.992971 0.836983
186 0.067028 0.995675 0.836983
187 0.065387 0.994323 0.836983
188 0.072737 0.993241 0.829684
189 0.076376 0.992430 0.836983
190 0.071288 0.994052 0.815085
191 0.066897 0.994593 0.815085
192 0.067815 0.990808 0.824818
193 0.081017 0.989186 0.822384
194 0.072376 0.994052 0.802920
195 0.060908 0.994323 0.802920
196 0.058866 0.995675 0.812652
197 0.060403 0.995945 0.800487
198 0.069777 0.992160 0.793187
199 0.080121 0.992971 0.815085
200 0.054860 0.995404 0.815085
201 0.053854 0.996215 0.805353
202 0.053356 0.995675 0.812652
203 0.055094 0.995945 0.807786
204 0.056922 0.995945 0.810219
205 0.047266 0.996756 0.819951
206 0.054531 0.996215 0.807786
207 0.050359 0.996756 0.805353
208 0.049914 0.996756 0.812652
209 0.053911 0.996756 0.807786
210 0.046265 0.997297 0.795620
211 0.044680 0.996486 0.815085
212 0.045639 0.997026 0.807786
213 0.049219 0.997567 0.807786
214 0.049316 0.995675 0.807786
215 0.050221 0.997026 0.807786
216 0.046582 0.995945 0.807786
217 0.051877 0.995945 0.810219
218 0.063432 0.997567 0.802920
219 0.059154 0.996756 0.802920
220 0.043355 0.996486 0.805353
221 0.056984 0.995945 0.802920
222 0.052977 0.997026 0.810219
223 0.063850 0.993241 0.810219
224 0.059870 0.995404 0.812652
225 0.053103 0.996215 0.812652
226 0.053040 0.997026 0.819951
227 0.053234 0.996756 0.817518
228 0.061475 0.997026 0.812652
229 0.049021 0.996756 0.829684
230 0.050483 0.997026 0.812652
231 0.048746 0.997837 0.822384
232 0.049818 0.997026 0.824818
233 0.052739 0.997026 0.822384
234 0.043107 0.997567 0.829684
235 0.046761 0.997026 0.824818
236 0.040314 0.997297 0.832117
237 0.058060 0.997026 0.817518
238 0.049677 0.997567 0.810219
239 0.056506 0.997026 0.815085
240 0.045955 0.997297 0.824818
241 0.049083 0.997297 0.819951
242 0.053431 0.997567 0.817518
243 0.054542 0.995675 0.807786
244 0.047262 0.998108 0.824818
245 0.048568 0.997026 0.827251
246 0.049492 0.997026 0.829684
247 0.043687 0.996756 0.807786
248 0.052355 0.997837 0.817518
249 0.047494 0.997567 0.819951
250 0.044012 0.997837 0.824818
251 0.041753 0.997837 0.829684
252 0.040385 0.997567 0.827251
253 0.043068 0.997297 0.824818
254 0.043959 0.997567 0.827251
255 0.040072 0.997567 0.822384
256 0.046823 0.997567 0.829684
257 0.044797 0.997837 0.827251
258 0.044022 0.997567 0.827251
259 0.048570 0.998108 0.829684
260 0.048303 0.997837 0.815085
261 0.046401 0.997837 0.819951
262 0.045430 0.997837 0.815085
263 0.043922 0.997837 0.824818
264 0.043377 0.997297 0.815085
265 0.044160 0.998108 0.827251
266 0.040281 0.997567 0.827251
267 0.040066 0.997567 0.822384
268 0.043289 0.997297 0.824818
269 0.039892 0.997567 0.824818
270 0.046968 0.997837 0.817518
271 0.041707 0.998108 0.822384
272 0.051151 0.997567 0.815085
273 0.047551 0.997567 0.817518
274 0.045055 0.997837 0.827251
275 0.039355 0.998108 0.827251
276 0.037085 0.998108 0.819951
277 0.040785 0.997837 0.827251
278 0.042673 0.997837 0.819951
279 0.045308 0.997837 0.822384
280 0.039095 0.998108 0.810219
281 0.045606 0.998108 0.812652
282 0.042611 0.997567 0.827251
283 0.035107 0.998108 0.822384
284 0.045609 0.997567 0.805353
285 0.041326 0.998108 0.812652
286 0.039881 0.998108 0.815085
287 0.043299 0.997837 0.824818
288 0.042900 0.997837 0.817518
289 0.043570 0.997837 0.815085
290 0.045678 0.997837 0.817518
291 0.044312 0.997837 0.822384
292 0.042682 0.998108 0.824818
293 0.040510 0.998108 0.824818
294 0.041825 0.998108 0.834550
295 0.049104 0.997837 0.824818
296 0.039508 0.998108 0.817518
297 0.039192 0.997837 0.819951
298 0.042628 0.998108 0.827251
299 0.043300 0.997837 0.817518
300 0.045366 0.998108 0.824818
301 0.041258 0.998108 0.827251
302 0.039071 0.997837 0.822384
303 0.045324 0.998108 0.824818
304 0.038502 0.998108 0.822384
305 0.042660 0.997837 0.827251
306 0.039457 0.997837 0.819951
307 0.038012 0.997837 0.822384
308 0.035317 0.998108 0.815085
309 0.040919 0.998108 0.817518
310 0.040639 0.998108 0.819951
311 0.042494 0.998108 0.824818
312 0.041865 0.998378 0.824818
313 0.040569 0.997837 0.822384
314 0.032655 0.998108 0.819951
315 0.039969 0.998108 0.817518
316 0.038985 0.998378 0.817518
317 0.038967 0.998108 0.829684
318 0.035503 0.998108 0.827251
319 0.040274 0.997837 0.819951
320 0.037678 0.998108 0.819951
321 0.036750 0.998108 0.812652
322 0.038009 0.998108 0.812652
323 0.036829 0.997837 0.824818
324 0.037951 0.998378 0.822384
325 0.039726 0.998108 0.815085
326 0.035788 0.998378 0.815085
327 0.043207 0.998108 0.819951
328 0.039303 0.998108 0.824818
329 0.033814 0.997837 0.812652
330 0.043264 0.998108 0.815085
331 0.038524 0.997837 0.810219
332 0.039832 0.998108 0.819951
333 0.035112 0.998108 0.817518
334 0.035736 0.998108 0.810219
335 0.035057 0.998108 0.805353
336 0.037597 0.997837 0.812652
337 0.036950 0.997837 0.805353
338 0.037939 0.997837 0.815085
339 0.037964 0.997837 0.810219
340 0.035977 0.997837 0.815085
341 0.037126 0.998108 0.815085
342 0.037386 0.997837 0.819951
343 0.037869 0.998108 0.815085
344 0.040839 0.998108 0.815085
345 0.037503 0.998108 0.822384
346 0.034982 0.998108 0.817518
347 0.037339 0.998378 0.819951
348 0.044158 0.998378 0.810219
349 0.043505 0.997567 0.817518
350 0.040254 0.997837 0.810219
