1 3.610095 0.634304 0.657143
2 1.366821 0.695793 0.600000
3 1.117319 0.676375 0.685714
4 1.168102 0.624595 0.571429
5 1.181338 0.692557 0.657143
6 1.045076 0.644013 0.685714
7 0.804786 0.770227 0.628571
8 0.562292 0.760518 0.571429
9 0.506783 0.822006 0.657143
10 0.436105 0.864078 0.685714
11 0.369071 0.864078 0.800000
12 0.423143 0.899676 0.800000
13 0.366145 0.886731 0.685714
14 0.354249 0.805825 0.685714
15 0.249517 0.951456 0.657143
16 0.207019 0.902913 0.628571
17 0.267945 0.938511 0.828571
18 0.216043 0.912621 0.714286
19 0.237628 0.964401 0.800000
20 0.131680 0.974110 0.800000
21 0.165495 0.883495 0.742857
22 0.243031 0.938511 0.714286
23 0.147768 0.964401 0.657143
24 0.295298 0.864078 0.685714
25 0.355007 0.902913 0.742857
26 0.191160 0.977346 0.714286
27 0.120856 0.983819 0.714286
28 0.116427 0.983819 0.657143
29 0.075935 0.993528 0.742857
30 0.057228 0.990291 0.714286
31 0.069670 0.990291 0.685714
32 0.214534 0.870550 0.714286
33 0.203218 0.974110 0.714286
34 0.101453 0.974110 0.714286
35 0.139154 0.967638 0.714286
36 0.118441 0.967638 0.800000
37 0.120219 0.957929 0.714286
38 0.260465 0.954693 0.742857
39 0.187705 0.915858 0.857143
40 0.095550 0.987055 0.714286
41 0.081430 0.993528 0.685714
42 0.100721 0.957929 0.571429
43 0.125214 0.954693 0.685714
44 0.077162 0.993528 0.714286
45 0.075689 0.993528 0.771429
46 0.060780 0.990291 0.714286
47 0.105096 0.938511 0.685714
48 0.247586 0.964401 0.600000
49 0.229468 0.957929 0.600000
50 0.103085 0.990291 0.714286
51 0.059852 0.993528 0.685714
52 0.050256 0.993528 0.714286
53 0.048305 0.993528 0.714286
54 0.045286 0.993528 0.742857
55 0.046978 0.993528 0.714286
56 0.050063 0.993528 0.685714
57 0.043527 0.993528 0.714286
58 0.046472 0.993528 0.714286
59 0.040397 0.993528 0.714286
60 0.040840 0.993528 0.714286
61 0.047628 0.993528 0.742857
62 0.044593 0.993528 0.714286
63 0.042958 0.993528 0.742857
64 0.047259 0.993528 0.742857
65 0.044894 0.993528 0.742857
66 0.041746 0.993528 0.742857
67 0.046503 0.993528 0.742857
68 0.080340 0.974110 0.742857
69 0.126784 0.954693 0.771429
70 0.182976 0.970874 0.685714
71 0.052604 0.993528 0.771429
72 0.052574 0.993528 0.742857
73 0.052020 0.993528 0.714286
74 0.041872 0.993528 0.714286
75 0.042313 0.993528 0.742857
76 0.041213 0.993528 0.685714
77 0.037319 0.993528 0.714286
78 0.041494 0.993528 0.714286
79 0.038834 0.993528 0.714286
80 0.043579 0.993528 0.714286
81 0.043883 0.993528 0.714286
82 0.050427 0.993528 0.714286
83 0.044565 0.993528 0.685714
84 0.045447 0.993528 0.685714
85 0.048095 0.993528 0.714286
86 0.046443 0.993528 0.742857
87 0.038987 0.983819 0.742857
88 0.083698 0.961165 0.714286
89 0.154150 0.932039 0.714286
90 0.117233 0.990291 0.657143
91 0.054993 0.993528 0.657143
92 0.056735 0.993528 0.685714
93 0.046445 0.993528 0.714286
94 0.045364 0.993528 0.685714
95 0.045250 0.993528 0.685714
96 0.048199 0.993528 0.657143
97 0.055358 0.993528 0.685714
98 0.055314 0.993528 0.657143
99 0.069747 0.919094 0.742857
100 0.049415 0.993528 0.714286
101 0.033344 0.993528 0.685714
102 0.033619 0.993528 0.685714
103 0.036509 0.993528 0.685714
104 0.033649 0.993528 0.685714
105 0.032581 0.993528 0.685714
106 0.039576 0.993528 0.657143
107 0.036875 0.993528 0.685714
108 0.031944 0.993528 0.685714
109 0.037904 0.993528 0.714286
110 0.034232 0.993528 0.714286
111 0.037627 0.993528 0.657143
112 0.043932 0.993528 0.714286
113 0.036569 0.993528 0.685714
114 0.036183 0.993528 0.685714
115 0.033092 0.993528 0.714286
116 0.036348 0.993528 0.685714
117 0.033427 0.993528 0.685714
118 0.040278 0.993528 0.685714
119 0.037218 0.993528 0.714286
120 0.041294 0.993528 0.628571
121 0.037077 0.993528 0.685714
122 0.034695 0.993528 0.685714
123 0.035725 0.993528 0.714286
124 0.037852 0.993528 0.714286
125 0.034871 0.993528 0.714286
126 0.043847 0.993528 0.714286
127 0.091708 0.954693 0.685714
128 0.087095 0.935275 0.600000
129 0.072006 0.993528 0.685714
130 0.039959 0.993528 0.657143
131 0.034053 0.993528 0.628571
132 0.042247 0.993528 0.657143
133 0.041656 0.993528 0.628571
134 0.035264 0.993528 0.628571
135 0.033352 0.993528 0.628571
136 0.039987 0.993528 0.685714
137 0.046298 0.993528 0.600000
138 0.035920 0.993528 0.542857
139 0.034669 0.993528 0.600000
140 0.035327 0.993528 0.657143
141 0.032711 0.993528 0.657143
142 0.034152 0.993528 0.628571
143 0.037029 0.993528 0.685714
144 0.051175 0.977346 0.685714
145 0.064162 0.993528 0.714286
146 0.039015 0.993528 0.657143
147 0.038747 0.993528 0.657143
148 0.041808 0.993528 0.657143
149 0.033847 0.993528 0.657143
150 0.033529 0.993528 0.628571
151 0.032252 0.993528 0.628571
152 0.030467 0.993528 0.628571
153 0.029486 0.993528 0.657143
154 0.031046 0.993528 0.628571
155 0.033269 0.993528 0.657143
156 0.028965 0.993528 0.657143
157 0.034611 0.993528 0.628571
158 0.029643 0.993528 0.600000
159 0.033655 0.993528 0.657143
160 0.033530 0.993528 0.628571
161 0.031365 0.993528 0.657143
162 0.029168 0.993528 0.628571
163 0.030351 0.993528 0.685714
164 0.028028 0.993528 0.657143
165 0.028036 0.993528 0.685714
166 0.030954 0.993528 0.628571
167 0.028505 0.993528 0.628571
168 0.026323 0.993528 0.628571
169 0.026836 0.993528 0.657143
170 0.032484 0.993528 0.657143
171 0.031470 0.993528 0.685714
172 0.027800 0.993528 0.685714
173 0.028256 0.993528 0.628571
174 0.029081 0.993528 0.657143
175 0.028042 0.993528 0.600000
176 0.032165 0.993528 0.628571
177 0.026153 0.993528 0.657143
178 0.029930 0.993528 0.628571
179 0.030066 0.993528 0.600000
180 0.034738 0.993528 0.657143
181 0.032302 0.993528 0.628571
182 0.027864 0.993528 0.657143
183 0.027391 0.993528 0.657143
184 0.030228 0.993528 0.657143
185 0.029616 0.993528 0.600000
186 0.030238 0.993528 0.628571
187 0.029258 0.993528 0.657143
188 0.028881 0.993528 0.685714
189 0.027708 0.993528 0.685714
190 0.035259 0.993528 0.685714
191 0.051986 0.993528 0.685714
192 0.032499 0.993528 0.685714
193 0.042413 0.993528 0.742857
194 0.039432 0.993528 0.714286
195 0.034678 0.993528 0.685714
196 0.030616 0.993528 0.714286
197 0.032714 0.993528 0.685714
198 0.032166 0.993528 0.714286
199 0.035874 0.993528 0.714286
200 0.024355 0.993528 0.714286
201 0.025386 0.993528 0.714286
202 0.030062 0.993528 0.714286
203 0.027333 0.993528 0.714286
204 0.027800 0.993528 0.714286
205 0.026154 0.993528 0.714286
206 0.026236 0.993528 0.714286
207 0.025118 0.993528 0.714286
208 0.025432 0.993528 0.714286
209 0.030123 0.993528 0.714286
210 0.025123 0.993528 0.714286
211 0.027143 0.993528 0.714286
212 0.026214 0.993528 0.714286
213 0.021531 0.993528 0.714286
214 0.027919 0.993528 0.714286
215 0.028581 0.993528 0.714286
216 0.025354 0.993528 0.714286
217 0.022156 0.993528 0.714286
218 0.028705 0.993528 0.714286
219 0.027882 0.993528 0.714286
220 0.027822 0.993528 0.714286
221 0.024401 0.993528 0.714286
222 0.027891 0.993528 0.714286
223 0.025180 0.993528 0.714286
224 0.026541 0.993528 0.714286
225 0.028607 0.993528 0.714286
226 0.026711 0.993528 0.714286
227 0.023261 0.993528 0.714286
228 0.027246 0.993528 0.714286
229 0.024715 0.993528 0.714286
230 0.023702 0.993528 0.714286
231 0.025800 0.993528 0.685714
232 0.029049 0.993528 0.685714
233 0.026436 0.993528 0.685714
234 0.025029 0.993528 0.685714
235 0.024474 0.993528 0.685714
236 0.023698 0.993528 0.714286
237 0.026478 0.993528 0.714286
238 0.024007 0.993528 0.714286
239 0.023007 0.993528 0.714286
240 0.029910 0.993528 0.714286
241 0.023831 0.993528 0.714286
242 0.022942 0.993528 0.714286
243 0.024590 0.993528 0.714286
244 0.025123 0.993528 0.714286
245 0.021928 0.993528 0.714286
246 0.026579 0.993528 0.714286
247 0.024153 0.993528 0.714286
248 0.027414 0.993528 0.714286
249 0.023312 0.993528 0.714286
250 0.027140 0.993528 0.714286
251 0.024823 0.993528 0.685714
252 0.020399 0.993528 0.714286
253 0.023736 0.993528 0.685714
254 0.025352 0.993528 0.714286
255 0.023753 0.993528 0.714286
256 0.024356 0.993528 0.714286
257 0.020518 0.993528 0.714286
258 0.022805 0.993528 0.714286
259 0.023496 0.993528 0.714286
260 0.024364 0.993528 0.714286
261 0.026551 0.993528 0.685714
262 0.024509 0.993528 0.685714
263 0.023461 0.993528 0.685714
264 0.023907 0.993528 0.714286
265 0.026862 0.993528 0.714286
266 0.022203 0.993528 0.714286
267 0.024492 0.993528 0.714286
268 0.024484 0.993528 0.714286
269 0.023029 0.993528 0.714286
270 0.023219 0.993528 0.714286
271 0.022543 0.993528 0.714286
272 0.024947 0.993528 0.714286
273 0.025386 0.993528 0.714286
274 0.025393 0.993528 0.714286
275 0.021387 0.993528 0.714286
276 0.023166 0.993528 0.714286
277 0.022706 0.993528 0.714286
278 0.023478 0.993528 0.714286
279 0.025733 0.993528 0.714286
280 0.020124 0.993528 0.714286
281 0.025488 0.993528 0.714286
282 0.026228 0.993528 0.714286
283 0.021195 0.993528 0.714286
284 0.022503 0.993528 0.714286
285 0.024408 0.993528 0.714286
286 0.022540 0.993528 0.714286
287 0.025580 0.993528 0.714286
288 0.021733 0.993528 0.714286
289 0.023178 0.993528 0.714286
290 0.024539 0.993528 0.714286
291 0.023361 0.993528 0.714286
292 0.025996 0.993528 0.714286
293 0.020823 0.993528 0.714286
294 0.022913 0.993528 0.714286
295 0.024708 0.993528 0.714286
296 0.021845 0.993528 0.714286
297 0.023383 0.993528 0.714286
298 0.024538 0.993528 0.714286
299 0.022306 0.993528 0.714286
300 0.022702 0.993528 0.714286
301 0.021723 0.993528 0.714286
302 0.021038 0.993528 0.714286
303 0.024629 0.993528 0.714286
304 0.019544 0.993528 0.714286
305 0.021911 0.993528 0.714286
306 0.021717 0.993528 0.714286
307 0.022718 0.993528 0.714286
308 0.022096 0.993528 0.714286
309 0.023628 0.993528 0.714286
310 0.023794 0.993528 0.714286
311 0.021646 0.993528 0.714286
312 0.023565 0.993528 0.714286
313 0.021733 0.993528 0.714286
314 0.020093 0.993528 0.714286
315 0.022600 0.993528 0.714286
316 0.022309 0.993528 0.714286
317 0.022349 0.993528 0.714286
318 0.022831 0.993528 0.714286
319 0.023977 0.993528 0.714286
320 0.019710 0.993528 0.714286
321 0.024671 0.993528 0.714286
322 0.022367 0.993528 0.714286
323 0.023647 0.993528 0.714286
324 0.023113 0.993528 0.714286
325 0.025724 0.993528 0.714286
326 0.024940 0.993528 0.714286
327 0.023882 0.993528 0.714286
328 0.021523 0.993528 0.714286
329 0.024867 0.993528 0.714286
330 0.022780 0.993528 0.714286
331 0.021569 0.993528 0.714286
332 0.021687 0.993528 0.714286
333 0.022332 0.993528 0.714286
334 0.021442 0.993528 0.714286
335 0.023648 0.993528 0.714286
336 0.023684 0.993528 0.714286
337 0.022837 0.993528 0.714286
338 0.020328 0.993528 0.714286
339 0.022031 0.993528 0.714286
340 0.023176 0.993528 0.714286
341 0.021046 0.993528 0.714286
342 0.022554 0.993528 0.714286
343 0.025100 0.993528 0.714286
344 0.020655 0.993528 0.714286
345 0.022295 0.993528 0.714286
346 0.020630 0.993528 0.714286
347 0.024554 0.993528 0.714286
348 0.020183 0.993528 0.714286
349 0.021114 0.993528 0.714286
350 0.026500 0.993528 0.714286
