1 3.036358 0.606452 0.617647
2 1.508899 0.512903 0.558824
3 1.473146 0.693548 0.588235
4 0.911489 0.635484 0.500000
5 1.314076 0.754839 0.647059
6 0.741090 0.796774 0.676471
7 0.600529 0.761290 0.647059
8 0.604188 0.835484 0.470588
9 0.653332 0.864516 0.588235
10 0.462975 0.790323 0.647059
11 0.414589 0.838710 0.588235
12 0.399757 0.870968 0.529412
13 0.311127 0.912903 0.617647
14 0.363653 0.893548 0.647059
15 0.389784 0.870968 0.529412
16 0.338089 0.800000 0.647059
17 0.315527 0.958065 0.588235
18 0.204948 0.903226 0.558824
19 0.182111 0.925806 0.558824
20 0.218352 0.951613 0.500000
21 0.286701 0.925806 0.558824
22 0.179339 0.974194 0.588235
23 0.130968 0.967742 0.588235
24 0.117282 0.951613 0.647059
25 0.190909 0.983871 0.529412
26 0.191109 0.877419 0.647059
27 0.300253 0.870968 0.529412
28 0.116490 0.987097 0.558824
29 0.098354 0.974194 0.500000
30 0.132432 0.919355 0.558824
31 0.105642 0.938710 0.558824
32 0.178093 0.948387 0.500000
33 0.124601 0.954839 0.617647
34 0.105330 0.987097 0.500000
35 0.078346 0.961290 0.529412
36 0.095119 0.970968 0.588235
37 0.173061 0.787097 0.529412
38 0.239343 0.961290 0.617647
39 0.132175 0.977419 0.588235
40 0.096866 0.990323 0.558824
41 0.157177 0.954839 0.558824
42 0.106252 0.967742 0.529412
43 0.102738 0.990323 0.529412
44 0.057793 0.993548 0.558824
45 0.054469 0.993548 0.558824
46 0.048724 0.993548 0.588235
47 0.045038 0.993548 0.588235
48 0.048832 0.993548 0.558824
49 0.040433 0.993548 0.588235
50 0.041175 0.993548 0.558824
51 0.034258 0.993548 0.558824
52 0.045130 0.990323 0.588235
53 0.070743 0.987097 0.529412
54 0.064926 0.993548 0.500000
55 0.042728 0.993548 0.500000
56 0.034184 0.993548 0.500000
57 0.034412 0.993548 0.441176
58 0.038103 0.993548 0.441176
59 0.037454 0.993548 0.529412
60 0.033722 0.993548 0.529412
61 0.032004 0.993548 0.529412
62 0.041158 0.993548 0.558824
63 0.035618 0.993548 0.558824
64 0.034476 0.993548 0.558824
65 0.034172 0.993548 0.529412
66 0.034358 0.993548 0.529412
67 0.032965 0.993548 0.529412
68 0.034301 0.993548 0.558824
69 0.035954 0.993548 0.588235
70 0.036793 0.993548 0.500000
71 0.035627 0.993548 0.558824
72 0.038000 0.993548 0.558824
73 0.038908 0.993548 0.529412
74 0.035186 0.993548 0.558824
75 0.034916 0.993548 0.558824
76 0.034360 0.993548 0.529412
77 0.034113 0.993548 0.529412
78 0.188194 0.906452 0.588235
79 0.242184 0.929032 0.411765
80 0.101481 0.993548 0.529412
81 0.051017 0.993548 0.500000
82 0.049713 0.993548 0.470588
83 0.043692 0.974194 0.470588
84 0.090681 0.970968 0.558824
85 0.108629 0.990323 0.470588
86 0.095200 0.993548 0.470588
87 0.067947 0.993548 0.470588
88 0.048003 0.993548 0.441176
89 0.042639 0.977419 0.500000
90 0.040145 0.993548 0.441176
91 0.039175 0.993548 0.411765
92 0.039730 0.990323 0.529412
93 0.050911 0.993548 0.529412
94 0.037996 0.993548 0.500000
95 0.036548 0.993548 0.500000
96 0.040042 0.993548 0.441176
97 0.039425 0.993548 0.500000
98 0.041323 0.987097 0.500000
99 0.045340 0.993548 0.500000
100 0.037395 0.993548 0.470588
101 0.026822 0.993548 0.500000
102 0.028118 0.993548 0.470588
103 0.031126 0.993548 0.529412
104 0.029415 0.993548 0.470588
105 0.029437 0.993548 0.500000
106 0.031583 0.993548 0.500000
107 0.045029 0.993548 0.441176
108 0.034198 0.993548 0.470588
109 0.036121 0.993548 0.470588
110 0.029315 0.993548 0.500000
111 0.031569 0.993548 0.500000
112 0.030066 0.993548 0.470588
113 0.030881 0.993548 0.470588
114 0.033868 0.993548 0.470588
115 0.031373 0.993548 0.500000
116 0.025779 0.993548 0.500000
117 0.025634 0.993548 0.529412
118 0.031191 0.990323 0.500000
119 0.031995 0.993548 0.470588
120 0.029429 0.993548 0.529412
121 0.026987 0.993548 0.500000
122 0.027555 0.993548 0.470588
123 0.026393 0.993548 0.529412
124 0.034260 0.993548 0.529412
125 0.031270 0.993548 0.529412
126 0.031986 0.993548 0.529412
127 0.031336 0.993548 0.588235
128 0.034985 0.993548 0.470588
129 0.030425 0.993548 0.529412
130 0.029120 0.993548 0.470588
131 0.029026 0.993548 0.470588
132 0.032106 0.993548 0.558824
133 0.033935 0.993548 0.500000
134 0.032254 0.993548 0.558824
135 0.032672 0.993548 0.529412
136 0.028267 0.993548 0.529412
137 0.031783 0.993548 0.529412
138 0.025565 0.993548 0.500000
139 0.032830 0.993548 0.500000
140 0.029384 0.993548 0.500000
141 0.027447 0.993548 0.500000
142 0.036770 0.993548 0.500000
143 0.171091 0.977419 0.588235
144 0.110092 0.993548 0.558824
145 0.041851 0.993548 0.500000
146 0.041085 0.993548 0.588235
147 0.039004 0.993548 0.529412
148 0.046665 0.993548 0.470588
149 0.037938 0.993548 0.500000
150 0.029910 0.993548 0.500000
151 0.027004 0.993548 0.500000
152 0.027433 0.993548 0.529412
153 0.026311 0.993548 0.529412
154 0.027918 0.993548 0.529412
155 0.028230 0.993548 0.529412
156 0.029629 0.993548 0.529412
157 0.028538 0.993548 0.529412
158 0.026700 0.993548 0.529412
159 0.026011 0.993548 0.529412
160 0.028466 0.993548 0.529412
161 0.032439 0.993548 0.529412
162 0.030009 0.993548 0.529412
163 0.027978 0.993548 0.500000
164 0.024690 0.993548 0.529412
165 0.023192 0.993548 0.529412
166 0.027290 0.993548 0.529412
167 0.026587 0.993548 0.529412
168 0.026609 0.993548 0.500000
169 0.027282 0.993548 0.500000
170 0.028632 0.993548 0.558824
171 0.025980 0.993548 0.558824
172 0.028035 0.993548 0.529412
173 0.027547 0.993548 0.558824
174 0.028165 0.993548 0.529412
175 0.027242 0.993548 0.529412
176 0.024968 0.993548 0.500000
177 0.025154 0.993548 0.529412
178 0.026965 0.993548 0.500000
179 0.028390 0.993548 0.558824
180 0.029634 0.993548 0.529412
181 0.027349 0.993548 0.500000
182 0.026641 0.993548 0.500000
183 0.024626 0.993548 0.500000
184 0.028032 0.993548 0.500000
185 0.026533 0.993548 0.500000
186 0.025988 0.993548 0.500000
187 0.027269 0.993548 0.529412
188 0.025260 0.993548 0.529412
189 0.024520 0.993548 0.529412
190 0.026309 0.993548 0.500000
191 0.023530 0.993548 0.470588
192 0.031026 0.993548 0.500000
193 0.025004 0.993548 0.500000
194 0.026710 0.993548 0.500000
195 0.032057 0.993548 0.470588
196 0.027222 0.993548 0.470588
197 0.027036 0.993548 0.500000
198 0.025048 0.993548 0.500000
199 0.030627 0.993548 0.470588
200 0.023231 0.993548 0.470588
201 0.024900 0.993548 0.470588
202 0.024739 0.993548 0.470588
203 0.023637 0.993548 0.470588
204 0.025415 0.993548 0.470588
205 0.023433 0.993548 0.470588
206 0.025899 0.993548 0.470588
207 0.024739 0.993548 0.470588
208 0.021918 0.993548 0.470588
209 0.025325 0.993548 0.470588
210 0.022575 0.993548 0.470588
211 0.026504 0.993548 0.470588
212 0.023881 0.993548 0.470588
213 0.026493 0.993548 0.470588
214 0.027197 0.993548 0.470588
215 0.025639 0.993548 0.470588
216 0.020995 0.993548 0.470588
217 0.022860 0.993548 0.470588
218 0.026014 0.993548 0.470588
219 0.026704 0.993548 0.500000
220 0.024652 0.993548 0.500000
221 0.023847 0.993548 0.470588
222 0.026113 0.993548 0.500000
223 0.024171 0.993548 0.470588
224 0.023463 0.993548 0.470588
225 0.023528 0.993548 0.470588
226 0.025753 0.993548 0.470588
227 0.026064 0.993548 0.470588
228 0.032276 0.993548 0.500000
229 0.029013 0.993548 0.500000
230 0.025772 0.993548 0.500000
231 0.024857 0.993548 0.500000
232 0.025439 0.993548 0.470588
233 0.021195 0.993548 0.470588
234 0.021200 0.993548 0.470588
235 0.022829 0.993548 0.470588
236 0.026191 0.993548 0.470588
237 0.024616 0.993548 0.470588
238 0.025793 0.993548 0.470588
239 0.021950 0.993548 0.500000
240 0.026218 0.993548 0.500000
241 0.025015 0.993548 0.470588
242 0.023510 0.993548 0.529412
243 0.020808 0.993548 0.470588
244 0.027607 0.993548 0.500000
245 0.022873 0.993548 0.500000
246 0.025367 0.993548 0.500000
247 0.024049 0.993548 0.500000
248 0.025716 0.993548 0.470588
249 0.023832 0.993548 0.470588
250 0.024946 0.993548 0.470588
251 0.023498 0.993548 0.470588
252 0.022120 0.993548 0.470588
253 0.021693 0.993548 0.500000
254 0.022741 0.993548 0.470588
255 0.021150 0.993548 0.470588
256 0.022286 0.993548 0.500000
257 0.021846 0.993548 0.500000
258 0.022230 0.993548 0.500000
259 0.025153 0.993548 0.500000
260 0.023892 0.993548 0.470588
261 0.025968 0.993548 0.470588
262 0.023257 0.993548 0.470588
263 0.021135 0.993548 0.500000
264 0.024138 0.993548 0.558824
265 0.023820 0.993548 0.529412
266 0.023918 0.993548 0.500000
267 0.025284 0.993548 0.500000
268 0.024937 0.993548 0.529412
269 0.024170 0.993548 0.500000
270 0.019301 0.993548 0.500000
271 0.022536 0.993548 0.470588
272 0.020983 0.993548 0.470588
273 0.025620 0.993548 0.500000
274 0.021958 0.993548 0.470588
275 0.024196 0.993548 0.470588
276 0.022193 0.993548 0.470588
277 0.022342 0.993548 0.470588
278 0.021180 0.993548 0.470588
279 0.023160 0.993548 0.500000
280 0.022349 0.993548 0.470588
281 0.026567 0.993548 0.470588
282 0.024032 0.993548 0.470588
283 0.024616 0.993548 0.470588
284 0.022899 0.993548 0.470588
285 0.022255 0.993548 0.470588
286 0.022017 0.993548 0.470588
287 0.023606 0.993548 0.470588
288 0.022729 0.993548 0.500000
289 0.025857 0.993548 0.529412
290 0.022855 0.993548 0.470588
291 0.022769 0.993548 0.500000
292 0.023687 0.993548 0.500000
293 0.022148 0.993548 0.500000
294 0.023794 0.993548 0.500000
295 0.023774 0.993548 0.500000
296 0.022565 0.993548 0.500000
297 0.023824 0.993548 0.500000
298 0.024803 0.993548 0.500000
299 0.021945 0.993548 0.470588
300 0.023546 0.993548 0.441176
301 0.022066 0.993548 0.470588
302 0.023795 0.993548 0.441176
303 0.023565 0.993548 0.470588
304 0.018784 0.993548 0.470588
305 0.019949 0.993548 0.470588
306 0.021101 0.993548 0.441176
307 0.020698 0.993548 0.470588
308 0.022769 0.993548 0.500000
309 0.024060 0.993548 0.500000
310 0.025986 0.993548 0.500000
311 0.021281 0.993548 0.470588
312 0.021247 0.993548 0.500000
313 0.021558 0.993548 0.500000
314 0.021004 0.993548 0.500000
315 0.023708 0.993548 0.500000
316 0.023102 0.993548 0.500000
317 0.024777 0.993548 0.500000
318 0.018704 0.993548 0.470588
319 0.023789 0.993548 0.500000
320 0.021850 0.993548 0.500000
321 0.021669 0.993548 0.500000
322 0.020036 0.993548 0.500000
323 0.021448 0.993548 0.500000
324 0.021805 0.993548 0.500000
325 0.023315 0.993548 0.470588
326 0.024051 0.993548 0.500000
327 0.020809 0.993548 0.500000
328 0.023240 0.993548 0.470588
329 0.021009 0.993548 0.500000
330 0.023375 0.993548 0.500000
331 0.020579 0.993548 0.500000
332 0.019006 0.993548 0.500000
333 0.019867 0.993548 0.500000
334 0.020273 0.993548 0.500000
335 0.022048 0.993548 0.500000
336 0.023119 0.993548 0.500000
337 0.021043 0.993548 0.470588
338 0.021129 0.993548 0.470588
339 0.021080 0.993548 0.470588
340 0.023941 0.993548 0.470588
341 0.018518 0.993548 0.470588
342 0.022618 0.993548 0.500000
343 0.023220 0.993548 0.470588
344 0.019793 0.993548 0.470588
345 0.021336 0.993548 0.470588
346 0.022353 0.993548 0.500000
347 0.022642 0.993548 0.500000
348 0.022778 0.993548 0.500000
349 0.020654 0.993548 0.470588
350 0.023109 0.993548 0.470588
