1 3.024127 0.442222 0.440000
2 1.751078 0.425185 0.460000
3 2.003748 0.430370 0.433333
4 1.435141 0.525185 0.533333
5 1.282542 0.531852 0.553333
6 1.516494 0.534074 0.533333
7 1.127409 0.531852 0.533333
8 1.097686 0.528148 0.540000
9 1.187314 0.522222 0.480000
10 1.093798 0.523704 0.513333
11 1.073251 0.505926 0.500000
12 1.409017 0.521481 0.506667
13 1.101608 0.535556 0.566667
14 1.224570 0.525926 0.546667
15 1.029351 0.531111 0.540000
16 1.284445 0.537037 0.500000
17 1.021807 0.532593 0.533333
18 0.977353 0.532593 0.553333
19 0.960653 0.537037 0.513333
20 0.965712 0.550370 0.540000
21 0.974498 0.540000 0.500000
22 0.970587 0.544444 0.520000
23 0.943807 0.533333 0.500000
24 0.968657 0.557037 0.586667
25 0.952340 0.545926 0.513333
26 0.946930 0.552593 0.546667
27 0.929721 0.560741 0.560000
28 0.926669 0.532593 0.500000
29 0.935220 0.562963 0.520000
30 0.949760 0.555556 0.573333
31 0.918555 0.562222 0.500000
32 0.944738 0.571111 0.560000
33 0.926441 0.565926 0.533333
34 0.927858 0.560741 0.540000
35 0.933889 0.559259 0.533333
36 0.917004 0.557778 0.540000
37 0.931102 0.571852 0.533333
38 0.918696 0.571111 0.493333
39 0.962896 0.571111 0.506667
40 1.070661 0.554815 0.540000
41 0.958626 0.543704 0.533333
42 0.923760 0.548889 0.526667
43 0.915577 0.565926 0.513333
44 0.920598 0.575556 0.500000
45 0.900132 0.578519 0.520000
46 0.929864 0.570370 0.533333
47 0.924927 0.571111 0.540000
48 0.943948 0.553333 0.560000
49 0.960304 0.568889 0.506667
50 0.919187 0.527407 0.526667
51 0.915219 0.568889 0.533333
52 0.896054 0.573333 0.546667
53 0.920609 0.553333 0.486667
54 0.898476 0.572593 0.500000
55 0.899757 0.577778 0.526667
56 0.898306 0.597037 0.566667
57 0.882804 0.593333 0.520000
58 0.893695 0.598519 0.500000
59 0.880436 0.587407 0.546667
60 0.869143 0.595556 0.513333
61 0.877503 0.591111 0.506667
62 0.870509 0.599259 0.526667
63 0.897821 0.589630 0.520000
64 0.870863 0.608148 0.520000
65 0.878954 0.601481 0.513333
66 0.866579 0.596296 0.526667
67 0.855873 0.609630 0.520000
68 0.873239 0.603704 0.520000
69 0.888322 0.593333 0.506667
70 0.864563 0.597037 0.500000
