1 3.361114 0.663430 0.628571
2 1.172734 0.695793 0.571429
3 1.137068 0.644013 0.485714
4 1.260535 0.741100 0.542857
5 0.803944 0.744337 0.657143
6 0.632928 0.737864 0.542857
7 0.657447 0.660194 0.485714
8 0.539284 0.815534 0.628571
9 0.525865 0.802589 0.628571
10 0.363947 0.841424 0.657143
11 0.373745 0.815534 0.571429
12 0.499925 0.893204 0.685714
13 0.306995 0.818770 0.657143
14 0.307126 0.870550 0.714286
15 0.297612 0.864078 0.628571
16 0.267038 0.954693 0.571429
17 0.384981 0.864078 0.628571
18 0.233290 0.902913 0.600000
19 0.206153 0.964401 0.628571
20 0.144515 0.925566 0.628571
21 0.216735 0.935275 0.600000
22 0.341617 0.915858 0.628571
23 0.278556 0.935275 0.600000
24 0.178718 0.938511 0.685714
25 0.166840 0.977346 0.600000
26 0.094722 0.983819 0.571429
27 0.166022 0.938511 0.628571
28 0.247917 0.964401 0.600000
29 0.116440 0.987055 0.657143
30 0.077406 0.990291 0.600000
31 0.162801 0.867314 0.628571
32 0.130502 0.974110 0.571429
33 0.115994 0.977346 0.628571
34 0.193590 0.877023 0.571429
35 0.282403 0.951456 0.600000
36 0.242115 0.902913 0.571429
37 0.160792 0.935275 0.714286
38 0.132813 0.970874 0.771429
39 0.215099 0.792880 0.657143
40 0.323846 0.883495 0.600000
41 0.162499 0.983819 0.657143
42 0.084697 0.983819 0.600000
43 0.094644 0.964401 0.714286
44 0.104108 0.977346 0.657143
45 0.088892 0.990291 0.628571
46 0.070659 0.990291 0.600000
47 0.054422 0.987055 0.600000
48 0.051097 0.990291 0.600000
49 0.052596 0.987055 0.600000
50 0.051945 0.990291 0.657143
51 0.047483 0.990291 0.628571
52 0.041689 0.990291 0.628571
53 0.046023 0.990291 0.571429
54 0.049664 0.990291 0.628571
55 0.047369 0.990291 0.571429
56 0.048205 0.990291 0.628571
57 0.044702 0.990291 0.600000
58 0.043545 0.990291 0.600000
59 0.047071 0.990291 0.600000
60 0.044066 0.990291 0.600000
61 0.044827 0.990291 0.571429
62 0.045202 0.990291 0.600000
63 0.045615 0.990291 0.600000
64 0.045219 0.990291 0.628571
65 0.143815 0.932039 0.542857
66 0.085533 0.987055 0.600000
67 0.109170 0.925566 0.685714
68 0.144218 0.964401 0.571429
69 0.119619 0.957929 0.571429
70 0.128671 0.990291 0.600000
71 0.060633 0.990291 0.600000
72 0.062737 0.987055 0.571429
73 0.051942 0.990291 0.600000
74 0.062179 0.983819 0.628571
75 0.123787 0.974110 0.628571
76 0.077531 0.990291 0.628571
77 0.049584 0.990291 0.657143
78 0.047860 0.990291 0.628571
79 0.046323 0.990291 0.657143
80 0.048362 0.987055 0.657143
81 0.042185 0.990291 0.628571
82 0.050589 0.990291 0.657143
83 0.045706 0.990291 0.628571
84 0.049756 0.990291 0.628571
85 0.048807 0.990291 0.657143
86 0.045840 0.990291 0.628571
87 0.044587 0.987055 0.657143
88 0.060509 0.990291 0.600000
89 0.058626 0.983819 0.628571
90 0.139954 0.980583 0.657143
91 0.071650 0.990291 0.600000
92 0.051183 0.990291 0.628571
93 0.060647 0.987055 0.628571
94 0.066952 0.990291 0.628571
95 0.233358 0.932039 0.542857
96 0.100650 0.990291 0.657143
97 0.055126 0.987055 0.628571
98 0.047951 0.990291 0.628571
99 0.052121 0.990291 0.600000
100 0.049405 0.990291 0.657143
101 0.040366 0.990291 0.600000
102 0.039221 0.990291 0.628571
103 0.042686 0.990291 0.600000
104 0.041145 0.990291 0.600000
105 0.040618 0.990291 0.657143
106 0.045476 0.990291 0.657143
107 0.045646 0.990291 0.657143
108 0.039352 0.990291 0.657143
109 0.047076 0.990291 0.657143
110 0.044336 0.990291 0.600000
111 0.048350 0.990291 0.657143
112 0.046561 0.990291 0.657143
113 0.037982 0.990291 0.628571
114 0.044081 0.990291 0.628571
115 0.046226 0.990291 0.628571
116 0.037493 0.990291 0.657143
117 0.036461 0.990291 0.628571
118 0.038916 0.990291 0.657143
119 0.044090 0.990291 0.657143
120 0.041135 0.990291 0.657143
121 0.041704 0.990291 0.628571
122 0.038135 0.987055 0.628571
123 0.038087 0.990291 0.628571
124 0.042082 0.990291 0.657143
125 0.039552 0.990291 0.657143
126 0.040940 0.990291 0.628571
127 0.038130 0.990291 0.628571
128 0.040962 0.990291 0.657143
129 0.042954 0.990291 0.600000
130 0.043262 0.990291 0.628571
131 0.042438 0.990291 0.657143
132 0.043959 0.990291 0.657143
133 0.041490 0.990291 0.657143
134 0.042248 0.990291 0.628571
135 0.039755 0.987055 0.657143
136 0.040381 0.990291 0.628571
137 0.043086 0.990291 0.628571
138 0.041778 0.990291 0.600000
139 0.046539 0.990291 0.628571
140 0.044431 0.990291 0.600000
141 0.046890 0.990291 0.657143
142 0.046546 0.990291 0.600000
143 0.040875 0.987055 0.571429
144 0.043640 0.990291 0.657143
145 0.043738 0.990291 0.600000
146 0.035445 0.987055 0.628571
147 0.091639 0.954693 0.600000
148 0.146783 0.990291 0.600000
149 0.051366 0.990291 0.571429
150 0.046276 0.990291 0.542857
151 0.036881 0.990291 0.571429
152 0.040982 0.990291 0.571429
153 0.038109 0.990291 0.571429
154 0.039253 0.990291 0.571429
155 0.037615 0.990291 0.571429
156 0.037500 0.990291 0.628571
157 0.033563 0.990291 0.571429
158 0.039582 0.990291 0.628571
159 0.038902 0.990291 0.600000
160 0.035912 0.990291 0.600000
161 0.040429 0.990291 0.628571
162 0.042286 0.990291 0.600000
163 0.036895 0.990291 0.628571
164 0.036886 0.990291 0.628571
165 0.041896 0.990291 0.628571
166 0.035610 0.990291 0.628571
167 0.036897 0.990291 0.657143
168 0.035904 0.990291 0.657143
169 0.037466 0.990291 0.657143
170 0.036665 0.990291 0.657143
171 0.036404 0.990291 0.657143
172 0.038367 0.990291 0.657143
173 0.036540 0.990291 0.657143
174 0.037672 0.990291 0.685714
175 0.036835 0.990291 0.657143
176 0.035240 0.990291 0.657143
177 0.031519 0.990291 0.657143
178 0.033739 0.990291 0.657143
179 0.036679 0.993528 0.657143
180 0.034047 0.990291 0.657143
181 0.033223 0.993528 0.685714
182 0.032884 0.990291 0.685714
183 0.032909 0.990291 0.685714
184 0.038005 0.990291 0.685714
185 0.032824 0.990291 0.685714
186 0.033903 0.993528 0.685714
187 0.035054 0.993528 0.657143
188 0.034097 0.993528 0.657143
189 0.033016 0.993528 0.657143
190 0.034483 0.993528 0.657143
191 0.036853 0.993528 0.628571
192 0.031093 0.993528 0.685714
193 0.031676 0.993528 0.657143
194 0.048575 0.983819 0.542857
195 0.078142 0.993528 0.628571
196 0.036224 0.993528 0.628571
197 0.037010 0.993528 0.628571
198 0.029731 0.993528 0.628571
199 0.033448 0.993528 0.600000
200 0.030837 0.993528 0.628571
201 0.029850 0.993528 0.628571
202 0.034291 0.993528 0.628571
203 0.031362 0.993528 0.628571
204 0.026337 0.993528 0.628571
205 0.028614 0.993528 0.628571
206 0.030290 0.993528 0.628571
207 0.030286 0.993528 0.628571
208 0.029442 0.993528 0.628571
209 0.030331 0.993528 0.628571
210 0.026631 0.993528 0.628571
211 0.029684 0.993528 0.657143
212 0.030281 0.993528 0.657143
213 0.028960 0.993528 0.685714
214 0.030194 0.993528 0.657143
215 0.033570 0.993528 0.685714
216 0.029719 0.993528 0.628571
217 0.025772 0.993528 0.628571
218 0.028907 0.993528 0.657143
219 0.029131 0.993528 0.628571
220 0.026571 0.993528 0.628571
221 0.028212 0.993528 0.628571
222 0.027352 0.993528 0.628571
223 0.031316 0.993528 0.628571
224 0.027678 0.993528 0.657143
225 0.026658 0.993528 0.628571
226 0.025323 0.993528 0.628571
227 0.026393 0.993528 0.628571
228 0.028697 0.993528 0.628571
229 0.028418 0.993528 0.628571
230 0.024155 0.993528 0.628571
231 0.029319 0.993528 0.628571
232 0.027121 0.993528 0.628571
233 0.027206 0.993528 0.628571
234 0.029364 0.993528 0.628571
235 0.026424 0.993528 0.657143
236 0.025321 0.993528 0.628571
237 0.026110 0.993528 0.628571
238 0.029048 0.993528 0.685714
239 0.025296 0.993528 0.657143
240 0.029526 0.993528 0.628571
241 0.024904 0.993528 0.600000
242 0.028765 0.993528 0.628571
243 0.025926 0.990291 0.571429
244 0.026833 0.993528 0.600000
245 0.027113 0.993528 0.600000
246 0.028229 0.993528 0.628571
247 0.025923 0.993528 0.600000
248 0.029791 0.993528 0.600000
249 0.029913 0.993528 0.628571
250 0.025654 0.993528 0.628571
251 0.025782 0.993528 0.628571
252 0.023007 0.993528 0.600000
253 0.022037 0.993528 0.600000
254 0.027046 0.993528 0.628571
255 0.022289 0.993528 0.600000
256 0.025390 0.993528 0.628571
257 0.022403 0.993528 0.628571
258 0.024481 0.993528 0.628571
259 0.026550 0.993528 0.657143
260 0.025702 0.993528 0.657143
261 0.025723 0.993528 0.657143
262 0.025252 0.993528 0.657143
263 0.025635 0.993528 0.657143
264 0.024613 0.993528 0.628571
265 0.027736 0.993528 0.628571
266 0.024881 0.993528 0.657143
267 0.023450 0.993528 0.628571
268 0.025597 0.993528 0.628571
269 0.024598 0.993528 0.628571
270 0.023515 0.993528 0.657143
271 0.024407 0.993528 0.628571
272 0.025415 0.993528 0.657143
273 0.028185 0.993528 0.657143
274 0.026687 0.993528 0.628571
275 0.022390 0.993528 0.657143
276 0.025437 0.993528 0.657143
277 0.023674 0.993528 0.657143
278 0.025303 0.993528 0.628571
279 0.026417 0.993528 0.657143
280 0.023633 0.993528 0.657143
281 0.027193 0.993528 0.657143
282 0.027092 0.993528 0.657143
283 0.025109 0.993528 0.657143
284 0.025705 0.993528 0.657143
285 0.024961 0.993528 0.657143
286 0.024313 0.993528 0.657143
287 0.025207 0.993528 0.657143
288 0.023487 0.993528 0.657143
289 0.026315 0.993528 0.657143
290 0.024999 0.993528 0.685714
291 0.026675 0.993528 0.657143
292 0.026986 0.993528 0.657143
293 0.025385 0.993528 0.657143
294 0.024201 0.993528 0.628571
295 0.025838 0.993528 0.657143
296 0.026730 0.993528 0.657143
297 0.025032 0.993528 0.657143
298 0.026478 0.993528 0.628571
299 0.022280 0.993528 0.628571
300 0.024369 0.993528 0.628571
301 0.022859 0.993528 0.657143
302 0.022198 0.993528 0.657143
303 0.028682 0.993528 0.657143
304 0.021152 0.993528 0.657143
305 0.024577 0.993528 0.657143
306 0.022742 0.993528 0.657143
307 0.027193 0.993528 0.657143
308 0.023176 0.993528 0.657143
309 0.023638 0.993528 0.657143
310 0.027887 0.993528 0.657143
311 0.025183 0.993528 0.657143
312 0.023351 0.993528 0.657143
313 0.021930 0.993528 0.657143
314 0.021726 0.993528 0.657143
315 0.023509 0.993528 0.657143
316 0.022565 0.993528 0.657143
317 0.022918 0.993528 0.657143
318 0.024399 0.993528 0.657143
319 0.026739 0.993528 0.657143
320 0.023987 0.993528 0.657143
321 0.022905 0.993528 0.657143
322 0.025051 0.993528 0.657143
323 0.022235 0.993528 0.657143
324 0.023665 0.993528 0.657143
325 0.027199 0.993528 0.657143
326 0.024782 0.993528 0.657143
327 0.023720 0.993528 0.657143
328 0.026837 0.993528 0.657143
329 0.023783 0.993528 0.657143
330 0.025153 0.993528 0.657143
331 0.022593 0.993528 0.657143
332 0.023552 0.993528 0.657143
333 0.021805 0.993528 0.657143
334 0.022213 0.993528 0.657143
335 0.023607 0.993528 0.657143
336 0.023028 0.993528 0.657143
337 0.024061 0.993528 0.657143
338 0.023151 0.993528 0.657143
339 0.024497 0.993528 0.657143
340 0.022932 0.993528 0.657143
341 0.022068 0.993528 0.657143
342 0.023578 0.993528 0.657143
343 0.023055 0.993528 0.657143
344 0.022744 0.993528 0.657143
345 0.021877 0.993528 0.657143
346 0.023706 0.993528 0.657143
347 0.025880 0.993528 0.657143
348 0.024548 0.993528 0.657143
349 0.022288 0.993528 0.657143
350 0.027486 0.993528 0.657143
