1 3.475628 0.647249 0.571429
2 1.459489 0.614887 0.571429
3 1.141532 0.695793 0.800000
4 1.043678 0.734628 0.685714
5 1.129923 0.660194 0.714286
6 1.532795 0.711974 0.714286
7 0.983337 0.783172 0.714286
8 0.636204 0.747573 0.657143
9 0.619341 0.763754 0.600000
10 0.545691 0.847896 0.800000
11 0.475942 0.893204 0.714286
12 0.484147 0.880259 0.771429
13 0.389842 0.805825 0.685714
14 0.280640 0.935275 0.714286
15 0.381348 0.925566 0.657143
16 0.292962 0.961165 0.685714
17 0.259242 0.941748 0.685714
18 0.229507 0.915858 0.714286
19 0.315932 0.941748 0.742857
20 0.210608 0.967638 0.714286
21 0.138517 0.974110 0.657143
22 0.172911 0.941748 0.685714
23 0.147468 0.951456 0.600000
24 0.197420 0.893204 0.742857
25 0.158832 0.987055 0.600000
26 0.127023 0.980583 0.628571
27 0.208888 0.928803 0.685714
28 0.146178 0.993528 0.714286
29 0.106025 0.987055 0.657143
30 0.141509 0.851133 0.742857
31 0.142550 0.844660 0.685714
32 0.135334 0.974110 0.628571
33 0.067084 0.993528 0.685714
34 0.097486 0.974110 0.685714
35 0.156559 0.919094 0.657143
36 0.149861 0.967638 0.685714
37 0.082060 0.987055 0.628571
38 0.115712 0.983819 0.628571
39 0.097280 0.987055 0.714286
40 0.075676 0.983819 0.657143
41 0.135052 0.974110 0.685714
42 0.165038 0.961165 0.657143
43 0.089787 0.987055 0.657143
44 0.062310 0.993528 0.628571
45 0.064499 0.993528 0.714286
46 0.052389 0.993528 0.742857
47 0.071953 0.915858 0.685714
48 0.218456 0.867314 0.685714
49 0.171551 0.980583 0.714286
50 0.068978 0.993528 0.600000
51 0.052414 0.993528 0.600000
52 0.049991 0.993528 0.600000
53 0.043954 0.993528 0.657143
54 0.045503 0.993528 0.628571
55 0.045905 0.993528 0.628571
56 0.044676 0.993528 0.657143
57 0.045474 0.993528 0.714286
58 0.047798 0.993528 0.628571
59 0.047664 0.993528 0.714286
60 0.043180 0.993528 0.685714
61 0.049799 0.993528 0.628571
62 0.045864 0.993528 0.657143
63 0.046374 0.993528 0.657143
64 0.065522 0.948220 0.628571
65 0.085942 0.990291 0.571429
66 0.060130 0.987055 0.657143
67 0.062529 0.993528 0.742857
68 0.047786 0.993528 0.742857
69 0.043778 0.993528 0.685714
70 0.050870 0.993528 0.685714
71 0.042215 0.993528 0.714286
72 0.040583 0.993528 0.685714
73 0.045333 0.993528 0.714286
74 0.044787 0.990291 0.685714
75 0.039997 0.993528 0.742857
76 0.049067 0.993528 0.742857
77 0.058407 0.961165 0.685714
78 0.125268 0.961165 0.685714
79 0.183519 0.957929 0.628571
80 0.064251 0.993528 0.685714
81 0.045328 0.993528 0.742857
82 0.045727 0.993528 0.685714
83 0.046098 0.993528 0.685714
84 0.038892 0.993528 0.685714
85 0.044523 0.993528 0.742857
86 0.039626 0.993528 0.685714
87 0.039916 0.993528 0.685714
88 0.039506 0.993528 0.685714
89 0.039804 0.993528 0.714286
90 0.040774 0.993528 0.657143
91 0.042543 0.993528 0.657143
92 0.041755 0.993528 0.657143
93 0.036348 0.993528 0.657143
94 0.036485 0.993528 0.657143
95 0.039941 0.993528 0.657143
96 0.044036 0.993528 0.685714
97 0.083680 0.980583 0.714286
98 0.127154 0.864078 0.714286
99 0.250856 0.915858 0.685714
100 0.066869 0.993528 0.685714
101 0.038715 0.993528 0.685714
102 0.042031 0.993528 0.714286
103 0.040537 0.993528 0.685714
104 0.038192 0.993528 0.714286
105 0.032815 0.993528 0.714286
106 0.042842 0.993528 0.714286
107 0.038709 0.993528 0.714286
108 0.035272 0.993528 0.685714
109 0.038691 0.993528 0.685714
110 0.036299 0.993528 0.714286
111 0.039131 0.993528 0.714286
112 0.038020 0.993528 0.685714
113 0.039821 0.993528 0.657143
114 0.035989 0.993528 0.685714
115 0.034383 0.993528 0.714286
116 0.041496 0.993528 0.685714
117 0.031885 0.993528 0.685714
118 0.038094 0.993528 0.714286
119 0.035696 0.993528 0.714286
120 0.041251 0.993528 0.685714
121 0.050782 0.938511 0.742857
122 0.118424 0.990291 0.714286
123 0.078330 0.993528 0.600000
124 0.046593 0.993528 0.685714
125 0.039117 0.993528 0.714286
126 0.037797 0.993528 0.657143
127 0.038532 0.993528 0.714286
128 0.035784 0.993528 0.714286
129 0.038979 0.993528 0.657143
130 0.035136 0.993528 0.685714
131 0.030607 0.993528 0.685714
132 0.038316 0.993528 0.685714
133 0.046215 0.983819 0.657143
134 0.060143 0.990291 0.628571
135 0.037960 0.993528 0.657143
136 0.043371 0.993528 0.657143
137 0.045370 0.993528 0.657143
138 0.037838 0.993528 0.657143
139 0.034161 0.993528 0.657143
140 0.035401 0.993528 0.657143
141 0.033427 0.993528 0.657143
142 0.036175 0.993528 0.685714
143 0.037650 0.993528 0.685714
144 0.036336 0.993528 0.657143
145 0.033462 0.993528 0.685714
146 0.036241 0.993528 0.657143
147 0.035707 0.993528 0.685714
148 0.037659 0.993528 0.657143
149 0.033471 0.993528 0.685714
150 0.031820 0.993528 0.685714
151 0.032590 0.993528 0.685714
152 0.030703 0.993528 0.685714
153 0.029165 0.993528 0.685714
154 0.031556 0.993528 0.685714
155 0.034655 0.993528 0.685714
156 0.028952 0.993528 0.685714
157 0.027967 0.993528 0.685714
158 0.028173 0.993528 0.685714
159 0.030496 0.993528 0.685714
160 0.031344 0.993528 0.685714
161 0.031645 0.993528 0.685714
162 0.030874 0.993528 0.685714
163 0.032193 0.993528 0.657143
164 0.027832 0.993528 0.685714
165 0.028808 0.993528 0.657143
166 0.030738 0.993528 0.657143
167 0.028225 0.993528 0.657143
168 0.026270 0.993528 0.685714
169 0.027660 0.993528 0.685714
170 0.033682 0.993528 0.685714
171 0.029032 0.993528 0.742857
172 0.031804 0.993528 0.685714
173 0.027370 0.993528 0.685714
174 0.032703 0.993528 0.685714
175 0.031548 0.993528 0.685714
176 0.032410 0.993528 0.685714
177 0.026330 0.993528 0.685714
178 0.030650 0.993528 0.685714
179 0.030010 0.993528 0.685714
180 0.034249 0.993528 0.685714
181 0.030245 0.993528 0.742857
182 0.028504 0.993528 0.628571
183 0.026384 0.993528 0.685714
184 0.029122 0.993528 0.685714
185 0.029398 0.993528 0.714286
186 0.031453 0.993528 0.742857
187 0.030382 0.993528 0.714286
188 0.030150 0.993528 0.685714
189 0.028301 0.993528 0.657143
190 0.034488 0.993528 0.657143
191 0.029301 0.993528 0.685714
192 0.029835 0.993528 0.685714
193 0.029328 0.993528 0.685714
194 0.031566 0.993528 0.657143
195 0.041746 0.993528 0.685714
196 0.043569 0.993528 0.685714
197 0.039309 0.993528 0.714286
198 0.035260 0.993528 0.685714
199 0.037271 0.993528 0.657143
200 0.028888 0.993528 0.657143
201 0.028375 0.993528 0.600000
202 0.030533 0.993528 0.628571
203 0.027726 0.993528 0.628571
204 0.028161 0.993528 0.657143
205 0.025350 0.993528 0.657143
206 0.027131 0.993528 0.628571
207 0.025966 0.993528 0.628571
208 0.025826 0.993528 0.628571
209 0.030758 0.993528 0.600000
210 0.026188 0.993528 0.628571
211 0.027200 0.993528 0.628571
212 0.027172 0.993528 0.628571
213 0.022334 0.993528 0.600000
214 0.027898 0.993528 0.628571
215 0.029563 0.993528 0.628571
216 0.026111 0.993528 0.600000
217 0.022491 0.993528 0.600000
218 0.028813 0.993528 0.628571
219 0.029349 0.993528 0.600000
220 0.029180 0.993528 0.600000
221 0.024604 0.993528 0.600000
222 0.029168 0.993528 0.600000
223 0.026319 0.993528 0.600000
224 0.027367 0.993528 0.628571
225 0.032848 0.993528 0.571429
226 0.028141 0.993528 0.571429
227 0.025198 0.993528 0.600000
228 0.028905 0.993528 0.571429
229 0.026289 0.993528 0.600000
230 0.025123 0.993528 0.571429
231 0.026964 0.993528 0.628571
232 0.035017 0.993528 0.628571
233 0.025598 0.993528 0.628571
234 0.024891 0.993528 0.628571
235 0.026135 0.993528 0.685714
236 0.025052 0.993528 0.685714
237 0.027703 0.993528 0.657143
238 0.025228 0.993528 0.657143
239 0.024472 0.993528 0.657143
240 0.031336 0.993528 0.685714
241 0.026656 0.993528 0.685714
242 0.024618 0.993528 0.685714
243 0.026525 0.993528 0.685714
244 0.025803 0.993528 0.685714
245 0.022992 0.993528 0.657143
246 0.026608 0.993528 0.657143
247 0.024465 0.993528 0.657143
248 0.028109 0.993528 0.657143
249 0.024258 0.993528 0.657143
250 0.028007 0.993528 0.657143
251 0.025375 0.993528 0.628571
252 0.021312 0.993528 0.685714
253 0.024887 0.993528 0.657143
254 0.026578 0.993528 0.657143
255 0.023781 0.993528 0.657143
256 0.024790 0.993528 0.657143
257 0.020804 0.993528 0.657143
258 0.023725 0.993528 0.685714
259 0.024851 0.993528 0.657143
260 0.024723 0.993528 0.657143
261 0.026909 0.993528 0.657143
262 0.025343 0.993528 0.657143
263 0.023796 0.993528 0.657143
264 0.024307 0.993528 0.657143
265 0.027518 0.993528 0.628571
266 0.023040 0.993528 0.685714
267 0.024628 0.993528 0.657143
268 0.025662 0.993528 0.657143
269 0.023192 0.993528 0.657143
270 0.023217 0.993528 0.628571
271 0.023768 0.993528 0.685714
272 0.025077 0.993528 0.657143
273 0.026006 0.993528 0.685714
274 0.025847 0.993528 0.657143
275 0.021965 0.993528 0.628571
276 0.024672 0.993528 0.628571
277 0.023493 0.993528 0.628571
278 0.024124 0.993528 0.657143
279 0.026484 0.993528 0.685714
280 0.020218 0.993528 0.657143
281 0.025490 0.993528 0.657143
282 0.027482 0.993528 0.685714
283 0.022171 0.993528 0.685714
284 0.022820 0.993528 0.657143
285 0.024714 0.993528 0.685714
286 0.023123 0.993528 0.685714
287 0.026061 0.993528 0.628571
288 0.022303 0.993528 0.685714
289 0.024443 0.993528 0.657143
290 0.025608 0.993528 0.628571
291 0.024322 0.993528 0.628571
292 0.027244 0.993528 0.628571
293 0.021447 0.993528 0.685714
294 0.023510 0.993528 0.685714
295 0.026429 0.993528 0.628571
296 0.021838 0.993528 0.628571
297 0.024989 0.993528 0.628571
298 0.026566 0.993528 0.628571
299 0.023637 0.993528 0.600000
300 0.023421 0.993528 0.600000
301 0.022959 0.993528 0.628571
302 0.022645 0.993528 0.600000
303 0.025506 0.993528 0.600000
304 0.020228 0.993528 0.600000
305 0.022417 0.993528 0.628571
306 0.022518 0.993528 0.628571
307 0.024173 0.993528 0.628571
308 0.023078 0.993528 0.657143
309 0.024713 0.993528 0.628571
310 0.024891 0.993528 0.657143
311 0.021706 0.993528 0.628571
312 0.023651 0.993528 0.628571
313 0.022345 0.993528 0.628571
314 0.020476 0.993528 0.657143
315 0.023790 0.993528 0.657143
316 0.023733 0.993528 0.685714
317 0.023070 0.993528 0.685714
318 0.023284 0.993528 0.628571
319 0.024799 0.993528 0.657143
320 0.020161 0.993528 0.628571
321 0.025250 0.993528 0.657143
322 0.023282 0.993528 0.657143
323 0.024624 0.993528 0.657143
324 0.024399 0.993528 0.657143
325 0.026901 0.993528 0.685714
326 0.024877 0.993528 0.685714
327 0.024889 0.993528 0.657143
328 0.022869 0.993528 0.657143
329 0.024703 0.993528 0.657143
330 0.023564 0.993528 0.628571
331 0.022298 0.993528 0.628571
332 0.022766 0.993528 0.628571
333 0.023086 0.993528 0.628571
334 0.023422 0.993528 0.628571
335 0.024112 0.993528 0.628571
336 0.024545 0.993528 0.628571
337 0.022673 0.993528 0.628571
338 0.020878 0.993528 0.657143
339 0.023037 0.993528 0.628571
340 0.023453 0.993528 0.628571
341 0.021487 0.993528 0.685714
342 0.023266 0.993528 0.657143
343 0.025413 0.993528 0.628571
344 0.021388 0.993528 0.628571
345 0.022649 0.993528 0.628571
346 0.021484 0.993528 0.657143
347 0.025085 0.993528 0.628571
348 0.021447 0.993528 0.657143
349 0.021515 0.993528 0.657143
350 0.027964 0.993528 0.628571
