1 3.220978 0.493333 0.466667
2 2.630898 0.515556 0.446667
3 1.666314 0.510370 0.493333
4 1.455470 0.497778 0.493333
5 2.017647 0.492593 0.460000
6 1.259554 0.502963 0.460000
7 1.274145 0.462222 0.453333
8 1.617784 0.508889 0.473333
9 1.262851 0.522963 0.480000
10 1.258516 0.534074 0.473333
11 1.153072 0.546667 0.506667
12 0.998496 0.536296 0.526667
13 1.169732 0.522963 0.466667
14 1.092064 0.528148 0.460000
15 1.328714 0.513333 0.473333
16 0.985323 0.548889 0.473333
17 1.147136 0.485926 0.466667
18 1.149269 0.518519 0.480000
19 1.188858 0.540741 0.473333
20 1.014320 0.548889 0.506667
21 1.106436 0.554074 0.466667
22 1.034519 0.543704 0.546667
23 1.042070 0.554074 0.486667
24 1.052328 0.542963 0.440000
25 0.979361 0.532593 0.486667
26 0.964372 0.555556 0.493333
27 0.950574 0.552593 0.500000
28 0.984427 0.538519 0.453333
29 0.958068 0.554074 0.493333
30 0.981343 0.547407 0.466667
31 1.044187 0.556296 0.473333
32 0.936050 0.551111 0.480000
33 0.954376 0.545185 0.446667
34 0.939950 0.534815 0.453333
35 0.959823 0.560000 0.480000
36 0.936258 0.561481 0.446667
37 0.947212 0.559259 0.493333
38 0.939144 0.568148 0.500000
39 0.954146 0.568148 0.473333
40 0.926494 0.523704 0.420000
41 0.924246 0.565926 0.500000
42 0.932095 0.560741 0.500000
43 0.902274 0.574074 0.500000
44 0.921959 0.583704 0.486667
45 0.907980 0.574815 0.493333
46 0.907639 0.567407 0.480000
47 0.898476 0.580000 0.500000
48 0.918861 0.583704 0.500000
49 0.933103 0.578519 0.493333
50 0.894218 0.591111 0.466667
51 0.894468 0.578519 0.493333
52 0.878222 0.587407 0.506667
53 0.899833 0.590370 0.460000
54 0.895113 0.588889 0.473333
55 0.891345 0.601481 0.493333
56 0.863395 0.586667 0.506667
57 0.899208 0.593333 0.480000
58 0.884098 0.597778 0.486667
59 0.872571 0.597778 0.473333
60 0.865658 0.598519 0.480000
61 0.864684 0.580741 0.493333
62 0.891739 0.603704 0.486667
63 0.869657 0.601481 0.486667
64 0.861878 0.603704 0.480000
65 0.866490 0.597037 0.473333
66 0.875745 0.601481 0.506667
67 0.865513 0.605185 0.480000
68 0.856782 0.602222 0.486667
69 0.869637 0.598519 0.506667
70 0.865193 0.600741 0.466667
