1 2.130010 0.746667 0.710000
2 0.666503 0.768889 0.690000
3 0.596758 0.744444 0.720000
4 0.521398 0.790000 0.710000
5 0.512457 0.780000 0.700000
6 0.522888 0.756667 0.670000
7 0.659528 0.781111 0.700000
8 0.468636 0.785556 0.730000
9 0.476500 0.802222 0.720000
10 0.484680 0.792222 0.740000
11 0.451092 0.802222 0.690000
12 0.438635 0.795556 0.720000
13 0.432060 0.816667 0.700000
14 0.406815 0.825556 0.710000
15 0.437301 0.812222 0.690000
16 0.419750 0.818889 0.730000
17 0.403850 0.826667 0.690000
18 0.402884 0.828889 0.680000
19 0.394452 0.816667 0.730000
20 0.401914 0.835556 0.700000
21 0.403546 0.847778 0.720000
22 0.404387 0.826667 0.710000
23 1.074644 0.781111 0.680000
24 0.549534 0.810000 0.700000
25 0.417030 0.842222 0.710000
26 0.402122 0.828889 0.710000
27 0.383449 0.855556 0.720000
28 0.398698 0.823333 0.700000
29 0.371153 0.833333 0.720000
30 0.373158 0.846667 0.690000
31 0.368691 0.842222 0.730000
32 0.475734 0.821111 0.710000
33 0.403020 0.842222 0.720000
34 0.381927 0.814444 0.720000
35 0.393073 0.837778 0.730000
36 0.361954 0.856667 0.690000
37 0.390927 0.826667 0.710000
38 0.373461 0.835556 0.690000
39 0.375308 0.857778 0.730000
40 0.373988 0.846667 0.720000
41 0.381535 0.843333 0.690000
42 0.348836 0.861111 0.710000
43 0.344211 0.848889 0.710000
44 0.373421 0.852222 0.670000
45 0.353979 0.854444 0.730000
46 0.357864 0.848889 0.700000
47 0.360563 0.837778 0.660000
48 0.362269 0.851111 0.740000
49 0.351854 0.846667 0.700000
50 0.336606 0.857778 0.710000
51 0.329492 0.871111 0.680000
52 0.336756 0.865556 0.720000
53 0.322368 0.870000 0.700000
54 0.323988 0.862222 0.680000
55 0.330978 0.870000 0.690000
56 0.322521 0.875556 0.670000
57 0.308886 0.887778 0.670000
58 0.307061 0.880000 0.690000
59 0.329763 0.886667 0.660000
60 0.305218 0.891111 0.630000
61 0.338493 0.877778 0.650000
62 0.313398 0.883333 0.680000
63 0.318071 0.873333 0.700000
64 0.305198 0.881111 0.680000
65 0.316046 0.867778 0.680000
66 0.309524 0.890000 0.680000
67 0.322062 0.871111 0.690000
68 0.298138 0.881111 0.650000
69 0.296427 0.891111 0.690000
70 0.301292 0.888889 0.700000
71 0.291217 0.890000 0.670000
72 0.284088 0.886667 0.680000
73 0.299033 0.854444 0.670000
74 0.286793 0.894444 0.670000
75 0.288683 0.898889 0.680000
76 0.278129 0.896667 0.670000
77 0.281811 0.895556 0.680000
78 0.280261 0.877778 0.680000
79 0.288435 0.897778 0.690000
80 0.276120 0.880000 0.710000
81 0.281314 0.883333 0.670000
82 0.266734 0.900000 0.680000
83 0.292876 0.894444 0.670000
84 0.277548 0.897778 0.680000
85 0.262274 0.898889 0.660000
86 0.280821 0.886667 0.660000
87 0.275189 0.896667 0.700000
88 0.277486 0.891111 0.710000
89 0.275624 0.896667 0.700000
90 0.271812 0.901111 0.700000
91 0.278214 0.894444 0.720000
92 0.281883 0.902222 0.670000
93 0.265430 0.897778 0.680000
94 0.265619 0.904444 0.690000
95 0.254895 0.895556 0.690000
96 0.277701 0.897778 0.660000
97 0.262732 0.894444 0.660000
98 0.262894 0.906667 0.680000
99 0.262714 0.897778 0.700000
100 0.264365 0.896667 0.650000
101 0.252861 0.908889 0.640000
102 0.240856 0.910000 0.640000
103 0.243897 0.900000 0.650000
104 0.251165 0.908889 0.670000
105 0.237664 0.907778 0.640000
106 0.222500 0.907778 0.670000
107 0.226583 0.905556 0.640000
108 0.234116 0.906667 0.670000
109 0.230961 0.910000 0.680000
110 0.220023 0.912222 0.670000
111 0.228797 0.907778 0.670000
112 0.230018 0.907778 0.630000
113 0.226189 0.914444 0.660000
114 0.233836 0.913333 0.650000
115 0.225457 0.911111 0.650000
116 0.237284 0.914444 0.650000
117 0.230268 0.907778 0.680000
118 0.224828 0.908889 0.670000
119 0.219691 0.917778 0.680000
120 0.214425 0.910000 0.660000
121 0.216452 0.907778 0.620000
122 0.222624 0.914444 0.670000
123 0.238131 0.914444 0.660000
124 0.218121 0.916667 0.670000
125 0.230748 0.891111 0.640000
126 0.247756 0.914444 0.670000
127 0.218285 0.914444 0.650000
128 0.229575 0.911111 0.650000
129 0.213670 0.917778 0.670000
130 0.228529 0.916667 0.670000
131 0.223516 0.911111 0.640000
132 0.220363 0.917778 0.660000
133 0.238403 0.908889 0.670000
134 0.271481 0.905556 0.670000
135 0.227737 0.916667 0.680000
136 0.215364 0.906667 0.660000
137 0.222290 0.914444 0.680000
138 0.216748 0.915556 0.690000
139 0.215214 0.916667 0.650000
140 0.225741 0.916667 0.680000
141 0.224633 0.916667 0.660000
142 0.214052 0.917778 0.670000
143 0.202615 0.917778 0.680000
144 0.228897 0.913333 0.670000
145 0.215922 0.912222 0.680000
146 0.226664 0.920000 0.670000
147 0.225163 0.921111 0.670000
148 0.209091 0.920000 0.670000
149 0.224198 0.914444 0.660000
150 0.207289 0.921111 0.640000
151 0.202023 0.920000 0.670000
152 0.200210 0.920000 0.690000
153 0.209452 0.921111 0.670000
154 0.196786 0.927778 0.660000
155 0.207271 0.908889 0.660000
156 0.212684 0.918889 0.670000
157 0.206856 0.924444 0.640000
158 0.198161 0.930000 0.660000
159 0.194793 0.922222 0.650000
160 0.210178 0.924444 0.660000
161 0.200893 0.920000 0.650000
162 0.202582 0.925556 0.650000
163 0.209860 0.916667 0.670000
164 0.193773 0.925556 0.650000
165 0.192036 0.920000 0.660000
166 0.199751 0.914444 0.670000
167 0.211676 0.918889 0.700000
168 0.204887 0.924444 0.670000
169 0.198039 0.930000 0.670000
170 0.192356 0.926667 0.680000
171 0.205287 0.926667 0.660000
172 0.189523 0.922222 0.680000
173 0.198048 0.926667 0.630000
174 0.189168 0.923333 0.660000
175 0.203161 0.925556 0.660000
176 0.202495 0.928889 0.650000
177 0.197610 0.927778 0.680000
178 0.191453 0.922222 0.650000
179 0.189997 0.925556 0.670000
180 0.221524 0.923333 0.660000
181 0.205798 0.926667 0.650000
182 0.252414 0.926667 0.620000
183 0.199105 0.925556 0.640000
184 0.196124 0.926667 0.630000
185 0.191606 0.926667 0.630000
186 0.196708 0.925556 0.630000
187 0.195685 0.923333 0.640000
188 0.187561 0.925556 0.640000
189 0.191000 0.924444 0.650000
190 0.190937 0.932222 0.650000
191 0.189775 0.925556 0.660000
192 0.198020 0.928889 0.640000
193 0.186166 0.920000 0.630000
194 0.187598 0.928889 0.630000
195 0.192914 0.930000 0.650000
196 0.189259 0.927778 0.650000
197 0.188560 0.927778 0.610000
198 0.194190 0.917778 0.690000
199 0.185964 0.923333 0.650000
200 0.177989 0.925556 0.660000
201 0.184243 0.927778 0.660000
202 0.181237 0.928889 0.660000
203 0.179566 0.932222 0.650000
204 0.173728 0.924444 0.650000
205 0.186883 0.931111 0.630000
206 0.177256 0.927778 0.680000
207 0.186829 0.931111 0.660000
208 0.181024 0.928889 0.640000
209 0.177546 0.933333 0.640000
210 0.176756 0.928889 0.630000
211 0.179464 0.925556 0.660000
212 0.180762 0.933333 0.640000
213 0.175789 0.931111 0.620000
214 0.183516 0.924444 0.660000
215 0.177038 0.926667 0.650000
216 0.181140 0.928889 0.630000
217 0.177117 0.928889 0.650000
218 0.184264 0.935556 0.650000
219 0.182615 0.931111 0.660000
220 0.176532 0.932222 0.650000
221 0.179428 0.926667 0.680000
222 0.181687 0.925556 0.660000
223 0.183876 0.937778 0.660000
224 0.192569 0.925556 0.650000
225 0.173480 0.932222 0.630000
226 0.169799 0.930000 0.660000
227 0.184770 0.932222 0.650000
228 0.172524 0.924444 0.670000
229 0.167873 0.931111 0.650000
230 0.173228 0.930000 0.640000
231 0.179540 0.928889 0.640000
232 0.177333 0.930000 0.640000
233 0.178040 0.925556 0.660000
234 0.180569 0.931111 0.670000
235 0.176871 0.927778 0.630000
236 0.176379 0.933333 0.660000
237 0.179984 0.932222 0.640000
238 0.176076 0.927778 0.670000
239 0.172248 0.930000 0.650000
240 0.172531 0.936667 0.650000
241 0.170929 0.930000 0.670000
242 0.174073 0.927778 0.660000
243 0.176793 0.935556 0.650000
244 0.167245 0.930000 0.640000
245 0.174933 0.931111 0.640000
246 0.168283 0.927778 0.660000
247 0.182489 0.927778 0.660000
248 0.174341 0.934444 0.640000
249 0.176053 0.928889 0.660000
250 0.170310 0.930000 0.650000
251 0.174704 0.926667 0.660000
252 0.174453 0.931111 0.660000
253 0.166128 0.932222 0.650000
254 0.163606 0.935556 0.640000
255 0.171643 0.935556 0.650000
256 0.175208 0.932222 0.640000
257 0.166698 0.932222 0.660000
258 0.174685 0.935556 0.640000
259 0.166800 0.933333 0.650000
260 0.167936 0.935556 0.660000
261 0.167848 0.931111 0.660000
262 0.165971 0.933333 0.630000
263 0.168875 0.936667 0.630000
264 0.165920 0.930000 0.640000
265 0.171639 0.930000 0.660000
266 0.178711 0.931111 0.660000
267 0.170624 0.933333 0.640000
268 0.167619 0.937778 0.650000
269 0.170907 0.932222 0.650000
270 0.182232 0.935556 0.660000
271 0.166372 0.934444 0.650000
272 0.175516 0.941111 0.630000
273 0.168323 0.938889 0.630000
274 0.174779 0.936667 0.630000
275 0.171455 0.932222 0.620000
276 0.168200 0.930000 0.650000
277 0.171560 0.931111 0.640000
278 0.168707 0.932222 0.630000
279 0.170264 0.937778 0.660000
280 0.165746 0.937778 0.640000
281 0.161300 0.935556 0.650000
282 0.172086 0.934444 0.650000
283 0.167987 0.931111 0.640000
284 0.171846 0.931111 0.670000
285 0.179986 0.935556 0.650000
286 0.178495 0.930000 0.670000
287 0.166186 0.934444 0.640000
288 0.170988 0.932222 0.640000
289 0.169240 0.934444 0.640000
290 0.173483 0.937778 0.640000
291 0.160336 0.936667 0.650000
292 0.163712 0.933333 0.630000
293 0.174797 0.935556 0.650000
294 0.160516 0.935556 0.660000
295 0.167923 0.932222 0.630000
296 0.169484 0.931111 0.650000
297 0.163768 0.936667 0.640000
298 0.177654 0.936667 0.640000
299 0.164829 0.934444 0.620000
300 0.167164 0.937778 0.640000
301 0.162092 0.935556 0.650000
302 0.171183 0.937778 0.640000
303 0.164741 0.936667 0.650000
304 0.156875 0.938889 0.640000
305 0.172662 0.934444 0.630000
306 0.164525 0.936667 0.630000
307 0.157682 0.934444 0.660000
308 0.168640 0.936667 0.650000
309 0.173106 0.937778 0.620000
310 0.165101 0.934444 0.640000
311 0.171629 0.934444 0.640000
312 0.161600 0.938889 0.640000
313 0.171871 0.940000 0.640000
314 0.160179 0.938889 0.650000
315 0.161322 0.942222 0.640000
316 0.169851 0.942222 0.650000
317 0.163162 0.935556 0.630000
318 0.158413 0.931111 0.630000
319 0.162030 0.943333 0.640000
320 0.156387 0.936667 0.640000
321 0.165839 0.937778 0.630000
322 0.166961 0.937778 0.650000
323 0.165778 0.935556 0.650000
324 0.165178 0.934444 0.650000
325 0.162942 0.935556 0.650000
326 0.157646 0.934444 0.650000
327 0.157349 0.935556 0.630000
328 0.160795 0.938889 0.630000
329 0.160455 0.940000 0.640000
330 0.159288 0.936667 0.660000
331 0.168597 0.937778 0.650000
332 0.162423 0.936667 0.640000
333 0.159158 0.934444 0.640000
334 0.162507 0.942222 0.630000
335 0.158513 0.938889 0.650000
336 0.157640 0.935556 0.650000
337 0.160336 0.936667 0.640000
338 0.170183 0.933333 0.650000
339 0.162238 0.936667 0.650000
340 0.166774 0.935556 0.650000
341 0.161728 0.935556 0.650000
342 0.167482 0.936667 0.670000
343 0.172146 0.938889 0.630000
344 0.169481 0.937778 0.630000
345 0.167807 0.937778 0.650000
346 0.166775 0.933333 0.650000
347 0.166253 0.938889 0.650000
348 0.169159 0.934444 0.650000
349 0.159494 0.933333 0.630000
350 0.162611 0.937778 0.640000
