1 4.210734 0.669370 0.639903
2 1.758233 0.659097 0.720195
3 2.011686 0.720195 0.746959
4 1.166668 0.677480 0.720195
5 1.162341 0.716951 0.712895
6 0.930200 0.716680 0.712895
7 0.929277 0.661530 0.686131
8 1.180421 0.675318 0.654501
9 1.113539 0.733171 0.717762
10 0.899789 0.638281 0.644769
11 0.822409 0.715599 0.727494
12 0.827064 0.626386 0.647202
13 0.890313 0.636929 0.637470
14 0.957205 0.712625 0.720195
15 0.967186 0.711273 0.712895
16 0.799145 0.602325 0.610706
17 0.901126 0.711544 0.729927
18 0.675707 0.710733 0.715328
19 0.712853 0.597729 0.588808
20 0.764986 0.679102 0.715328
21 0.730760 0.758854 0.746959
22 0.680950 0.761828 0.749392
23 0.690031 0.725331 0.703163
24 0.655673 0.725061 0.727494
25 0.620689 0.754799 0.739659
26 0.648997 0.766153 0.744526
27 0.672662 0.770479 0.742092
28 0.668752 0.636118 0.637470
29 0.645518 0.758313 0.744526
30 0.617732 0.764261 0.763990
31 0.558595 0.729116 0.705596
32 0.558965 0.767234 0.783455
33 0.547560 0.766153 0.756691
34 0.584874 0.754258 0.732360
35 0.555992 0.783725 0.771290
36 0.547597 0.689916 0.671533
37 0.523171 0.779670 0.790754
38 0.520754 0.729386 0.751825
39 0.561889 0.639903 0.642336
40 0.536562 0.757232 0.744526
41 0.521801 0.784266 0.773723
42 0.529281 0.774534 0.773723
43 0.519519 0.770479 0.778589
44 0.507731 0.777778 0.761557
45 0.520872 0.682617 0.686131
46 0.504862 0.808327 0.788321
47 0.503579 0.782914 0.776156
48 0.522652 0.783455 0.768856
49 0.502171 0.821033 0.810219
50 0.472033 0.827251 0.819951
51 0.440628 0.826169 0.802920
52 0.452735 0.809678 0.788321
53 0.465973 0.782914 0.746959
54 0.461954 0.827791 0.807786
55 0.449966 0.826980 0.788321
56 0.447456 0.823195 0.810219
57 0.458432 0.825629 0.802920
58 0.442402 0.838605 0.819951
59 0.432979 0.821573 0.790754
60 0.434607 0.836172 0.807786
61 0.442556 0.838605 0.807786
62 0.443147 0.831846 0.805353
63 0.425452 0.839146 0.795620
64 0.437855 0.832928 0.800487
65 0.433339 0.830765 0.754258
66 0.443046 0.812922 0.776156
67 0.420852 0.839686 0.805353
68 0.439636 0.826169 0.805353
69 0.444159 0.833469 0.805353
70 0.453918 0.845904 0.798054
71 0.432154 0.818600 0.788321
72 0.410661 0.833198 0.783455
73 0.424689 0.784266 0.751825
74 0.419851 0.817789 0.776156
75 0.421234 0.826169 0.781022
76 0.415598 0.846986 0.815085
77 0.426107 0.844012 0.805353
78 0.406714 0.862666 0.827251
79 0.419356 0.846445 0.790754
80 0.431204 0.855366 0.815085
81 0.402407 0.843742 0.829684
82 0.424281 0.802379 0.781022
83 0.431345 0.861314 0.810219
84 0.423742 0.815356 0.781022
85 0.413649 0.860232 0.822384
86 0.390196 0.861584 0.807786
87 0.413276 0.847526 0.790754
88 0.405676 0.815626 0.763990
89 0.421295 0.861584 0.800487
90 0.398807 0.862936 0.822384
91 0.388904 0.858881 0.800487
92 0.388143 0.867532 0.802920
93 0.403348 0.858070 0.810219
94 0.395917 0.861855 0.812652
95 0.398848 0.854285 0.802920
96 0.385294 0.861855 0.810219
97 0.387253 0.859962 0.805353
98 0.393372 0.873750 0.827251
99 0.379378 0.849419 0.807786
100 0.363335 0.879157 0.819951
101 0.351054 0.882941 0.822384
102 0.344422 0.884563 0.822384
103 0.343847 0.889430 0.832117
104 0.344202 0.884023 0.817518
105 0.348402 0.886185 0.817518
106 0.347072 0.891052 0.836983
107 0.339762 0.889700 0.810219
108 0.325869 0.889430 0.798054
109 0.336087 0.893755 0.839416
110 0.349316 0.879427 0.824818
111 0.327782 0.877264 0.815085
112 0.327445 0.894566 0.836983
113 0.322754 0.888889 0.839416
114 0.328205 0.850770 0.812652
115 0.337852 0.888078 0.832117
116 0.331811 0.883482 0.802920
117 0.339904 0.881590 0.827251
118 0.351480 0.882941 0.810219
119 0.329568 0.884293 0.819951
120 0.338234 0.882130 0.824818
121 0.310076 0.886996 0.805353
122 0.304493 0.905921 0.824818
123 0.318403 0.888889 0.800487
124 0.331835 0.880779 0.788321
125 0.337328 0.896999 0.824818
126 0.317113 0.901865 0.815085
127 0.317914 0.893214 0.827251
128 0.314763 0.872939 0.810219
129 0.326464 0.903758 0.802920
130 0.320138 0.896459 0.819951
131 0.321218 0.898351 0.810219
132 0.309856 0.894566 0.829684
133 0.321548 0.888348 0.785888
134 0.313844 0.902947 0.827251
135 0.306718 0.912409 0.829684
136 0.318041 0.901865 0.819951
137 0.310837 0.907813 0.802920
138 0.301372 0.876453 0.812652
139 0.316954 0.914301 0.819951
140 0.295459 0.903758 0.810219
141 0.311527 0.912679 0.829684
142 0.324886 0.897270 0.810219
143 0.332987 0.909435 0.812652
144 0.301737 0.917545 0.824818
145 0.304720 0.903487 0.827251
146 0.316298 0.891863 0.810219
147 0.287538 0.904569 0.822384
148 0.320639 0.883482 0.807786
149 0.313205 0.900514 0.822384
150 0.258213 0.925115 0.832117
151 0.263284 0.920789 0.829684
152 0.271230 0.925385 0.839416
153 0.275544 0.922682 0.836983
154 0.256723 0.933225 0.849148
155 0.266802 0.935929 0.832117
156 0.252666 0.934036 0.832117
157 0.252790 0.939713 0.822384
158 0.255645 0.934036 0.849148
159 0.270536 0.932955 0.832117
160 0.249402 0.930792 0.827251
161 0.270736 0.933766 0.846715
162 0.239626 0.935118 0.827251
163 0.249561 0.937821 0.824818
164 0.256848 0.934847 0.824818
165 0.256609 0.937551 0.836983
166 0.255488 0.935118 0.839416
167 0.257715 0.924845 0.824818
168 0.245160 0.937010 0.815085
169 0.252075 0.931873 0.810219
170 0.242187 0.935658 0.836983
171 0.250497 0.933225 0.815085
172 0.236401 0.939713 0.824818
173 0.255328 0.944039 0.832117
174 0.253133 0.939443 0.834550
175 0.240759 0.940254 0.822384
176 0.251574 0.943769 0.819951
177 0.247823 0.944580 0.817518
178 0.233861 0.943498 0.810219
179 0.243249 0.941065 0.815085
180 0.237818 0.936469 0.805353
181 0.241910 0.941606 0.829684
182 0.221290 0.948635 0.824818
183 0.246133 0.942687 0.841849
184 0.229875 0.940795 0.824818
185 0.222744 0.940524 0.807786
186 0.237781 0.943228 0.815085
187 0.232628 0.942687 0.815085
188 0.245128 0.929981 0.819951
189 0.245885 0.943498 0.815085
190 0.242915 0.948905 0.810219
191 0.234876 0.950527 0.819951
192 0.221952 0.948094 0.824818
193 0.229530 0.946202 0.827251
194 0.223988 0.946742 0.822384
195 0.230145 0.948905 0.805353
196 0.226822 0.949175 0.805353
197 0.247843 0.933225 0.827251
198 0.219606 0.952690 0.817518
199 0.220570 0.941606 0.824818
200 0.208027 0.959178 0.824818
201 0.202285 0.957826 0.834550
202 0.206504 0.957826 0.822384
203 0.208057 0.957556 0.827251
204 0.211294 0.955664 0.810219
205 0.194699 0.963504 0.829684
206 0.199026 0.959989 0.827251
207 0.199491 0.961611 0.829684
208 0.211018 0.955123 0.832117
209 0.211193 0.959178 0.829684
210 0.195930 0.965937 0.812652
211 0.199099 0.965396 0.819951
212 0.190670 0.959448 0.817518
213 0.200274 0.964044 0.824818
214 0.190434 0.964315 0.836983
215 0.200173 0.964044 0.839416
216 0.197312 0.961071 0.812652
217 0.190193 0.963774 0.824818
218 0.210448 0.962152 0.824818
219 0.209670 0.964855 0.822384
220 0.194250 0.963233 0.829684
221 0.195665 0.965126 0.827251
222 0.191515 0.962422 0.839416
223 0.203098 0.961071 0.817518
224 0.197867 0.963774 0.834550
225 0.189389 0.960260 0.824818
226 0.198905 0.965126 0.822384
227 0.193621 0.964044 0.819951
228 0.189318 0.964855 0.824818
229 0.191646 0.965126 0.824818
230 0.187019 0.963504 0.829684
231 0.178077 0.961341 0.822384
232 0.192326 0.959178 0.798054
233 0.187834 0.969722 0.812652
234 0.192399 0.967018 0.810219
235 0.190624 0.966477 0.822384
236 0.176393 0.968370 0.819951
237 0.191431 0.970803 0.817518
238 0.186820 0.972155 0.812652
239 0.180337 0.967018 0.822384
240 0.181243 0.969451 0.817518
241 0.175826 0.970262 0.817518
242 0.188311 0.970262 0.815085
243 0.193125 0.969451 0.815085
244 0.168368 0.967559 0.824818
245 0.202854 0.968370 0.817518
246 0.184097 0.971614 0.807786
247 0.167888 0.967829 0.834550
248 0.182914 0.972425 0.827251
249 0.175652 0.968099 0.834550
250 0.175025 0.973777 0.822384
251 0.171953 0.973506 0.815085
252 0.179263 0.974317 0.819951
253 0.177293 0.976750 0.824818
254 0.175668 0.976750 0.817518
255 0.169061 0.974047 0.817518
256 0.169485 0.977832 0.812652
257 0.166125 0.974858 0.832117
258 0.168859 0.975669 0.827251
259 0.168713 0.974317 0.836983
260 0.162616 0.973777 0.815085
261 0.172063 0.973236 0.829684
262 0.181612 0.974858 0.834550
263 0.169212 0.974317 0.832117
264 0.159772 0.975669 0.817518
265 0.164989 0.973236 0.832117
266 0.164316 0.975399 0.819951
267 0.158780 0.974588 0.827251
268 0.175340 0.975399 0.839416
269 0.164648 0.977832 0.836983
270 0.175831 0.975669 0.829684
271 0.168866 0.975669 0.827251
272 0.165469 0.975669 0.824818
273 0.165170 0.975399 0.822384
274 0.155166 0.975128 0.819951
275 0.145728 0.974047 0.829684
276 0.154869 0.976480 0.829684
277 0.162443 0.974858 0.810219
278 0.165022 0.977562 0.822384
279 0.166419 0.974588 0.832117
280 0.159246 0.976480 0.817518
281 0.176615 0.977562 0.817518
282 0.165869 0.977562 0.824818
283 0.161095 0.975669 0.822384
284 0.169487 0.977832 0.824818
285 0.174192 0.977021 0.819951
286 0.161548 0.977562 0.829684
287 0.168642 0.979454 0.819951
288 0.170693 0.977832 0.824818
289 0.159117 0.979184 0.836983
290 0.169645 0.977562 0.815085
291 0.168566 0.975939 0.829684
292 0.160850 0.978643 0.815085
293 0.162199 0.974317 0.839416
294 0.162497 0.976480 0.824818
295 0.160640 0.979995 0.824818
296 0.152589 0.980535 0.824818
297 0.162051 0.980806 0.812652
298 0.156712 0.975939 0.827251
299 0.160304 0.977832 0.819951
300 0.155145 0.979454 0.824818
301 0.152950 0.978102 0.812652
302 0.159364 0.978373 0.822384
303 0.158831 0.981076 0.815085
304 0.164181 0.979724 0.807786
305 0.162102 0.982157 0.812652
306 0.152106 0.981076 0.827251
307 0.146982 0.980265 0.832117
308 0.141549 0.981076 0.824818
309 0.154131 0.980806 0.834550
310 0.157010 0.980535 0.832117
311 0.154606 0.982428 0.822384
312 0.150315 0.980535 0.836983
313 0.149501 0.982698 0.829684
314 0.150190 0.979184 0.832117
315 0.148780 0.981076 0.824818
316 0.147589 0.981076 0.832117
317 0.152107 0.981076 0.827251
318 0.149465 0.980265 0.832117
319 0.151318 0.979995 0.829684
320 0.157010 0.981346 0.836983
321 0.151119 0.982428 0.827251
322 0.163929 0.979995 0.807786
323 0.147454 0.979724 0.832117
324 0.152144 0.981346 0.827251
325 0.146386 0.981076 0.827251
326 0.149961 0.981076 0.834550
327 0.151725 0.981346 0.824818
328 0.148488 0.982968 0.829684
329 0.142821 0.981346 0.829684
330 0.155066 0.980535 0.815085
331 0.144407 0.982968 0.827251
332 0.146812 0.979454 0.824818
333 0.143020 0.981617 0.834550
334 0.152854 0.981346 0.824818
335 0.150376 0.984050 0.819951
336 0.144985 0.979454 0.815085
337 0.151541 0.980806 0.812652
338 0.156032 0.981617 0.815085
339 0.142363 0.980806 0.822384
340 0.157627 0.981887 0.812652
341 0.142230 0.980806 0.824818
342 0.153743 0.981617 0.815085
343 0.153083 0.981887 0.815085
344 0.151627 0.982428 0.817518
345 0.148047 0.981617 0.827251
346 0.143099 0.983239 0.827251
347 0.131512 0.981887 0.817518
348 0.152273 0.982428 0.827251
349 0.152099 0.980806 0.819951
350 0.148252 0.983509 0.819951
