1 1.086583 0.857988 0.736842
2 0.424223 0.928994 0.789474
3 0.385619 0.911243 0.894737
4 0.404607 0.875740 0.894737
5 0.278533 0.958580 0.842105
6 0.189528 0.946746 0.894737
7 0.207206 0.964497 0.894737
8 0.148903 0.940828 0.894737
9 0.138855 0.917160 0.947368
10 0.169886 0.988166 0.894737
11 0.102401 0.976331 0.894737
12 0.103087 0.952663 0.894737
13 0.105932 0.928994 0.947368
14 0.111800 0.911243 0.947368
15 0.077437 0.934911 0.947368
16 0.144201 0.887574 0.947368
17 0.217817 0.905325 0.947368
18 0.055900 0.994083 0.894737
19 0.049466 0.881657 0.947368
20 0.068876 0.994083 0.947368
21 0.065488 0.940828 0.947368
22 0.081113 0.952663 1.000000
23 0.053218 0.994083 0.947368
24 0.044769 0.946746 0.947368
25 0.031666 0.982249 0.947368
26 0.036493 0.964497 0.894737
27 0.061475 0.958580 0.947368
28 0.096011 0.893491 0.842105
29 0.046114 1.000000 0.947368
30 0.038884 1.000000 0.947368
31 0.037341 0.994083 0.947368
32 0.038833 0.988166 0.947368
33 0.039721 0.946746 0.947368
34 0.048342 0.976331 0.894737
35 0.056960 0.958580 0.842105
36 0.098970 0.988166 0.947368
37 0.045256 1.000000 1.000000
38 0.047843 0.940828 0.894737
39 0.043300 0.952663 0.947368
40 0.033433 1.000000 0.894737
41 0.035409 1.000000 1.000000
42 0.030287 0.988166 1.000000
43 0.027166 1.000000 0.947368
44 0.030827 1.000000 0.947368
45 0.033494 0.964497 0.947368
46 0.025733 1.000000 0.894737
47 0.026622 0.964497 0.947368
48 0.055976 0.917160 0.842105
49 0.097352 0.857988 0.842105
50 0.044328 1.000000 1.000000
51 0.018894 1.000000 1.000000
52 0.017894 1.000000 0.894737
53 0.028931 0.994083 0.947368
54 0.025294 1.000000 0.894737
55 0.017986 1.000000 0.947368
56 0.017397 1.000000 0.947368
57 0.017351 1.000000 1.000000
58 0.015490 1.000000 0.947368
59 0.013597 1.000000 0.947368
60 0.015554 1.000000 0.947368
61 0.016853 1.000000 1.000000
62 0.020667 1.000000 0.947368
63 0.021727 1.000000 0.947368
64 0.015066 1.000000 0.947368
65 0.021165 1.000000 0.947368
66 0.017948 1.000000 1.000000
67 0.015531 1.000000 1.000000
68 0.014695 1.000000 0.947368
69 0.016693 0.982249 0.947368
70 0.031913 1.000000 0.894737
