1 147.495297 0.508889 0.510000
2 61.972598 0.565556 0.565000
3 21.024296 0.620556 0.645000
4 9.220280 0.540000 0.545000
5 6.244666 0.543889 0.550000
6 12.549381 0.612778 0.610000
7 7.370961 0.676111 0.730000
8 6.088081 0.680000 0.735000
9 6.143173 0.751667 0.810000
10 2.780944 0.705000 0.745000
11 3.482363 0.696667 0.735000
12 3.782009 0.722222 0.755000
13 2.693775 0.763333 0.830000
14 9.516834 0.763333 0.825000
15 1.778360 0.610000 0.640000
16 6.851308 0.745556 0.785000
17 6.104178 0.731111 0.775000
18 2.424361 0.746111 0.750000
19 4.168689 0.752778 0.805000
20 1.379159 0.742778 0.775000
21 1.539738 0.679444 0.700000
22 1.265906 0.737778 0.795000
23 1.197812 0.767778 0.810000
24 0.951762 0.768333 0.800000
25 1.061582 0.710000 0.745000
26 1.269891 0.708333 0.745000
27 0.991630 0.767778 0.820000
28 1.106951 0.692778 0.740000
29 0.894910 0.594444 0.615000
30 1.074792 0.650556 0.675000
31 0.777797 0.709444 0.745000
32 1.208490 0.746667 0.795000
33 1.002457 0.526111 0.535000
34 0.854899 0.750000 0.815000
35 0.872043 0.742222 0.785000
36 0.703179 0.748333 0.795000
37 0.724658 0.770556 0.830000
38 1.206337 0.770000 0.790000
39 0.852042 0.735556 0.770000
40 0.775728 0.763333 0.810000
41 1.608201 0.540000 0.540000
42 1.823506 0.703889 0.740000
43 1.053939 0.766667 0.820000
44 0.939234 0.738333 0.790000
45 0.796395 0.745556 0.795000
46 0.714871 0.766111 0.830000
47 0.922210 0.765000 0.835000
48 0.742952 0.640000 0.670000
49 0.768363 0.765556 0.810000
50 0.805326 0.767778 0.825000
51 0.686549 0.757222 0.815000
52 0.658461 0.765000 0.810000
53 0.657037 0.745556 0.785000
54 0.586420 0.765000 0.810000
55 0.765175 0.744444 0.785000
56 0.618253 0.748333 0.785000
57 0.671704 0.766667 0.820000
58 0.626024 0.744444 0.775000
59 0.867425 0.766111 0.800000
60 0.685517 0.767222 0.810000
61 0.653174 0.752778 0.800000
62 0.658030 0.763333 0.800000
63 0.631261 0.766667 0.815000
64 0.631668 0.712778 0.745000
65 0.693393 0.773889 0.820000
66 0.614587 0.761667 0.815000
67 0.623167 0.755000 0.805000
68 0.710210 0.743333 0.780000
69 0.656777 0.766667 0.820000
70 0.864058 0.757778 0.800000
71 0.674668 0.728889 0.770000
72 0.654098 0.747778 0.780000
73 0.780783 0.747222 0.790000
74 0.653273 0.773333 0.815000
75 0.659501 0.754444 0.800000
76 0.702711 0.752778 0.775000
77 0.636659 0.743333 0.775000
78 0.609531 0.748889 0.780000
79 0.667269 0.771667 0.800000
80 0.811113 0.765556 0.810000
81 0.694894 0.757222 0.805000
82 0.747846 0.766111 0.815000
83 0.646894 0.747778 0.775000
84 0.610775 0.783333 0.835000
85 0.585041 0.732222 0.770000
86 0.668799 0.738889 0.785000
87 0.671341 0.778333 0.805000
88 0.690308 0.714444 0.745000
89 0.696200 0.772222 0.815000
90 0.633942 0.763889 0.805000
91 0.639315 0.781667 0.810000
92 0.662690 0.731667 0.775000
93 0.786855 0.773889 0.805000
94 0.670092 0.765556 0.810000
95 0.582911 0.782222 0.795000
96 0.609769 0.774444 0.815000
97 0.624398 0.746111 0.780000
98 0.645751 0.756667 0.805000
99 0.650804 0.791667 0.835000
100 0.565772 0.793889 0.825000
101 0.668632 0.769444 0.810000
102 0.557176 0.779444 0.815000
103 0.565489 0.766667 0.815000
104 0.532826 0.790556 0.800000
105 0.541602 0.776111 0.820000
106 0.523610 0.752222 0.780000
107 0.554345 0.770000 0.815000
108 0.541204 0.765000 0.800000
109 0.539620 0.771111 0.815000
110 0.555555 0.768889 0.790000
111 0.520370 0.743889 0.770000
112 0.545880 0.773333 0.820000
113 0.541689 0.788333 0.845000
114 0.578594 0.757222 0.805000
115 0.517016 0.754444 0.785000
116 0.578089 0.788889 0.835000
117 0.513319 0.771111 0.815000
118 0.544812 0.766111 0.815000
119 0.533788 0.784444 0.825000
120 0.539021 0.750556 0.785000
121 0.566455 0.768889 0.815000
122 0.542182 0.790556 0.825000
123 0.582793 0.741111 0.780000
124 0.602586 0.803333 0.815000
125 0.568189 0.730000 0.745000
126 0.549971 0.791111 0.840000
127 0.531841 0.771111 0.815000
128 0.567743 0.788333 0.815000
129 0.583907 0.765556 0.810000
130 0.577983 0.799444 0.830000
131 0.577840 0.739444 0.775000
132 0.585035 0.776667 0.820000
133 0.541868 0.779444 0.835000
134 0.595164 0.790556 0.805000
135 0.528886 0.760000 0.785000
136 0.587099 0.750556 0.780000
137 0.550744 0.778333 0.835000
138 0.982438 0.564444 0.565000
139 0.716651 0.738889 0.780000
140 0.577688 0.754444 0.790000
141 0.575406 0.791111 0.835000
142 0.552049 0.798889 0.795000
143 0.536785 0.758889 0.785000
144 0.526537 0.741111 0.775000
145 0.598524 0.738889 0.780000
146 0.555983 0.735000 0.785000
147 0.599404 0.760000 0.795000
148 0.646746 0.773333 0.810000
149 0.544954 0.781667 0.820000
150 0.513538 0.776111 0.820000
151 0.530961 0.772778 0.820000
152 0.527293 0.788889 0.795000
153 0.551586 0.763889 0.820000
154 0.587730 0.763333 0.800000
155 0.506167 0.746667 0.775000
156 0.536234 0.793333 0.785000
157 0.519925 0.776111 0.810000
158 0.517322 0.778889 0.820000
159 0.534957 0.770000 0.815000
160 0.526229 0.757222 0.780000
161 0.528707 0.782222 0.815000
162 0.565198 0.762222 0.820000
163 0.531217 0.780000 0.820000
164 0.520993 0.797222 0.785000
165 0.539794 0.779444 0.810000
166 0.536023 0.790556 0.830000
167 0.519271 0.790000 0.790000
168 0.519983 0.783333 0.815000
169 0.498976 0.761667 0.815000
170 0.512379 0.758333 0.800000
171 0.512189 0.802222 0.825000
172 0.550175 0.767778 0.825000
173 0.550801 0.754444 0.780000
174 0.540607 0.800556 0.795000
175 0.511919 0.766111 0.805000
176 0.519119 0.791111 0.800000
177 0.514723 0.754444 0.785000
178 0.522971 0.772222 0.810000
179 0.516200 0.766111 0.785000
180 0.503058 0.801667 0.815000
181 0.560130 0.755000 0.790000
182 0.516484 0.743889 0.780000
183 0.527816 0.802222 0.825000
184 0.538436 0.751111 0.780000
185 0.533772 0.756111 0.785000
186 0.515181 0.783889 0.805000
187 0.514975 0.757222 0.760000
188 0.515243 0.737222 0.785000
189 0.493265 0.786667 0.790000
190 0.516610 0.785556 0.805000
191 0.509264 0.782222 0.785000
192 0.491097 0.753333 0.780000
193 0.504086 0.803333 0.805000
194 0.512692 0.798333 0.780000
195 0.511891 0.762222 0.775000
196 0.515417 0.797222 0.780000
197 0.502275 0.790000 0.805000
198 0.519881 0.775556 0.790000
199 0.514775 0.745000 0.780000
200 0.492625 0.797222 0.820000
201 0.490355 0.803889 0.790000
202 0.505886 0.799444 0.795000
203 0.482556 0.773333 0.805000
204 0.489922 0.791667 0.780000
205 0.488380 0.788333 0.805000
206 0.477272 0.779444 0.795000
207 0.493179 0.796111 0.795000
208 0.457284 0.783333 0.805000
209 0.512147 0.808889 0.830000
210 0.498637 0.785000 0.805000
211 0.481255 0.795556 0.825000
212 0.477812 0.771667 0.800000
213 0.493584 0.778333 0.800000
214 0.488867 0.776667 0.785000
215 0.506032 0.790556 0.785000
216 0.484693 0.755000 0.775000
217 0.497100 0.793333 0.790000
218 0.485946 0.805556 0.825000
219 0.468766 0.786111 0.800000
220 0.479254 0.817222 0.825000
221 0.506545 0.780000 0.805000
222 0.497998 0.819444 0.830000
223 0.537233 0.750000 0.775000
224 0.500082 0.765000 0.785000
225 0.527874 0.753889 0.775000
226 0.512352 0.804444 0.815000
227 0.490591 0.766111 0.785000
228 0.495669 0.771667 0.800000
229 0.490993 0.766111 0.790000
230 0.486546 0.765000 0.785000
231 0.494081 0.772222 0.800000
232 0.479949 0.739444 0.790000
233 0.477588 0.771667 0.780000
234 0.494229 0.811667 0.830000
235 0.502297 0.786111 0.785000
236 0.492045 0.773889 0.800000
237 0.498110 0.799444 0.805000
238 0.503927 0.788889 0.795000
239 0.478360 0.788333 0.790000
240 0.476907 0.759444 0.780000
241 0.478131 0.799444 0.800000
242 0.490053 0.787222 0.800000
243 0.474892 0.768889 0.790000
244 0.484511 0.821667 0.840000
245 0.512470 0.812222 0.810000
246 0.480747 0.805000 0.815000
247 0.486204 0.806667 0.830000
248 0.467050 0.800000 0.810000
249 0.474689 0.791667 0.785000
250 0.473999 0.795556 0.820000
251 0.484314 0.818333 0.825000
252 0.486094 0.787778 0.800000
253 0.480375 0.800556 0.815000
254 0.475997 0.816111 0.820000
255 0.482025 0.800000 0.795000
256 0.458141 0.793889 0.805000
257 0.476427 0.782222 0.800000
258 0.459120 0.808889 0.835000
259 0.468765 0.830000 0.840000
260 0.465358 0.811111 0.840000
261 0.472286 0.817778 0.840000
262 0.482429 0.828333 0.825000
263 0.465767 0.801111 0.815000
264 0.472317 0.787222 0.805000
265 0.470484 0.825556 0.830000
266 0.473220 0.808889 0.815000
267 0.474078 0.808333 0.845000
268 0.468632 0.810000 0.840000
269 0.475913 0.780000 0.805000
270 0.462988 0.809444 0.830000
271 0.483112 0.814444 0.820000
272 0.463975 0.791111 0.805000
273 0.461360 0.807222 0.845000
274 0.474356 0.796667 0.805000
275 0.458948 0.811667 0.820000
276 0.466783 0.785556 0.810000
277 0.472530 0.777778 0.790000
278 0.462435 0.801667 0.815000
279 0.455412 0.830000 0.825000
280 0.470097 0.804444 0.830000
281 0.466711 0.825000 0.825000
282 0.461599 0.777222 0.805000
283 0.484440 0.785556 0.785000
284 0.461203 0.830000 0.830000
285 0.445794 0.816111 0.850000
286 0.462825 0.817222 0.830000
287 0.469548 0.825000 0.820000
288 0.453396 0.831111 0.845000
289 0.465518 0.813889 0.815000
290 0.455248 0.801111 0.825000
291 0.471448 0.775000 0.805000
292 0.454141 0.795556 0.800000
293 0.453674 0.804444 0.815000
294 0.453715 0.815556 0.840000
295 0.459396 0.791667 0.810000
296 0.452570 0.784444 0.790000
297 0.442274 0.790000 0.805000
298 0.448561 0.803333 0.805000
299 0.456406 0.835556 0.845000
300 0.456256 0.819444 0.825000
301 0.445466 0.776111 0.810000
302 0.453123 0.797778 0.795000
303 0.451648 0.820000 0.840000
304 0.451475 0.828333 0.825000
305 0.455312 0.821111 0.825000
306 0.460519 0.827222 0.845000
307 0.446280 0.820556 0.830000
308 0.457184 0.816667 0.830000
309 0.457857 0.801111 0.805000
310 0.457236 0.782222 0.820000
311 0.448027 0.804444 0.805000
312 0.454182 0.817778 0.835000
313 0.443398 0.794444 0.810000
314 0.465026 0.818889 0.830000
315 0.444937 0.822222 0.835000
316 0.440794 0.813889 0.830000
317 0.442095 0.819444 0.830000
318 0.447950 0.808889 0.805000
319 0.458961 0.802778 0.800000
320 0.457920 0.829444 0.825000
321 0.454242 0.785556 0.785000
322 0.449976 0.803889 0.815000
323 0.455235 0.826667 0.825000
324 0.459632 0.808889 0.815000
325 0.444375 0.812778 0.815000
326 0.450500 0.818889 0.810000
327 0.452129 0.816111 0.825000
328 0.447447 0.821111 0.830000
329 0.447823 0.813889 0.820000
330 0.442640 0.806667 0.825000
331 0.453592 0.815000 0.810000
332 0.438585 0.793333 0.805000
333 0.446168 0.837222 0.835000
334 0.454918 0.789444 0.800000
335 0.459006 0.830000 0.830000
336 0.453022 0.803333 0.805000
337 0.442243 0.810000 0.815000
338 0.448800 0.831667 0.830000
339 0.436817 0.826667 0.840000
340 0.439112 0.829444 0.815000
341 0.439504 0.824444 0.815000
342 0.444944 0.821111 0.815000
343 0.431354 0.792222 0.795000
344 0.428876 0.833889 0.835000
345 0.440435 0.820000 0.820000
346 0.440036 0.825556 0.825000
347 0.434156 0.830000 0.835000
348 0.445650 0.838889 0.845000
349 0.435528 0.828333 0.845000
350 0.432694 0.830556 0.830000
