1 1.784603 0.762222 0.750000
2 0.678042 0.768889 0.730000
3 0.593243 0.754444 0.730000
4 0.582568 0.763333 0.730000
5 0.516980 0.746667 0.680000
6 0.592287 0.753333 0.730000
7 0.487808 0.793333 0.760000
8 0.444424 0.805556 0.760000
9 0.464532 0.814444 0.720000
10 0.439378 0.811111 0.770000
11 0.426998 0.804444 0.770000
12 0.479411 0.802222 0.770000
13 0.454984 0.794444 0.740000
14 0.429557 0.812222 0.780000
15 0.461979 0.805556 0.750000
16 0.441167 0.805556 0.760000
17 0.422364 0.810000 0.800000
18 0.393914 0.824444 0.740000
19 0.388427 0.828889 0.750000
20 0.790046 0.766667 0.680000
21 0.572667 0.800000 0.770000
22 0.448311 0.811111 0.770000
23 0.439837 0.765556 0.740000
24 0.414670 0.832222 0.770000
25 0.418236 0.830000 0.760000
26 0.392779 0.831111 0.750000
27 0.382245 0.824444 0.760000
28 0.377317 0.841111 0.730000
29 0.385525 0.820000 0.740000
30 0.410331 0.808889 0.720000
31 0.373394 0.847778 0.780000
32 0.411431 0.827778 0.800000
33 0.385566 0.848889 0.790000
34 0.377120 0.847778 0.730000
35 0.715715 0.806667 0.730000
36 0.416051 0.830000 0.760000
37 0.409171 0.825556 0.800000
38 0.388273 0.842222 0.790000
39 0.393630 0.837778 0.770000
40 0.362518 0.836667 0.770000
41 0.374695 0.822222 0.730000
42 0.392622 0.845556 0.740000
43 0.373821 0.863333 0.770000
44 0.354792 0.834444 0.800000
45 0.356681 0.848889 0.760000
46 0.351244 0.861111 0.780000
47 0.363414 0.833333 0.770000
48 0.363782 0.858889 0.770000
49 0.355812 0.817778 0.750000
50 0.338184 0.868889 0.770000
51 0.328557 0.861111 0.790000
52 0.316929 0.856667 0.780000
53 0.324133 0.873333 0.780000
54 0.326433 0.842222 0.760000
55 0.530831 0.857778 0.790000
56 0.375820 0.854444 0.720000
57 0.332986 0.865556 0.760000
58 0.323050 0.873333 0.780000
59 0.335122 0.854444 0.760000
60 0.322642 0.866667 0.760000
61 0.325736 0.865556 0.740000
62 0.321084 0.852222 0.730000
63 0.313142 0.872222 0.780000
64 0.305929 0.880000 0.760000
65 0.305684 0.877778 0.770000
66 0.317454 0.871111 0.780000
67 0.324264 0.870000 0.790000
68 0.308498 0.857778 0.800000
69 0.320558 0.874444 0.740000
70 0.293865 0.873333 0.730000
71 0.302262 0.871111 0.770000
72 0.294890 0.872222 0.750000
73 0.287443 0.877778 0.760000
74 0.293087 0.867778 0.750000
75 0.310039 0.858889 0.740000
76 0.291214 0.853333 0.740000
77 0.292652 0.877778 0.750000
78 0.296658 0.873333 0.770000
79 0.304910 0.868889 0.760000
80 0.306113 0.875556 0.780000
81 0.300489 0.885556 0.750000
82 0.287676 0.884444 0.770000
83 0.291706 0.877778 0.770000
84 0.308205 0.877778 0.800000
85 0.307800 0.880000 0.760000
86 0.284703 0.893333 0.750000
87 0.321580 0.877778 0.750000
88 0.308136 0.884444 0.760000
89 0.282494 0.887778 0.800000
90 0.295652 0.870000 0.750000
91 0.280292 0.895556 0.790000
92 0.285609 0.885556 0.770000
93 0.292368 0.882222 0.750000
94 0.276401 0.891111 0.770000
95 0.282741 0.883333 0.750000
96 0.279325 0.886667 0.750000
97 0.288135 0.872222 0.750000
98 0.288117 0.891111 0.770000
99 0.282064 0.885556 0.750000
100 0.264029 0.904444 0.740000
101 0.256580 0.893333 0.750000
102 0.255350 0.897778 0.750000
103 0.261011 0.897778 0.760000
104 0.276225 0.884444 0.720000
105 0.251137 0.900000 0.740000
106 0.253390 0.905556 0.780000
107 0.248479 0.900000 0.750000
108 0.257268 0.901111 0.750000
109 0.248039 0.903333 0.780000
110 0.245185 0.902222 0.730000
111 0.245254 0.903333 0.770000
112 0.254516 0.903333 0.770000
113 0.251676 0.904444 0.800000
114 0.239552 0.904444 0.730000
115 0.261245 0.896667 0.710000
116 0.243394 0.914444 0.730000
117 0.241577 0.901111 0.760000
118 0.253905 0.907778 0.720000
119 0.243475 0.906667 0.760000
120 0.243243 0.908889 0.750000
121 0.269578 0.898889 0.750000
122 0.240521 0.905556 0.740000
123 0.258506 0.898889 0.740000
124 0.243223 0.914444 0.720000
125 0.244947 0.907778 0.720000
126 0.237758 0.875556 0.750000
127 0.262655 0.911111 0.760000
128 0.247493 0.910000 0.730000
129 0.232068 0.904444 0.760000
130 0.223195 0.910000 0.750000
131 0.233330 0.913333 0.740000
132 0.242370 0.908889 0.770000
133 0.235725 0.912222 0.740000
134 0.241157 0.903333 0.720000
135 0.239589 0.910000 0.750000
136 0.219695 0.903333 0.710000
137 0.234657 0.915556 0.730000
138 0.222178 0.916667 0.720000
139 0.224748 0.905556 0.730000
140 0.233528 0.897778 0.730000
141 0.241782 0.913333 0.700000
142 0.235031 0.916667 0.710000
143 0.211093 0.903333 0.670000
144 0.254240 0.916667 0.740000
145 0.265016 0.921111 0.730000
146 0.229266 0.918889 0.710000
147 0.221108 0.916667 0.710000
148 0.221949 0.913333 0.680000
149 0.227469 0.912222 0.740000
150 0.226896 0.913333 0.720000
151 0.220525 0.913333 0.700000
152 0.217529 0.913333 0.700000
153 0.204806 0.920000 0.700000
154 0.206401 0.916667 0.700000
155 0.208385 0.916667 0.700000
156 0.191063 0.921111 0.740000
157 0.198111 0.916667 0.710000
158 0.206866 0.923333 0.680000
159 0.208820 0.917778 0.710000
160 0.200498 0.917778 0.710000
161 0.205842 0.910000 0.720000
162 0.235033 0.916667 0.740000
163 0.205657 0.918889 0.740000
164 0.204554 0.918889 0.720000
165 0.202224 0.917778 0.720000
166 0.199153 0.910000 0.720000
167 0.202167 0.922222 0.710000
168 0.207993 0.918889 0.700000
169 0.206668 0.916667 0.680000
170 0.190384 0.917778 0.680000
171 0.197750 0.917778 0.710000
172 0.193686 0.923333 0.720000
173 0.212030 0.922222 0.730000
174 0.215630 0.912222 0.740000
175 0.214073 0.924444 0.710000
176 0.203958 0.917778 0.710000
177 0.199560 0.924444 0.690000
178 0.204541 0.921111 0.710000
179 0.194418 0.927778 0.710000
180 0.203752 0.922222 0.730000
181 0.199250 0.914444 0.710000
182 0.185958 0.924444 0.720000
183 0.197380 0.921111 0.700000
184 0.197754 0.922222 0.740000
185 0.198224 0.920000 0.730000
186 0.198228 0.923333 0.700000
187 0.203693 0.916667 0.730000
188 0.199878 0.920000 0.730000
189 0.196449 0.925556 0.710000
190 0.196057 0.924444 0.720000
191 0.193873 0.925556 0.720000
192 0.186712 0.922222 0.730000
193 0.198629 0.916667 0.720000
194 0.196152 0.925556 0.750000
195 0.199310 0.918889 0.730000
196 0.200932 0.924444 0.730000
197 0.200696 0.926667 0.730000
198 0.203386 0.921111 0.740000
199 0.194860 0.922222 0.700000
200 0.193569 0.920000 0.720000
201 0.188061 0.923333 0.730000
202 0.192004 0.921111 0.730000
203 0.194185 0.924444 0.720000
204 0.179794 0.923333 0.730000
205 0.188631 0.922222 0.710000
206 0.182647 0.928889 0.730000
207 0.190829 0.923333 0.740000
208 0.181089 0.925556 0.710000
209 0.185429 0.924444 0.750000
210 0.189093 0.922222 0.730000
211 0.184788 0.926667 0.730000
212 0.182230 0.925556 0.730000
213 0.183845 0.924444 0.720000
214 0.193623 0.924444 0.750000
215 0.188651 0.917778 0.720000
216 0.189152 0.924444 0.720000
217 0.191408 0.925556 0.740000
218 0.198795 0.925556 0.710000
219 0.190084 0.921111 0.730000
220 0.189698 0.924444 0.730000
221 0.180703 0.926667 0.750000
222 0.188327 0.924444 0.730000
223 0.177006 0.920000 0.720000
224 0.182937 0.921111 0.730000
225 0.175997 0.924444 0.760000
226 0.179240 0.925556 0.740000
227 0.174937 0.922222 0.710000
228 0.177391 0.928889 0.740000
229 0.179683 0.931111 0.730000
230 0.189674 0.924444 0.730000
231 0.186909 0.923333 0.730000
232 0.175867 0.922222 0.740000
233 0.179070 0.925556 0.740000
234 0.185321 0.923333 0.710000
235 0.187660 0.927778 0.740000
236 0.190680 0.921111 0.740000
237 0.182454 0.926667 0.720000
238 0.182556 0.925556 0.730000
239 0.181480 0.926667 0.720000
240 0.181481 0.927778 0.740000
241 0.180910 0.920000 0.730000
242 0.175422 0.925556 0.750000
243 0.204213 0.923333 0.720000
244 0.187377 0.926667 0.730000
245 0.191809 0.926667 0.730000
246 0.188518 0.924444 0.730000
247 0.181276 0.927778 0.740000
248 0.190441 0.924444 0.710000
249 0.178021 0.925556 0.750000
250 0.195315 0.928889 0.740000
251 0.181847 0.931111 0.720000
252 0.172364 0.928889 0.740000
253 0.178977 0.927778 0.750000
254 0.180750 0.926667 0.740000
255 0.168575 0.925556 0.750000
256 0.186129 0.927778 0.740000
257 0.171400 0.926667 0.730000
258 0.178257 0.928889 0.730000
259 0.166646 0.925556 0.720000
260 0.178028 0.925556 0.720000
261 0.179505 0.930000 0.730000
262 0.183125 0.924444 0.720000
263 0.179671 0.927778 0.710000
264 0.175246 0.925556 0.720000
265 0.175735 0.930000 0.710000
266 0.173161 0.927778 0.740000
267 0.180873 0.918889 0.720000
268 0.172756 0.926667 0.750000
269 0.174913 0.928889 0.730000
270 0.190804 0.927778 0.730000
271 0.169779 0.927778 0.720000
272 0.167664 0.925556 0.720000
273 0.166105 0.926667 0.720000
274 0.180621 0.925556 0.730000
275 0.173078 0.928889 0.690000
276 0.175778 0.924444 0.740000
277 0.171946 0.925556 0.730000
278 0.177241 0.927778 0.690000
279 0.175697 0.928889 0.740000
280 0.172214 0.931111 0.720000
281 0.172041 0.928889 0.720000
282 0.178776 0.928889 0.750000
283 0.170966 0.926667 0.750000
284 0.172709 0.926667 0.730000
285 0.180265 0.931111 0.760000
286 0.185290 0.931111 0.740000
287 0.176292 0.928889 0.720000
288 0.171754 0.931111 0.720000
289 0.169947 0.926667 0.730000
290 0.182113 0.927778 0.740000
291 0.179493 0.930000 0.720000
292 0.174660 0.927778 0.750000
293 0.162883 0.928889 0.720000
294 0.173696 0.925556 0.750000
295 0.166301 0.925556 0.730000
296 0.170881 0.930000 0.720000
297 0.172067 0.930000 0.720000
298 0.181928 0.930000 0.720000
299 0.171771 0.930000 0.700000
300 0.171462 0.928889 0.730000
301 0.170865 0.930000 0.740000
302 0.170376 0.927778 0.740000
303 0.172643 0.933333 0.740000
304 0.164415 0.931111 0.710000
305 0.178500 0.935556 0.720000
306 0.170120 0.934444 0.710000
307 0.166070 0.930000 0.740000
308 0.169963 0.932222 0.730000
309 0.180599 0.934444 0.720000
310 0.167946 0.934444 0.750000
311 0.177262 0.930000 0.730000
312 0.163708 0.931111 0.730000
313 0.163689 0.927778 0.720000
314 0.171455 0.927778 0.740000
315 0.170764 0.928889 0.730000
316 0.163817 0.928889 0.730000
317 0.167034 0.931111 0.720000
318 0.172947 0.931111 0.720000
319 0.167063 0.933333 0.730000
320 0.169844 0.932222 0.750000
321 0.168539 0.926667 0.720000
322 0.169042 0.933333 0.720000
323 0.175678 0.925556 0.730000
324 0.166678 0.928889 0.740000
325 0.170812 0.932222 0.740000
326 0.170624 0.931111 0.730000
327 0.170107 0.936667 0.730000
328 0.177436 0.931111 0.730000
329 0.173666 0.931111 0.750000
330 0.174802 0.933333 0.690000
331 0.168921 0.930000 0.700000
332 0.174016 0.927778 0.740000
333 0.172051 0.931111 0.730000
334 0.187915 0.931111 0.740000
335 0.174230 0.933333 0.730000
336 0.171604 0.933333 0.730000
337 0.170809 0.931111 0.720000
338 0.169763 0.932222 0.750000
339 0.169443 0.933333 0.740000
340 0.172063 0.934444 0.730000
341 0.164868 0.931111 0.750000
342 0.170001 0.928889 0.760000
343 0.171773 0.927778 0.730000
344 0.171971 0.931111 0.730000
345 0.165380 0.927778 0.750000
346 0.177489 0.928889 0.760000
347 0.170188 0.928889 0.740000
348 0.169197 0.930000 0.710000
349 0.169431 0.926667 0.680000
350 0.170580 0.933333 0.740000
