1 5.561061 0.742667 0.752000
2 1.546793 0.738000 0.734000
3 1.285181 0.698667 0.698000
4 1.317463 0.754444 0.760000
5 1.343722 0.742000 0.734000
6 1.025600 0.778000 0.772000
7 0.817711 0.782889 0.764000
8 0.822057 0.740667 0.742000
9 1.040899 0.769111 0.740000
10 0.675497 0.719778 0.720000
11 0.654748 0.743111 0.754000
12 0.695966 0.782444 0.760000
13 0.588044 0.766444 0.770000
14 0.657504 0.768444 0.764000
15 0.626290 0.735111 0.746000
16 0.610136 0.779333 0.752000
17 0.734099 0.794222 0.796000
18 0.650889 0.781778 0.762000
19 0.561298 0.762444 0.758000
20 0.682878 0.752222 0.766000
21 0.720584 0.795556 0.780000
22 0.568569 0.803333 0.778000
23 0.552997 0.776444 0.766000
24 0.574178 0.793111 0.770000
25 0.561630 0.806889 0.788000
26 0.531576 0.804444 0.770000
27 0.571938 0.784889 0.746000
28 0.564747 0.800000 0.758000
29 0.554780 0.764667 0.748000
30 0.532798 0.811333 0.766000
