1 3.344213 0.645161 0.588235
2 1.397486 0.551613 0.500000
3 1.432974 0.690323 0.676471
4 0.989153 0.635484 0.647059
5 0.908127 0.822581 0.647059
6 0.804520 0.800000 0.529412
7 0.630949 0.806452 0.617647
8 0.583669 0.790323 0.558824
9 0.676468 0.829032 0.529412
10 0.490775 0.670968 0.588235
11 0.450200 0.851613 0.529412
12 0.432061 0.880645 0.558824
13 0.358403 0.787097 0.705882
14 0.397799 0.909677 0.558824
15 0.241008 0.835484 0.470588
16 0.237652 0.906452 0.588235
17 0.238215 0.874194 0.647059
18 0.370550 0.925806 0.617647
19 0.206034 0.941935 0.588235
20 0.186648 0.858065 0.529412
21 0.233576 0.761290 0.411765
22 0.264228 0.948387 0.647059
23 0.101997 0.990323 0.617647
24 0.160132 0.970968 0.588235
25 0.214328 0.964516 0.588235
26 0.140820 0.993548 0.588235
27 0.094134 0.983871 0.558824
28 0.229702 0.919355 0.647059
29 0.191764 0.987097 0.676471
30 0.129257 0.954839 0.558824
31 0.102943 0.990323 0.588235
32 0.424095 0.851613 0.647059
33 0.152410 0.993548 0.647059
34 0.085200 0.983871 0.617647
35 0.075314 0.993548 0.617647
36 0.115556 0.974194 0.588235
37 0.096847 0.987097 0.558824
38 0.100921 0.919355 0.529412
39 0.289312 0.919355 0.558824
40 0.121878 0.993548 0.558824
41 0.097533 0.990323 0.676471
42 0.077275 0.993548 0.617647
43 0.128866 0.970968 0.588235
44 0.213683 0.964516 0.617647
45 0.118647 0.977419 0.558824
46 0.100264 0.967742 0.500000
47 0.077982 0.993548 0.558824
48 0.049991 0.993548 0.588235
49 0.051387 0.993548 0.529412
50 0.048478 0.993548 0.529412
51 0.046251 0.993548 0.558824
52 0.043853 0.993548 0.588235
53 0.044470 0.993548 0.529412
54 0.045398 0.993548 0.558824
55 0.046512 0.993548 0.529412
56 0.040180 0.993548 0.558824
57 0.043512 0.993548 0.529412
58 0.044785 0.993548 0.558824
59 0.047730 0.993548 0.500000
60 0.045398 0.993548 0.558824
61 0.042557 0.993548 0.588235
62 0.041688 0.993548 0.588235
63 0.043070 0.993548 0.558824
64 0.040874 0.993548 0.588235
65 0.042761 0.993548 0.529412
66 0.044165 0.993548 0.676471
67 0.043134 0.993548 0.588235
68 0.040365 0.993548 0.617647
69 0.039989 0.993548 0.588235
70 0.049337 0.993548 0.558824
71 0.041675 0.993548 0.558824
72 0.068371 0.983871 0.617647
73 0.110570 0.916129 0.558824
74 0.132851 0.993548 0.617647
75 0.059625 0.993548 0.617647
76 0.055623 0.980645 0.588235
77 0.079104 0.987097 0.617647
78 0.087481 0.987097 0.617647
79 0.060629 0.993548 0.558824
80 0.070301 0.993548 0.588235
81 0.048435 0.993548 0.558824
82 0.057283 0.993548 0.558824
83 0.058758 0.993548 0.529412
84 0.055740 0.993548 0.588235
85 0.042227 0.993548 0.558824
86 0.043854 0.993548 0.588235
87 0.042233 0.993548 0.617647
88 0.049287 0.993548 0.558824
89 0.043139 0.993548 0.617647
90 0.042803 0.993548 0.588235
91 0.056204 0.958065 0.588235
92 0.419810 0.861290 0.617647
93 0.212981 0.990323 0.588235
94 0.059732 0.993548 0.617647
95 0.100158 0.993548 0.588235
96 0.053408 0.993548 0.588235
97 0.049674 0.993548 0.617647
98 0.045321 0.993548 0.588235
99 0.045298 0.993548 0.617647
100 0.040463 0.993548 0.588235
101 0.035112 0.993548 0.588235
102 0.039896 0.993548 0.617647
103 0.038570 0.993548 0.617647
104 0.035985 0.993548 0.617647
105 0.040299 0.993548 0.588235
106 0.039522 0.993548 0.617647
107 0.038813 0.993548 0.588235
108 0.034544 0.993548 0.588235
109 0.040086 0.993548 0.558824
110 0.033776 0.993548 0.558824
111 0.036841 0.993548 0.558824
112 0.035537 0.993548 0.588235
113 0.038139 0.993548 0.588235
114 0.040324 0.993548 0.588235
115 0.036275 0.993548 0.617647
116 0.035445 0.993548 0.558824
117 0.033767 0.993548 0.617647
118 0.035645 0.993548 0.617647
119 0.034186 0.993548 0.617647
120 0.037191 0.993548 0.588235
121 0.037004 0.993548 0.588235
122 0.036392 0.993548 0.588235
123 0.034492 0.993548 0.588235
124 0.036407 0.993548 0.588235
125 0.038350 0.993548 0.558824
126 0.039296 0.993548 0.558824
127 0.035389 0.993548 0.588235
128 0.034584 0.993548 0.588235
129 0.034764 0.993548 0.617647
130 0.041292 0.993548 0.588235
131 0.035331 0.993548 0.558824
132 0.034926 0.993548 0.588235
133 0.044564 0.993548 0.588235
134 0.050223 0.967742 0.617647
135 0.071533 0.993548 0.588235
136 0.065831 0.987097 0.588235
137 0.068835 0.990323 0.647059
138 0.044679 0.993548 0.676471
139 0.041935 0.993548 0.558824
140 0.037791 0.993548 0.588235
141 0.041934 0.993548 0.558824
142 0.041661 0.993548 0.558824
143 0.036555 0.993548 0.558824
144 0.039907 0.993548 0.588235
145 0.076447 0.993548 0.617647
146 0.041985 0.993548 0.529412
147 0.042909 0.993548 0.617647
148 0.059571 0.993548 0.617647
149 0.048095 0.990323 0.617647
150 0.042282 0.993548 0.647059
151 0.034210 0.993548 0.647059
152 0.037916 0.993548 0.617647
153 0.037143 0.993548 0.617647
154 0.032717 0.993548 0.617647
155 0.033383 0.993548 0.617647
156 0.032111 0.993548 0.617647
157 0.030600 0.993548 0.647059
158 0.033392 0.993548 0.617647
159 0.032533 0.993548 0.588235
160 0.038279 0.993548 0.617647
161 0.037388 0.993548 0.617647
162 0.030670 0.993548 0.647059
163 0.030785 0.993548 0.617647
164 0.031954 0.993548 0.588235
165 0.029257 0.993548 0.617647
166 0.033096 0.993548 0.617647
167 0.031744 0.993548 0.617647
168 0.030622 0.993548 0.617647
169 0.032009 0.993548 0.558824
170 0.030475 0.993548 0.617647
171 0.033066 0.993548 0.588235
172 0.030200 0.993548 0.558824
173 0.032612 0.993548 0.617647
174 0.033693 0.993548 0.588235
175 0.034283 0.993548 0.617647
176 0.032868 0.993548 0.617647
177 0.031080 0.993548 0.617647
178 0.031708 0.993548 0.588235
179 0.033386 0.993548 0.588235
180 0.034717 0.993548 0.617647
181 0.033451 0.993548 0.588235
182 0.033820 0.993548 0.617647
183 0.028150 0.993548 0.617647
184 0.030449 0.993548 0.617647
185 0.028607 0.993548 0.588235
186 0.028903 0.993548 0.588235
187 0.032648 0.993548 0.529412
188 0.036378 0.993548 0.588235
189 0.030554 0.993548 0.558824
190 0.030103 0.993548 0.617647
191 0.032360 0.993548 0.588235
192 0.030355 0.993548 0.588235
193 0.029589 0.993548 0.588235
194 0.034908 0.993548 0.558824
195 0.032142 0.993548 0.558824
196 0.029405 0.993548 0.558824
197 0.031449 0.993548 0.588235
198 0.027968 0.993548 0.588235
199 0.036290 0.990323 0.647059
200 0.029653 0.993548 0.617647
201 0.028672 0.993548 0.588235
202 0.031624 0.993548 0.617647
203 0.030068 0.993548 0.588235
204 0.027972 0.993548 0.588235
205 0.028050 0.993548 0.558824
206 0.028033 0.993548 0.558824
207 0.030607 0.993548 0.558824
208 0.027284 0.993548 0.558824
209 0.028617 0.993548 0.588235
210 0.026121 0.993548 0.588235
211 0.026335 0.993548 0.588235
212 0.032271 0.993548 0.558824
213 0.026291 0.993548 0.588235
214 0.028202 0.993548 0.588235
215 0.027544 0.993548 0.588235
216 0.029349 0.993548 0.588235
217 0.026778 0.993548 0.588235
218 0.027659 0.993548 0.588235
219 0.028310 0.993548 0.588235
220 0.027629 0.993548 0.558824
221 0.026260 0.993548 0.588235
222 0.030788 0.993548 0.588235
223 0.028344 0.993548 0.588235
224 0.026122 0.993548 0.617647
225 0.025918 0.993548 0.588235
226 0.030376 0.993548 0.558824
227 0.028246 0.993548 0.617647
228 0.031036 0.993548 0.529412
229 0.030313 0.993548 0.617647
230 0.026376 0.993548 0.617647
231 0.028587 0.993548 0.617647
232 0.030496 0.993548 0.558824
233 0.026785 0.993548 0.529412
234 0.027526 0.993548 0.529412
235 0.026931 0.993548 0.588235
236 0.027511 0.993548 0.558824
237 0.031336 0.993548 0.500000
238 0.028650 0.993548 0.529412
239 0.025236 0.993548 0.588235
240 0.027430 0.993548 0.588235
241 0.027011 0.993548 0.558824
242 0.028916 0.993548 0.588235
243 0.023913 0.993548 0.588235
244 0.028244 0.993548 0.617647
245 0.027535 0.993548 0.558824
246 0.028871 0.993548 0.529412
247 0.025237 0.993548 0.558824
248 0.031034 0.993548 0.529412
249 0.024458 0.993548 0.617647
250 0.025201 0.993548 0.588235
251 0.025604 0.993548 0.529412
252 0.023129 0.993548 0.588235
253 0.022602 0.993548 0.588235
254 0.026888 0.993548 0.588235
255 0.025375 0.993548 0.588235
256 0.023689 0.993548 0.588235
257 0.023814 0.993548 0.617647
258 0.025947 0.993548 0.588235
259 0.024543 0.993548 0.617647
260 0.026222 0.993548 0.588235
261 0.028467 0.993548 0.617647
262 0.024096 0.993548 0.588235
263 0.024121 0.993548 0.617647
264 0.025086 0.993548 0.588235
265 0.028907 0.993548 0.588235
266 0.026379 0.993548 0.588235
267 0.028285 0.993548 0.588235
268 0.027713 0.993548 0.617647
269 0.027048 0.993548 0.558824
270 0.022674 0.993548 0.617647
271 0.025693 0.993548 0.617647
272 0.026024 0.993548 0.588235
273 0.026882 0.993548 0.588235
274 0.027582 0.993548 0.617647
275 0.025149 0.993548 0.617647
276 0.026592 0.993548 0.617647
277 0.026006 0.993548 0.617647
278 0.026679 0.993548 0.617647
279 0.028849 0.993548 0.617647
280 0.024307 0.993548 0.617647
281 0.026988 0.993548 0.617647
282 0.028686 0.993548 0.617647
283 0.021931 0.993548 0.588235
284 0.024205 0.993548 0.617647
285 0.025606 0.993548 0.588235
286 0.023126 0.993548 0.617647
287 0.028408 0.993548 0.617647
288 0.026743 0.993548 0.588235
289 0.027776 0.993548 0.588235
290 0.023224 0.993548 0.617647
291 0.024891 0.993548 0.588235
292 0.025728 0.993548 0.588235
293 0.022880 0.993548 0.588235
294 0.026102 0.993548 0.617647
295 0.024857 0.993548 0.617647
296 0.024245 0.993548 0.617647
297 0.029424 0.993548 0.588235
298 0.027073 0.993548 0.588235
299 0.025269 0.993548 0.617647
300 0.026806 0.993548 0.588235
301 0.024875 0.993548 0.588235
302 0.024231 0.993548 0.588235
303 0.026138 0.993548 0.588235
304 0.022356 0.993548 0.588235
305 0.023013 0.993548 0.617647
306 0.023507 0.993548 0.588235
307 0.025113 0.993548 0.588235
308 0.023807 0.993548 0.588235
309 0.024847 0.993548 0.588235
310 0.027251 0.993548 0.588235
311 0.023023 0.993548 0.588235
312 0.023492 0.993548 0.588235
313 0.023361 0.993548 0.588235
314 0.021811 0.993548 0.558824
315 0.025092 0.993548 0.558824
316 0.023491 0.993548 0.558824
317 0.027699 0.993548 0.558824
318 0.025233 0.993548 0.588235
319 0.025633 0.993548 0.588235
320 0.021377 0.993548 0.558824
321 0.023889 0.993548 0.588235
322 0.020984 0.993548 0.558824
323 0.024418 0.993548 0.588235
324 0.025833 0.993548 0.558824
325 0.024615 0.993548 0.617647
326 0.024544 0.993548 0.617647
327 0.021686 0.993548 0.617647
328 0.023216 0.993548 0.617647
329 0.025269 0.993548 0.617647
330 0.023154 0.993548 0.617647
331 0.022540 0.993548 0.617647
332 0.022928 0.993548 0.617647
333 0.023479 0.993548 0.617647
334 0.023767 0.993548 0.617647
335 0.022679 0.993548 0.558824
336 0.024522 0.993548 0.617647
337 0.021366 0.993548 0.617647
338 0.024046 0.993548 0.617647
339 0.024692 0.993548 0.617647
340 0.027032 0.993548 0.617647
341 0.022565 0.993548 0.617647
342 0.025252 0.993548 0.617647
343 0.024261 0.993548 0.588235
344 0.022927 0.993548 0.617647
345 0.025112 0.993548 0.617647
346 0.022115 0.993548 0.617647
347 0.025263 0.993548 0.617647
348 0.023455 0.993548 0.617647
349 0.025801 0.993548 0.617647
350 0.025659 0.993548 0.617647
