1 1.161434 0.887574 0.894737
2 0.394393 0.816568 0.842105
3 0.289913 0.852071 0.842105
4 0.226333 0.905325 0.894737
5 0.275338 0.970414 0.947368
6 0.176184 0.970414 0.947368
7 0.184836 0.810651 0.842105
8 0.173045 0.946746 0.842105
9 0.168593 0.899408 0.947368
10 0.170295 0.952663 0.894737
11 0.157075 0.899408 0.894737
12 0.110727 0.952663 1.000000
13 0.295731 0.917160 0.842105
14 0.118094 0.952663 0.894737
15 0.048221 0.994083 0.947368
16 0.044998 0.982249 0.947368
17 0.059111 0.976331 0.894737
18 0.050022 0.988166 0.894737
19 0.037111 1.000000 0.947368
20 0.034499 0.940828 0.894737
21 0.113430 0.863905 0.842105
22 0.086680 0.899408 0.894737
23 0.061329 1.000000 0.947368
24 0.044439 0.988166 0.947368
25 0.033919 0.911243 0.894737
26 0.031892 1.000000 0.947368
27 0.033431 0.934911 0.842105
28 0.076310 0.875740 0.894737
29 0.092587 0.982249 0.947368
30 0.107027 0.911243 1.000000
31 0.075364 0.988166 0.947368
32 0.037068 0.988166 0.947368
33 0.031090 0.994083 0.894737
34 0.027417 1.000000 0.947368
35 0.027587 1.000000 0.947368
36 0.024594 1.000000 0.947368
37 0.024422 0.994083 0.894737
38 0.027982 0.988166 0.947368
39 0.033658 1.000000 0.894737
40 0.039351 0.934911 0.842105
41 0.030201 1.000000 0.947368
42 0.026958 0.988166 0.894737
43 0.046762 1.000000 0.947368
44 0.069964 0.988166 0.947368
45 0.052714 0.940828 0.842105
46 0.038821 0.988166 0.947368
47 0.048219 0.970414 0.894737
48 0.027830 1.000000 0.947368
49 0.016511 1.000000 0.947368
50 0.016477 1.000000 0.947368
51 0.016274 1.000000 0.947368
52 0.017247 1.000000 0.947368
53 0.015129 1.000000 0.947368
54 0.017861 1.000000 0.947368
55 0.018001 1.000000 0.947368
56 0.013422 1.000000 0.947368
57 0.013360 1.000000 0.947368
58 0.017237 1.000000 0.947368
59 0.017116 1.000000 0.947368
60 0.016931 1.000000 0.947368
61 0.011776 1.000000 0.947368
62 0.015026 1.000000 0.947368
63 0.015399 1.000000 0.894737
64 0.014322 1.000000 0.947368
65 0.014987 1.000000 0.947368
66 0.013124 1.000000 0.947368
67 0.017121 1.000000 0.947368
68 0.019915 1.000000 0.947368
69 0.015529 1.000000 0.947368
70 0.017959 1.000000 0.947368
