1 243.783434 0.335333 0.346693
2 100.423579 0.369111 0.400802
3 74.912389 0.312444 0.308617
4 42.702681 0.384889 0.378758
5 37.209943 0.446444 0.486974
6 33.232532 0.433556 0.442886
7 25.219782 0.416000 0.444890
8 26.851866 0.440222 0.454910
9 26.808883 0.438889 0.458918
10 18.958666 0.455333 0.476954
11 21.012594 0.466667 0.507014
12 16.913545 0.375778 0.378758
13 19.815507 0.420000 0.456914
14 14.986259 0.386000 0.404810
15 16.132415 0.422889 0.430862
16 12.399608 0.451778 0.466934
17 13.428987 0.431556 0.452906
18 9.211302 0.479333 0.513026
19 6.210182 0.419556 0.440882
20 7.104295 0.510667 0.573146
21 8.637270 0.464667 0.476954
22 6.551999 0.384444 0.404810
23 5.627192 0.472222 0.523046
24 6.066505 0.425778 0.440882
25 5.602556 0.428889 0.460922
26 5.540070 0.359111 0.358717
27 5.060228 0.381333 0.366733
28 5.178534 0.482000 0.503006
29 4.732067 0.452000 0.492986
30 3.239341 0.449778 0.480962
31 3.326112 0.349556 0.348697
32 3.198724 0.477778 0.507014
33 3.096943 0.369333 0.370741
34 3.119727 0.434000 0.446894
35 2.962243 0.369778 0.398798
36 2.371756 0.497111 0.511022
37 2.214878 0.412000 0.422846
38 2.454716 0.467333 0.476954
39 2.696697 0.438000 0.458918
40 2.850941 0.438444 0.440882
41 2.828294 0.440889 0.452906
42 2.580654 0.499111 0.523046
43 2.633979 0.501778 0.529058
44 2.657414 0.420889 0.448898
45 2.717454 0.351556 0.348697
46 2.776437 0.375778 0.398798
47 2.390056 0.358000 0.370741
48 2.175446 0.474667 0.501002
49 2.057029 0.421111 0.454910
50 1.700256 0.465111 0.484970
51 1.624111 0.474222 0.501002
52 1.623805 0.492000 0.519038
53 1.587442 0.499778 0.535070
54 1.630176 0.415778 0.424850
55 1.674239 0.493556 0.519038
56 1.865620 0.412444 0.440882
57 1.654823 0.506222 0.533066
58 1.633452 0.451111 0.460922
59 1.674697 0.413111 0.448898
60 1.675556 0.457778 0.488978
61 1.604411 0.467111 0.501002
62 1.591872 0.493333 0.533066
63 1.763320 0.496000 0.537074
64 1.573106 0.482000 0.519038
65 1.628103 0.488222 0.503006
66 1.678113 0.449556 0.472946
67 1.574337 0.465778 0.503006
68 1.662042 0.353333 0.362725
69 1.705136 0.471333 0.501002
70 1.746860 0.429778 0.454910
