1 6.030460 0.535111 0.512000
2 1.479562 0.685556 0.692000
3 1.172662 0.764444 0.726000
4 0.905647 0.762222 0.718000
5 0.895991 0.742889 0.746000
6 0.874168 0.770889 0.746000
7 0.713971 0.701333 0.682000
8 0.786461 0.711556 0.720000
9 0.746974 0.787333 0.744000
10 0.639941 0.768667 0.744000
11 0.646695 0.790444 0.742000
12 0.655154 0.773556 0.722000
13 0.622207 0.784667 0.762000
14 0.597334 0.778222 0.756000
15 0.555456 0.790889 0.764000
16 0.594033 0.719111 0.706000
17 0.650395 0.794889 0.758000
18 0.553715 0.803333 0.780000
19 0.588210 0.777556 0.750000
20 0.587195 0.785333 0.754000
21 0.570169 0.800222 0.754000
22 0.581337 0.806222 0.764000
23 0.525763 0.788667 0.752000
24 0.520686 0.799556 0.786000
25 0.538544 0.812000 0.776000
26 0.527414 0.802222 0.768000
27 0.523916 0.817111 0.774000
28 0.521465 0.795556 0.766000
29 0.539777 0.776444 0.756000
30 0.532542 0.810889 0.792000
