1 6.398949 0.681556 0.706000
2 1.460525 0.643556 0.622000
3 1.525077 0.750889 0.772000
4 1.013618 0.734889 0.734000
5 0.942819 0.755111 0.754000
6 0.919611 0.756444 0.760000
7 0.820347 0.772000 0.762000
8 0.852160 0.730444 0.736000
9 0.624155 0.765778 0.786000
10 0.698612 0.696667 0.692000
11 0.715506 0.776889 0.796000
12 0.630562 0.768444 0.768000
13 0.608776 0.773333 0.764000
14 0.603953 0.784444 0.756000
15 0.563191 0.789778 0.766000
16 0.890726 0.761778 0.754000
17 0.705620 0.769778 0.778000
18 0.583078 0.776667 0.774000
19 0.564108 0.782444 0.778000
20 0.547071 0.780889 0.790000
21 0.568006 0.800889 0.788000
22 0.550472 0.802444 0.780000
23 0.511140 0.799111 0.784000
24 0.541874 0.780889 0.764000
25 0.547029 0.792444 0.784000
26 0.559884 0.783111 0.774000
27 0.554930 0.782889 0.750000
28 0.537129 0.810667 0.800000
29 0.526220 0.775333 0.766000
30 0.520220 0.810444 0.804000
