1 366.111631 0.295621 0.300000
2 175.703280 0.291176 0.282000
3 72.952104 0.390531 0.400000
4 33.749097 0.452545 0.446000
5 39.985332 0.456990 0.456000
6 27.357468 0.445210 0.422000
7 24.482803 0.489220 0.466000
8 24.061218 0.449211 0.428000
9 18.010537 0.376750 0.360000
10 17.275074 0.352967 0.364000
11 12.928207 0.371638 0.354000
12 13.972871 0.487664 0.464000
13 12.461424 0.456990 0.450000
14 9.939562 0.480774 0.480000
15 6.368820 0.453656 0.454000
16 9.072449 0.382307 0.364000
17 5.405418 0.342298 0.352000
18 5.292810 0.486997 0.482000
19 3.996500 0.410313 0.414000
20 4.477886 0.442321 0.428000
21 4.732742 0.368749 0.370000
22 3.896939 0.351411 0.364000
23 3.671447 0.447877 0.456000
24 3.297404 0.337408 0.328000
25 4.107461 0.395421 0.396000
26 2.815618 0.431429 0.412000
27 2.619746 0.427206 0.406000
28 2.707812 0.503445 0.474000
29 2.588284 0.502778 0.490000
30 2.310909 0.430540 0.442000
31 2.423959 0.500556 0.492000
32 2.526943 0.497666 0.490000
33 2.151204 0.387197 0.382000
34 2.602711 0.470549 0.496000
35 2.013978 0.394088 0.384000
36 2.046121 0.392087 0.416000
37 2.464198 0.443210 0.462000
38 2.201839 0.509447 0.504000
39 2.199712 0.379862 0.388000
40 2.063995 0.479440 0.446000
41 1.784108 0.442543 0.424000
42 2.439653 0.471438 0.452000
43 2.149531 0.439209 0.422000
44 1.912965 0.410536 0.388000
45 2.023485 0.405646 0.406000
46 1.882789 0.482329 0.478000
47 1.709075 0.405201 0.432000
48 2.032263 0.486775 0.476000
49 2.347154 0.372527 0.364000
50 1.701361 0.456101 0.462000
51 1.642505 0.481218 0.478000
52 1.700006 0.494999 0.484000
53 1.453929 0.488775 0.478000
54 1.549197 0.491887 0.492000
55 1.611252 0.442543 0.440000
56 1.537200 0.475217 0.460000
57 1.466638 0.492109 0.492000
58 1.532608 0.396977 0.372000
59 1.762186 0.396977 0.374000
60 1.496567 0.510336 0.500000
61 1.598143 0.517671 0.518000
62 1.670506 0.358302 0.356000
63 1.644860 0.495221 0.500000
64 1.557903 0.480329 0.480000
65 1.526694 0.480774 0.474000
66 1.526259 0.472549 0.480000
67 1.505541 0.468326 0.446000
68 1.616381 0.416982 0.418000
69 1.565007 0.500111 0.492000
70 1.523224 0.466770 0.442000
