1 5.350973 0.652338 0.642336
2 1.443165 0.602325 0.600973
3 1.477392 0.621249 0.635036
4 1.417458 0.689105 0.703163
5 1.115781 0.725602 0.732360
6 0.959173 0.708840 0.669100
7 0.884781 0.680995 0.671533
8 1.038589 0.720465 0.708029
9 0.997396 0.689646 0.729927
10 0.915432 0.655583 0.649635
11 0.982037 0.704244 0.669100
12 0.907756 0.686131 0.705596
13 0.870337 0.739389 0.742092
14 0.791970 0.702352 0.671533
15 0.879961 0.739659 0.744526
16 0.857466 0.726683 0.727494
17 0.778739 0.651257 0.598540
18 0.779234 0.735604 0.717762
19 0.770249 0.758854 0.742092
20 0.725173 0.580157 0.593674
21 0.681535 0.755069 0.710462
22 0.661155 0.726142 0.715328
23 0.678381 0.764261 0.771290
24 0.638791 0.767505 0.773723
25 0.603498 0.713977 0.717762
26 0.619626 0.715599 0.700730
27 0.632519 0.764801 0.754258
28 0.686678 0.764801 0.751825
29 0.689279 0.759665 0.742092
30 0.636242 0.741552 0.717762
31 0.563031 0.769938 0.729927
32 0.568845 0.772641 0.739659
33 0.575236 0.719384 0.700730
34 0.616870 0.773452 0.749392
35 0.549928 0.779129 0.763990
36 0.525530 0.792376 0.763990
37 0.558863 0.760476 0.737226
38 0.531547 0.685320 0.673966
39 0.552402 0.780211 0.763990
40 0.499650 0.803731 0.756691
41 0.518526 0.757772 0.734793
42 0.515731 0.750473 0.773723
43 0.479201 0.762639 0.744526
44 0.518767 0.794539 0.788321
45 0.502221 0.748040 0.727494
46 0.499614 0.761557 0.727494
47 0.499572 0.782103 0.759124
48 0.492929 0.813733 0.766423
49 0.479738 0.785618 0.742092
50 0.451961 0.807786 0.790754
51 0.467105 0.816707 0.754258
52 0.435695 0.824547 0.776156
53 0.448768 0.809408 0.739659
54 0.446968 0.801298 0.771290
55 0.446037 0.812652 0.751825
56 0.407477 0.813193 0.754258
57 0.424622 0.844282 0.781022
58 0.432289 0.836713 0.788321
59 0.449616 0.802649 0.761557
60 0.418060 0.846175 0.800487
61 0.411126 0.846445 0.785888
62 0.433395 0.850770 0.776156
63 0.416904 0.839416 0.795620
64 0.413237 0.842390 0.761557
65 0.422353 0.779670 0.720195
66 0.417296 0.821033 0.783455
67 0.413439 0.856718 0.776156
68 0.410217 0.848608 0.773723
69 0.411073 0.834550 0.754258
70 0.422404 0.847526 0.776156
71 0.394767 0.831035 0.778589
72 0.407775 0.845634 0.768856
73 0.413064 0.835902 0.756691
74 0.406482 0.843201 0.773723
75 0.398382 0.845634 0.776156
76 0.413792 0.843471 0.768856
77 0.409617 0.858881 0.790754
78 0.412200 0.851311 0.771290
79 0.395188 0.822925 0.790754
80 0.389872 0.838605 0.763990
81 0.410801 0.834280 0.771290
82 0.397125 0.791836 0.727494
83 0.384177 0.870506 0.773723
84 0.378736 0.812922 0.766423
85 0.394913 0.862125 0.793187
86 0.384399 0.855907 0.776156
87 0.373616 0.833739 0.785888
88 0.443331 0.821303 0.773723
89 0.429138 0.868613 0.773723
90 0.370446 0.854555 0.788321
91 0.379713 0.879697 0.790754
92 0.356667 0.868072 0.790754
93 0.378993 0.868072 0.810219
94 0.373184 0.850500 0.795620
95 0.381181 0.844012 0.761557
96 0.370686 0.868072 0.790754
97 0.373194 0.873479 0.798054
98 0.364895 0.832387 0.783455
99 0.393689 0.852122 0.812652
100 0.350632 0.887537 0.812652
101 0.315201 0.884834 0.798054
102 0.315055 0.899703 0.802920
103 0.327060 0.858340 0.795620
104 0.317987 0.898621 0.812652
105 0.315801 0.898621 0.781022
106 0.318777 0.903758 0.798054
107 0.305108 0.909976 0.795620
108 0.306296 0.903217 0.812652
109 0.323044 0.895377 0.795620
110 0.332556 0.884023 0.785888
111 0.298809 0.887808 0.790754
112 0.296994 0.904298 0.812652
113 0.307807 0.911327 0.815085
114 0.306614 0.863477 0.778589
115 0.311851 0.907813 0.785888
116 0.290758 0.902947 0.798054
117 0.319555 0.895647 0.783455
118 0.306464 0.913490 0.800487
119 0.284437 0.907272 0.829684
120 0.292456 0.909435 0.785888
121 0.281346 0.902136 0.819951
122 0.278349 0.914301 0.800487
123 0.276433 0.902136 0.795620
124 0.294291 0.875912 0.773723
125 0.317307 0.892674 0.807786
126 0.303104 0.902136 0.790754
127 0.301764 0.897270 0.805353
128 0.287020 0.881319 0.768856
129 0.281282 0.920789 0.793187
130 0.287228 0.915923 0.802920
131 0.285462 0.917275 0.805353
132 0.275951 0.886456 0.761557
133 0.272056 0.913490 0.793187
134 0.272952 0.919978 0.795620
135 0.288416 0.911057 0.790754
136 0.273142 0.899432 0.805353
137 0.279479 0.907813 0.800487
138 0.270522 0.928629 0.807786
139 0.278640 0.928900 0.819951
140 0.274788 0.909435 0.778589
141 0.294917 0.921330 0.805353
142 0.256026 0.925926 0.827251
143 0.284202 0.922682 0.815085
144 0.253330 0.921871 0.785888
145 0.271147 0.931873 0.819951
146 0.277059 0.922141 0.817518
147 0.265106 0.875372 0.759124
148 0.273437 0.912138 0.802920
149 0.265939 0.927278 0.812652
150 0.231873 0.947013 0.822384
151 0.215024 0.936469 0.785888
152 0.216696 0.952690 0.812652
153 0.220280 0.940524 0.800487
154 0.215191 0.951879 0.805353
155 0.231754 0.946742 0.810219
156 0.222381 0.950257 0.800487
157 0.225782 0.942958 0.815085
158 0.218618 0.949716 0.812652
159 0.217445 0.949716 0.824818
160 0.206427 0.951879 0.815085
161 0.233442 0.949716 0.817518
162 0.211321 0.955393 0.827251
163 0.204440 0.956204 0.805353
164 0.205945 0.950798 0.817518
165 0.210348 0.956204 0.824818
166 0.198811 0.949986 0.812652
167 0.205527 0.954582 0.815085
168 0.209936 0.958097 0.812652
169 0.207550 0.957826 0.815085
170 0.207872 0.956745 0.822384
171 0.209896 0.958908 0.800487
172 0.207186 0.950798 0.790754
173 0.214769 0.958908 0.800487
174 0.197873 0.954853 0.793187
175 0.192629 0.955664 0.802920
176 0.193222 0.962693 0.807786
177 0.194103 0.958097 0.793187
178 0.207100 0.956745 0.810219
179 0.209637 0.961882 0.805353
180 0.201236 0.963233 0.798054
181 0.184681 0.958097 0.819951
182 0.198736 0.956745 0.805353
183 0.194326 0.962152 0.793187
184 0.196261 0.961611 0.810219
185 0.192990 0.956204 0.785888
186 0.198140 0.961611 0.800487
187 0.202148 0.963774 0.805353
188 0.191267 0.963233 0.802920
189 0.197106 0.961882 0.798054
190 0.184976 0.960530 0.815085
191 0.192976 0.965666 0.798054
192 0.185937 0.963504 0.793187
193 0.186249 0.967559 0.812652
194 0.179845 0.964315 0.802920
195 0.201099 0.964044 0.798054
196 0.183041 0.961071 0.778589
197 0.194630 0.965126 0.798054
198 0.184192 0.972155 0.781022
199 0.189842 0.961071 0.793187
200 0.188046 0.973777 0.807786
201 0.173970 0.970803 0.807786
202 0.169258 0.974858 0.798054
203 0.168002 0.977291 0.807786
204 0.167834 0.978913 0.807786
205 0.158487 0.975669 0.800487
206 0.163735 0.972966 0.810219
207 0.156150 0.976210 0.802920
208 0.173229 0.970803 0.805353
209 0.161171 0.978913 0.800487
210 0.162349 0.977021 0.802920
211 0.162857 0.975669 0.810219
212 0.161007 0.977021 0.795620
213 0.152979 0.976480 0.785888
214 0.151286 0.979454 0.805353
215 0.164966 0.979724 0.805353
216 0.161237 0.979184 0.793187
217 0.150278 0.975939 0.812652
218 0.165871 0.976210 0.798054
219 0.159626 0.976480 0.807786
220 0.161023 0.972155 0.785888
221 0.160374 0.978102 0.802920
222 0.153945 0.981076 0.793187
223 0.158552 0.981076 0.802920
224 0.153624 0.975939 0.800487
225 0.159032 0.974317 0.800487
226 0.158275 0.979454 0.802920
227 0.170136 0.972695 0.807786
228 0.157157 0.979995 0.790754
229 0.157145 0.972425 0.798054
230 0.161646 0.978913 0.800487
231 0.147202 0.979184 0.802920
232 0.149869 0.979454 0.807786
233 0.147609 0.978373 0.788321
234 0.145066 0.984050 0.805353
235 0.139824 0.982428 0.798054
236 0.138641 0.978102 0.795620
237 0.154695 0.973506 0.800487
238 0.151407 0.980806 0.800487
239 0.160839 0.979995 0.783455
240 0.163341 0.981617 0.798054
241 0.140056 0.982968 0.795620
242 0.137903 0.982698 0.788321
243 0.141566 0.978373 0.793187
244 0.145399 0.983509 0.795620
245 0.149381 0.982698 0.798054
246 0.145428 0.980265 0.800487
247 0.144330 0.982968 0.802920
248 0.152884 0.982968 0.800487
249 0.141728 0.981346 0.802920
250 0.140118 0.984590 0.802920
251 0.137905 0.985672 0.798054
252 0.131335 0.986212 0.802920
253 0.135177 0.987294 0.805353
254 0.138783 0.986753 0.788321
255 0.133938 0.984590 0.800487
256 0.140882 0.986483 0.800487
257 0.133453 0.986483 0.800487
258 0.131964 0.985401 0.800487
259 0.136140 0.987024 0.795620
260 0.128540 0.987024 0.798054
261 0.128560 0.986212 0.788321
262 0.135756 0.986212 0.790754
263 0.125008 0.985672 0.800487
264 0.127632 0.986212 0.785888
265 0.139018 0.986483 0.795620
266 0.137497 0.986212 0.783455
267 0.136836 0.986753 0.798054
268 0.132866 0.988646 0.785888
269 0.134707 0.987564 0.800487
270 0.125622 0.988105 0.795620
271 0.136162 0.987564 0.800487
272 0.142820 0.987024 0.795620
273 0.134927 0.987564 0.805353
274 0.136029 0.985131 0.785888
275 0.124472 0.985942 0.798054
276 0.124770 0.988375 0.788321
277 0.121934 0.986753 0.795620
278 0.130847 0.988916 0.795620
279 0.122928 0.988375 0.790754
280 0.128609 0.988105 0.793187
281 0.140762 0.987294 0.795620
282 0.132649 0.988916 0.790754
283 0.136158 0.986483 0.793187
284 0.138701 0.988646 0.790754
285 0.133924 0.987024 0.781022
286 0.126291 0.986483 0.800487
287 0.133738 0.987835 0.793187
288 0.132515 0.987835 0.790754
289 0.135393 0.988375 0.805353
290 0.135701 0.988375 0.793187
291 0.129159 0.987294 0.810219
292 0.122451 0.987294 0.802920
293 0.122193 0.990268 0.798054
294 0.121129 0.987564 0.781022
295 0.123415 0.989727 0.793187
296 0.123869 0.988375 0.800487
297 0.130495 0.987564 0.795620
298 0.132273 0.987835 0.785888
299 0.127723 0.988916 0.793187
300 0.120551 0.989997 0.795620
301 0.126583 0.988646 0.788321
302 0.119114 0.989727 0.783455
303 0.112343 0.989997 0.795620
304 0.124394 0.990538 0.790754
305 0.124522 0.991619 0.793187
306 0.115592 0.991349 0.785888
307 0.116523 0.990808 0.793187
308 0.116572 0.991079 0.793187
309 0.120732 0.990268 0.807786
310 0.121445 0.992160 0.802920
311 0.118162 0.989997 0.790754
312 0.123345 0.990538 0.788321
313 0.121743 0.989997 0.781022
314 0.120302 0.990268 0.793187
315 0.119089 0.990268 0.800487
316 0.113588 0.990268 0.793187
317 0.120280 0.991890 0.795620
318 0.115429 0.991619 0.795620
319 0.117729 0.991079 0.790754
320 0.114948 0.989727 0.788321
321 0.129037 0.991349 0.788321
322 0.117668 0.990538 0.785888
323 0.122531 0.991349 0.788321
324 0.114228 0.990268 0.785888
325 0.114426 0.989997 0.793187
326 0.120972 0.990538 0.788321
327 0.122779 0.991349 0.790754
328 0.122846 0.990268 0.800487
329 0.118267 0.991619 0.793187
330 0.116472 0.990538 0.781022
331 0.113008 0.991619 0.795620
332 0.123824 0.991619 0.798054
333 0.119250 0.991079 0.793187
334 0.113535 0.990808 0.788321
335 0.112572 0.991349 0.798054
336 0.127430 0.992160 0.795620
337 0.117919 0.990538 0.790754
338 0.117819 0.991890 0.783455
339 0.112837 0.991890 0.795620
340 0.117414 0.990538 0.793187
341 0.118385 0.989457 0.802920
342 0.113874 0.991079 0.783455
343 0.127255 0.989457 0.788321
344 0.111985 0.990538 0.790754
345 0.116556 0.990538 0.802920
346 0.112010 0.991619 0.802920
347 0.117695 0.990808 0.795620
348 0.112547 0.991079 0.795620
349 0.117838 0.990268 0.793187
350 0.117636 0.990538 0.788321
