1 3.422276 0.504444 0.486667
2 1.903048 0.477778 0.353333
3 1.856280 0.530370 0.486667
4 1.384411 0.500741 0.446667
5 1.094398 0.520000 0.453333
6 1.218483 0.431111 0.366667
7 1.819336 0.540741 0.460000
8 1.358537 0.537778 0.460000
9 1.195436 0.542963 0.500000
10 1.156055 0.525926 0.433333
11 1.117759 0.561481 0.460000
12 0.974135 0.543704 0.406667
13 1.015556 0.542963 0.473333
14 1.066122 0.511852 0.413333
15 1.171277 0.534815 0.486667
16 1.103918 0.550370 0.466667
17 1.034064 0.508889 0.413333
18 1.010859 0.560000 0.460000
19 1.028730 0.546667 0.480000
20 0.973501 0.546667 0.493333
21 1.040101 0.557037 0.446667
22 1.084077 0.530370 0.446667
23 0.965443 0.562963 0.453333
24 0.933584 0.564444 0.453333
25 0.991808 0.561481 0.493333
26 0.954871 0.534815 0.500000
27 0.938495 0.565926 0.453333
28 0.923528 0.574815 0.473333
29 0.940308 0.565185 0.480000
30 0.924190 0.578519 0.460000
31 0.920241 0.574815 0.420000
32 0.918354 0.557778 0.473333
33 0.910588 0.568148 0.500000
34 0.919326 0.563704 0.480000
35 0.934344 0.576296 0.473333
36 0.916139 0.572593 0.473333
37 0.917338 0.580000 0.460000
38 0.902497 0.578519 0.480000
39 0.920822 0.570370 0.520000
40 0.912323 0.574815 0.433333
41 0.888551 0.588148 0.466667
42 0.897972 0.573333 0.473333
43 0.891270 0.593333 0.493333
44 0.910347 0.590370 0.486667
45 0.886615 0.589630 0.506667
46 0.885414 0.587407 0.493333
47 0.900408 0.591111 0.493333
48 0.868117 0.608148 0.480000
49 0.888100 0.603704 0.486667
50 0.866992 0.588889 0.433333
51 0.861330 0.608889 0.486667
52 0.850241 0.614074 0.480000
53 0.857592 0.613333 0.486667
54 0.851754 0.617037 0.493333
55 0.832028 0.620741 0.480000
56 0.840872 0.619259 0.506667
57 0.834522 0.617037 0.480000
58 0.872262 0.606667 0.480000
59 0.840263 0.621481 0.466667
60 0.832838 0.620741 0.500000
61 0.832660 0.624444 0.506667
62 0.830617 0.622222 0.486667
63 0.820970 0.626667 0.506667
64 0.819456 0.619259 0.513333
65 0.844937 0.621481 0.493333
66 0.813129 0.628889 0.486667
67 0.809849 0.631111 0.480000
68 0.836004 0.634074 0.500000
69 0.814049 0.631111 0.493333
70 0.829830 0.621481 0.480000
