1 3.542277 0.563936 0.559611
2 1.874251 0.652068 0.598540
3 1.288904 0.729657 0.708029
4 1.073078 0.665585 0.678832
5 1.443220 0.593944 0.598540
6 2.065970 0.551230 0.564477
7 1.111061 0.713706 0.703163
8 1.119599 0.744255 0.720195
9 0.842878 0.724520 0.700730
10 0.878634 0.731549 0.703163
11 0.949130 0.749662 0.717762
12 0.807517 0.680725 0.661800
13 0.739299 0.700189 0.676399
14 0.811751 0.738308 0.725061
15 0.694791 0.743174 0.705596
16 0.645446 0.759935 0.763990
17 0.648538 0.760205 0.742092
18 0.648759 0.776696 0.751825
19 0.674059 0.739930 0.703163
20 0.602421 0.776426 0.754258
21 0.586535 0.773723 0.749392
22 0.577844 0.774534 0.749392
23 0.538263 0.763720 0.756691
24 0.556713 0.788051 0.737226
25 0.614780 0.667748 0.659367
26 0.573477 0.759665 0.722628
27 0.533814 0.732360 0.695864
28 0.555732 0.802109 0.744526
29 0.494961 0.732630 0.700730
30 0.473774 0.829413 0.742092
31 0.453865 0.814815 0.763990
32 0.475744 0.807786 0.744526
33 0.467838 0.807786 0.744526
34 0.470226 0.806434 0.756691
35 0.449377 0.767505 0.734793
36 0.442597 0.821033 0.715328
37 0.437680 0.747229 0.676399
38 0.417132 0.829413 0.739659
39 0.473835 0.768586 0.703163
40 0.455383 0.810489 0.739659
41 0.451817 0.721546 0.673966
42 0.411449 0.828602 0.781022
43 0.421352 0.841308 0.746959
44 0.447014 0.823195 0.749392
45 0.425715 0.834820 0.751825
46 0.429447 0.804001 0.749392
47 0.432709 0.843742 0.776156
48 0.399468 0.844012 0.773723
49 0.411751 0.853744 0.759124
50 0.373899 0.871046 0.768856
51 0.363852 0.852933 0.756691
52 0.356848 0.854015 0.773723
53 0.376931 0.861584 0.761557
54 0.356667 0.873209 0.754258
55 0.359706 0.882130 0.788321
56 0.369361 0.873479 0.778589
57 0.358737 0.878075 0.776156
58 0.347150 0.875372 0.773723
59 0.367289 0.803190 0.739659
60 0.364161 0.881319 0.778589
61 0.341013 0.887808 0.778589
62 0.329020 0.880238 0.783455
63 0.341793 0.869424 0.744526
64 0.337806 0.878345 0.761557
65 0.325861 0.864288 0.754258
66 0.336429 0.863206 0.768856
67 0.340405 0.844282 0.746959
68 0.339484 0.870506 0.768856
69 0.336496 0.888078 0.771290
70 0.333112 0.828873 0.693431
71 0.328909 0.901325 0.768856
72 0.315700 0.853744 0.768856
73 0.330100 0.895107 0.771290
74 0.330629 0.885104 0.771290
75 0.309782 0.899432 0.793187
76 0.325829 0.888619 0.776156
77 0.311181 0.895918 0.798054
78 0.345828 0.885104 0.785888
79 0.330169 0.896729 0.788321
80 0.299151 0.893214 0.768856
81 0.317295 0.868883 0.763990
82 0.292800 0.898351 0.776156
83 0.282474 0.905109 0.759124
84 0.305772 0.906191 0.776156
85 0.303154 0.908354 0.756691
86 0.291372 0.910787 0.795620
87 0.293813 0.884563 0.739659
88 0.312798 0.877264 0.773723
89 0.294514 0.909435 0.807786
90 0.278829 0.901054 0.776156
91 0.266043 0.917816 0.773723
92 0.276741 0.898621 0.761557
93 0.284982 0.897810 0.776156
94 0.288317 0.884834 0.761557
95 0.325593 0.898351 0.800487
96 0.292288 0.911868 0.783455
97 0.267107 0.911057 0.771290
98 0.268509 0.909705 0.800487
99 0.284557 0.914572 0.781022
100 0.235332 0.929711 0.785888
101 0.216886 0.934307 0.807786
102 0.210822 0.944850 0.793187
103 0.207032 0.952149 0.810219
104 0.199990 0.940795 0.788321
105 0.209354 0.945391 0.761557
106 0.196078 0.956204 0.790754
107 0.177372 0.957015 0.795620
108 0.197541 0.948905 0.790754
109 0.206291 0.941065 0.781022
110 0.197106 0.957556 0.807786
111 0.185144 0.952149 0.788321
112 0.170685 0.955934 0.788321
113 0.169977 0.960260 0.785888
114 0.209668 0.946742 0.798054
115 0.172035 0.962963 0.800487
116 0.168808 0.954312 0.810219
117 0.190848 0.949446 0.805353
118 0.200758 0.953501 0.798054
119 0.187850 0.954312 0.802920
120 0.185459 0.943228 0.776156
121 0.171191 0.961341 0.798054
122 0.185348 0.960530 0.790754
123 0.172980 0.958908 0.800487
124 0.168509 0.960800 0.785888
125 0.170281 0.966748 0.783455
126 0.149914 0.965937 0.785888
127 0.166116 0.964044 0.788321
128 0.155670 0.966207 0.793187
129 0.133495 0.969181 0.793187
130 0.161069 0.962693 0.800487
131 0.151595 0.964044 0.778589
132 0.167437 0.956745 0.798054
133 0.156259 0.962963 0.790754
134 0.170250 0.962422 0.783455
135 0.168532 0.965396 0.773723
136 0.146948 0.977021 0.781022
137 0.148004 0.959178 0.793187
138 0.164666 0.965937 0.783455
139 0.153001 0.968640 0.776156
140 0.148540 0.965396 0.793187
141 0.138590 0.975128 0.793187
142 0.143127 0.952960 0.798054
143 0.145280 0.972966 0.778589
144 0.128756 0.976480 0.812652
145 0.133276 0.965126 0.800487
146 0.145766 0.967559 0.817518
147 0.151132 0.963774 0.800487
148 0.135209 0.976480 0.807786
149 0.127810 0.978913 0.807786
150 0.119486 0.986212 0.802920
151 0.098435 0.985672 0.802920
152 0.105964 0.986212 0.810219
153 0.105362 0.988916 0.805353
154 0.092140 0.986212 0.805353
155 0.090069 0.986753 0.805353
156 0.089816 0.989186 0.817518
157 0.087849 0.990808 0.807786
158 0.087127 0.990538 0.800487
159 0.081877 0.990268 0.795620
160 0.087153 0.989186 0.795620
161 0.112242 0.989457 0.793187
162 0.090726 0.990538 0.783455
163 0.087399 0.985401 0.795620
164 0.092616 0.989727 0.805353
165 0.088281 0.988646 0.810219
166 0.087842 0.991619 0.802920
167 0.080095 0.990808 0.788321
168 0.077602 0.993782 0.815085
169 0.089183 0.991349 0.815085
170 0.075584 0.988646 0.793187
171 0.089444 0.989997 0.812652
172 0.086731 0.990538 0.805353
173 0.092840 0.988105 0.807786
174 0.085452 0.990268 0.815085
175 0.073874 0.993512 0.805353
176 0.071991 0.989997 0.807786
177 0.081168 0.991619 0.790754
178 0.080559 0.988105 0.793187
179 0.082395 0.992160 0.805353
180 0.086630 0.989727 0.795620
181 0.077251 0.992971 0.793187
182 0.083956 0.988646 0.802920
183 0.078010 0.990538 0.790754
184 0.084570 0.986753 0.783455
185 0.098641 0.985942 0.817518
186 0.094663 0.989186 0.815085
187 0.087461 0.988105 0.805353
188 0.070293 0.991079 0.807786
189 0.079389 0.991619 0.795620
190 0.085244 0.985942 0.817518
191 0.093611 0.993241 0.795620
192 0.077161 0.992160 0.790754
193 0.074169 0.991619 0.807786
194 0.073032 0.990538 0.793187
195 0.073646 0.990808 0.807786
196 0.071142 0.992971 0.798054
197 0.076638 0.991619 0.802920
198 0.070729 0.993782 0.807786
199 0.065536 0.990808 0.788321
200 0.064464 0.995675 0.807786
201 0.057402 0.995675 0.807786
202 0.057881 0.995675 0.802920
203 0.061991 0.995675 0.805353
204 0.061573 0.995134 0.800487
205 0.053539 0.995675 0.802920
206 0.060113 0.995134 0.800487
207 0.051473 0.996215 0.788321
208 0.057545 0.995945 0.810219
209 0.053413 0.996215 0.805353
210 0.059727 0.996486 0.805353
211 0.055406 0.997026 0.795620
212 0.055405 0.996486 0.800487
213 0.052212 0.996215 0.785888
214 0.057619 0.995945 0.805353
215 0.054958 0.996215 0.805353
216 0.056365 0.996215 0.785888
217 0.052415 0.996215 0.793187
218 0.058640 0.995675 0.802920
219 0.059826 0.996756 0.795620
220 0.058318 0.997297 0.815085
221 0.057296 0.995945 0.807786
222 0.066947 0.996486 0.800487
223 0.056798 0.996756 0.798054
224 0.055229 0.996756 0.798054
225 0.063877 0.995675 0.812652
226 0.061102 0.996486 0.802920
227 0.052610 0.996756 0.793187
228 0.061131 0.995675 0.805353
229 0.057408 0.997026 0.812652
230 0.053827 0.996486 0.788321
231 0.062094 0.996215 0.793187
232 0.058122 0.996215 0.822384
233 0.050492 0.996756 0.805353
234 0.044324 0.996756 0.788321
235 0.049510 0.997026 0.798054
236 0.051070 0.996486 0.793187
237 0.053256 0.996486 0.788321
238 0.054314 0.996486 0.817518
239 0.051175 0.996756 0.781022
240 0.061169 0.996215 0.802920
241 0.053546 0.997297 0.788321
242 0.056369 0.995945 0.798054
243 0.046460 0.997297 0.795620
244 0.060676 0.997026 0.798054
245 0.056272 0.996215 0.822384
246 0.050842 0.997297 0.805353
247 0.047904 0.997297 0.800487
248 0.050279 0.997026 0.785888
249 0.051771 0.997297 0.795620
250 0.053346 0.997837 0.793187
251 0.047290 0.997837 0.798054
252 0.047874 0.997837 0.810219
253 0.047639 0.997837 0.812652
254 0.050547 0.997837 0.802920
255 0.044805 0.997837 0.798054
256 0.042803 0.997567 0.807786
257 0.046719 0.997567 0.800487
258 0.045347 0.997567 0.795620
259 0.045938 0.997837 0.807786
260 0.046139 0.997567 0.788321
261 0.055991 0.997297 0.805353
262 0.046618 0.997297 0.793187
263 0.047542 0.996756 0.795620
264 0.047289 0.998108 0.795620
265 0.048610 0.997837 0.798054
266 0.044613 0.998108 0.805353
267 0.045387 0.997837 0.802920
268 0.042168 0.998108 0.790754
269 0.040196 0.998108 0.795620
270 0.046768 0.998108 0.795620
271 0.043976 0.997837 0.798054
272 0.048318 0.998108 0.807786
273 0.046836 0.997837 0.802920
274 0.052454 0.997837 0.790754
275 0.041149 0.998108 0.807786
276 0.044211 0.998108 0.800487
277 0.040956 0.998108 0.790754
278 0.049283 0.997837 0.810219
279 0.045950 0.997297 0.817518
280 0.041412 0.997837 0.802920
281 0.053139 0.997837 0.807786
282 0.047596 0.998378 0.795620
283 0.039429 0.997837 0.793187
284 0.045809 0.997567 0.802920
285 0.044575 0.998378 0.800487
286 0.041612 0.998108 0.800487
287 0.041403 0.998108 0.798054
288 0.045264 0.998108 0.807786
289 0.044833 0.998108 0.781022
290 0.039388 0.997837 0.800487
291 0.042124 0.998108 0.795620
292 0.041655 0.998108 0.800487
293 0.042565 0.998108 0.798054
294 0.045728 0.998108 0.798054
295 0.037875 0.998648 0.798054
296 0.042187 0.997567 0.800487
297 0.041181 0.998108 0.802920
298 0.044448 0.998108 0.795620
299 0.045414 0.997837 0.793187
300 0.044056 0.997837 0.800487
301 0.042447 0.997837 0.800487
302 0.041223 0.997837 0.798054
303 0.040788 0.997837 0.795620
304 0.040549 0.998378 0.788321
305 0.039790 0.997297 0.798054
306 0.042032 0.998378 0.798054
307 0.043991 0.998648 0.800487
308 0.046543 0.998378 0.800487
309 0.043238 0.998378 0.805353
310 0.046538 0.997837 0.802920
311 0.040956 0.998648 0.802920
312 0.038500 0.998648 0.795620
313 0.042346 0.998648 0.795620
314 0.037911 0.997837 0.795620
315 0.038697 0.998378 0.805353
316 0.041460 0.998648 0.800487
317 0.041822 0.998378 0.802920
318 0.041305 0.998378 0.807786
319 0.040811 0.998108 0.802920
320 0.038591 0.998378 0.795620
321 0.039654 0.998378 0.800487
322 0.043965 0.998378 0.798054
323 0.038346 0.998378 0.810219
324 0.041741 0.998378 0.800487
325 0.045269 0.998378 0.798054
326 0.044028 0.997837 0.798054
327 0.042516 0.998378 0.815085
328 0.041484 0.998378 0.800487
329 0.038224 0.998378 0.807786
330 0.040904 0.998108 0.805353
331 0.038253 0.998648 0.805353
332 0.040995 0.998378 0.800487
333 0.037593 0.998378 0.798054
334 0.037962 0.998108 0.793187
335 0.043606 0.998648 0.793187
336 0.038411 0.998378 0.795620
337 0.036358 0.998378 0.795620
338 0.037769 0.998378 0.802920
339 0.039351 0.998378 0.793187
340 0.041402 0.998648 0.805353
341 0.039945 0.998648 0.802920
342 0.040420 0.997837 0.805353
343 0.042743 0.998108 0.807786
344 0.037832 0.998648 0.802920
345 0.039830 0.998648 0.805353
346 0.038006 0.998648 0.802920
347 0.040775 0.998648 0.802920
348 0.044050 0.997567 0.805353
349 0.041969 0.998648 0.800487
350 0.040854 0.998648 0.810219
