1 1.095967 0.852941 0.833333
2 0.250555 0.958824 0.833333
3 0.156245 0.958824 0.888889
4 0.114454 0.911765 0.777778
5 0.121549 0.935294 0.777778
6 0.140197 0.976471 0.888889
7 0.130085 0.994118 0.833333
8 0.101678 0.876471 0.722222
9 0.083236 0.970588 0.833333
10 0.065031 0.911765 0.722222
11 0.042422 0.976471 0.888889
12 0.041095 1.000000 0.777778
13 0.052088 0.947059 0.833333
14 0.056338 0.941176 0.888889
15 0.113160 0.976471 0.777778
16 0.040811 0.976471 0.833333
17 0.024835 0.976471 0.833333
18 0.020262 0.994118 0.833333
19 0.027840 1.000000 0.833333
20 0.058211 1.000000 0.888889
21 0.036450 1.000000 0.777778
22 0.034511 1.000000 0.833333
23 0.050869 0.958824 0.888889
24 0.034764 1.000000 0.777778
25 0.038332 1.000000 0.777778
26 0.020071 1.000000 0.833333
27 0.020600 1.000000 0.777778
28 0.028550 0.923529 0.777778
29 0.117911 0.894118 0.722222
30 0.069410 0.958824 0.722222
31 0.039066 0.923529 0.777778
32 0.044884 0.994118 0.833333
33 0.022820 1.000000 0.833333
34 0.026279 1.000000 0.777778
35 0.022311 0.988235 0.833333
36 0.023563 1.000000 0.777778
37 0.018806 1.000000 0.777778
38 0.014715 1.000000 0.777778
39 0.022329 1.000000 0.777778
40 0.014753 1.000000 0.777778
41 0.028095 1.000000 0.777778
42 0.288522 0.800000 0.888889
43 0.104991 0.994118 0.944444
44 0.032416 1.000000 0.944444
45 0.020349 1.000000 0.833333
46 0.024321 1.000000 0.944444
47 0.020029 1.000000 0.777778
48 0.075138 0.970588 0.888889
49 0.019856 1.000000 0.888889
50 0.018948 1.000000 0.888889
51 0.014647 1.000000 0.944444
52 0.012714 1.000000 0.888889
53 0.015301 1.000000 0.944444
54 0.013573 1.000000 0.944444
55 0.011401 1.000000 0.888889
56 0.017867 1.000000 0.888889
57 0.015588 1.000000 0.888889
58 0.016086 1.000000 0.833333
59 0.012884 1.000000 0.833333
60 0.010391 1.000000 0.888889
61 0.013675 1.000000 0.888889
62 0.015641 1.000000 0.888889
63 0.011648 1.000000 0.888889
64 0.016006 1.000000 0.888889
65 0.011491 1.000000 0.888889
66 0.012656 1.000000 0.888889
67 0.011189 1.000000 0.944444
68 0.013093 1.000000 0.944444
69 0.011862 1.000000 0.888889
70 0.011628 1.000000 0.888889
