1 0.883707 0.905325 0.947368
2 0.369259 0.934911 0.947368
3 0.331261 0.923077 0.947368
4 0.249460 0.923077 0.947368
5 0.227953 0.905325 0.947368
6 0.214442 0.958580 0.947368
7 0.242775 0.917160 0.894737
8 0.136624 0.946746 0.947368
9 0.140214 0.964497 0.947368
10 0.140632 0.923077 0.894737
11 0.111134 1.000000 0.947368
12 0.101155 0.976331 0.947368
13 0.079988 0.970414 0.947368
14 0.105923 0.970414 0.947368
15 0.070454 0.988166 0.947368
16 0.205994 0.958580 0.894737
17 0.128669 0.893491 0.947368
18 0.070813 0.964497 0.947368
19 0.061860 1.000000 0.947368
20 0.040789 0.952663 0.947368
21 0.049910 0.952663 0.947368
22 0.044229 1.000000 0.947368
23 0.039542 1.000000 0.947368
24 0.032317 1.000000 0.947368
25 0.034157 0.994083 0.947368
26 0.030643 0.988166 0.947368
27 0.111293 0.976331 0.947368
28 0.089253 0.905325 0.894737
29 0.090700 0.917160 0.947368
30 0.055528 0.994083 0.947368
31 0.030789 1.000000 0.947368
32 0.030072 1.000000 0.947368
33 0.036809 0.863905 0.842105
34 0.115040 0.857988 0.842105
35 0.093984 0.970414 0.947368
36 0.030941 1.000000 0.947368
37 0.026262 1.000000 0.947368
38 0.026146 0.964497 0.947368
39 0.024666 1.000000 0.947368
40 0.025220 1.000000 0.947368
41 0.032134 1.000000 0.947368
42 0.028668 0.976331 0.947368
43 0.141192 0.869822 0.894737
44 0.189431 0.934911 0.947368
45 0.050152 0.976331 0.947368
46 0.032202 1.000000 0.947368
47 0.028971 1.000000 0.947368
48 0.045463 0.994083 0.947368
49 0.027719 0.994083 0.947368
50 0.019976 1.000000 0.947368
51 0.016505 1.000000 0.947368
52 0.014705 1.000000 0.947368
53 0.019274 1.000000 0.947368
54 0.017674 1.000000 0.947368
55 0.017325 1.000000 0.947368
56 0.014434 1.000000 0.947368
57 0.013937 1.000000 0.947368
58 0.019134 0.994083 0.947368
59 0.016518 1.000000 0.947368
60 0.016448 1.000000 0.947368
61 0.018255 1.000000 0.947368
62 0.018215 1.000000 0.947368
63 0.019611 1.000000 0.947368
64 0.015693 1.000000 0.947368
65 0.016669 1.000000 0.947368
66 0.017602 1.000000 0.947368
67 0.015146 1.000000 0.947368
68 0.015111 1.000000 0.947368
69 0.016634 1.000000 0.947368
70 0.019294 1.000000 0.947368
