1 3.919953 0.612903 0.470588
2 1.538986 0.664516 0.470588
3 1.547002 0.732258 0.558824
4 1.032479 0.722581 0.411765
5 1.269315 0.625806 0.500000
6 0.788669 0.783871 0.529412
7 0.567743 0.816129 0.588235
8 0.515001 0.803226 0.588235
9 0.453077 0.867742 0.558824
10 0.373791 0.900000 0.500000
11 0.365075 0.832258 0.411765
12 0.404496 0.812903 0.382353
13 0.347022 0.935484 0.558824
14 0.310089 0.919355 0.500000
15 0.322709 0.916129 0.529412
16 0.300735 0.854839 0.617647
17 0.287895 0.906452 0.588235
18 0.171289 0.958065 0.529412
19 0.251133 0.870968 0.529412
20 0.173171 0.932258 0.617647
21 0.120189 0.970968 0.558824
22 0.107304 0.967742 0.588235
23 0.235985 0.854839 0.588235
24 0.207950 0.980645 0.617647
25 0.172597 0.941935 0.529412
26 0.197909 0.938710 0.500000
27 0.144804 0.964516 0.470588
28 0.115263 0.964516 0.558824
29 0.102187 0.970968 0.558824
30 0.117608 0.983871 0.500000
31 0.076606 0.993548 0.529412
32 0.077943 0.990323 0.529412
33 0.076410 0.977419 0.558824
34 0.116417 0.948387 0.500000
35 0.362083 0.864516 0.529412
36 0.256678 0.890323 0.558824
37 0.239062 0.948387 0.617647
38 0.175878 0.974194 0.529412
39 0.101242 0.983871 0.500000
40 0.099831 0.977419 0.558824
41 0.086134 0.987097 0.617647
42 0.128354 0.964516 0.411765
43 0.072254 0.993548 0.500000
44 0.051731 0.993548 0.529412
45 0.058525 0.977419 0.529412
46 0.068418 0.987097 0.500000
47 0.131915 0.974194 0.558824
48 0.083296 0.980645 0.411765
49 0.110347 0.977419 0.558824
50 0.094559 0.983871 0.529412
51 0.049230 0.993548 0.529412
52 0.044836 0.993548 0.529412
53 0.047813 0.993548 0.558824
54 0.047946 0.993548 0.529412
55 0.046214 0.993548 0.529412
56 0.039739 0.993548 0.529412
57 0.043022 0.993548 0.529412
58 0.040133 0.993548 0.529412
59 0.043276 0.993548 0.529412
60 0.041238 0.993548 0.529412
61 0.040479 0.993548 0.529412
62 0.045405 0.993548 0.529412
63 0.043011 0.993548 0.529412
64 0.043626 0.993548 0.529412
65 0.039960 0.993548 0.529412
66 0.041055 0.993548 0.529412
67 0.044022 0.993548 0.558824
68 0.044264 0.993548 0.529412
69 0.044781 0.993548 0.529412
70 0.046474 0.993548 0.529412
71 0.046904 0.964516 0.529412
72 0.183754 0.993548 0.500000
73 0.081321 0.970968 0.500000
74 0.091241 0.980645 0.529412
75 0.076460 0.987097 0.500000
76 0.063040 0.993548 0.588235
77 0.045775 0.993548 0.529412
78 0.049477 0.993548 0.558824
79 0.052561 0.993548 0.588235
80 0.043643 0.993548 0.588235
81 0.037211 0.993548 0.529412
82 0.047966 0.993548 0.500000
83 0.044968 0.993548 0.558824
84 0.044546 0.993548 0.558824
85 0.041375 0.993548 0.558824
86 0.043639 0.993548 0.558824
87 0.043470 0.993548 0.558824
88 0.039044 0.993548 0.558824
89 0.042478 0.993548 0.558824
90 0.047189 0.993548 0.500000
91 0.051666 0.993548 0.529412
92 0.045691 0.993548 0.500000
93 0.140414 0.896774 0.411765
94 0.294645 0.951613 0.558824
95 0.096868 0.993548 0.529412
96 0.047535 0.993548 0.500000
97 0.057938 0.993548 0.558824
98 0.045280 0.993548 0.500000
99 0.044369 0.993548 0.558824
100 0.044872 0.993548 0.529412
101 0.032747 0.993548 0.529412
102 0.037393 0.993548 0.500000
103 0.037451 0.993548 0.529412
104 0.032009 0.993548 0.529412
105 0.038194 0.993548 0.500000
106 0.039438 0.993548 0.529412
107 0.036464 0.993548 0.529412
108 0.035988 0.993548 0.500000
109 0.036118 0.993548 0.529412
110 0.035148 0.993548 0.529412
111 0.034250 0.993548 0.529412
112 0.034892 0.993548 0.529412
113 0.040962 0.993548 0.529412
114 0.038039 0.993548 0.529412
115 0.034357 0.993548 0.529412
116 0.034531 0.993548 0.529412
117 0.088608 0.951613 0.470588
118 0.077113 0.993548 0.558824
119 0.045310 0.993548 0.529412
120 0.042384 0.993548 0.529412
121 0.035862 0.993548 0.500000
122 0.036941 0.993548 0.500000
123 0.035851 0.993548 0.500000
124 0.035676 0.993548 0.500000
125 0.033846 0.993548 0.500000
126 0.037093 0.993548 0.500000
127 0.034534 0.993548 0.500000
128 0.037813 0.993548 0.500000
129 0.031624 0.993548 0.529412
130 0.035100 0.993548 0.500000
131 0.031831 0.993548 0.500000
132 0.033530 0.993548 0.500000
133 0.038419 0.993548 0.500000
134 0.036254 0.993548 0.529412
135 0.042697 0.993548 0.529412
136 0.031673 0.993548 0.500000
137 0.039959 0.993548 0.529412
138 0.032980 0.993548 0.500000
139 0.034957 0.993548 0.529412
140 0.085857 0.970968 0.558824
141 0.085649 0.990323 0.500000
142 0.047227 0.993548 0.500000
143 0.050941 0.990323 0.558824
144 0.060493 0.993548 0.529412
145 0.040871 0.993548 0.558824
146 0.031370 0.993548 0.558824
147 0.037469 0.993548 0.529412
148 0.033437 0.993548 0.500000
149 0.037321 0.993548 0.500000
150 0.034736 0.993548 0.529412
151 0.031792 0.993548 0.529412
152 0.034162 0.993548 0.529412
153 0.030656 0.993548 0.500000
154 0.032346 0.993548 0.500000
155 0.027705 0.993548 0.529412
156 0.032439 0.993548 0.500000
157 0.031129 0.993548 0.529412
158 0.030217 0.993548 0.529412
159 0.031612 0.993548 0.500000
160 0.033449 0.993548 0.500000
161 0.031497 0.993548 0.500000
162 0.031206 0.993548 0.500000
163 0.028618 0.993548 0.500000
164 0.030955 0.993548 0.500000
165 0.027442 0.993548 0.529412
166 0.031578 0.993548 0.500000
167 0.055640 0.993548 0.558824
168 0.034835 0.993548 0.558824
169 0.031407 0.993548 0.529412
170 0.028944 0.993548 0.529412
171 0.033992 0.993548 0.529412
172 0.029417 0.993548 0.529412
173 0.032525 0.993548 0.529412
174 0.029101 0.993548 0.558824
175 0.030626 0.993548 0.529412
176 0.029144 0.993548 0.558824
177 0.028956 0.993548 0.529412
178 0.028339 0.993548 0.529412
179 0.029176 0.993548 0.529412
180 0.034836 0.993548 0.529412
181 0.029020 0.993548 0.529412
182 0.030255 0.993548 0.529412
183 0.026363 0.993548 0.529412
184 0.033077 0.993548 0.529412
185 0.029884 0.993548 0.500000
186 0.029056 0.993548 0.529412
187 0.029543 0.993548 0.529412
188 0.030417 0.993548 0.529412
189 0.029843 0.993548 0.558824
190 0.030702 0.993548 0.529412
191 0.027611 0.993548 0.529412
192 0.033517 0.993548 0.558824
193 0.030730 0.993548 0.529412
194 0.028421 0.993548 0.529412
195 0.032862 0.993548 0.558824
196 0.045999 0.993548 0.558824
197 0.036609 0.993548 0.529412
198 0.039889 0.990323 0.558824
199 0.042531 0.993548 0.500000
200 0.033179 0.993548 0.529412
201 0.026911 0.993548 0.529412
202 0.029074 0.993548 0.529412
203 0.027098 0.993548 0.529412
204 0.028828 0.993548 0.558824
205 0.026662 0.993548 0.558824
206 0.027782 0.993548 0.558824
207 0.029253 0.993548 0.529412
208 0.026885 0.993548 0.529412
209 0.029797 0.993548 0.529412
210 0.028843 0.993548 0.558824
211 0.027860 0.993548 0.558824
212 0.032345 0.993548 0.529412
213 0.026905 0.993548 0.558824
214 0.029489 0.993548 0.529412
215 0.026630 0.993548 0.558824
216 0.026546 0.993548 0.529412
217 0.027598 0.993548 0.500000
218 0.028160 0.993548 0.558824
219 0.027233 0.993548 0.558824
220 0.026201 0.993548 0.529412
221 0.024691 0.993548 0.529412
222 0.030126 0.993548 0.588235
223 0.027630 0.993548 0.588235
224 0.026309 0.993548 0.558824
225 0.025494 0.993548 0.558824
226 0.027871 0.993548 0.500000
227 0.025946 0.993548 0.529412
228 0.027036 0.993548 0.588235
229 0.024655 0.993548 0.529412
230 0.026374 0.993548 0.588235
231 0.028060 0.993548 0.558824
232 0.026091 0.993548 0.529412
233 0.028355 0.993548 0.529412
234 0.024856 0.993548 0.558824
235 0.025813 0.993548 0.529412
236 0.026095 0.993548 0.558824
237 0.030335 0.993548 0.558824
238 0.024197 0.993548 0.558824
239 0.025182 0.993548 0.558824
240 0.026218 0.993548 0.558824
241 0.027661 0.993548 0.558824
242 0.025945 0.993548 0.558824
243 0.021230 0.993548 0.558824
244 0.028229 0.993548 0.558824
245 0.025393 0.993548 0.558824
246 0.029744 0.993548 0.558824
247 0.026054 0.993548 0.558824
248 0.033195 0.993548 0.588235
249 0.030821 0.993548 0.558824
250 0.025564 0.993548 0.558824
251 0.025438 0.993548 0.558824
252 0.023555 0.993548 0.558824
253 0.022739 0.993548 0.558824
254 0.025434 0.993548 0.558824
255 0.025694 0.993548 0.558824
256 0.025012 0.993548 0.558824
257 0.021727 0.993548 0.558824
258 0.023126 0.993548 0.558824
259 0.023464 0.993548 0.558824
260 0.024309 0.993548 0.558824
261 0.026241 0.993548 0.558824
262 0.023461 0.993548 0.558824
263 0.022122 0.993548 0.558824
264 0.024102 0.993548 0.558824
265 0.029232 0.993548 0.558824
266 0.025067 0.993548 0.558824
267 0.027475 0.993548 0.558824
268 0.025103 0.993548 0.558824
269 0.025753 0.993548 0.558824
270 0.022135 0.993548 0.558824
271 0.024021 0.993548 0.558824
272 0.026987 0.993548 0.558824
273 0.026951 0.993548 0.558824
274 0.024800 0.993548 0.558824
275 0.022711 0.993548 0.558824
276 0.026796 0.993548 0.558824
277 0.023282 0.993548 0.558824
278 0.024278 0.993548 0.558824
279 0.024968 0.993548 0.558824
280 0.023718 0.993548 0.558824
281 0.028934 0.993548 0.558824
282 0.026446 0.993548 0.558824
283 0.023604 0.993548 0.558824
284 0.025879 0.993548 0.558824
285 0.026656 0.993548 0.558824
286 0.023843 0.993548 0.558824
287 0.027920 0.993548 0.558824
288 0.023023 0.993548 0.558824
289 0.025721 0.993548 0.558824
290 0.025589 0.993548 0.558824
291 0.024958 0.993548 0.558824
292 0.024640 0.993548 0.558824
293 0.021921 0.993548 0.558824
294 0.026033 0.993548 0.558824
295 0.024637 0.993548 0.558824
296 0.023348 0.993548 0.558824
297 0.027774 0.993548 0.558824
298 0.024838 0.993548 0.558824
299 0.025224 0.993548 0.558824
300 0.025449 0.993548 0.558824
301 0.025360 0.993548 0.558824
302 0.023423 0.993548 0.558824
303 0.024610 0.993548 0.558824
304 0.020644 0.993548 0.558824
305 0.020378 0.993548 0.558824
306 0.022587 0.993548 0.558824
307 0.022842 0.993548 0.558824
308 0.022712 0.993548 0.558824
309 0.025463 0.993548 0.558824
310 0.024488 0.993548 0.558824
311 0.023625 0.993548 0.558824
312 0.021829 0.993548 0.529412
313 0.021846 0.993548 0.558824
314 0.021988 0.993548 0.558824
315 0.022348 0.993548 0.558824
316 0.025055 0.993548 0.558824
317 0.026054 0.993548 0.558824
318 0.023289 0.993548 0.558824
319 0.024789 0.993548 0.558824
320 0.022356 0.993548 0.558824
321 0.025680 0.993548 0.529412
322 0.021438 0.993548 0.558824
323 0.020328 0.993548 0.558824
324 0.026974 0.993548 0.558824
325 0.023808 0.993548 0.529412
326 0.024175 0.993548 0.558824
327 0.021989 0.993548 0.558824
328 0.023954 0.993548 0.558824
329 0.025217 0.993548 0.558824
330 0.025416 0.993548 0.558824
331 0.022673 0.993548 0.558824
332 0.021495 0.993548 0.558824
333 0.022811 0.993548 0.558824
334 0.022939 0.993548 0.558824
335 0.021190 0.993548 0.558824
336 0.023697 0.993548 0.558824
337 0.022663 0.993548 0.558824
338 0.024405 0.993548 0.558824
339 0.024529 0.993548 0.529412
340 0.025802 0.993548 0.529412
341 0.021306 0.993548 0.529412
342 0.025351 0.993548 0.529412
343 0.023541 0.993548 0.529412
344 0.023735 0.993548 0.558824
345 0.024976 0.993548 0.529412
346 0.021160 0.993548 0.529412
347 0.024521 0.993548 0.529412
348 0.024649 0.993548 0.529412
349 0.024004 0.993548 0.529412
350 0.024346 0.993548 0.529412
