1 3.635075 0.666667 0.514286
2 1.477383 0.663430 0.600000
3 1.540085 0.721683 0.571429
4 0.967121 0.763754 0.628571
5 0.869268 0.708738 0.514286
6 0.972375 0.695793 0.485714
7 0.941138 0.805825 0.657143
8 0.674677 0.854369 0.571429
9 0.666456 0.796117 0.657143
10 0.585161 0.825243 0.628571
11 0.529356 0.867314 0.542857
12 0.443893 0.825243 0.657143
13 0.362305 0.841424 0.600000
14 0.236967 0.896440 0.571429
15 0.374152 0.857605 0.571429
16 0.243210 0.961165 0.600000
17 0.272890 0.815534 0.571429
18 0.242302 0.957929 0.628571
19 0.178873 0.935275 0.628571
20 0.203505 0.886731 0.657143
21 0.317576 0.899676 0.657143
22 0.199892 0.935275 0.600000
23 0.109313 0.983819 0.600000
24 0.078985 0.996764 0.600000
25 0.155179 0.922330 0.600000
26 0.096256 0.987055 0.628571
27 0.094780 0.970874 0.628571
28 0.133575 0.902913 0.600000
29 0.136751 0.977346 0.571429
30 0.155807 0.967638 0.657143
31 0.368543 0.915858 0.657143
32 0.147276 0.987055 0.628571
33 0.073448 0.993528 0.657143
34 0.082252 0.987055 0.600000
35 0.065100 0.996764 0.600000
36 0.082773 0.974110 0.685714
37 0.097055 0.954693 0.600000
38 0.156507 0.987055 0.685714
39 0.057597 0.996764 0.657143
40 0.046442 0.996764 0.628571
41 0.051535 0.996764 0.685714
42 0.048704 0.996764 0.657143
43 0.199474 0.844660 0.657143
44 0.235103 0.915858 0.571429
45 0.168263 0.909385 0.600000
46 0.103465 0.974110 0.571429
47 0.096744 0.977346 0.628571
48 0.069293 0.996764 0.571429
49 0.072174 0.977346 0.657143
50 0.102174 0.996764 0.600000
51 0.042821 0.996764 0.600000
52 0.037956 0.996764 0.628571
53 0.042170 0.996764 0.628571
54 0.033325 0.996764 0.628571
55 0.035525 0.996764 0.628571
56 0.039034 0.996764 0.628571
57 0.036028 0.996764 0.628571
58 0.035302 0.996764 0.657143
59 0.035789 0.996764 0.628571
60 0.037251 0.996764 0.628571
61 0.034775 0.996764 0.628571
62 0.032407 0.996764 0.600000
63 0.046652 0.996764 0.600000
64 0.039337 0.996764 0.628571
65 0.033717 0.996764 0.628571
66 0.033105 0.996764 0.628571
67 0.032272 0.996764 0.657143
68 0.041261 0.996764 0.628571
69 0.041899 0.996764 0.657143
70 0.034074 0.996764 0.657143
71 0.040554 0.993528 0.628571
72 0.041220 0.996764 0.571429
73 0.035387 0.996764 0.628571
74 0.070191 0.951456 0.542857
75 0.149063 0.983819 0.600000
76 0.149429 0.970874 0.657143
77 0.066946 0.996764 0.571429
78 0.035454 0.996764 0.571429
79 0.044402 0.996764 0.600000
80 0.042569 0.996764 0.600000
81 0.032171 0.996764 0.571429
82 0.035398 0.996764 0.571429
83 0.033925 0.996764 0.600000
84 0.029712 0.996764 0.628571
85 0.029802 0.996764 0.600000
86 0.030704 0.996764 0.571429
87 0.028290 0.996764 0.628571
88 0.029768 0.996764 0.571429
89 0.031738 0.996764 0.571429
90 0.037604 0.996764 0.571429
91 0.035126 0.996764 0.571429
92 0.037648 0.996764 0.571429
93 0.031042 0.996764 0.571429
94 0.029613 0.996764 0.571429
95 0.035150 0.996764 0.571429
96 0.031009 0.996764 0.571429
97 0.044399 0.974110 0.628571
98 0.379390 0.912621 0.628571
99 0.091536 0.987055 0.600000
100 0.045607 0.996764 0.628571
101 0.031519 0.996764 0.657143
102 0.033624 0.996764 0.628571
103 0.033057 0.996764 0.628571
104 0.029365 0.996764 0.657143
105 0.029076 0.996764 0.657143
106 0.035007 0.996764 0.628571
107 0.034993 0.996764 0.657143
108 0.026848 0.996764 0.600000
109 0.030139 0.996764 0.657143
110 0.026891 0.996764 0.628571
111 0.029789 0.996764 0.657143
112 0.029248 0.996764 0.628571
113 0.026866 0.996764 0.628571
114 0.027679 0.996764 0.571429
115 0.034041 0.996764 0.657143
116 0.027566 0.996764 0.657143
117 0.023308 0.996764 0.628571
118 0.034424 0.996764 0.628571
119 0.031171 0.996764 0.600000
120 0.030141 0.996764 0.628571
121 0.027519 0.990291 0.600000
122 0.028001 0.996764 0.600000
123 0.023754 0.996764 0.600000
124 0.026481 0.996764 0.600000
125 0.023840 0.996764 0.600000
126 0.028731 0.996764 0.600000
127 0.027768 0.996764 0.600000
128 0.025244 0.996764 0.600000
129 0.027333 0.996764 0.571429
130 0.027296 0.996764 0.571429
131 0.027888 0.996764 0.600000
132 0.029689 0.996764 0.600000
133 0.033047 0.996764 0.600000
134 0.029737 0.996764 0.600000
135 0.029153 0.996764 0.628571
136 0.026116 0.996764 0.571429
137 0.034639 0.996764 0.571429
138 0.025462 0.996764 0.571429
139 0.025991 0.996764 0.571429
140 0.027644 0.996764 0.600000
141 0.087333 0.883495 0.600000
142 0.155329 0.961165 0.571429
143 0.057971 0.996764 0.600000
144 0.034647 0.996764 0.628571
145 0.035010 0.996764 0.628571
146 0.028444 0.996764 0.628571
147 0.031861 0.996764 0.628571
148 0.026692 0.996764 0.628571
149 0.026781 0.996764 0.600000
150 0.031861 0.996764 0.600000
151 0.025437 0.996764 0.628571
152 0.022741 0.996764 0.628571
153 0.024905 0.996764 0.600000
154 0.027390 0.996764 0.600000
155 0.024968 0.996764 0.628571
156 0.022842 0.996764 0.628571
157 0.022732 0.996764 0.628571
158 0.023601 0.996764 0.628571
159 0.023004 0.996764 0.628571
160 0.025284 0.996764 0.628571
161 0.025204 0.996764 0.628571
162 0.026356 0.996764 0.628571
163 0.023141 0.996764 0.628571
164 0.021565 0.996764 0.628571
165 0.026019 0.996764 0.628571
166 0.024842 0.996764 0.628571
167 0.023177 0.996764 0.628571
168 0.019824 0.996764 0.628571
169 0.021408 0.996764 0.628571
170 0.021064 0.996764 0.628571
171 0.022584 0.996764 0.628571
172 0.025671 0.996764 0.628571
173 0.024964 0.996764 0.628571
174 0.025305 0.996764 0.628571
175 0.027994 0.996764 0.628571
176 0.019362 0.996764 0.628571
177 0.021678 0.996764 0.628571
178 0.025606 0.996764 0.628571
179 0.022020 0.996764 0.628571
180 0.026208 0.996764 0.628571
181 0.024706 0.996764 0.628571
182 0.024276 0.996764 0.628571
183 0.021261 0.996764 0.628571
184 0.022913 0.996764 0.628571
185 0.021681 0.996764 0.628571
186 0.019103 0.996764 0.600000
187 0.021772 0.996764 0.628571
188 0.021011 0.996764 0.657143
189 0.022056 0.996764 0.657143
190 0.022120 0.996764 0.600000
191 0.022313 0.996764 0.628571
192 0.021739 0.996764 0.657143
193 0.023872 0.996764 0.571429
194 0.028625 0.996764 0.600000
195 0.023877 0.996764 0.600000
196 0.019526 0.996764 0.600000
197 0.022258 0.996764 0.628571
198 0.023268 0.996764 0.628571
199 0.021665 0.996764 0.600000
200 0.018372 0.996764 0.628571
201 0.018506 0.996764 0.628571
202 0.021814 0.996764 0.657143
203 0.021398 0.996764 0.657143
204 0.019951 0.996764 0.628571
205 0.018757 0.996764 0.628571
206 0.018856 0.996764 0.628571
207 0.020406 0.996764 0.628571
208 0.019715 0.996764 0.628571
209 0.019806 0.996764 0.628571
210 0.020327 0.996764 0.628571
211 0.017799 0.996764 0.600000
212 0.022774 0.996764 0.600000
213 0.029185 0.996764 0.628571
214 0.021648 0.996764 0.600000
215 0.019880 0.996764 0.600000
216 0.018875 0.996764 0.628571
217 0.028198 0.996764 0.628571
218 0.021889 0.996764 0.628571
219 0.020923 0.996764 0.628571
220 0.020441 0.996764 0.628571
221 0.018320 0.996764 0.628571
222 0.020491 0.996764 0.628571
223 0.021464 0.996764 0.628571
224 0.018367 0.996764 0.628571
225 0.017188 0.996764 0.628571
226 0.019465 0.996764 0.628571
227 0.019352 0.996764 0.628571
228 0.018487 0.996764 0.628571
229 0.019513 0.996764 0.628571
230 0.021693 0.996764 0.628571
231 0.022551 0.996764 0.628571
232 0.017817 0.996764 0.628571
233 0.018676 0.996764 0.628571
234 0.015858 0.996764 0.628571
235 0.015778 0.996764 0.628571
236 0.019045 0.996764 0.628571
237 0.018199 0.996764 0.600000
238 0.017305 0.996764 0.628571
239 0.018675 0.996764 0.657143
240 0.020848 0.996764 0.628571
241 0.018860 0.996764 0.628571
242 0.018399 0.996764 0.600000
243 0.017960 0.996764 0.600000
244 0.022869 0.996764 0.657143
245 0.018028 0.996764 0.600000
246 0.020013 0.996764 0.628571
247 0.016181 0.996764 0.628571
248 0.020784 0.996764 0.628571
249 0.018269 0.996764 0.628571
250 0.019452 0.996764 0.628571
251 0.019353 0.996764 0.600000
252 0.016519 0.996764 0.628571
253 0.016712 0.996764 0.657143
254 0.018398 0.996764 0.628571
255 0.014691 0.996764 0.628571
256 0.017941 0.996764 0.600000
257 0.016441 0.996764 0.628571
258 0.016381 0.996764 0.657143
259 0.016926 0.996764 0.628571
260 0.016988 0.996764 0.628571
261 0.019104 0.996764 0.657143
262 0.018651 0.996764 0.600000
263 0.017907 0.996764 0.600000
264 0.017226 0.996764 0.628571
265 0.017087 0.996764 0.628571
266 0.017955 0.996764 0.628571
267 0.017846 0.996764 0.628571
268 0.018118 0.996764 0.628571
269 0.017518 0.996764 0.628571
270 0.015814 0.996764 0.628571
271 0.016532 0.996764 0.657143
272 0.017479 0.996764 0.657143
273 0.018442 0.996764 0.628571
274 0.020016 0.996764 0.628571
275 0.017372 0.996764 0.657143
276 0.018287 0.996764 0.657143
277 0.018551 0.996764 0.657143
278 0.016954 0.996764 0.628571
279 0.021045 0.996764 0.600000
280 0.018487 0.996764 0.628571
281 0.020479 0.996764 0.600000
282 0.019287 0.996764 0.600000
283 0.017339 0.996764 0.600000
284 0.016574 0.996764 0.628571
285 0.017705 0.996764 0.600000
286 0.019083 0.996764 0.628571
287 0.019461 0.996764 0.628571
288 0.015529 0.996764 0.600000
289 0.017829 0.996764 0.657143
290 0.017602 0.996764 0.628571
291 0.015747 0.996764 0.628571
292 0.016930 0.996764 0.628571
293 0.019264 0.996764 0.657143
294 0.016858 0.996764 0.628571
295 0.017470 0.996764 0.628571
296 0.014739 0.996764 0.628571
297 0.017597 0.996764 0.600000
298 0.019279 0.996764 0.628571
299 0.013905 0.996764 0.628571
300 0.015976 0.996764 0.628571
301 0.016126 0.996764 0.628571
302 0.017106 0.996764 0.600000
303 0.019844 0.996764 0.628571
304 0.015198 0.996764 0.628571
305 0.017418 0.996764 0.628571
306 0.016881 0.996764 0.628571
307 0.015879 0.996764 0.628571
308 0.017305 0.996764 0.628571
309 0.018415 0.996764 0.600000
310 0.018189 0.996764 0.628571
311 0.017539 0.996764 0.628571
312 0.018587 0.996764 0.628571
313 0.017663 0.996764 0.628571
314 0.016034 0.996764 0.628571
315 0.014534 0.996764 0.628571
316 0.016305 0.996764 0.600000
317 0.018441 0.996764 0.628571
318 0.015989 0.996764 0.600000
319 0.016661 0.996764 0.628571
320 0.016017 0.996764 0.628571
321 0.014789 0.996764 0.628571
322 0.018545 0.996764 0.628571
323 0.017095 0.996764 0.628571
324 0.016701 0.996764 0.628571
325 0.017969 0.996764 0.628571
326 0.018948 0.996764 0.628571
327 0.015865 0.996764 0.628571
328 0.016777 0.996764 0.628571
329 0.017147 0.996764 0.628571
330 0.015772 0.996764 0.628571
331 0.016595 0.996764 0.628571
332 0.015225 0.996764 0.628571
333 0.015653 0.996764 0.628571
334 0.016471 0.996764 0.628571
335 0.017163 0.996764 0.628571
336 0.017467 0.996764 0.628571
337 0.017160 0.996764 0.628571
338 0.015066 0.996764 0.628571
339 0.019333 0.996764 0.628571
340 0.018152 0.996764 0.628571
341 0.015615 0.996764 0.628571
342 0.019436 0.996764 0.628571
343 0.017152 0.996764 0.628571
344 0.016553 0.996764 0.600000
345 0.019773 0.996764 0.600000
346 0.017762 0.996764 0.628571
347 0.018704 0.996764 0.628571
348 0.018485 0.996764 0.628571
349 0.014816 0.996764 0.628571
350 0.018651 0.996764 0.628571
