1 3.345108 0.488148 0.466667
2 1.715122 0.494815 0.480000
3 1.698045 0.405926 0.440000
4 1.678644 0.491111 0.453333
5 1.439169 0.470370 0.460000
6 1.582917 0.514074 0.446667
7 1.243280 0.522963 0.473333
8 1.576041 0.514815 0.433333
9 1.119954 0.534074 0.480000
10 1.230077 0.525926 0.466667
11 1.533535 0.545185 0.533333
12 1.037150 0.550370 0.486667
13 1.050911 0.542222 0.520000
14 1.036536 0.545926 0.480000
15 1.010456 0.529630 0.473333
16 1.129042 0.557037 0.493333
17 1.055208 0.544444 0.480000
18 1.061525 0.549630 0.513333
19 0.990696 0.551111 0.506667
20 0.989813 0.556296 0.480000
21 1.181798 0.550370 0.480000
22 0.978444 0.545926 0.460000
23 0.995592 0.527407 0.493333
24 1.018978 0.559259 0.506667
25 1.006776 0.542222 0.426667
26 0.977368 0.547407 0.466667
27 0.945601 0.556296 0.446667
28 0.937060 0.549630 0.473333
29 0.928203 0.574815 0.493333
30 0.986112 0.555556 0.473333
31 1.026633 0.546667 0.453333
32 0.936237 0.562963 0.493333
33 0.967447 0.551852 0.493333
34 0.928700 0.566667 0.486667
35 0.992383 0.537778 0.466667
36 0.974659 0.549630 0.433333
37 0.937995 0.551111 0.460000
38 0.917623 0.568148 0.493333
39 0.919320 0.565926 0.486667
40 0.921593 0.566667 0.493333
41 0.916175 0.563704 0.433333
42 0.930466 0.565185 0.486667
43 0.929813 0.558519 0.473333
44 0.919369 0.565185 0.486667
45 0.950631 0.573333 0.466667
46 0.973741 0.582222 0.506667
47 0.900450 0.582222 0.500000
48 0.912029 0.534815 0.453333
49 0.922848 0.586667 0.440000
50 0.887389 0.594815 0.493333
51 0.861942 0.600741 0.473333
52 0.873348 0.591111 0.453333
53 0.874496 0.598519 0.446667
54 0.860519 0.606667 0.473333
55 0.869698 0.605185 0.480000
56 0.845595 0.611111 0.446667
57 0.854533 0.602963 0.493333
58 0.869256 0.614815 0.480000
59 0.855192 0.622222 0.480000
60 0.839038 0.620741 0.460000
61 0.846845 0.625926 0.460000
62 0.873246 0.615556 0.480000
63 0.848454 0.624444 0.473333
64 0.882234 0.618519 0.486667
65 0.847135 0.627407 0.486667
66 0.848716 0.605926 0.466667
67 0.854282 0.623704 0.486667
68 0.841050 0.631111 0.480000
69 0.826380 0.631852 0.446667
70 0.824355 0.634074 0.480000
