1 6.756722 0.726444 0.724000
2 1.789379 0.538667 0.508000
3 1.041417 0.706000 0.686000
4 0.793081 0.705556 0.696000
5 0.984264 0.759111 0.746000
6 1.000738 0.739556 0.718000
7 0.707765 0.765333 0.734000
8 0.775838 0.744667 0.738000
9 0.766112 0.775778 0.760000
10 0.707150 0.728222 0.728000
11 0.817618 0.750889 0.750000
12 0.739785 0.744000 0.712000
13 0.596334 0.756889 0.736000
14 0.579537 0.780222 0.764000
15 0.543731 0.788000 0.768000
16 0.631641 0.777556 0.756000
17 0.594998 0.774222 0.744000
18 0.574615 0.779778 0.752000
19 0.538486 0.740444 0.718000
20 0.755370 0.767778 0.736000
21 0.606388 0.774000 0.738000
22 0.566146 0.795556 0.756000
23 0.544987 0.761556 0.732000
24 0.524801 0.782889 0.762000
25 0.554901 0.801778 0.764000
26 0.534305 0.784667 0.744000
27 0.535321 0.796222 0.736000
28 0.517723 0.801778 0.736000
29 0.540256 0.783556 0.736000
30 0.523582 0.773556 0.704000
