1 1.140355 0.816568 0.684211
2 0.201837 0.899408 0.894737
3 0.202964 0.934911 0.894737
4 0.149984 0.928994 0.842105
5 0.142506 0.970414 0.789474
6 0.144985 0.988166 0.842105
7 0.162398 0.970414 0.894737
8 0.111181 0.946746 0.947368
9 0.038742 1.000000 0.789474
10 0.043304 1.000000 0.842105
11 0.035307 1.000000 0.789474
12 0.024183 1.000000 0.789474
13 0.085467 0.875740 0.736842
14 0.125573 0.970414 0.789474
15 0.038615 1.000000 0.789474
16 0.028087 1.000000 0.789474
17 0.023458 1.000000 0.842105
18 0.027164 1.000000 0.789474
19 0.018265 1.000000 0.789474
20 0.021487 1.000000 0.842105
21 0.061974 0.970414 0.789474
22 0.172754 0.988166 0.842105
23 0.070864 0.982249 0.842105
24 0.069580 0.970414 0.947368
25 0.024373 1.000000 0.894737
26 0.030133 0.994083 0.789474
27 0.032750 1.000000 0.894737
28 0.019223 0.994083 0.842105
29 0.017601 1.000000 0.789474
30 0.016068 1.000000 0.789474
31 0.021728 1.000000 0.842105
32 0.013657 1.000000 0.842105
33 0.013711 1.000000 0.842105
34 0.019885 1.000000 0.789474
35 0.069003 1.000000 0.789474
36 0.019002 1.000000 0.789474
37 0.018007 0.994083 0.789474
38 0.021441 1.000000 0.789474
39 0.017846 1.000000 0.842105
40 0.017347 1.000000 0.842105
41 0.014780 1.000000 0.789474
42 0.015503 1.000000 0.789474
43 0.011303 1.000000 0.789474
44 0.013891 1.000000 0.789474
45 0.020371 1.000000 0.789474
46 0.029094 0.934911 0.736842
47 0.092613 0.958580 0.894737
48 0.197483 0.911243 0.789474
49 0.048101 1.000000 0.789474
50 0.014557 1.000000 0.842105
51 0.012758 1.000000 0.842105
52 0.015100 1.000000 0.842105
53 0.021161 1.000000 0.842105
54 0.014452 1.000000 0.842105
55 0.013144 1.000000 0.842105
56 0.019674 1.000000 0.842105
57 0.016481 1.000000 0.842105
58 0.012478 1.000000 0.842105
59 0.015097 1.000000 0.789474
60 0.011562 1.000000 0.789474
61 0.014247 1.000000 0.789474
62 0.010881 1.000000 0.842105
63 0.013166 1.000000 0.789474
64 0.014942 1.000000 0.789474
65 0.013137 1.000000 0.789474
66 0.011246 1.000000 0.789474
67 0.013305 1.000000 0.789474
68 0.014024 1.000000 0.789474
69 0.011536 1.000000 0.789474
70 0.016050 1.000000 0.789474
