1 4.252590 0.523114 0.496350
2 1.911306 0.589619 0.579075
3 1.367158 0.672074 0.625304
4 1.546352 0.605028 0.588808
5 1.243029 0.673696 0.635036
6 1.428566 0.638281 0.613139
7 1.222297 0.698567 0.652068
8 0.852997 0.706677 0.676399
9 0.952044 0.709922 0.683698
10 0.832698 0.714517 0.669100
11 1.013590 0.595566 0.554745
12 0.987219 0.745607 0.690998
13 0.753076 0.754258 0.725061
14 0.889031 0.669370 0.673966
15 0.689389 0.748310 0.722628
16 0.617313 0.646661 0.603406
17 0.756415 0.690457 0.656934
18 0.741869 0.700460 0.661800
19 0.652789 0.773182 0.725061
20 0.618505 0.788321 0.720195
21 0.551353 0.789943 0.734793
22 0.608106 0.752636 0.717762
23 0.551709 0.785077 0.798054
24 0.536511 0.768856 0.734793
25 0.558146 0.725602 0.686131
26 0.538664 0.758043 0.737226
27 0.509720 0.783455 0.739659
28 0.478899 0.775615 0.761557
29 0.490188 0.802379 0.751825
30 0.466512 0.815356 0.781022
31 0.490545 0.785347 0.737226
32 0.484692 0.794539 0.773723
33 0.528530 0.804271 0.763990
34 0.473634 0.818870 0.785888
35 0.459562 0.816167 0.742092
36 0.458407 0.809138 0.783455
37 0.430492 0.822925 0.766423
38 0.429149 0.820222 0.793187
39 0.430576 0.844823 0.788321
40 0.421448 0.827521 0.773723
41 0.451413 0.832928 0.807786
42 0.415446 0.841849 0.798054
43 0.420261 0.819140 0.773723
44 0.411977 0.841849 0.785888
45 0.414304 0.838875 0.790754
46 0.413446 0.832117 0.793187
47 0.402077 0.841849 0.761557
48 0.412137 0.797513 0.761557
49 0.407703 0.822114 0.766423
50 0.391564 0.875372 0.802920
51 0.356138 0.862936 0.805353
52 0.354229 0.891592 0.817518
53 0.358283 0.890781 0.810219
54 0.344248 0.889700 0.798054
55 0.337074 0.891052 0.810219
56 0.348364 0.867802 0.778589
57 0.341903 0.878616 0.793187
58 0.324758 0.882941 0.776156
59 0.342706 0.880238 0.800487
60 0.329483 0.880779 0.785888
61 0.315689 0.901865 0.827251
62 0.308943 0.904028 0.810219
63 0.303446 0.889970 0.800487
64 0.327021 0.883482 0.793187
65 0.303500 0.876453 0.759124
66 0.317508 0.901054 0.795620
67 0.339267 0.893485 0.829684
68 0.312477 0.886185 0.781022
69 0.328568 0.893755 0.822384
70 0.304470 0.912679 0.827251
71 0.314861 0.897810 0.798054
72 0.297871 0.876453 0.776156
73 0.309585 0.897270 0.805353
74 0.303028 0.902136 0.785888
75 0.320430 0.896999 0.798054
76 0.300620 0.901865 0.761557
77 0.297873 0.909435 0.793187
78 0.316492 0.903487 0.798054
79 0.292760 0.918627 0.810219
80 0.279232 0.917816 0.817518
81 0.282357 0.905921 0.783455
82 0.289288 0.902136 0.817518
83 0.303937 0.907543 0.776156
84 0.276292 0.831035 0.763990
85 0.307471 0.902406 0.790754
86 0.281111 0.883482 0.768856
87 0.266844 0.906461 0.778589
88 0.302999 0.919438 0.802920
89 0.304475 0.908624 0.783455
90 0.256960 0.901325 0.800487
91 0.297988 0.915653 0.783455
92 0.253929 0.919438 0.805353
93 0.285782 0.906191 0.790754
94 0.261319 0.919978 0.817518
95 0.275001 0.917275 0.807786
96 0.263334 0.929440 0.815085
97 0.282513 0.899703 0.800487
98 0.279764 0.897810 0.793187
99 0.272107 0.918627 0.815085
100 0.227382 0.945120 0.812652
101 0.194659 0.949446 0.819951
102 0.201336 0.946202 0.798054
103 0.189606 0.922411 0.785888
104 0.188622 0.955664 0.810219
105 0.182757 0.945931 0.802920
106 0.187460 0.954853 0.812652
107 0.196228 0.952420 0.815085
108 0.176535 0.952960 0.793187
109 0.178337 0.958637 0.832117
110 0.188198 0.948905 0.832117
111 0.169767 0.952420 0.819951
112 0.191141 0.959448 0.793187
113 0.196874 0.957556 0.805353
114 0.167217 0.960530 0.802920
115 0.178042 0.931333 0.785888
116 0.182354 0.951609 0.798054
117 0.165031 0.959719 0.802920
118 0.175865 0.958097 0.817518
119 0.163617 0.953771 0.790754
120 0.174718 0.953501 0.790754
121 0.172895 0.963774 0.802920
122 0.156489 0.965126 0.824818
123 0.161299 0.958637 0.815085
124 0.143080 0.970803 0.807786
125 0.159598 0.970803 0.827251
126 0.152815 0.941335 0.815085
127 0.189629 0.959178 0.805353
128 0.169594 0.966748 0.822384
129 0.167967 0.963504 0.812652
130 0.147616 0.969181 0.785888
131 0.138946 0.973777 0.812652
132 0.167656 0.954853 0.790754
133 0.175008 0.969451 0.807786
134 0.143813 0.975128 0.812652
135 0.127623 0.978913 0.802920
136 0.124694 0.970533 0.815085
137 0.178972 0.955123 0.800487
138 0.158130 0.963504 0.800487
139 0.153696 0.954042 0.790754
140 0.164559 0.964585 0.812652
141 0.170737 0.969451 0.795620
142 0.132171 0.968370 0.807786
143 0.130309 0.966748 0.805353
144 0.148270 0.976750 0.810219
145 0.148318 0.970262 0.812652
146 0.130598 0.976210 0.785888
147 0.129694 0.974047 0.812652
148 0.145904 0.962152 0.795620
149 0.156232 0.955934 0.798054
150 0.115050 0.980265 0.812652
151 0.094841 0.989457 0.805353
152 0.088954 0.984861 0.798054
153 0.089743 0.986753 0.815085
154 0.093723 0.986483 0.815085
155 0.086806 0.987835 0.800487
156 0.084545 0.988646 0.793187
157 0.093537 0.985672 0.807786
158 0.087510 0.989457 0.800487
159 0.093872 0.986753 0.793187
160 0.093926 0.988916 0.798054
161 0.093924 0.986212 0.798054
162 0.088095 0.990538 0.802920
163 0.090121 0.989457 0.810219
164 0.091508 0.985672 0.812652
165 0.084966 0.989997 0.800487
166 0.085878 0.988916 0.793187
167 0.085952 0.993241 0.790754
168 0.090746 0.989457 0.807786
169 0.106500 0.987294 0.819951
170 0.079992 0.990268 0.807786
171 0.085579 0.990808 0.812652
172 0.076918 0.991619 0.815085
173 0.074824 0.991890 0.815085
174 0.084838 0.990268 0.824818
175 0.074598 0.992971 0.815085
176 0.097213 0.989997 0.785888
177 0.078783 0.987294 0.810219
178 0.080211 0.991079 0.815085
179 0.075444 0.988375 0.810219
180 0.086361 0.991890 0.798054
181 0.080217 0.990538 0.793187
182 0.075049 0.991079 0.805353
183 0.069509 0.993512 0.802920
184 0.079699 0.977562 0.800487
185 0.095920 0.991349 0.812652
186 0.097500 0.989727 0.800487
187 0.087524 0.990268 0.815085
188 0.082975 0.989727 0.810219
189 0.076670 0.990268 0.798054
190 0.095858 0.989457 0.793187
191 0.079228 0.992430 0.800487
192 0.073041 0.991079 0.807786
193 0.078308 0.992701 0.817518
194 0.062586 0.994863 0.817518
195 0.078790 0.991619 0.795620
196 0.071367 0.992701 0.807786
197 0.076131 0.994323 0.815085
198 0.070654 0.994863 0.819951
199 0.073855 0.988105 0.793187
200 0.069394 0.995134 0.798054
201 0.059374 0.995675 0.798054
202 0.063626 0.994863 0.798054
203 0.063136 0.995404 0.802920
204 0.058053 0.996215 0.800487
205 0.054641 0.995404 0.798054
206 0.062793 0.994052 0.802920
207 0.057629 0.995404 0.793187
208 0.056878 0.996215 0.805353
209 0.061790 0.995404 0.800487
210 0.055764 0.995404 0.795620
211 0.061030 0.995675 0.815085
212 0.063117 0.995134 0.785888
213 0.060077 0.996215 0.793187
214 0.058103 0.996486 0.807786
215 0.052011 0.995134 0.810219
216 0.054995 0.996486 0.798054
217 0.051176 0.995945 0.802920
218 0.049949 0.995404 0.817518
219 0.058899 0.995945 0.802920
220 0.054981 0.995675 0.817518
221 0.055289 0.995675 0.795620
222 0.053714 0.996215 0.800487
223 0.054544 0.994863 0.810219
224 0.054126 0.995945 0.812652
225 0.055323 0.996215 0.800487
226 0.055732 0.996215 0.798054
227 0.059549 0.996486 0.802920
228 0.060179 0.995134 0.798054
229 0.056363 0.995134 0.810219
230 0.050909 0.995945 0.812652
231 0.054392 0.995675 0.807786
232 0.055680 0.994593 0.798054
233 0.051490 0.994323 0.798054
234 0.047536 0.995945 0.802920
235 0.054179 0.995945 0.807786
236 0.051267 0.994323 0.805353
237 0.048464 0.995404 0.800487
238 0.051359 0.995945 0.802920
239 0.061478 0.994593 0.805353
240 0.062709 0.995675 0.800487
241 0.055676 0.995404 0.798054
242 0.055030 0.992701 0.800487
243 0.067410 0.995134 0.788321
244 0.056590 0.996215 0.793187
245 0.057168 0.995134 0.798054
246 0.054165 0.995675 0.805353
247 0.050600 0.996756 0.807786
248 0.063891 0.996756 0.807786
249 0.058192 0.995404 0.815085
250 0.058223 0.996215 0.807786
251 0.043388 0.997026 0.805353
252 0.047430 0.996215 0.807786
253 0.047504 0.995945 0.810219
254 0.050768 0.996756 0.798054
255 0.043226 0.996486 0.810219
256 0.048269 0.996486 0.810219
257 0.046886 0.996486 0.795620
258 0.048412 0.997026 0.798054
259 0.049803 0.997026 0.805353
260 0.048390 0.997026 0.802920
261 0.050327 0.996756 0.805353
262 0.051868 0.997026 0.807786
263 0.043430 0.996486 0.807786
264 0.046837 0.997297 0.802920
265 0.050086 0.996486 0.805353
266 0.049399 0.997026 0.802920
267 0.045463 0.996756 0.805353
268 0.046750 0.996756 0.793187
269 0.044710 0.997297 0.805353
270 0.047366 0.996215 0.807786
271 0.048849 0.997026 0.810219
272 0.049519 0.997026 0.802920
273 0.052169 0.997297 0.810219
274 0.050394 0.995675 0.805353
275 0.044128 0.996486 0.810219
276 0.045944 0.996756 0.802920
277 0.045465 0.996215 0.807786
278 0.049246 0.996756 0.788321
279 0.049121 0.996756 0.795620
280 0.046389 0.996756 0.805353
281 0.048667 0.997026 0.807786
282 0.043197 0.997297 0.807786
283 0.048341 0.997026 0.807786
284 0.042737 0.997026 0.805353
285 0.043075 0.996486 0.805353
286 0.039382 0.996756 0.802920
287 0.046447 0.996756 0.793187
288 0.047902 0.997026 0.807786
289 0.047415 0.996756 0.802920
290 0.047647 0.997297 0.805353
291 0.047682 0.996756 0.800487
292 0.045956 0.996486 0.817518
293 0.046196 0.997026 0.807786
294 0.045933 0.997297 0.815085
295 0.042503 0.996486 0.810219
296 0.044312 0.996756 0.810219
297 0.051578 0.997026 0.807786
298 0.047202 0.997026 0.805353
299 0.045701 0.996756 0.805353
300 0.046713 0.997026 0.805353
301 0.043271 0.997026 0.807786
302 0.044135 0.997297 0.795620
303 0.045643 0.997026 0.802920
304 0.041837 0.996756 0.807786
305 0.045568 0.997567 0.807786
306 0.046048 0.997567 0.800487
307 0.039894 0.997297 0.805353
308 0.040178 0.997026 0.807786
309 0.042745 0.997297 0.800487
310 0.047513 0.997567 0.807786
311 0.045276 0.997567 0.805353
312 0.043310 0.997297 0.802920
313 0.039211 0.996756 0.798054
314 0.039835 0.997026 0.800487
315 0.042846 0.997297 0.800487
316 0.042732 0.997297 0.805353
317 0.039154 0.997837 0.798054
318 0.044413 0.997567 0.807786
319 0.045656 0.997026 0.802920
320 0.041342 0.997567 0.805353
321 0.043073 0.997026 0.807786
322 0.043248 0.997297 0.795620
323 0.046889 0.997026 0.802920
324 0.038706 0.997297 0.798054
325 0.042009 0.997297 0.810219
326 0.037928 0.997297 0.800487
327 0.040753 0.997297 0.800487
328 0.041696 0.997297 0.807786
329 0.039561 0.997297 0.798054
330 0.039826 0.997297 0.807786
331 0.038424 0.997567 0.805353
332 0.043834 0.997567 0.805353
333 0.038879 0.997297 0.793187
334 0.038205 0.997567 0.805353
335 0.039191 0.997567 0.810219
336 0.038216 0.997567 0.802920
337 0.038869 0.997567 0.800487
338 0.044583 0.997837 0.798054
339 0.046917 0.997567 0.812652
340 0.039032 0.997567 0.810219
341 0.037726 0.997297 0.807786
342 0.038810 0.997297 0.802920
343 0.040289 0.997837 0.805353
344 0.041053 0.997567 0.807786
345 0.042135 0.997567 0.812652
346 0.041677 0.997837 0.800487
347 0.043959 0.997567 0.815085
348 0.041237 0.997837 0.810219
349 0.040898 0.997567 0.810219
350 0.040586 0.997567 0.807786
