1 3.695484 0.659367 0.647202
2 1.573490 0.640984 0.632603
3 1.814059 0.689105 0.669100
4 1.469695 0.662612 0.661800
5 1.026152 0.659908 0.656934
6 1.358140 0.550960 0.542579
7 0.983297 0.725331 0.705596
8 0.938674 0.632063 0.581509
9 1.017880 0.696404 0.686131
10 0.930725 0.733712 0.698297
11 0.746527 0.718843 0.705596
12 0.727014 0.745877 0.712895
13 0.756388 0.740741 0.751825
14 0.793725 0.731279 0.683698
15 0.845553 0.731819 0.720195
16 0.787621 0.743444 0.725061
17 0.689447 0.683158 0.637470
18 0.690280 0.754799 0.734793
19 0.728124 0.708840 0.683698
20 0.681315 0.654501 0.632603
21 0.777585 0.721276 0.725061
22 0.739913 0.746688 0.734793
23 0.657190 0.750743 0.737226
24 0.632667 0.748581 0.739659
25 0.597310 0.757772 0.732360
26 0.618855 0.687753 0.649635
27 0.630206 0.756961 0.739659
28 0.601482 0.739659 0.705596
29 0.584951 0.740200 0.732360
30 0.646206 0.664774 0.642336
31 0.577947 0.738848 0.737226
32 0.562542 0.752095 0.737226
33 0.567821 0.752095 0.725061
34 0.567670 0.760746 0.746959
35 0.567915 0.752366 0.744526
36 0.570998 0.779400 0.761557
37 0.612823 0.775885 0.751825
38 0.575167 0.749121 0.698297
39 0.595149 0.748581 0.720195
40 0.559590 0.779941 0.759124
41 0.521723 0.788862 0.781022
42 0.523680 0.742633 0.742092
43 0.540761 0.765883 0.746959
44 0.545154 0.725602 0.710462
45 0.544015 0.735875 0.727494
46 0.526113 0.744526 0.737226
47 0.520461 0.768586 0.744526
48 0.496573 0.790754 0.766423
49 0.500074 0.791295 0.766423
50 0.487546 0.801568 0.776156
51 0.478212 0.801568 0.778589
52 0.478921 0.787240 0.785888
53 0.486862 0.809408 0.756691
54 0.467255 0.746148 0.708029
55 0.468617 0.816978 0.778589
56 0.455097 0.814815 0.793187
57 0.454749 0.813733 0.766423
58 0.466562 0.804001 0.778589
59 0.468273 0.801568 0.749392
60 0.456046 0.812652 0.781022
61 0.456794 0.824818 0.778589
62 0.467354 0.817248 0.776156
63 0.468350 0.796702 0.729927
64 0.452806 0.792917 0.771290
65 0.438833 0.817789 0.768856
66 0.454542 0.813463 0.768856
67 0.444917 0.833469 0.783455
68 0.443651 0.809408 0.771290
69 0.451927 0.835902 0.805353
70 0.453805 0.811030 0.781022
71 0.426095 0.826710 0.783455
72 0.439447 0.825629 0.800487
73 0.440305 0.763720 0.732360
74 0.443244 0.826440 0.763990
75 0.433293 0.831846 0.783455
76 0.444668 0.765612 0.729927
77 0.450160 0.844012 0.798054
78 0.456950 0.830224 0.783455
79 0.435310 0.842119 0.795620
80 0.442717 0.844282 0.812652
81 0.407782 0.837524 0.798054
82 0.416520 0.833469 0.800487
83 0.410661 0.811030 0.744526
84 0.414041 0.838605 0.788321
85 0.405562 0.842660 0.763990
86 0.409144 0.836172 0.798054
87 0.419058 0.826440 0.771290
88 0.411310 0.810760 0.759124
89 0.452790 0.840768 0.805353
90 0.422595 0.823195 0.795620
91 0.422789 0.845634 0.812652
92 0.429144 0.852933 0.802920
93 0.413750 0.840227 0.773723
94 0.403956 0.844553 0.795620
95 0.405490 0.855366 0.810219
96 0.415370 0.854285 0.795620
97 0.408402 0.834550 0.773723
98 0.403006 0.826169 0.778589
99 0.399246 0.831576 0.785888
100 0.385867 0.863206 0.822384
101 0.358323 0.871587 0.827251
102 0.343884 0.868613 0.805353
103 0.366570 0.875642 0.807786
104 0.367787 0.871587 0.824818
105 0.352765 0.872128 0.815085
106 0.356446 0.878075 0.829684
107 0.347495 0.874831 0.815085
108 0.358103 0.886726 0.822384
109 0.349377 0.875372 0.824818
110 0.358753 0.873750 0.827251
111 0.356762 0.866991 0.795620
112 0.335413 0.881860 0.827251
113 0.346968 0.862666 0.778589
114 0.349766 0.857259 0.815085
115 0.340350 0.867532 0.810219
116 0.347975 0.876723 0.827251
117 0.353480 0.878075 0.822384
118 0.354534 0.878886 0.822384
119 0.344275 0.891052 0.800487
120 0.351871 0.874831 0.805353
121 0.343291 0.874831 0.802920
122 0.337756 0.891052 0.805353
123 0.334340 0.892944 0.819951
124 0.344315 0.888348 0.807786
125 0.328475 0.889700 0.802920
126 0.337164 0.893755 0.836983
127 0.326588 0.893485 0.827251
128 0.340389 0.881590 0.817518
129 0.340518 0.892403 0.807786
130 0.335867 0.879968 0.807786
131 0.330751 0.892674 0.812652
132 0.330267 0.899162 0.827251
133 0.328691 0.896729 0.822384
134 0.325813 0.888348 0.824818
135 0.318171 0.894836 0.827251
136 0.326321 0.900243 0.812652
137 0.324401 0.890241 0.793187
138 0.345888 0.892403 0.824818
139 0.328835 0.873750 0.815085
140 0.331774 0.876183 0.822384
141 0.344458 0.891322 0.790754
142 0.313524 0.879427 0.778589
143 0.333096 0.896729 0.827251
144 0.312181 0.894566 0.805353
145 0.325729 0.890511 0.815085
146 0.331912 0.895647 0.832117
147 0.317260 0.901054 0.827251
148 0.307760 0.911057 0.827251
149 0.309927 0.898081 0.815085
150 0.289689 0.916464 0.819951
151 0.284128 0.894566 0.781022
152 0.269384 0.916194 0.819951
153 0.261336 0.921600 0.829684
154 0.274078 0.919167 0.802920
155 0.274598 0.919978 0.817518
156 0.277885 0.920519 0.832117
157 0.261679 0.917005 0.832117
158 0.265792 0.912949 0.819951
159 0.263593 0.919978 0.815085
160 0.289318 0.920249 0.812652
161 0.275369 0.928900 0.832117
162 0.277129 0.912138 0.827251
163 0.266517 0.929440 0.846715
164 0.260918 0.927548 0.810219
165 0.265678 0.928089 0.812652
166 0.267911 0.924574 0.827251
167 0.262390 0.923763 0.805353
168 0.241393 0.930792 0.817518
169 0.244824 0.927818 0.824818
170 0.263395 0.925926 0.815085
171 0.258221 0.926737 0.822384
172 0.250308 0.932144 0.819951
173 0.254384 0.930251 0.819951
174 0.243943 0.928629 0.834550
175 0.242286 0.937280 0.827251
176 0.245381 0.936740 0.827251
177 0.239963 0.930792 0.815085
178 0.256679 0.933225 0.822384
179 0.257379 0.928629 0.817518
180 0.247863 0.933766 0.805353
181 0.237861 0.933496 0.827251
182 0.259032 0.927278 0.807786
183 0.251322 0.931333 0.800487
184 0.244418 0.935658 0.839416
185 0.249942 0.929170 0.795620
186 0.236066 0.923493 0.824818
187 0.249558 0.921060 0.827251
188 0.237561 0.928089 0.832117
189 0.239018 0.939173 0.829684
190 0.240604 0.934847 0.834550
191 0.227473 0.939443 0.812652
192 0.234553 0.932144 0.827251
193 0.232752 0.918627 0.827251
194 0.235744 0.939984 0.812652
195 0.229105 0.941606 0.807786
196 0.241653 0.927007 0.805353
197 0.240303 0.939443 0.824818
198 0.234131 0.934577 0.824818
199 0.232851 0.937551 0.819951
200 0.214479 0.945931 0.827251
201 0.208430 0.949716 0.810219
202 0.202938 0.948635 0.822384
203 0.219474 0.951338 0.817518
204 0.211240 0.950257 0.819951
205 0.208751 0.950527 0.807786
206 0.220331 0.946742 0.824818
207 0.214922 0.954042 0.815085
208 0.218619 0.950798 0.834550
209 0.198844 0.953231 0.829684
210 0.209672 0.951068 0.815085
211 0.204917 0.953771 0.827251
212 0.218970 0.959448 0.817518
213 0.202465 0.955934 0.815085
214 0.194761 0.956745 0.824818
215 0.204201 0.960260 0.817518
216 0.205173 0.957015 0.807786
217 0.199192 0.955123 0.836983
218 0.205683 0.954042 0.822384
219 0.221517 0.957826 0.822384
220 0.211032 0.953231 0.807786
221 0.199777 0.959448 0.815085
222 0.215180 0.960530 0.822384
223 0.200898 0.957556 0.807786
224 0.188970 0.956204 0.829684
225 0.206485 0.957826 0.822384
226 0.196218 0.959719 0.817518
227 0.198063 0.959989 0.807786
228 0.200622 0.958097 0.817518
229 0.198680 0.958908 0.812652
230 0.206647 0.956475 0.839416
231 0.203420 0.959719 0.805353
232 0.200388 0.959719 0.822384
233 0.187393 0.959719 0.815085
234 0.183989 0.960260 0.819951
235 0.204491 0.958097 0.807786
236 0.194632 0.961882 0.822384
237 0.209600 0.958367 0.817518
238 0.196436 0.958908 0.812652
239 0.178960 0.961611 0.822384
240 0.194153 0.962422 0.807786
241 0.190428 0.964315 0.822384
242 0.178411 0.965937 0.822384
243 0.181948 0.959448 0.788321
244 0.183059 0.960530 0.817518
245 0.187057 0.964585 0.822384
246 0.187583 0.963504 0.817518
247 0.179392 0.959178 0.812652
248 0.190406 0.962693 0.812652
249 0.195661 0.960800 0.839416
250 0.195343 0.965126 0.817518
251 0.182564 0.967829 0.810219
252 0.180087 0.969451 0.810219
253 0.176504 0.967559 0.824818
254 0.178725 0.966477 0.819951
255 0.169606 0.967288 0.829684
256 0.182440 0.967559 0.827251
257 0.178018 0.965396 0.824818
258 0.185029 0.969992 0.807786
259 0.182967 0.970533 0.812652
260 0.162213 0.966207 0.819951
261 0.181663 0.967559 0.832117
262 0.181452 0.968370 0.815085
263 0.172488 0.969181 0.827251
264 0.171964 0.972695 0.827251
265 0.176824 0.969451 0.810219
266 0.173773 0.970262 0.815085
267 0.176512 0.969451 0.824818
268 0.178146 0.969722 0.824818
269 0.175013 0.971073 0.827251
270 0.180797 0.969451 0.824818
271 0.177352 0.965396 0.836983
272 0.167246 0.973236 0.812652
273 0.166849 0.969451 0.829684
274 0.174988 0.972695 0.815085
275 0.162284 0.972155 0.822384
276 0.171549 0.972155 0.819951
277 0.170052 0.971614 0.824818
278 0.166441 0.972155 0.822384
279 0.172740 0.975128 0.817518
280 0.170139 0.971073 0.817518
281 0.165872 0.966477 0.805353
282 0.178875 0.970533 0.817518
283 0.164570 0.971884 0.824818
284 0.175486 0.971884 0.822384
285 0.171730 0.970803 0.829684
286 0.165798 0.970803 0.824818
287 0.170871 0.973506 0.822384
288 0.173988 0.972425 0.812652
289 0.154080 0.972155 0.810219
290 0.159989 0.972966 0.819951
291 0.166783 0.971614 0.815085
292 0.165768 0.971884 0.815085
293 0.167448 0.972966 0.815085
294 0.164736 0.971073 0.810219
295 0.159047 0.974317 0.815085
296 0.173790 0.972966 0.819951
297 0.166501 0.975128 0.822384
298 0.157927 0.973236 0.817518
299 0.172810 0.974588 0.815085
300 0.161749 0.975939 0.812652
301 0.149641 0.975939 0.819951
302 0.157816 0.977021 0.812652
303 0.160547 0.975939 0.819951
304 0.161208 0.978373 0.819951
305 0.157154 0.977021 0.824818
306 0.151137 0.976480 0.819951
307 0.162789 0.977562 0.815085
308 0.154054 0.977021 0.817518
309 0.160725 0.978102 0.815085
310 0.163799 0.976480 0.822384
311 0.161858 0.979454 0.817518
312 0.149717 0.977562 0.817518
313 0.149246 0.978913 0.824818
314 0.154099 0.977562 0.812652
315 0.158171 0.975669 0.824818
316 0.163064 0.978913 0.827251
317 0.153821 0.978102 0.807786
318 0.150280 0.979995 0.822384
319 0.157287 0.980265 0.812652
320 0.144447 0.978102 0.819951
321 0.162065 0.978643 0.817518
322 0.148633 0.980265 0.815085
323 0.139187 0.977832 0.822384
324 0.156758 0.979724 0.812652
325 0.154305 0.980265 0.815085
326 0.148383 0.979995 0.815085
327 0.163854 0.977832 0.817518
328 0.153421 0.981076 0.807786
329 0.156999 0.978913 0.812652
330 0.147072 0.977562 0.819951
331 0.153279 0.978913 0.829684
332 0.159195 0.978643 0.824818
333 0.152872 0.979184 0.819951
334 0.155398 0.979995 0.817518
335 0.143922 0.979184 0.812652
336 0.153213 0.978913 0.819951
337 0.153254 0.979184 0.815085
338 0.147361 0.978643 0.822384
339 0.147525 0.979454 0.812652
340 0.149363 0.979454 0.824818
341 0.153154 0.978913 0.817518
342 0.159091 0.978102 0.819951
343 0.153399 0.978373 0.812652
344 0.147619 0.979454 0.815085
345 0.160735 0.979454 0.812652
346 0.149454 0.979724 0.824818
347 0.149153 0.982157 0.815085
348 0.152882 0.979995 0.822384
349 0.152033 0.977832 0.810219
350 0.147545 0.980535 0.822384
