1 1.018019 0.798817 0.789474
2 0.188257 0.893491 0.789474
3 0.128197 0.982249 0.789474
4 0.108875 0.994083 0.736842
5 0.045405 0.994083 0.789474
6 0.176850 0.786982 0.789474
7 0.107642 0.958580 0.736842
8 0.027738 0.976331 0.684211
9 0.023278 1.000000 0.736842
10 0.020143 1.000000 0.736842
11 0.030228 1.000000 0.736842
12 0.033090 0.982249 0.684211
13 0.043391 1.000000 0.736842
14 0.052677 0.988166 0.789474
15 0.055195 0.899408 0.789474
16 0.080641 0.905325 0.736842
17 0.066599 0.893491 0.789474
18 0.065201 0.994083 0.789474
19 0.019062 0.982249 0.631579
20 0.025497 1.000000 0.684211
21 0.033666 0.994083 0.684211
22 0.023228 1.000000 0.736842
23 0.014222 0.988166 0.684211
24 0.011869 1.000000 0.736842
25 0.008827 1.000000 0.736842
26 0.013662 0.994083 0.631579
27 0.015463 1.000000 0.684211
28 0.017084 1.000000 0.684211
29 0.013327 1.000000 0.736842
30 0.013793 1.000000 0.736842
31 0.024617 0.970414 0.789474
32 0.012497 1.000000 0.736842
33 0.026321 1.000000 0.736842
34 0.050400 0.745562 0.789474
35 0.170951 0.899408 0.894737
36 0.063135 0.976331 0.736842
37 0.028744 1.000000 0.789474
38 0.019367 1.000000 0.736842
39 0.013710 1.000000 0.684211
40 0.018336 1.000000 0.736842
41 0.013138 1.000000 0.684211
42 0.019529 1.000000 0.736842
43 0.017051 1.000000 0.684211
44 0.026060 0.988166 0.631579
45 0.028961 0.940828 0.894737
46 0.086556 0.994083 0.789474
47 0.065250 0.988166 0.631579
48 0.015704 1.000000 0.736842
49 0.017218 1.000000 0.684211
50 0.009064 1.000000 0.736842
51 0.012848 1.000000 0.736842
52 0.011597 1.000000 0.736842
53 0.010546 1.000000 0.736842
54 0.009200 1.000000 0.736842
55 0.009994 1.000000 0.736842
56 0.006067 1.000000 0.684211
57 0.012212 1.000000 0.684211
58 0.010209 1.000000 0.736842
59 0.007449 1.000000 0.736842
60 0.006068 1.000000 0.736842
61 0.008643 1.000000 0.736842
62 0.010329 1.000000 0.736842
63 0.009508 1.000000 0.736842
64 0.008091 1.000000 0.736842
65 0.009474 1.000000 0.736842
66 0.007652 1.000000 0.736842
67 0.012198 1.000000 0.736842
68 0.010432 1.000000 0.736842
69 0.009398 1.000000 0.684211
70 0.012117 1.000000 0.684211
