1 1.928023 0.738889 0.690000
2 0.637985 0.754444 0.690000
3 0.589367 0.748889 0.730000
4 0.579930 0.762222 0.750000
5 0.492724 0.782222 0.750000
6 0.513002 0.790000 0.720000
7 0.521492 0.772222 0.680000
8 0.502442 0.795556 0.700000
9 0.459040 0.795556 0.740000
10 0.462427 0.797778 0.710000
11 0.435282 0.801111 0.740000
12 0.554587 0.788889 0.720000
13 0.523556 0.793333 0.740000
14 0.455794 0.785556 0.750000
15 0.413755 0.814444 0.730000
16 0.418489 0.796667 0.710000
17 0.421633 0.826667 0.740000
18 0.412523 0.821111 0.730000
19 0.412318 0.826667 0.670000
20 0.391513 0.838889 0.690000
21 0.416622 0.811111 0.720000
22 0.384959 0.840000 0.710000
23 0.395513 0.846667 0.690000
24 0.372233 0.844444 0.670000
25 0.375352 0.836667 0.700000
26 0.377839 0.837778 0.710000
27 0.372330 0.834444 0.700000
28 0.370120 0.841111 0.740000
29 0.369997 0.832222 0.700000
30 0.414778 0.841111 0.700000
31 0.358506 0.835556 0.740000
32 0.438468 0.811111 0.710000
33 0.419701 0.837778 0.740000
34 0.372141 0.845556 0.690000
35 0.353541 0.857778 0.680000
36 0.345554 0.847778 0.730000
37 0.351166 0.857778 0.720000
38 0.344081 0.853333 0.760000
39 0.331874 0.855556 0.680000
40 0.367497 0.867778 0.690000
41 0.357707 0.847778 0.720000
42 0.350743 0.860000 0.680000
43 0.334274 0.857778 0.660000
44 0.346750 0.856667 0.720000
45 0.330858 0.871111 0.690000
46 0.358372 0.870000 0.680000
47 0.344619 0.851111 0.740000
48 0.341550 0.872222 0.700000
49 0.320150 0.866667 0.690000
50 0.310196 0.874444 0.710000
51 0.295756 0.875556 0.670000
52 0.287193 0.883333 0.700000
53 0.295969 0.884444 0.690000
54 0.297219 0.888889 0.690000
55 0.289599 0.885556 0.700000
56 0.278474 0.884444 0.660000
57 0.291069 0.851111 0.690000
58 0.325533 0.882222 0.710000
59 0.283788 0.883333 0.700000
60 0.301788 0.874444 0.710000
61 0.292020 0.883333 0.660000
62 0.291915 0.885556 0.710000
63 0.273736 0.885556 0.710000
64 0.287487 0.897778 0.690000
65 0.275550 0.895556 0.680000
66 0.292520 0.887778 0.670000
67 0.280149 0.893333 0.710000
68 0.265566 0.900000 0.670000
69 0.280200 0.883333 0.690000
70 0.267391 0.900000 0.700000
71 0.264304 0.890000 0.650000
72 0.270150 0.884444 0.710000
73 0.282531 0.881111 0.650000
74 0.266335 0.897778 0.670000
75 0.272897 0.894444 0.680000
76 0.257441 0.887778 0.700000
77 0.283822 0.895556 0.670000
78 0.279737 0.893333 0.640000
79 0.290682 0.881111 0.680000
80 0.287737 0.860000 0.710000
81 0.351634 0.874444 0.720000
82 0.318070 0.876667 0.640000
83 0.293128 0.886667 0.670000
84 0.296955 0.884444 0.650000
85 0.289746 0.887778 0.680000
86 0.283748 0.895556 0.680000
87 1.071228 0.886667 0.690000
88 0.339829 0.888889 0.640000
89 0.299011 0.880000 0.650000
90 0.272914 0.892222 0.670000
91 0.277786 0.895556 0.690000
92 0.272837 0.887778 0.680000
93 0.279098 0.883333 0.710000
94 0.263012 0.897778 0.660000
95 0.266345 0.885556 0.670000
96 0.299138 0.902222 0.640000
97 0.294872 0.873333 0.630000
98 0.288866 0.900000 0.690000
99 0.278836 0.888889 0.720000
100 0.261579 0.894444 0.640000
101 0.253187 0.902222 0.680000
102 0.250217 0.920000 0.650000
103 0.243185 0.904444 0.660000
104 0.252467 0.910000 0.680000
105 0.590216 0.900000 0.650000
106 0.307911 0.901111 0.670000
107 0.244927 0.897778 0.690000
108 0.249484 0.917778 0.680000
109 0.240675 0.907778 0.690000
110 0.258880 0.900000 0.670000
111 0.239731 0.913333 0.680000
112 0.232714 0.904444 0.670000
113 0.244499 0.911111 0.660000
114 0.239426 0.921111 0.660000
115 0.244209 0.912222 0.690000
116 0.266579 0.896667 0.700000
117 0.233089 0.921111 0.630000
118 0.250918 0.904444 0.700000
119 0.240088 0.922222 0.670000
120 0.233647 0.923333 0.660000
121 0.238332 0.920000 0.680000
122 0.224766 0.921111 0.720000
123 0.254126 0.915556 0.680000
124 0.233593 0.920000 0.690000
125 0.224084 0.914444 0.700000
126 0.229097 0.914444 0.660000
127 0.226409 0.913333 0.660000
128 0.227948 0.922222 0.690000
129 0.230586 0.926667 0.650000
130 0.213084 0.923333 0.660000
131 0.224940 0.906667 0.690000
132 0.224682 0.920000 0.700000
133 0.215742 0.918889 0.690000
134 0.225358 0.923333 0.700000
135 0.212804 0.926667 0.680000
136 0.211804 0.908889 0.720000
137 0.245715 0.906667 0.660000
138 0.219154 0.921111 0.680000
139 0.213779 0.922222 0.690000
140 0.222444 0.917778 0.700000
141 0.228392 0.921111 0.670000
142 0.242803 0.917778 0.690000
143 0.231067 0.925556 0.700000
144 0.235689 0.917778 0.700000
145 0.226918 0.923333 0.730000
146 0.219025 0.921111 0.660000
147 0.217358 0.931111 0.700000
148 0.217517 0.921111 0.700000
149 0.233021 0.923333 0.700000
150 0.224123 0.932222 0.690000
151 0.201973 0.932222 0.680000
152 0.202134 0.931111 0.670000
153 0.210974 0.926667 0.710000
154 0.197346 0.925556 0.670000
155 0.201319 0.932222 0.680000
156 0.210036 0.924444 0.710000
157 0.201645 0.935556 0.700000
158 0.190794 0.930000 0.700000
159 0.208452 0.932222 0.700000
160 0.191752 0.924444 0.720000
161 0.207258 0.927778 0.680000
162 0.200665 0.930000 0.700000
163 0.201574 0.933333 0.700000
164 0.204039 0.926667 0.700000
165 0.190819 0.928889 0.710000
166 0.195363 0.933333 0.700000
167 0.213598 0.928889 0.710000
168 0.205230 0.923333 0.710000
169 0.214176 0.922222 0.690000
170 0.201806 0.934444 0.680000
171 0.207043 0.937778 0.690000
172 0.208083 0.934444 0.700000
173 0.197907 0.932222 0.700000
174 0.195230 0.926667 0.680000
175 0.201866 0.931111 0.700000
176 0.189862 0.928889 0.650000
177 0.198617 0.926667 0.690000
178 0.197170 0.924444 0.670000
179 0.190781 0.931111 0.690000
180 0.194618 0.931111 0.680000
181 0.195086 0.931111 0.690000
182 0.183868 0.934444 0.680000
183 0.195054 0.936667 0.660000
184 0.196813 0.934444 0.680000
185 0.192000 0.935556 0.670000
186 0.186740 0.936667 0.670000
187 0.185992 0.935556 0.690000
188 0.197340 0.933333 0.690000
189 0.197446 0.931111 0.680000
190 0.185295 0.938889 0.680000
191 0.194351 0.931111 0.730000
192 0.199807 0.931111 0.700000
193 0.191132 0.931111 0.690000
194 0.190106 0.934444 0.690000
195 0.190084 0.930000 0.650000
196 0.184289 0.927778 0.690000
197 0.187208 0.936667 0.700000
198 0.192372 0.931111 0.680000
199 0.190538 0.934444 0.680000
200 0.203699 0.933333 0.660000
201 0.186217 0.935556 0.690000
202 0.173785 0.937778 0.690000
203 0.188010 0.934444 0.670000
204 0.177241 0.936667 0.670000
205 0.182304 0.935556 0.680000
206 0.175026 0.935556 0.720000
207 0.189746 0.940000 0.690000
208 0.174193 0.938889 0.670000
209 0.188435 0.934444 0.690000
210 0.194170 0.931111 0.690000
211 0.198573 0.940000 0.670000
212 0.186445 0.938889 0.680000
213 0.184969 0.937778 0.680000
214 0.180177 0.937778 0.670000
215 0.176469 0.936667 0.680000
216 0.179496 0.937778 0.680000
217 0.180894 0.935556 0.670000
218 0.175788 0.938889 0.700000
219 0.175088 0.942222 0.700000
220 0.178746 0.938889 0.680000
221 0.199023 0.934444 0.670000
222 0.184571 0.937778 0.690000
223 0.176085 0.936667 0.660000
224 0.183990 0.943333 0.670000
225 0.177476 0.941111 0.690000
226 0.180408 0.943333 0.690000
227 0.171113 0.935556 0.670000
228 0.180058 0.933333 0.680000
229 0.176532 0.936667 0.660000
230 0.173614 0.938889 0.670000
231 0.179163 0.937778 0.670000
232 0.170706 0.933333 0.660000
233 0.176654 0.937778 0.680000
234 0.210476 0.940000 0.680000
235 0.185871 0.940000 0.660000
236 0.180009 0.937778 0.680000
237 0.186841 0.942222 0.680000
238 0.176147 0.941111 0.690000
239 0.179532 0.937778 0.670000
240 0.187504 0.937778 0.700000
241 0.177920 0.938889 0.680000
242 0.173641 0.932222 0.670000
243 0.191302 0.942222 0.690000
244 0.173074 0.936667 0.690000
245 0.175851 0.942222 0.690000
246 0.174865 0.937778 0.710000
247 0.175477 0.940000 0.700000
248 0.200299 0.942222 0.680000
249 0.173682 0.936667 0.670000
250 0.167312 0.942222 0.670000
251 0.167095 0.942222 0.680000
252 0.166099 0.937778 0.700000
253 0.167640 0.938889 0.680000
254 0.166700 0.940000 0.670000
255 0.167007 0.941111 0.680000
256 0.171619 0.941111 0.700000
257 0.164638 0.940000 0.700000
258 0.177579 0.940000 0.700000
259 0.171168 0.938889 0.690000
260 0.167952 0.942222 0.680000
261 0.164954 0.944444 0.700000
262 0.174248 0.941111 0.680000
263 0.167909 0.942222 0.690000
264 0.178426 0.943333 0.700000
265 0.167130 0.942222 0.680000
266 0.171875 0.943333 0.670000
267 0.173558 0.941111 0.690000
268 0.177614 0.940000 0.680000
269 0.164704 0.937778 0.690000
270 0.175250 0.941111 0.680000
271 0.166949 0.942222 0.690000
272 0.163497 0.941111 0.670000
273 0.163815 0.940000 0.670000
274 0.173971 0.937778 0.660000
275 0.169888 0.940000 0.660000
276 0.169161 0.940000 0.650000
277 0.169374 0.940000 0.670000
278 0.172227 0.943333 0.670000
279 0.165301 0.942222 0.680000
280 0.172083 0.944444 0.680000
281 0.166816 0.940000 0.670000
282 0.172946 0.936667 0.670000
283 0.164800 0.940000 0.680000
284 0.175792 0.941111 0.680000
285 0.167526 0.943333 0.670000
286 0.170718 0.947778 0.680000
287 0.168865 0.943333 0.680000
288 0.172909 0.942222 0.690000
289 0.166573 0.938889 0.680000
290 0.168179 0.942222 0.710000
291 0.172205 0.945556 0.710000
292 0.170467 0.935556 0.680000
293 0.169260 0.943333 0.700000
294 0.171370 0.943333 0.680000
295 0.171012 0.945556 0.670000
296 0.167882 0.945556 0.670000
297 0.171505 0.936667 0.670000
298 0.166655 0.942222 0.670000
299 0.158364 0.938889 0.700000
300 0.157739 0.945556 0.690000
301 0.168809 0.938889 0.690000
302 0.169057 0.943333 0.690000
303 0.174040 0.944444 0.680000
304 0.163025 0.940000 0.670000
305 0.165693 0.938889 0.670000
306 0.159784 0.940000 0.680000
307 0.167926 0.943333 0.690000
308 0.164020 0.945556 0.700000
309 0.164495 0.938889 0.670000
310 0.163586 0.945556 0.670000
311 0.169268 0.945556 0.700000
312 0.168197 0.945556 0.690000
313 0.158219 0.942222 0.700000
314 0.164005 0.945556 0.700000
315 0.164635 0.944444 0.700000
316 0.168268 0.944444 0.690000
317 0.167199 0.942222 0.680000
318 0.162145 0.942222 0.670000
319 0.159799 0.942222 0.670000
320 0.159985 0.945556 0.690000
321 0.158130 0.941111 0.670000
322 0.152940 0.943333 0.680000
323 0.158530 0.943333 0.680000
324 0.162076 0.944444 0.670000
325 0.158372 0.936667 0.670000
326 0.166092 0.943333 0.670000
327 0.175482 0.942222 0.680000
328 0.167527 0.943333 0.670000
329 0.165656 0.943333 0.660000
330 0.161155 0.944444 0.670000
331 0.152521 0.938889 0.670000
332 0.165709 0.941111 0.680000
333 0.154013 0.943333 0.680000
334 0.157031 0.945556 0.680000
335 0.164644 0.945556 0.670000
336 0.167794 0.943333 0.670000
337 0.169840 0.942222 0.670000
338 0.162377 0.946667 0.670000
339 0.155684 0.941111 0.680000
340 0.172656 0.943333 0.670000
341 0.153073 0.940000 0.690000
342 0.161922 0.944444 0.660000
343 0.171506 0.945556 0.680000
344 0.159856 0.943333 0.670000
345 0.168259 0.947778 0.680000
346 0.161014 0.945556 0.700000
347 0.166918 0.941111 0.680000
348 0.165382 0.944444 0.650000
349 0.166506 0.942222 0.680000
350 0.157086 0.945556 0.680000
