1 1.811541 0.712222 0.730000
2 0.788815 0.727778 0.660000
3 0.599930 0.763333 0.750000
4 0.531833 0.785556 0.740000
5 0.515121 0.791111 0.730000
6 0.494034 0.790000 0.720000
7 0.501332 0.780000 0.720000
8 0.446744 0.811111 0.690000
9 0.447610 0.807778 0.720000
10 0.439368 0.810000 0.720000
11 0.435136 0.778889 0.740000
12 0.431428 0.801111 0.700000
13 0.441415 0.792222 0.690000
14 0.425787 0.823333 0.690000
15 0.431818 0.764444 0.770000
16 0.417732 0.808889 0.670000
17 0.413251 0.827778 0.730000
18 0.420595 0.811111 0.750000
19 0.431916 0.821111 0.740000
20 0.402564 0.827778 0.730000
21 0.389216 0.832222 0.720000
22 0.395130 0.821111 0.690000
23 0.398106 0.833333 0.740000
24 0.369912 0.830000 0.720000
25 0.379420 0.796667 0.710000
26 0.383265 0.838889 0.700000
27 0.417888 0.707778 0.720000
28 0.475685 0.800000 0.710000
29 1.194007 0.781111 0.660000
30 0.499923 0.795556 0.700000
31 0.478578 0.802222 0.700000
32 0.430677 0.816667 0.690000
33 0.420137 0.821111 0.710000
34 0.392679 0.831111 0.740000
35 0.390545 0.824444 0.770000
36 0.378391 0.821111 0.770000
37 0.393901 0.832222 0.690000
38 0.387347 0.836667 0.700000
39 0.410892 0.827778 0.740000
40 0.367709 0.833333 0.700000
41 0.370052 0.818889 0.620000
42 0.363407 0.833333 0.760000
43 0.364292 0.834444 0.740000
44 0.397738 0.827778 0.740000
45 0.357122 0.842222 0.690000
46 0.354225 0.855556 0.730000
47 0.355157 0.850000 0.710000
48 0.361456 0.855556 0.710000
49 0.350356 0.848889 0.660000
50 0.321904 0.863333 0.740000
51 0.315910 0.835556 0.660000
52 0.327197 0.850000 0.710000
53 0.499877 0.856667 0.710000
54 0.333559 0.866667 0.750000
55 0.324166 0.868889 0.740000
56 0.306131 0.863333 0.740000
57 0.321247 0.861111 0.730000
58 0.314338 0.868889 0.720000
59 0.317333 0.871111 0.750000
60 0.305715 0.874444 0.740000
61 0.326658 0.870000 0.730000
62 0.309644 0.877778 0.710000
63 0.304482 0.871111 0.700000
64 0.291120 0.874444 0.710000
65 0.297203 0.877778 0.690000
66 0.305989 0.875556 0.700000
67 0.286621 0.867778 0.700000
68 0.296563 0.858889 0.690000
69 0.304832 0.871111 0.740000
70 0.289097 0.875556 0.710000
71 0.289375 0.876667 0.690000
72 0.278820 0.881111 0.740000
73 0.287430 0.866667 0.720000
74 0.282974 0.884444 0.730000
75 0.282443 0.877778 0.740000
76 0.290458 0.864444 0.670000
77 0.281887 0.881111 0.740000
78 0.277199 0.886667 0.730000
79 0.275647 0.887778 0.750000
80 0.281542 0.875556 0.710000
81 0.272708 0.877778 0.720000
82 0.272637 0.880000 0.700000
83 0.297841 0.880000 0.740000
84 0.275670 0.876667 0.730000
85 0.310240 0.872222 0.730000
86 0.283496 0.880000 0.670000
87 0.285301 0.882222 0.720000
88 0.293063 0.872222 0.730000
89 0.282943 0.878889 0.700000
90 0.269113 0.877778 0.710000
91 0.286202 0.878889 0.710000
92 0.276628 0.887778 0.740000
93 0.279196 0.888889 0.740000
94 0.280796 0.883333 0.710000
95 0.270448 0.887778 0.720000
96 0.271791 0.884444 0.690000
97 0.273537 0.838889 0.640000
98 0.289540 0.891111 0.760000
99 0.257630 0.888889 0.720000
100 0.252361 0.897778 0.680000
101 0.241644 0.896667 0.740000
102 0.252652 0.901111 0.710000
103 0.244496 0.888889 0.720000
104 0.250488 0.892222 0.720000
105 0.248390 0.894444 0.740000
106 0.238399 0.901111 0.740000
107 0.239996 0.901111 0.710000
108 0.252543 0.901111 0.730000
109 0.245101 0.898889 0.740000
110 0.236720 0.900000 0.680000
111 0.241939 0.895556 0.700000
112 0.272043 0.900000 0.660000
113 0.250518 0.900000 0.740000
114 0.240449 0.898889 0.680000
115 0.263350 0.901111 0.720000
116 0.255228 0.897778 0.680000
117 0.247555 0.900000 0.720000
118 0.239770 0.890000 0.730000
119 0.233757 0.902222 0.730000
120 0.239189 0.903333 0.720000
121 0.259594 0.900000 0.750000
122 0.253364 0.900000 0.720000
123 0.235239 0.907778 0.700000
124 0.233922 0.898889 0.720000
125 0.233984 0.907778 0.700000
126 0.236356 0.904444 0.730000
127 0.231134 0.895556 0.700000
128 0.232110 0.901111 0.740000
129 0.235088 0.901111 0.740000
130 0.276151 0.893333 0.700000
131 0.249161 0.905556 0.720000
132 0.226766 0.907778 0.720000
133 0.234931 0.910000 0.700000
134 0.240554 0.898889 0.690000
135 0.243210 0.910000 0.730000
136 0.233260 0.904444 0.720000
137 0.234750 0.906667 0.740000
138 0.238294 0.910000 0.730000
139 0.237811 0.904444 0.720000
140 0.226211 0.894444 0.660000
141 0.232310 0.903333 0.680000
142 0.238932 0.904444 0.750000
143 0.230304 0.905556 0.720000
144 0.236996 0.897778 0.730000
145 0.272908 0.914444 0.700000
146 0.230739 0.905556 0.710000
147 0.225524 0.911111 0.680000
148 0.226240 0.906667 0.700000
149 0.219624 0.915556 0.690000
150 0.212108 0.912222 0.700000
151 0.213593 0.906667 0.690000
152 0.214348 0.912222 0.730000
153 0.219677 0.917778 0.690000
154 0.211172 0.907778 0.710000
155 0.208791 0.914444 0.720000
156 0.202733 0.923333 0.680000
157 0.220088 0.916667 0.700000
158 0.203280 0.916667 0.680000
159 0.217946 0.916667 0.700000
160 0.204629 0.918889 0.700000
161 0.211467 0.916667 0.690000
162 0.215710 0.913333 0.690000
163 0.208816 0.914444 0.670000
164 0.204061 0.910000 0.700000
165 0.203199 0.908889 0.710000
166 0.213879 0.914444 0.710000
167 0.212651 0.913333 0.700000
168 0.204924 0.914444 0.640000
169 0.220929 0.917778 0.700000
170 0.219813 0.914444 0.670000
171 0.205367 0.921111 0.670000
172 0.201684 0.918889 0.680000
173 0.215943 0.912222 0.680000
174 0.195984 0.922222 0.700000
175 0.201719 0.923333 0.710000
176 0.208550 0.918889 0.690000
177 0.214172 0.910000 0.720000
178 0.204642 0.918889 0.680000
179 0.208652 0.920000 0.700000
180 0.198805 0.920000 0.660000
181 0.203974 0.920000 0.670000
182 0.197982 0.922222 0.690000
183 0.205916 0.922222 0.710000
184 0.191025 0.920000 0.710000
185 0.198923 0.921111 0.700000
186 0.206957 0.921111 0.700000
187 0.197675 0.921111 0.690000
188 0.209125 0.914444 0.690000
189 0.207956 0.922222 0.710000
190 0.203818 0.912222 0.700000
191 0.200071 0.905556 0.690000
192 0.203198 0.916667 0.680000
193 0.206472 0.921111 0.710000
194 0.196140 0.920000 0.670000
195 0.200908 0.921111 0.710000
196 0.205673 0.924444 0.720000
197 0.199544 0.908889 0.650000
198 0.193214 0.918889 0.680000
199 0.199392 0.911111 0.690000
200 0.189633 0.920000 0.700000
201 0.196569 0.921111 0.680000
202 0.191011 0.925556 0.710000
203 0.187795 0.923333 0.690000
204 0.186379 0.920000 0.690000
205 0.191696 0.916667 0.690000
206 0.199219 0.927778 0.710000
207 0.192142 0.924444 0.720000
208 0.188830 0.924444 0.680000
209 0.196895 0.928889 0.690000
210 0.184231 0.924444 0.700000
211 0.189106 0.914444 0.690000
212 0.192635 0.924444 0.680000
213 0.200612 0.921111 0.690000
214 0.193557 0.926667 0.670000
215 0.193050 0.922222 0.680000
216 0.198016 0.921111 0.680000
217 0.185349 0.920000 0.700000
218 0.206279 0.925556 0.690000
219 0.189989 0.918889 0.700000
220 0.190625 0.924444 0.690000
221 0.181609 0.924444 0.700000
222 0.187103 0.922222 0.680000
223 0.186874 0.925556 0.680000
224 0.185464 0.926667 0.690000
225 0.191627 0.923333 0.690000
226 0.193803 0.926667 0.700000
227 0.177234 0.923333 0.700000
228 0.190582 0.922222 0.700000
229 0.182185 0.927778 0.710000
230 0.198014 0.923333 0.690000
231 0.182798 0.922222 0.700000
232 0.190433 0.928889 0.710000
233 0.189491 0.927778 0.680000
234 0.174354 0.926667 0.690000
235 0.184247 0.931111 0.710000
236 0.191824 0.926667 0.710000
237 0.188891 0.926667 0.700000
238 0.183178 0.928889 0.690000
239 0.194733 0.924444 0.680000
240 0.193952 0.925556 0.710000
241 0.182786 0.922222 0.710000
242 0.182362 0.924444 0.700000
243 0.195778 0.924444 0.690000
244 0.173948 0.924444 0.680000
245 0.193028 0.927778 0.710000
246 0.181940 0.923333 0.710000
247 0.188119 0.928889 0.710000
248 0.178005 0.923333 0.690000
249 0.185235 0.920000 0.720000
250 0.189752 0.925556 0.700000
251 0.190365 0.928889 0.710000
252 0.179209 0.928889 0.700000
253 0.182666 0.928889 0.690000
254 0.179849 0.928889 0.700000
255 0.193134 0.926667 0.680000
256 0.178896 0.927778 0.680000
257 0.176781 0.931111 0.680000
258 0.187879 0.924444 0.670000
259 0.179358 0.924444 0.690000
260 0.184386 0.930000 0.700000
261 0.181289 0.924444 0.690000
262 0.185303 0.923333 0.690000
263 0.169882 0.925556 0.680000
264 0.182567 0.930000 0.680000
265 0.173983 0.930000 0.680000
266 0.174971 0.926667 0.700000
267 0.184677 0.931111 0.680000
268 0.191721 0.925556 0.690000
269 0.180606 0.931111 0.690000
270 0.172776 0.928889 0.680000
271 0.181851 0.926667 0.690000
272 0.183286 0.927778 0.690000
273 0.178635 0.930000 0.700000
274 0.172086 0.925556 0.690000
275 0.182771 0.928889 0.680000
276 0.187338 0.931111 0.710000
277 0.184320 0.925556 0.690000
278 0.179174 0.925556 0.700000
279 0.186396 0.927778 0.690000
280 0.167721 0.932222 0.690000
281 0.175488 0.930000 0.690000
282 0.178743 0.927778 0.680000
283 0.176291 0.924444 0.680000
284 0.173229 0.925556 0.690000
285 0.181358 0.927778 0.690000
286 0.177343 0.931111 0.690000
287 0.182895 0.926667 0.690000
288 0.179558 0.932222 0.690000
289 0.175395 0.928889 0.680000
290 0.183055 0.927778 0.680000
291 0.169775 0.933333 0.690000
292 0.175746 0.930000 0.690000
293 0.177056 0.930000 0.720000
294 0.177443 0.930000 0.710000
295 0.176020 0.931111 0.690000
296 0.172377 0.930000 0.700000
297 0.175058 0.928889 0.700000
298 0.181534 0.930000 0.710000
299 0.177898 0.928889 0.700000
300 0.180846 0.927778 0.690000
301 0.169986 0.931111 0.700000
302 0.179153 0.927778 0.700000
303 0.179320 0.930000 0.670000
304 0.171226 0.932222 0.690000
305 0.173869 0.928889 0.680000
306 0.171365 0.932222 0.700000
307 0.174533 0.931111 0.690000
308 0.177290 0.932222 0.690000
309 0.174003 0.931111 0.690000
310 0.178217 0.928889 0.690000
311 0.173961 0.930000 0.690000
312 0.170874 0.931111 0.690000
313 0.183519 0.930000 0.690000
314 0.179950 0.928889 0.690000
315 0.175756 0.931111 0.680000
316 0.169455 0.931111 0.690000
317 0.177360 0.933333 0.710000
318 0.178110 0.921111 0.670000
319 0.184446 0.927778 0.710000
320 0.168010 0.928889 0.700000
321 0.176228 0.931111 0.690000
322 0.168161 0.932222 0.690000
323 0.194305 0.927778 0.690000
324 0.182013 0.932222 0.680000
325 0.167937 0.927778 0.690000
326 0.175319 0.931111 0.690000
327 0.174784 0.928889 0.680000
328 0.174647 0.928889 0.690000
329 0.181885 0.924444 0.670000
330 0.171439 0.931111 0.680000
331 0.173655 0.930000 0.680000
332 0.177802 0.931111 0.700000
333 0.168255 0.930000 0.690000
334 0.174549 0.927778 0.690000
335 0.172196 0.932222 0.690000
336 0.177886 0.927778 0.700000
337 0.169787 0.925556 0.700000
338 0.178866 0.931111 0.690000
339 0.177719 0.927778 0.710000
340 0.174019 0.925556 0.680000
341 0.165455 0.930000 0.680000
342 0.180966 0.931111 0.690000
343 0.176443 0.932222 0.690000
344 0.172941 0.927778 0.710000
345 0.172319 0.930000 0.670000
346 0.176423 0.926667 0.720000
347 0.170585 0.930000 0.710000
348 0.177408 0.930000 0.690000
349 0.171046 0.928889 0.700000
350 0.171245 0.930000 0.670000
