1 150.819589 0.693889 0.605000
2 70.584619 0.700000 0.670000
3 15.929493 0.737778 0.725000
4 10.846128 0.565000 0.550000
5 7.012311 0.703889 0.690000
6 8.843518 0.748333 0.730000
7 4.334085 0.672778 0.665000
8 4.554478 0.665556 0.665000
9 5.420632 0.771667 0.745000
10 4.808187 0.662222 0.610000
11 3.635058 0.708889 0.700000
12 8.461743 0.723333 0.720000
13 3.381340 0.711111 0.675000
14 5.849575 0.776111 0.740000
15 1.827887 0.688333 0.680000
16 1.701335 0.775556 0.740000
17 1.437596 0.772778 0.730000
18 0.974558 0.695556 0.680000
19 1.756107 0.753333 0.750000
20 2.072916 0.766667 0.745000
21 0.782832 0.541667 0.530000
22 1.129831 0.691667 0.675000
23 4.415969 0.679444 0.675000
24 1.416597 0.770000 0.740000
25 1.087287 0.710000 0.690000
26 1.129511 0.768889 0.740000
27 0.936187 0.755556 0.735000
28 0.886419 0.726111 0.685000
29 0.799125 0.761111 0.740000
30 2.626723 0.775000 0.745000
31 0.700623 0.748333 0.715000
32 1.290755 0.547778 0.540000
33 3.111838 0.749444 0.735000
34 1.681629 0.612222 0.585000
35 0.821396 0.775556 0.750000
36 0.625509 0.771111 0.740000
37 0.709464 0.773889 0.750000
38 0.878497 0.748333 0.745000
39 0.903263 0.776667 0.725000
40 0.803277 0.777778 0.740000
41 1.077021 0.781111 0.755000
42 1.023813 0.758333 0.735000
43 0.852995 0.743889 0.740000
44 1.271468 0.727778 0.735000
45 0.696636 0.778333 0.740000
46 0.745169 0.726111 0.670000
47 0.716275 0.754444 0.740000
48 0.683641 0.777778 0.750000
49 0.838385 0.771667 0.735000
50 0.926997 0.775000 0.735000
51 0.773328 0.774444 0.740000
52 0.680207 0.666111 0.640000
53 0.689039 0.736667 0.755000
54 0.661402 0.755556 0.720000
55 0.597681 0.782222 0.735000
56 0.565771 0.775000 0.720000
57 0.630631 0.776667 0.745000
58 0.604370 0.782778 0.735000
59 0.889982 0.772778 0.745000
60 0.595735 0.713889 0.685000
61 0.628328 0.735556 0.735000
62 1.145427 0.745000 0.755000
63 0.683397 0.750000 0.735000
64 0.996835 0.775556 0.740000
65 0.642101 0.762222 0.725000
66 0.759046 0.773889 0.720000
67 0.599936 0.753889 0.735000
68 0.592558 0.776667 0.740000
69 0.668997 0.742778 0.710000
70 0.642031 0.616111 0.600000
71 0.865474 0.773333 0.725000
72 0.579575 0.733889 0.705000
73 0.885377 0.772222 0.740000
74 0.962478 0.778333 0.750000
75 0.851934 0.772778 0.745000
76 0.689944 0.759444 0.735000
77 0.635778 0.728889 0.690000
78 0.596614 0.778889 0.730000
79 0.641322 0.775556 0.740000
80 1.143119 0.622778 0.620000
81 0.832151 0.773333 0.735000
82 0.627396 0.768333 0.745000
83 0.779650 0.763889 0.760000
84 0.610476 0.780556 0.745000
85 0.618614 0.765556 0.720000
86 0.599093 0.765000 0.755000
87 0.656905 0.771667 0.755000
88 0.598207 0.775000 0.745000
89 0.622172 0.750556 0.750000
90 0.611418 0.783333 0.730000
91 0.588676 0.695000 0.675000
92 0.557549 0.762778 0.755000
93 0.675297 0.790000 0.745000
94 0.659186 0.788333 0.765000
95 0.646864 0.787778 0.780000
96 0.615169 0.773889 0.750000
97 0.627100 0.734444 0.735000
98 0.721573 0.757222 0.745000
99 0.644470 0.777778 0.755000
100 0.539556 0.780000 0.755000
101 0.516966 0.781111 0.770000
102 0.554729 0.787222 0.775000
103 0.554123 0.774444 0.745000
104 0.520812 0.796111 0.780000
105 0.518032 0.801111 0.770000
106 0.649141 0.745000 0.755000
107 0.535446 0.796111 0.765000
108 0.531954 0.789444 0.800000
109 0.575687 0.768333 0.750000
110 0.539171 0.793889 0.780000
111 0.570212 0.732778 0.735000
112 0.625793 0.787222 0.755000
113 0.556764 0.776667 0.745000
114 0.564921 0.798333 0.765000
115 0.515270 0.743889 0.755000
116 0.557943 0.775000 0.750000
117 0.545531 0.773889 0.745000
118 0.522965 0.780000 0.770000
119 0.552188 0.798333 0.785000
120 0.530182 0.788333 0.810000
121 0.539510 0.782222 0.785000
122 0.572080 0.788889 0.755000
123 0.543306 0.793333 0.820000
124 0.614934 0.717222 0.710000
125 0.572506 0.790556 0.765000
126 0.525506 0.765000 0.745000
127 0.529427 0.790556 0.770000
128 0.508542 0.797778 0.795000
129 0.583056 0.802222 0.775000
130 0.603277 0.777778 0.765000
131 0.590151 0.784444 0.800000
132 0.542247 0.756111 0.745000
133 0.556980 0.762222 0.740000
134 0.525714 0.800000 0.775000
135 0.538203 0.785556 0.805000
136 0.536564 0.802778 0.790000
137 0.635081 0.782778 0.790000
138 0.556751 0.778889 0.760000
139 0.559887 0.785556 0.810000
140 0.538830 0.767222 0.745000
141 0.554230 0.804444 0.780000
142 0.551039 0.756111 0.740000
143 0.537134 0.791667 0.770000
144 0.555443 0.783333 0.780000
145 0.555725 0.787222 0.810000
146 0.569145 0.775556 0.755000
147 0.512058 0.750000 0.750000
148 0.528389 0.771111 0.755000
149 0.521363 0.802222 0.780000
150 0.512469 0.791111 0.820000
151 0.516825 0.797222 0.805000
152 0.518441 0.797222 0.775000
153 0.562382 0.745000 0.740000
154 0.537452 0.795000 0.815000
155 0.508461 0.781667 0.795000
156 0.507763 0.784444 0.785000
157 0.508808 0.802222 0.790000
158 0.522702 0.782222 0.790000
159 0.513634 0.796667 0.805000
160 0.514948 0.762778 0.740000
161 0.557243 0.786111 0.810000
162 0.540917 0.791111 0.810000
163 0.531211 0.770556 0.750000
164 0.564439 0.781111 0.775000
165 0.509507 0.784444 0.770000
166 0.519404 0.780556 0.770000
167 0.505445 0.786111 0.800000
168 0.513109 0.773333 0.755000
169 0.520774 0.758889 0.740000
170 0.512543 0.781111 0.775000
171 0.507849 0.765000 0.740000
172 0.495723 0.766667 0.740000
173 0.525128 0.759444 0.745000
174 0.526254 0.801667 0.765000
175 0.511394 0.802222 0.770000
176 0.521603 0.796111 0.805000
177 0.525830 0.768333 0.740000
178 0.527773 0.799444 0.790000
179 0.513499 0.768889 0.760000
180 0.520861 0.802778 0.795000
181 0.541524 0.781111 0.790000
182 0.510836 0.788889 0.820000
183 0.524262 0.771111 0.755000
184 0.522691 0.748333 0.735000
185 0.513830 0.779444 0.770000
186 0.530495 0.791111 0.815000
187 0.521595 0.751667 0.740000
188 0.510249 0.777222 0.755000
189 0.509966 0.803889 0.775000
190 0.510683 0.789444 0.805000
191 0.514386 0.773889 0.750000
192 0.492705 0.761111 0.740000
193 0.498793 0.793889 0.810000
194 0.516011 0.800000 0.780000
195 0.535748 0.750000 0.740000
196 0.510539 0.801111 0.795000
197 0.511707 0.800000 0.765000
198 0.523026 0.796111 0.810000
199 0.530587 0.743889 0.730000
200 0.507113 0.802222 0.775000
201 0.516193 0.778333 0.765000
202 0.512350 0.790556 0.805000
203 0.501651 0.771667 0.765000
204 6.699985 0.810556 0.775000
205 0.554809 0.808889 0.785000
206 0.503158 0.802222 0.800000
207 1.002216 0.776667 0.790000
208 0.531069 0.800556 0.800000
209 0.509740 0.784444 0.785000
210 0.507523 0.755000 0.745000
211 0.505281 0.781667 0.775000
212 0.504765 0.755000 0.735000
213 0.552653 0.790000 0.800000
214 0.499021 0.788889 0.805000
215 0.510038 0.790556 0.820000
216 0.516458 0.802222 0.780000
217 0.522374 0.760556 0.740000
218 0.492607 0.787222 0.810000
219 0.615746 0.787778 0.805000
220 0.509651 0.762222 0.740000
221 0.529954 0.802778 0.775000
222 0.502920 0.800000 0.810000
223 0.492208 0.791111 0.815000
224 0.504889 0.765556 0.740000
225 0.514152 0.764444 0.745000
226 0.530624 0.802222 0.785000
227 0.508366 0.760000 0.745000
228 0.523712 0.800000 0.795000
229 0.503103 0.801667 0.775000
230 0.499351 0.773889 0.775000
231 0.526393 0.781111 0.780000
232 0.488608 0.775556 0.775000
233 0.499350 0.767222 0.740000
234 0.506793 0.784444 0.790000
235 0.515018 0.788333 0.810000
236 0.500136 0.781111 0.785000
237 0.507963 0.775000 0.775000
238 0.522496 0.787778 0.810000
239 0.502077 0.795000 0.815000
240 0.498337 0.802778 0.805000
241 0.527869 0.782222 0.800000
242 0.506502 0.800000 0.795000
243 0.507760 0.781111 0.780000
244 0.502987 0.798889 0.780000
245 0.510740 0.794444 0.810000
246 0.500833 0.799444 0.780000
247 0.500280 0.772222 0.770000
248 0.505659 0.787778 0.805000
249 0.497380 0.762222 0.735000
250 0.502905 0.778889 0.795000
251 0.514088 0.788889 0.810000
252 0.512479 0.780556 0.790000
253 0.504141 0.807222 0.795000
254 0.498818 0.800556 0.770000
255 0.503207 0.780556 0.780000
256 0.600248 0.793889 0.800000
257 0.505606 0.785000 0.790000
258 0.492009 0.786111 0.800000
259 0.506112 0.806111 0.790000
260 0.503198 0.789444 0.810000
261 0.493932 0.781111 0.795000
262 0.497463 0.799444 0.790000
263 0.502665 0.794444 0.805000
264 0.513524 0.768333 0.760000
265 0.496073 0.794444 0.800000
266 0.499302 0.802778 0.810000
267 0.501923 0.793889 0.810000
268 0.518273 0.796111 0.800000
269 0.491912 0.797222 0.810000
270 0.503076 0.783889 0.805000
271 0.498780 0.798333 0.790000
272 0.507916 0.801667 0.800000
273 0.503439 0.782222 0.805000
274 0.512496 0.794444 0.810000
275 0.496518 0.782778 0.795000
276 0.502150 0.787222 0.810000
277 0.512332 0.765556 0.750000
278 0.497975 0.803889 0.810000
279 0.484452 0.801667 0.805000
280 0.502125 0.782222 0.790000
281 0.508458 0.788889 0.810000
282 0.490206 0.769444 0.765000
283 0.510884 0.786111 0.800000
284 0.500819 0.807222 0.790000
285 0.492972 0.788333 0.810000
286 0.504862 0.798333 0.810000
287 0.500408 0.780000 0.785000
288 0.490143 0.807778 0.790000
289 0.516239 0.806111 0.785000
290 0.502617 0.788333 0.815000
291 0.509106 0.781667 0.790000
292 0.499637 0.783889 0.805000
293 0.498290 0.792222 0.815000
294 0.509314 0.787778 0.810000
295 0.501675 0.780556 0.780000
296 0.493495 0.787778 0.810000
297 0.492004 0.763889 0.750000
298 0.488543 0.803889 0.790000
299 0.495011 0.801667 0.780000
300 0.510544 0.788333 0.810000
301 0.494804 0.779444 0.780000
302 0.501473 0.794444 0.815000
303 0.490212 0.807778 0.790000
304 0.496056 0.795556 0.805000
305 0.497723 0.797778 0.810000
306 0.496623 0.799444 0.780000
307 0.493112 0.808333 0.795000
308 0.508644 0.788889 0.810000
309 0.502723 0.805000 0.805000
310 0.520424 0.779444 0.775000
311 0.496849 0.805000 0.780000
312 0.494304 0.785556 0.795000
313 0.499277 0.782778 0.785000
314 0.506749 0.803333 0.815000
315 0.495038 0.806667 0.800000
316 0.483371 0.805556 0.800000
317 0.507330 0.801111 0.810000
318 0.501982 0.780000 0.785000
319 0.496065 0.803889 0.790000
320 0.501616 0.793889 0.810000
321 0.500105 0.786111 0.810000
322 0.502783 0.777222 0.780000
323 0.493202 0.783333 0.795000
324 0.493012 0.795000 0.815000
325 0.481907 0.793889 0.805000
326 0.494310 0.804444 0.815000
327 0.491158 0.803889 0.815000
328 0.504205 0.794444 0.800000
329 0.499610 0.798889 0.770000
330 0.483287 0.781667 0.785000
331 0.515626 0.785556 0.810000
332 0.493824 0.776111 0.785000
333 0.501722 0.803333 0.770000
334 0.491563 0.803333 0.800000
335 0.500708 0.802778 0.790000
336 0.493541 0.783889 0.790000
337 0.486135 0.808889 0.790000
338 0.505404 0.806667 0.805000
339 0.504083 0.801667 0.810000
340 0.502614 0.791111 0.815000
341 0.499466 0.802222 0.810000
342 0.494280 0.805556 0.775000
343 0.488697 0.793333 0.805000
344 0.496262 0.800000 0.805000
345 0.508791 0.801667 0.805000
346 0.513070 0.796667 0.805000
347 0.507512 0.771667 0.765000
348 0.510677 0.781111 0.790000
349 0.494035 0.788333 0.810000
350 0.489250 0.796111 0.800000
