1 3.549984 0.703226 0.617647
2 1.469225 0.554839 0.441176
3 1.764808 0.658065 0.588235
4 0.931606 0.670968 0.588235
5 0.929522 0.774194 0.558824
6 0.619167 0.783871 0.647059
7 0.630587 0.832258 0.558824
8 0.572194 0.738710 0.617647
9 0.479634 0.861290 0.617647
10 0.335027 0.809677 0.676471
11 0.407093 0.906452 0.647059
12 0.479215 0.803226 0.588235
13 0.366568 0.883871 0.529412
14 0.292045 0.922581 0.676471
15 0.394737 0.880645 0.676471
16 0.387235 0.870968 0.617647
17 0.325710 0.890323 0.617647
18 0.210731 0.948387 0.676471
19 0.171097 0.974194 0.676471
20 0.185906 0.938710 0.647059
21 0.179245 0.945161 0.647059
22 0.262510 0.954839 0.647059
23 0.149461 0.974194 0.676471
24 0.195312 0.941935 0.617647
25 0.181780 0.964516 0.647059
26 0.214969 0.964516 0.705882
27 0.180288 0.983871 0.676471
28 0.129298 0.954839 0.735294
29 0.108650 0.967742 0.617647
30 0.114385 0.964516 0.676471
31 0.191072 0.838710 0.764706
32 0.313964 0.925806 0.676471
33 0.134583 0.948387 0.617647
34 0.090200 0.987097 0.676471
35 0.072338 0.993548 0.735294
36 0.099211 0.987097 0.676471
37 0.138950 0.929032 0.647059
38 0.080132 0.996774 0.705882
39 0.073782 0.987097 0.647059
40 0.105891 0.896774 0.676471
41 0.141437 0.964516 0.705882
42 0.104306 0.993548 0.705882
43 0.126951 0.883871 0.705882
44 0.232864 0.977419 0.705882
45 0.093351 0.987097 0.676471
46 0.060124 0.996774 0.705882
47 0.047027 0.990323 0.705882
48 0.047759 0.996774 0.705882
49 0.042335 0.996774 0.647059
50 0.037998 0.996774 0.676471
51 0.037413 0.996774 0.676471
52 0.038325 0.996774 0.705882
53 0.036491 0.996774 0.676471
54 0.033415 0.996774 0.676471
55 0.035431 0.996774 0.676471
56 0.036268 0.996774 0.647059
57 0.030214 0.996774 0.647059
58 0.033543 0.996774 0.676471
59 0.032299 0.996774 0.647059
60 0.035996 0.996774 0.647059
61 0.034627 0.996774 0.647059
62 0.044867 0.996774 0.676471
63 0.042244 0.996774 0.676471
64 0.041289 0.996774 0.647059
65 0.038181 0.996774 0.647059
66 0.036278 0.996774 0.647059
67 0.038318 0.993548 0.676471
68 0.040846 0.990323 0.705882
69 0.049232 0.993548 0.764706
70 0.042707 0.996774 0.705882
71 0.034423 0.996774 0.705882
72 0.034930 0.996774 0.735294
73 0.040155 0.993548 0.676471
74 0.034426 0.996774 0.676471
75 0.037802 0.996774 0.705882
76 0.034738 0.996774 0.735294
77 0.029840 0.996774 0.705882
78 0.026662 0.996774 0.705882
79 0.055267 0.974194 0.617647
80 0.215443 0.951613 0.588235
81 0.091341 0.990323 0.617647
82 0.076103 0.990323 0.676471
83 0.092516 0.977419 0.676471
84 0.063205 0.996774 0.676471
85 0.094365 0.980645 0.676471
86 0.084229 0.932258 0.705882
87 0.073662 0.996774 0.676471
88 0.047864 0.996774 0.647059
89 0.032497 0.996774 0.647059
90 0.033658 0.996774 0.588235
91 0.033083 0.996774 0.617647
92 0.038386 0.996774 0.676471
93 0.038805 0.996774 0.705882
94 0.035606 0.996774 0.676471
95 0.044633 0.996774 0.705882
96 0.036256 0.996774 0.676471
97 0.036872 0.996774 0.676471
98 0.034581 0.996774 0.676471
99 0.044490 0.996774 0.617647
100 0.044495 0.996774 0.705882
101 0.027743 0.996774 0.676471
102 0.032141 0.996774 0.676471
103 0.029802 0.996774 0.647059
104 0.025122 0.996774 0.676471
105 0.024028 0.996774 0.647059
106 0.031433 0.996774 0.647059
107 0.028581 0.996774 0.676471
108 0.027536 0.996774 0.647059
109 0.027537 0.996774 0.676471
110 0.028857 0.996774 0.705882
111 0.028224 0.996774 0.705882
112 0.027049 0.996774 0.647059
113 0.028011 0.996774 0.676471
114 0.029509 0.996774 0.705882
115 0.025276 0.996774 0.676471
116 0.024792 0.996774 0.676471
117 0.025253 0.996774 0.676471
118 0.026893 0.996774 0.676471
119 0.022223 0.996774 0.705882
120 0.027476 0.996774 0.705882
121 0.030291 0.996774 0.647059
122 0.032678 0.996774 0.705882
123 0.024541 0.996774 0.705882
124 0.032460 0.996774 0.617647
125 0.026132 0.996774 0.676471
126 0.028433 0.996774 0.676471
127 0.025591 0.996774 0.647059
128 0.025439 0.996774 0.617647
129 0.029419 0.996774 0.647059
130 0.027953 0.990323 0.588235
131 0.238915 0.951613 0.676471
132 0.113525 0.987097 0.617647
133 0.068731 0.980645 0.735294
134 0.041032 0.996774 0.676471
135 0.033600 0.996774 0.676471
136 0.029447 0.996774 0.676471
137 0.027372 0.996774 0.676471
138 0.024617 0.996774 0.676471
139 0.031978 0.996774 0.676471
140 0.057164 0.990323 0.705882
141 0.050950 0.996774 0.705882
142 0.037793 0.996774 0.705882
143 0.030374 0.996774 0.705882
144 0.025996 0.996774 0.705882
145 0.033696 0.996774 0.676471
146 0.028183 0.996774 0.676471
147 0.024048 0.996774 0.676471
148 0.030654 0.996774 0.676471
149 0.029824 0.996774 0.676471
150 0.027052 0.996774 0.676471
151 0.024167 0.996774 0.647059
152 0.024519 0.996774 0.676471
153 0.024464 0.996774 0.647059
154 0.023573 0.996774 0.705882
155 0.025926 0.996774 0.676471
156 0.025075 0.996774 0.676471
157 0.023240 0.996774 0.676471
158 0.023471 0.996774 0.676471
159 0.023783 0.996774 0.705882
160 0.025481 0.996774 0.705882
161 0.025226 0.996774 0.705882
162 0.024812 0.996774 0.705882
163 0.024838 0.996774 0.676471
164 0.023107 0.996774 0.676471
165 0.020887 0.996774 0.735294
166 0.024985 0.996774 0.705882
167 0.023778 0.996774 0.676471
168 0.023077 0.996774 0.676471
169 0.021695 0.996774 0.676471
170 0.021381 0.996774 0.676471
171 0.024625 0.996774 0.705882
172 0.023967 0.996774 0.705882
173 0.027342 0.996774 0.676471
174 0.024802 0.996774 0.705882
175 0.025697 0.996774 0.676471
176 0.024954 0.996774 0.735294
177 0.019361 0.996774 0.676471
178 0.022814 0.996774 0.705882
179 0.023576 0.996774 0.676471
180 0.026888 0.996774 0.735294
181 0.022982 0.996774 0.705882
182 0.024646 0.996774 0.676471
183 0.019008 0.996774 0.676471
184 0.025686 0.996774 0.705882
185 0.022555 0.996774 0.676471
186 0.023342 0.996774 0.676471
187 0.026599 0.996774 0.676471
188 0.021247 0.996774 0.676471
189 0.020111 0.996774 0.705882
190 0.043658 0.983871 0.705882
191 0.045707 0.996774 0.705882
192 0.029750 0.996774 0.705882
193 0.021333 0.996774 0.676471
194 0.023083 0.996774 0.676471
195 0.023305 0.996774 0.647059
196 0.021126 0.996774 0.617647
197 0.024219 0.996774 0.676471
198 0.024139 0.996774 0.676471
199 0.029744 0.996774 0.676471
200 0.019959 0.996774 0.676471
201 0.020526 0.996774 0.588235
202 0.021886 0.996774 0.617647
203 0.021580 0.996774 0.617647
204 0.021755 0.996774 0.617647
205 0.018563 0.996774 0.617647
206 0.019961 0.996774 0.676471
207 0.022762 0.996774 0.676471
208 0.020480 0.996774 0.676471
209 0.022354 0.996774 0.647059
210 0.019684 0.996774 0.647059
211 0.019088 0.996774 0.676471
212 0.022081 0.996774 0.588235
213 0.020095 0.996774 0.647059
214 0.023370 0.996774 0.617647
215 0.023202 0.996774 0.588235
216 0.021333 0.996774 0.617647
217 0.020330 0.996774 0.647059
218 0.021727 0.996774 0.647059
219 0.019614 0.996774 0.617647
220 0.022019 0.996774 0.617647
221 0.016547 0.996774 0.647059
222 0.022756 0.996774 0.647059
223 0.022611 0.996774 0.647059
224 0.020688 0.996774 0.617647
225 0.018435 0.996774 0.617647
226 0.021647 0.996774 0.617647
227 0.020858 0.996774 0.617647
228 0.018359 0.996774 0.617647
229 0.019695 0.996774 0.617647
230 0.020425 0.996774 0.647059
231 0.022997 0.996774 0.647059
232 0.020153 0.996774 0.617647
233 0.021056 0.996774 0.647059
234 0.017204 0.996774 0.617647
235 0.018858 0.996774 0.647059
236 0.021083 0.996774 0.676471
237 0.022660 0.996774 0.647059
238 0.017968 0.996774 0.676471
239 0.018323 0.996774 0.676471
240 0.019663 0.996774 0.647059
241 0.019377 0.996774 0.647059
242 0.020192 0.996774 0.647059
243 0.016813 0.996774 0.617647
244 0.022821 0.996774 0.647059
245 0.017779 0.996774 0.647059
246 0.022153 0.996774 0.647059
247 0.018343 0.996774 0.617647
248 0.021136 0.996774 0.647059
249 0.020747 0.996774 0.647059
250 0.018446 0.996774 0.647059
251 0.018874 0.996774 0.647059
252 0.016751 0.996774 0.647059
253 0.017237 0.996774 0.676471
254 0.019801 0.996774 0.647059
255 0.017366 0.996774 0.647059
256 0.019123 0.996774 0.647059
257 0.017235 0.996774 0.647059
258 0.017289 0.996774 0.647059
259 0.019155 0.996774 0.647059
260 0.017359 0.996774 0.647059
261 0.021515 0.996774 0.676471
262 0.019521 0.996774 0.617647
263 0.018352 0.996774 0.617647
264 0.017591 0.996774 0.647059
265 0.020188 0.996774 0.617647
266 0.020054 0.996774 0.617647
267 0.019126 0.996774 0.617647
268 0.018793 0.996774 0.647059
269 0.017469 0.996774 0.647059
270 0.019969 0.996774 0.617647
271 0.018360 0.996774 0.676471
272 0.020498 0.996774 0.647059
273 0.019567 0.996774 0.647059
274 0.020066 0.996774 0.647059
275 0.019897 0.996774 0.647059
276 0.018848 0.996774 0.647059
277 0.015992 0.996774 0.647059
278 0.016583 0.996774 0.647059
279 0.019567 0.996774 0.647059
280 0.019507 0.996774 0.617647
281 0.022916 0.996774 0.647059
282 0.018836 0.996774 0.647059
283 0.018675 0.996774 0.647059
284 0.018148 0.996774 0.676471
285 0.018050 0.996774 0.676471
286 0.017688 0.996774 0.676471
287 0.019687 0.996774 0.647059
288 0.019108 0.996774 0.647059
289 0.019206 0.996774 0.647059
290 0.018244 0.996774 0.647059
291 0.016715 0.996774 0.676471
292 0.016782 0.996774 0.647059
293 0.018710 0.996774 0.647059
294 0.019219 0.996774 0.647059
295 0.020484 0.996774 0.647059
296 0.017026 0.996774 0.676471
297 0.019555 0.996774 0.676471
298 0.018220 0.996774 0.676471
299 0.016996 0.996774 0.676471
300 0.017241 0.996774 0.647059
301 0.017385 0.996774 0.676471
302 0.019525 0.996774 0.676471
303 0.020642 0.996774 0.647059
304 0.015895 0.996774 0.676471
305 0.017366 0.996774 0.676471
306 0.016338 0.996774 0.647059
307 0.017274 0.996774 0.676471
308 0.017306 0.996774 0.676471
309 0.018350 0.996774 0.647059
310 0.019999 0.996774 0.676471
311 0.017958 0.996774 0.676471
312 0.017447 0.996774 0.647059
313 0.017849 0.996774 0.676471
314 0.016329 0.996774 0.676471
315 0.018940 0.996774 0.647059
316 0.017916 0.996774 0.647059
317 0.018636 0.996774 0.676471
318 0.016722 0.996774 0.705882
319 0.019292 0.996774 0.676471
320 0.015888 0.996774 0.676471
321 0.018142 0.996774 0.676471
322 0.016382 0.996774 0.676471
323 0.017295 0.996774 0.676471
324 0.018681 0.996774 0.647059
325 0.017790 0.996774 0.647059
326 0.018024 0.996774 0.647059
327 0.015443 0.996774 0.647059
328 0.017057 0.996774 0.705882
329 0.018710 0.996774 0.647059
330 0.016229 0.996774 0.647059
331 0.017379 0.996774 0.676471
332 0.017637 0.996774 0.676471
333 0.016821 0.996774 0.676471
334 0.017188 0.996774 0.676471
335 0.016445 0.996774 0.647059
336 0.016589 0.996774 0.647059
337 0.016481 0.996774 0.647059
338 0.018351 0.996774 0.647059
339 0.017636 0.996774 0.647059
340 0.019077 0.996774 0.647059
341 0.015888 0.996774 0.676471
342 0.018466 0.996774 0.676471
343 0.016980 0.996774 0.676471
344 0.016814 0.996774 0.676471
345 0.019477 0.996774 0.647059
346 0.017350 0.996774 0.705882
347 0.018985 0.996774 0.676471
348 0.017947 0.996774 0.676471
349 0.017341 0.996774 0.647059
350 0.019929 0.996774 0.676471
