1 3.454598 0.557178 0.552311
2 1.892770 0.647743 0.661800
3 1.309415 0.668018 0.652068
4 0.950226 0.605028 0.596107
5 1.044901 0.587456 0.579075
6 0.958751 0.676129 0.647202
7 1.055625 0.706407 0.686131
8 0.939921 0.724790 0.700730
9 0.922341 0.722628 0.686131
10 1.252369 0.744255 0.725061
11 0.845685 0.540146 0.545012
12 0.707274 0.679102 0.666667
13 0.625587 0.743174 0.712895
14 0.592127 0.755339 0.712895
15 0.597520 0.746688 0.712895
16 0.546687 0.760476 0.742092
17 0.568574 0.772912 0.742092
18 0.618158 0.739389 0.734793
19 0.585916 0.762639 0.737226
20 0.557589 0.790484 0.766423
21 0.533510 0.765342 0.756691
22 0.531285 0.769938 0.734793
23 0.507378 0.786969 0.761557
24 0.522231 0.787240 0.746959
25 0.517195 0.800216 0.766423
26 0.532684 0.778589 0.751825
27 0.503974 0.705596 0.678832
28 0.551068 0.768856 0.727494
29 0.544907 0.802649 0.768856
30 0.515191 0.802649 0.754258
31 0.511886 0.744526 0.722628
32 0.507363 0.765072 0.749392
33 0.485408 0.806164 0.785888
34 0.481863 0.809408 0.781022
35 0.480435 0.800487 0.768856
36 0.485910 0.825629 0.785888
37 0.471843 0.816437 0.785888
38 0.455363 0.819411 0.788321
39 0.497405 0.822925 0.790754
40 0.474360 0.825088 0.773723
41 0.466078 0.792376 0.761557
42 0.438488 0.828332 0.785888
43 0.429732 0.806705 0.776156
44 0.468952 0.832657 0.795620
45 0.455997 0.845634 0.798054
46 0.428304 0.814004 0.783455
47 0.424509 0.849148 0.805353
48 0.414336 0.817518 0.790754
49 0.428180 0.845364 0.788321
50 0.410447 0.861584 0.802920
51 0.388794 0.855907 0.800487
52 0.380421 0.846986 0.790754
53 0.388390 0.870235 0.793187
54 0.376298 0.865910 0.805353
55 0.351534 0.850230 0.793187
56 0.356913 0.873479 0.785888
57 0.372276 0.854826 0.788321
58 0.357832 0.872939 0.812652
59 0.356379 0.871317 0.805353
60 0.357387 0.874290 0.807786
61 0.363765 0.866991 0.773723
62 0.349667 0.868343 0.795620
63 0.351952 0.875101 0.795620
64 0.340877 0.872668 0.798054
65 0.346325 0.845634 0.778589
66 0.366237 0.877805 0.793187
67 0.322574 0.856718 0.778589
68 0.351631 0.818329 0.756691
69 0.345134 0.880508 0.798054
70 0.348354 0.870776 0.807786
71 0.331565 0.882130 0.795620
72 0.348235 0.880238 0.798054
73 0.336776 0.877534 0.805353
74 0.354097 0.894025 0.778589
75 0.333058 0.887267 0.800487
76 0.318099 0.886726 0.795620
77 0.334350 0.891592 0.812652
78 0.355010 0.886185 0.788321
79 0.335122 0.889700 0.795620
80 0.324247 0.899162 0.805353
81 0.318648 0.890511 0.807786
82 0.311062 0.885645 0.776156
83 0.299646 0.884293 0.766423
84 0.323130 0.893755 0.778589
85 0.338737 0.885104 0.788321
86 0.306791 0.908624 0.812652
87 0.302374 0.897270 0.822384
88 0.322481 0.874561 0.781022
89 0.287590 0.898621 0.798054
90 0.300307 0.902136 0.800487
91 0.318607 0.918356 0.795620
92 0.267415 0.916194 0.798054
93 0.299698 0.898351 0.798054
94 0.299917 0.859962 0.771290
95 0.306025 0.910787 0.812652
96 0.303583 0.908624 0.795620
97 0.283524 0.908354 0.793187
98 0.281523 0.871317 0.795620
99 0.307493 0.892674 0.793187
100 0.265369 0.922411 0.790754
101 0.239135 0.929170 0.790754
102 0.230007 0.937010 0.802920
103 0.230122 0.932414 0.790754
104 0.220142 0.934847 0.793187
105 0.212479 0.943769 0.819951
106 0.227535 0.932414 0.785888
107 0.216472 0.931873 0.790754
108 0.208211 0.939443 0.805353
109 0.204810 0.936469 0.800487
110 0.222771 0.941335 0.798054
111 0.198179 0.942417 0.807786
112 0.202065 0.943498 0.793187
113 0.197201 0.942147 0.798054
114 0.198566 0.944850 0.793187
115 0.206224 0.944039 0.802920
116 0.213860 0.935929 0.778589
117 0.212136 0.933225 0.788321
118 0.212163 0.939713 0.800487
119 0.199567 0.951068 0.805353
120 0.176255 0.948364 0.788321
121 0.194471 0.955393 0.805353
122 0.187313 0.942147 0.790754
123 0.189455 0.948364 0.802920
124 0.182777 0.956745 0.800487
125 0.214534 0.943498 0.788321
126 0.184830 0.945120 0.788321
127 0.189392 0.944850 0.773723
128 0.182379 0.956745 0.834550
129 0.168204 0.958637 0.793187
130 0.174903 0.952960 0.776156
131 0.169253 0.963774 0.815085
132 0.183118 0.962152 0.805353
133 0.165714 0.950798 0.795620
134 0.174945 0.952420 0.790754
135 0.159397 0.961071 0.802920
136 0.168324 0.963233 0.800487
137 0.185790 0.956745 0.807786
138 0.170103 0.958908 0.790754
139 0.170020 0.964315 0.810219
140 0.161889 0.961341 0.802920
141 0.175977 0.951609 0.793187
142 0.156107 0.968099 0.817518
143 0.150990 0.953231 0.798054
144 0.153726 0.963774 0.768856
145 0.145550 0.964044 0.785888
146 0.164960 0.951068 0.795620
147 0.172296 0.957015 0.793187
148 0.170341 0.965666 0.798054
149 0.161111 0.966748 0.790754
150 0.131084 0.977021 0.785888
151 0.112928 0.978102 0.800487
152 0.125884 0.980806 0.790754
153 0.106120 0.982157 0.793187
154 0.111024 0.981076 0.798054
155 0.101192 0.982968 0.773723
156 0.117325 0.980535 0.810219
157 0.108818 0.980265 0.793187
158 0.109990 0.980535 0.793187
159 0.107389 0.984320 0.788321
160 0.106096 0.983779 0.781022
161 0.118195 0.977021 0.798054
162 0.107118 0.982428 0.781022
163 0.114712 0.978373 0.793187
164 0.107267 0.984050 0.795620
165 0.103576 0.985131 0.802920
166 0.104086 0.984050 0.805353
167 0.110368 0.978913 0.781022
168 0.107112 0.985131 0.781022
169 0.094559 0.985131 0.798054
170 0.091167 0.984050 0.785888
171 0.099150 0.985942 0.793187
172 0.103458 0.985401 0.798054
173 0.101506 0.984590 0.802920
174 0.098659 0.981887 0.785888
175 0.096764 0.985672 0.793187
176 0.088339 0.985131 0.773723
177 0.098106 0.985401 0.788321
178 0.099520 0.986483 0.810219
179 0.095835 0.984590 0.793187
180 0.107206 0.986753 0.798054
181 0.080175 0.982698 0.798054
182 0.090915 0.985942 0.790754
183 0.098647 0.985401 0.788321
184 0.091706 0.985672 0.793187
185 0.091217 0.985942 0.793187
186 0.089392 0.987564 0.798054
187 0.086093 0.985672 0.790754
188 0.088576 0.986753 0.793187
189 0.079952 0.984861 0.790754
190 0.091828 0.987564 0.785888
191 0.083853 0.990538 0.788321
192 0.086797 0.989727 0.785888
193 0.091017 0.987835 0.793187
194 0.090607 0.985672 0.790754
195 0.092731 0.989727 0.805353
196 0.101770 0.974047 0.795620
197 0.097356 0.989457 0.802920
198 0.085229 0.990808 0.807786
199 0.084766 0.986212 0.790754
200 0.074842 0.992701 0.798054
201 0.070745 0.993512 0.798054
202 0.072328 0.994863 0.800487
203 0.066809 0.993512 0.802920
204 0.067109 0.994323 0.805353
205 0.063911 0.994052 0.795620
206 0.060692 0.995134 0.802920
207 0.058916 0.994593 0.795620
208 0.072704 0.994052 0.800487
209 0.070025 0.993782 0.793187
210 0.066157 0.993512 0.790754
211 0.068784 0.994052 0.788321
212 0.065859 0.994593 0.790754
213 0.063610 0.994052 0.790754
214 0.065042 0.993782 0.802920
215 0.062616 0.995675 0.795620
216 0.061518 0.994323 0.800487
217 0.067841 0.995675 0.810219
218 0.065880 0.995134 0.783455
219 0.068635 0.993782 0.781022
220 0.062159 0.995945 0.795620
221 0.060447 0.995404 0.788321
222 0.069296 0.994052 0.788321
223 0.066510 0.994323 0.790754
224 0.061513 0.995134 0.793187
225 0.065231 0.994593 0.788321
226 0.063317 0.994863 0.798054
227 0.062917 0.995404 0.785888
228 0.068302 0.994052 0.795620
229 0.067079 0.994863 0.781022
230 0.058739 0.994593 0.800487
231 0.062725 0.995134 0.795620
232 0.056690 0.994593 0.800487
233 0.059609 0.995404 0.783455
234 0.058608 0.994323 0.798054
235 0.063709 0.995675 0.795620
236 0.056226 0.995134 0.802920
237 0.064229 0.994593 0.788321
238 0.061307 0.995404 0.788321
239 0.054266 0.994863 0.795620
240 0.065832 0.995134 0.800487
241 0.060723 0.996215 0.788321
242 0.069203 0.994593 0.790754
243 0.057603 0.995945 0.793187
244 0.065143 0.995134 0.798054
245 0.060900 0.995675 0.785888
246 0.056856 0.995134 0.793187
247 0.055412 0.995404 0.788321
248 0.056984 0.996215 0.793187
249 0.064651 0.995404 0.795620
250 0.059141 0.995945 0.785888
251 0.056096 0.997026 0.800487
252 0.051144 0.996756 0.798054
253 0.045303 0.997026 0.793187
254 0.050285 0.996215 0.800487
255 0.046683 0.997567 0.802920
256 0.053166 0.997297 0.798054
257 0.049945 0.996756 0.795620
258 0.052693 0.997297 0.795620
259 0.049660 0.997026 0.793187
260 0.050896 0.996756 0.798054
261 0.051771 0.997567 0.793187
262 0.055328 0.997026 0.795620
263 0.050035 0.996486 0.800487
264 0.047853 0.997026 0.800487
265 0.048032 0.997837 0.793187
266 0.052182 0.997567 0.795620
267 0.046037 0.996756 0.785888
268 0.049374 0.996756 0.790754
269 0.044911 0.997026 0.785888
270 0.045161 0.997026 0.785888
271 0.044572 0.997026 0.788321
272 0.053705 0.997026 0.788321
273 0.052997 0.997837 0.795620
274 0.050693 0.997026 0.793187
275 0.044507 0.997297 0.798054
276 0.044098 0.997297 0.795620
277 0.045736 0.996756 0.793187
278 0.047240 0.996756 0.788321
279 0.049374 0.997297 0.785888
280 0.051152 0.997567 0.788321
281 0.050390 0.997567 0.790754
282 0.048980 0.997297 0.798054
283 0.045005 0.997026 0.798054
284 0.053906 0.997026 0.798054
285 0.046622 0.997567 0.795620
286 0.054102 0.997026 0.795620
287 0.052352 0.997837 0.795620
288 0.051314 0.997026 0.781022
289 0.048361 0.997026 0.793187
290 0.045605 0.997297 0.795620
291 0.051564 0.997837 0.800487
292 0.048239 0.997567 0.785888
293 0.047440 0.997837 0.781022
294 0.049015 0.997837 0.790754
295 0.045484 0.997567 0.785888
296 0.045005 0.997567 0.790754
297 0.050593 0.997837 0.781022
298 0.045743 0.997567 0.788321
299 0.051873 0.997567 0.788321
300 0.048377 0.997567 0.788321
301 0.048360 0.997837 0.790754
302 0.047232 0.998108 0.788321
303 0.045420 0.997837 0.788321
304 0.040470 0.997567 0.793187
305 0.043750 0.997837 0.798054
306 0.046671 0.998108 0.790754
307 0.044845 0.998108 0.793187
308 0.041044 0.998378 0.798054
309 0.043754 0.997837 0.790754
310 0.054573 0.997567 0.795620
311 0.044723 0.998108 0.785888
312 0.044756 0.998108 0.788321
313 0.046171 0.998108 0.788321
314 0.040894 0.998108 0.793187
315 0.041805 0.997837 0.793187
316 0.042385 0.997837 0.798054
317 0.046701 0.997837 0.790754
318 0.044145 0.998108 0.800487
319 0.039856 0.998378 0.795620
320 0.042260 0.998108 0.793187
321 0.040638 0.997837 0.795620
322 0.041733 0.997567 0.790754
323 0.044777 0.997837 0.793187
324 0.046161 0.998108 0.788321
325 0.040195 0.998108 0.790754
326 0.042231 0.998108 0.793187
327 0.043027 0.998108 0.795620
328 0.042770 0.998378 0.785888
329 0.041714 0.998108 0.798054
330 0.043247 0.998108 0.785888
331 0.042674 0.998108 0.790754
332 0.042806 0.998378 0.798054
333 0.042825 0.998108 0.805353
334 0.047577 0.998378 0.793187
335 0.042262 0.998108 0.788321
336 0.042508 0.998108 0.795620
337 0.043320 0.997297 0.788321
338 0.039211 0.997837 0.788321
339 0.043856 0.997837 0.795620
340 0.040658 0.998378 0.793187
341 0.043103 0.998108 0.790754
342 0.044962 0.997837 0.795620
343 0.044538 0.997837 0.800487
344 0.042801 0.997837 0.802920
345 0.044253 0.998108 0.798054
346 0.041702 0.998108 0.795620
347 0.039482 0.997837 0.798054
348 0.043941 0.998108 0.798054
349 0.041097 0.998108 0.790754
350 0.043205 0.998108 0.781022
