1 3.048581 0.444444 0.400000
2 1.415585 0.480000 0.440000
3 1.506124 0.498519 0.440000
4 1.512401 0.532593 0.486667
5 1.377884 0.521481 0.526667
6 1.398626 0.422963 0.386667
7 1.315164 0.534815 0.533333
8 1.959083 0.524444 0.520000
9 1.432588 0.540000 0.486667
10 1.094112 0.534074 0.486667
11 1.069927 0.545926 0.473333
12 1.050771 0.531852 0.506667
13 0.994792 0.541481 0.453333
14 1.018621 0.529630 0.486667
15 1.080241 0.555556 0.486667
16 0.984899 0.555556 0.520000
17 1.036899 0.511852 0.466667
18 1.089051 0.520000 0.480000
19 0.963009 0.549630 0.460000
20 1.039617 0.547407 0.480000
21 0.945531 0.562963 0.513333
22 0.961225 0.562963 0.500000
23 0.977523 0.563704 0.500000
24 1.011665 0.555556 0.486667
25 0.946258 0.557037 0.480000
26 0.952553 0.572593 0.473333
27 0.939364 0.567407 0.446667
28 0.927549 0.571111 0.480000
29 0.925734 0.564444 0.486667
30 0.960635 0.560741 0.486667
31 0.929871 0.570370 0.480000
32 0.944178 0.562222 0.493333
33 0.933560 0.576296 0.500000
34 0.933909 0.572593 0.473333
35 0.903162 0.588148 0.486667
36 0.894330 0.538519 0.466667
37 0.902519 0.585185 0.506667
38 0.875269 0.591111 0.460000
39 0.885636 0.568889 0.460000
40 0.901886 0.594074 0.453333
41 0.920805 0.585926 0.473333
42 0.889056 0.588148 0.453333
43 0.901782 0.593333 0.466667
44 0.897556 0.598519 0.480000
45 0.887416 0.594074 0.473333
46 0.905950 0.549630 0.440000
47 0.874767 0.592593 0.453333
48 0.879702 0.592593 0.493333
49 0.881920 0.606667 0.473333
50 0.850213 0.606667 0.453333
51 0.840371 0.612593 0.460000
52 0.847576 0.613333 0.480000
53 0.850439 0.617037 0.466667
54 0.845632 0.618519 0.446667
55 0.839813 0.622963 0.453333
56 0.832272 0.605185 0.460000
57 0.842760 0.617778 0.460000
58 0.834117 0.611852 0.453333
59 0.837923 0.623704 0.506667
60 0.824516 0.615556 0.466667
61 0.835987 0.616296 0.480000
62 0.835579 0.619259 0.513333
63 0.825397 0.624444 0.473333
64 0.823307 0.614815 0.473333
65 0.831124 0.628148 0.480000
66 0.820388 0.627407 0.473333
67 0.812518 0.627407 0.480000
68 0.817579 0.632593 0.466667
69 0.823255 0.620741 0.453333
70 0.851978 0.606667 0.440000
