1 254.842021 0.322961 0.324000
2 88.532025 0.477662 0.502000
3 74.650692 0.307402 0.308000
4 44.074094 0.417648 0.432000
5 29.617251 0.415203 0.394000
6 40.129434 0.387419 0.390000
7 45.534567 0.430985 0.418000
8 29.353432 0.383641 0.374000
9 29.859139 0.383641 0.392000
10 15.599897 0.411869 0.406000
11 13.280762 0.443432 0.450000
12 19.232921 0.419649 0.422000
13 17.664324 0.472105 0.464000
14 16.188033 0.431429 0.428000
15 12.907912 0.499222 0.504000
16 10.564726 0.470104 0.450000
17 10.268944 0.372527 0.394000
18 7.646906 0.464103 0.462000
19 7.755456 0.382752 0.422000
20 6.070992 0.502556 0.498000
21 5.005676 0.437653 0.448000
22 5.058856 0.487219 0.494000
23 4.823983 0.507224 0.502000
24 4.469356 0.375194 0.378000
25 4.303182 0.490109 0.496000
26 3.954253 0.383641 0.386000
27 6.116533 0.461658 0.504000
28 4.038675 0.428540 0.450000
29 3.487047 0.436319 0.438000
30 2.732159 0.400311 0.452000
31 2.623965 0.457435 0.444000
32 2.865065 0.431651 0.436000
33 2.802784 0.376973 0.394000
34 2.529978 0.418982 0.416000
35 2.398379 0.448989 0.452000
36 2.278991 0.445210 0.456000
37 2.699011 0.408758 0.416000
38 2.675303 0.415648 0.428000
39 2.296871 0.380751 0.390000
40 2.546522 0.427873 0.426000
41 2.431348 0.416315 0.424000
42 2.600894 0.464770 0.482000
43 2.433406 0.446766 0.458000
44 2.220239 0.351856 0.364000
45 2.246577 0.457213 0.462000
46 2.086058 0.501000 0.490000
47 2.044497 0.402534 0.402000
48 2.383575 0.358969 0.362000
49 2.208587 0.457435 0.490000
50 1.627951 0.436764 0.444000
51 1.571382 0.451878 0.460000
52 1.612194 0.502556 0.502000
53 1.614505 0.485663 0.472000
54 1.569204 0.438320 0.438000
55 1.628970 0.354745 0.366000
56 1.836007 0.486108 0.506000
57 1.589662 0.482329 0.440000
58 1.499460 0.498555 0.468000
59 1.681830 0.402978 0.438000
60 1.520860 0.476995 0.462000
61 1.659454 0.498111 0.486000
62 1.695497 0.398311 0.384000
63 1.674408 0.485663 0.474000
64 1.553437 0.501445 0.496000
65 1.604841 0.433207 0.444000
66 1.562791 0.468104 0.476000
67 1.471643 0.507002 0.494000
68 1.536460 0.489664 0.482000
69 1.721107 0.509002 0.512000
70 1.723679 0.510558 0.500000
