1 1.419467 0.635556 0.600000
2 0.710933 0.761111 0.710000
3 0.574917 0.762222 0.720000
4 0.585482 0.772222 0.690000
5 0.509561 0.761111 0.700000
6 0.535886 0.767778 0.740000
7 0.451354 0.811111 0.730000
8 0.419020 0.795556 0.730000
9 0.435471 0.826667 0.740000
10 0.457714 0.777778 0.770000
11 0.413403 0.834444 0.740000
12 0.406557 0.787778 0.730000
13 0.393561 0.827778 0.750000
14 0.368769 0.834444 0.760000
15 0.488211 0.797778 0.740000
16 0.407985 0.832222 0.750000
17 0.372271 0.845556 0.770000
18 0.363845 0.836667 0.750000
19 0.341785 0.847778 0.780000
20 1.748110 0.684444 0.640000
21 0.634279 0.794444 0.740000
22 0.484746 0.805556 0.740000
23 0.426901 0.810000 0.780000
24 0.408752 0.812222 0.740000
25 0.398336 0.810000 0.750000
26 0.382373 0.834444 0.740000
27 0.366789 0.813333 0.730000
28 0.376805 0.840000 0.740000
29 0.367962 0.835556 0.730000
30 0.360333 0.822222 0.750000
31 0.327772 0.842222 0.750000
32 0.329825 0.856667 0.740000
33 0.330771 0.851111 0.750000
34 0.336985 0.870000 0.750000
35 0.596040 0.804444 0.730000
36 0.405451 0.834444 0.720000
37 0.374035 0.845556 0.750000
38 0.349179 0.862222 0.760000
39 0.352169 0.843333 0.740000
40 0.334458 0.856667 0.760000
41 0.354591 0.855556 0.720000
42 0.338243 0.862222 0.780000
43 0.316472 0.871111 0.790000
44 0.314450 0.858889 0.790000
45 0.306873 0.863333 0.730000
46 0.296638 0.868889 0.760000
47 0.305159 0.856667 0.780000
48 0.308531 0.860000 0.790000
49 0.284249 0.840000 0.740000
50 0.282637 0.876667 0.760000
51 0.259486 0.890000 0.780000
52 0.240593 0.890000 0.800000
53 0.257603 0.887778 0.780000
54 0.253315 0.893333 0.750000
55 0.667813 0.857778 0.740000
56 0.424925 0.873333 0.780000
57 0.346627 0.892222 0.790000
58 0.271846 0.891111 0.760000
59 0.273959 0.894444 0.780000
60 0.251446 0.898889 0.770000
61 0.261835 0.890000 0.770000
62 0.269442 0.892222 0.780000
63 0.247139 0.902222 0.810000
64 0.250511 0.891111 0.800000
65 0.248644 0.894444 0.780000
66 0.237231 0.908889 0.760000
67 0.239002 0.911111 0.780000
68 0.249682 0.894444 0.790000
69 0.253428 0.903333 0.800000
70 0.228251 0.906667 0.770000
71 0.253462 0.904444 0.810000
72 0.241341 0.907778 0.780000
73 0.242953 0.908889 0.800000
74 0.277120 0.903333 0.770000
75 0.252236 0.911111 0.800000
76 0.229029 0.906667 0.800000
77 0.247506 0.902222 0.780000
78 0.231775 0.913333 0.800000
79 0.222532 0.897778 0.810000
80 0.243687 0.903333 0.800000
81 0.217515 0.897778 0.750000
82 0.214174 0.918889 0.800000
83 0.223677 0.908889 0.790000
84 0.221465 0.911111 0.800000
85 0.266590 0.905556 0.780000
86 0.221650 0.908889 0.750000
87 0.217083 0.914444 0.750000
88 0.222424 0.900000 0.760000
89 0.229578 0.916667 0.790000
90 0.207030 0.920000 0.780000
91 0.206211 0.930000 0.770000
92 0.202927 0.917778 0.800000
93 0.241801 0.906667 0.790000
94 0.231025 0.912222 0.720000
95 0.199338 0.920000 0.780000
96 0.194917 0.911111 0.820000
97 0.216058 0.915556 0.770000
98 0.199523 0.930000 0.810000
99 0.218759 0.915556 0.770000
100 0.190543 0.932222 0.740000
101 0.190912 0.917778 0.790000
102 0.178237 0.933333 0.770000
103 0.183335 0.930000 0.770000
104 0.177992 0.935556 0.770000
105 0.185297 0.933333 0.770000
106 0.170730 0.936667 0.760000
107 0.170507 0.934444 0.770000
108 0.172231 0.933333 0.760000
109 0.174997 0.936667 0.760000
110 0.172221 0.934444 0.780000
111 0.159199 0.931111 0.780000
112 0.162583 0.930000 0.800000
113 0.168983 0.937778 0.760000
114 0.156573 0.931111 0.790000
115 0.172491 0.934444 0.770000
116 0.173394 0.932222 0.760000
117 0.180051 0.930000 0.780000
118 0.167236 0.937778 0.780000
119 0.161745 0.940000 0.780000
120 0.170557 0.927778 0.770000
121 0.171116 0.937778 0.760000
122 0.167016 0.937778 0.780000
123 0.439449 0.927778 0.830000
124 0.337825 0.926667 0.740000
125 0.233901 0.933333 0.730000
126 0.176326 0.938889 0.760000
127 0.177334 0.936667 0.760000
128 0.182680 0.936667 0.790000
129 0.169424 0.932222 0.780000
130 0.167531 0.934444 0.770000
131 0.172371 0.936667 0.770000
132 0.175776 0.931111 0.780000
133 0.169845 0.934444 0.800000
134 0.155282 0.937778 0.780000
135 0.175681 0.936667 0.740000
136 0.150898 0.936667 0.780000
137 0.148994 0.936667 0.770000
138 0.143552 0.942222 0.780000
139 0.161906 0.937778 0.750000
140 0.158140 0.937778 0.760000
141 0.170920 0.935556 0.780000
142 0.171063 0.933333 0.750000
143 0.150996 0.938889 0.750000
144 0.158801 0.937778 0.760000
145 0.168013 0.940000 0.770000
146 0.157402 0.937778 0.750000
147 0.154957 0.933333 0.730000
148 0.180803 0.937778 0.780000
149 0.160950 0.938889 0.770000
150 0.153589 0.942222 0.750000
151 0.146475 0.937778 0.790000
152 0.145129 0.936667 0.760000
153 0.136606 0.940000 0.780000
154 0.138273 0.938889 0.780000
155 0.139567 0.941111 0.780000
156 0.142505 0.937778 0.800000
157 0.135261 0.937778 0.780000
158 0.141767 0.943333 0.780000
159 0.139570 0.944444 0.790000
160 0.136735 0.943333 0.770000
161 0.143774 0.933333 0.760000
162 0.265677 0.942222 0.770000
163 0.143936 0.943333 0.790000
164 0.143976 0.943333 0.770000
165 0.135341 0.940000 0.760000
166 0.133763 0.940000 0.760000
167 0.148994 0.941111 0.770000
168 0.153755 0.938889 0.780000
169 0.139233 0.941111 0.770000
170 0.135060 0.940000 0.740000
171 0.136835 0.944444 0.760000
172 0.135617 0.941111 0.760000
173 0.136842 0.944444 0.780000
174 0.134610 0.945556 0.790000
175 0.149029 0.938889 0.770000
176 0.144666 0.940000 0.800000
177 0.140515 0.940000 0.770000
178 0.147255 0.941111 0.760000
179 0.133398 0.943333 0.780000
180 0.138290 0.947778 0.770000
181 0.138320 0.944444 0.750000
182 0.129855 0.941111 0.750000
183 0.132592 0.942222 0.780000
184 0.135411 0.944444 0.750000
185 0.143482 0.936667 0.750000
186 0.134498 0.941111 0.780000
187 0.139939 0.942222 0.750000
188 0.133214 0.945556 0.750000
189 0.137073 0.940000 0.760000
190 0.131326 0.945556 0.780000
191 0.129747 0.942222 0.770000
192 0.133095 0.946667 0.770000
193 0.142750 0.945556 0.770000
194 0.143389 0.941111 0.750000
195 0.138904 0.945556 0.780000
196 0.152042 0.944444 0.730000
197 0.136258 0.938889 0.780000
198 0.135556 0.937778 0.770000
199 0.133645 0.940000 0.780000
200 0.129812 0.943333 0.780000
201 0.126030 0.948889 0.770000
202 0.131490 0.942222 0.770000
203 0.131241 0.943333 0.780000
204 0.119823 0.944444 0.780000
205 0.126530 0.945556 0.780000
206 0.123311 0.941111 0.780000
207 0.136020 0.945556 0.770000
208 0.135637 0.945556 0.760000
209 0.119555 0.945556 0.780000
210 0.121263 0.946667 0.780000
211 0.123305 0.948889 0.780000
212 0.126203 0.947778 0.760000
213 0.128810 0.948889 0.780000
214 0.129632 0.950000 0.770000
215 0.128159 0.950000 0.780000
216 0.126189 0.944444 0.770000
217 0.128635 0.944444 0.780000
218 0.138343 0.943333 0.780000
219 0.128285 0.940000 0.750000
220 0.127632 0.943333 0.780000
221 0.124717 0.948889 0.780000
222 0.121561 0.946667 0.770000
223 0.122976 0.945556 0.750000
224 0.122588 0.945556 0.760000
225 0.115478 0.945556 0.750000
226 0.133162 0.948889 0.760000
227 0.118696 0.946667 0.780000
228 0.127792 0.947778 0.770000
229 0.149620 0.945556 0.780000
230 0.136375 0.946667 0.770000
231 0.128686 0.946667 0.770000
232 0.120987 0.946667 0.780000
233 0.121127 0.947778 0.770000
234 0.121605 0.948889 0.770000
235 0.120356 0.948889 0.760000
236 0.130828 0.945556 0.750000
237 0.127034 0.946667 0.770000
238 0.121546 0.943333 0.760000
239 0.122473 0.947778 0.750000
240 0.123824 0.947778 0.770000
241 0.120437 0.948889 0.760000
242 0.122839 0.946667 0.740000
243 0.140108 0.945556 0.760000
244 0.127394 0.946667 0.760000
245 0.126903 0.947778 0.760000
246 0.118916 0.948889 0.780000
247 0.136258 0.950000 0.760000
248 0.137540 0.946667 0.770000
249 0.122432 0.946667 0.770000
250 0.125979 0.948889 0.770000
251 0.121465 0.948889 0.770000
252 0.154128 0.946667 0.790000
253 0.121752 0.947778 0.770000
254 0.125376 0.945556 0.750000
255 0.115284 0.947778 0.770000
256 0.123382 0.946667 0.750000
257 0.113158 0.947778 0.780000
258 0.125632 0.947778 0.740000
259 0.115767 0.947778 0.750000
260 0.123318 0.947778 0.740000
261 0.123060 0.947778 0.770000
262 0.122047 0.948889 0.780000
263 0.198471 0.947778 0.770000
264 0.120799 0.946667 0.780000
265 0.125491 0.947778 0.770000
266 0.116656 0.947778 0.760000
267 0.119078 0.950000 0.760000
268 0.122551 0.948889 0.760000
269 0.115086 0.947778 0.770000
270 0.126676 0.946667 0.750000
271 0.118047 0.947778 0.760000
272 0.115441 0.947778 0.770000
273 0.113665 0.947778 0.770000
274 0.121600 0.947778 0.780000
275 0.119623 0.947778 0.780000
276 0.120212 0.948889 0.770000
277 0.116172 0.950000 0.770000
278 0.123008 0.948889 0.770000
279 0.119135 0.947778 0.760000
280 0.117251 0.947778 0.760000
281 0.112414 0.947778 0.770000
282 0.129441 0.947778 0.760000
283 0.122555 0.948889 0.770000
284 0.118817 0.947778 0.780000
285 0.122733 0.946667 0.770000
286 0.120457 0.947778 0.770000
287 0.116576 0.948889 0.770000
288 0.117500 0.946667 0.770000
289 0.114788 0.947778 0.780000
290 0.125622 0.946667 0.780000
291 0.111697 0.948889 0.770000
292 0.119807 0.947778 0.770000
293 0.111900 0.947778 0.770000
294 0.115707 0.947778 0.770000
295 0.120009 0.947778 0.770000
296 0.111477 0.947778 0.780000
297 0.112993 0.948889 0.760000
298 0.132853 0.946667 0.750000
299 0.117352 0.948889 0.760000
300 0.117486 0.948889 0.760000
301 0.115586 0.946667 0.750000
302 0.114659 0.947778 0.780000
303 0.110823 0.948889 0.770000
304 0.110514 0.948889 0.770000
305 0.120318 0.950000 0.760000
306 0.118777 0.948889 0.770000
307 0.110716 0.947778 0.760000
308 0.114945 0.947778 0.760000
309 0.116556 0.948889 0.760000
310 0.114709 0.946667 0.750000
311 0.117177 0.948889 0.750000
312 0.110041 0.948889 0.770000
313 0.110047 0.950000 0.760000
314 0.115134 0.948889 0.760000
315 0.114833 0.948889 0.770000
316 0.113020 0.947778 0.750000
317 0.116703 0.947778 0.750000
318 0.115125 0.947778 0.770000
319 0.137534 0.948889 0.760000
320 0.110562 0.946667 0.760000
321 0.117978 0.948889 0.760000
322 0.114351 0.948889 0.770000
323 0.115758 0.950000 0.750000
324 0.119760 0.948889 0.760000
325 0.122510 0.946667 0.750000
326 0.113459 0.948889 0.760000
327 0.112072 0.947778 0.740000
328 0.117951 0.948889 0.760000
329 0.125008 0.947778 0.760000
330 0.141672 0.947778 0.770000
331 0.116061 0.948889 0.770000
332 0.111017 0.950000 0.750000
333 0.114733 0.947778 0.750000
334 0.120896 0.948889 0.770000
335 0.114339 0.947778 0.760000
336 0.117591 0.948889 0.760000
337 0.118520 0.948889 0.770000
338 0.118497 0.947778 0.750000
339 0.114623 0.947778 0.760000
340 0.117871 0.948889 0.750000
341 0.109728 0.950000 0.760000
342 0.116738 0.950000 0.770000
343 0.117247 0.948889 0.770000
344 0.112507 0.950000 0.770000
345 0.114548 0.947778 0.770000
346 0.120234 0.947778 0.780000
347 0.122800 0.950000 0.770000
348 0.115448 0.950000 0.770000
349 0.114214 0.948889 0.770000
350 0.121951 0.948889 0.770000
