1 1.276198 0.852071 0.789474
2 0.404832 0.934911 0.947368
3 0.226960 0.893491 0.842105
4 0.135227 0.946746 0.894737
5 0.194434 0.934911 0.894737
6 0.160431 0.952663 0.842105
7 0.056529 1.000000 0.789474
8 0.149183 0.834320 0.736842
9 0.122037 0.982249 0.789474
10 0.098375 0.917160 0.842105
11 0.157005 0.988166 0.842105
12 0.036571 1.000000 0.789474
13 0.036395 1.000000 0.842105
14 0.025045 1.000000 0.789474
15 0.050767 0.946746 0.842105
16 0.051427 0.988166 0.947368
17 0.127480 0.994083 0.842105
18 0.071198 0.863905 0.842105
19 0.045203 1.000000 0.789474
20 0.029248 0.982249 0.894737
21 0.073879 0.982249 0.842105
22 0.036469 1.000000 0.894737
23 0.031395 0.988166 0.736842
24 0.027240 1.000000 0.842105
25 0.023968 1.000000 0.894737
26 0.022037 1.000000 0.789474
27 0.032664 1.000000 0.947368
28 0.024644 0.988166 0.947368
29 0.025245 1.000000 0.842105
30 0.125463 0.692308 0.842105
31 0.095324 0.970414 0.789474
32 0.073314 1.000000 0.736842
33 0.023255 1.000000 0.842105
34 0.025503 1.000000 0.842105
35 0.136736 0.863905 0.894737
36 0.097298 0.994083 0.894737
37 0.031054 1.000000 0.894737
38 0.026427 1.000000 0.894737
39 0.019554 1.000000 0.894737
40 0.018826 1.000000 0.894737
41 0.016012 1.000000 0.894737
42 0.017160 1.000000 0.894737
43 0.017320 1.000000 0.842105
44 0.022949 1.000000 0.894737
45 0.020158 1.000000 0.894737
46 0.019767 1.000000 0.842105
47 0.029073 0.994083 0.789474
48 0.017749 1.000000 0.842105
49 0.019832 1.000000 0.842105
50 0.014968 1.000000 0.894737
51 0.014311 1.000000 0.894737
52 0.016553 1.000000 0.894737
53 0.013849 1.000000 0.947368
54 0.014987 1.000000 0.947368
55 0.015593 1.000000 0.947368
56 0.010551 1.000000 0.947368
57 0.010644 1.000000 0.947368
58 0.017068 1.000000 0.947368
59 0.012765 1.000000 0.947368
60 0.014328 1.000000 0.947368
61 0.010497 1.000000 0.947368
62 0.012638 1.000000 0.894737
63 0.014675 1.000000 0.947368
64 0.012779 1.000000 0.947368
65 0.013453 1.000000 0.947368
66 0.010928 1.000000 0.947368
67 0.012618 1.000000 0.894737
68 0.014672 1.000000 0.947368
69 0.012605 1.000000 0.894737
70 0.014528 1.000000 0.947368
