1 1.314861 0.782353 0.666667
2 0.286889 0.947059 0.722222
3 0.170393 0.941176 0.722222
4 0.165869 0.947059 0.722222
5 0.084876 0.952941 0.777778
6 0.077154 0.952941 0.833333
7 0.100790 0.935294 0.833333
8 0.085699 0.982353 0.777778
9 0.253115 0.970588 0.833333
10 0.070195 0.994118 0.777778
11 0.032227 1.000000 0.722222
12 0.029412 0.947059 0.777778
13 0.059922 0.952941 0.722222
14 0.035647 0.982353 0.777778
15 0.132533 0.952941 0.777778
16 0.065013 0.994118 0.722222
17 0.028643 1.000000 0.833333
18 0.024331 0.994118 0.833333
19 0.044801 0.976471 0.777778
20 0.027060 1.000000 0.777778
21 0.026905 1.000000 0.777778
22 0.020825 1.000000 0.833333
23 0.017267 1.000000 0.777778
24 0.023040 1.000000 0.722222
25 0.024934 1.000000 0.777778
26 0.015664 1.000000 0.722222
27 0.030710 1.000000 0.777778
28 0.386243 0.894118 0.777778
29 0.142666 0.941176 0.888889
30 0.061526 0.988235 0.722222
31 0.056926 1.000000 0.777778
32 0.044603 1.000000 0.888889
33 0.031113 1.000000 0.722222
34 0.031053 1.000000 0.833333
35 0.037878 1.000000 0.888889
36 0.026854 1.000000 0.777778
37 0.020913 1.000000 0.777778
38 0.021349 1.000000 0.666667
39 0.013967 1.000000 0.722222
40 0.025642 1.000000 0.833333
41 0.027047 0.976471 0.777778
42 0.033483 0.900000 0.722222
43 0.032040 1.000000 0.722222
44 0.014111 1.000000 0.722222
45 0.015674 0.994118 0.777778
46 0.038225 0.976471 0.777778
47 0.090781 0.929412 0.722222
48 0.063136 0.970588 0.666667
49 0.020291 1.000000 0.722222
50 0.016009 1.000000 0.722222
51 0.011546 1.000000 0.722222
52 0.012956 1.000000 0.722222
53 0.014072 1.000000 0.722222
54 0.011730 1.000000 0.722222
55 0.015997 1.000000 0.722222
56 0.012173 1.000000 0.722222
57 0.011014 1.000000 0.722222
58 0.012057 1.000000 0.722222
59 0.015002 1.000000 0.722222
60 0.010689 1.000000 0.722222
61 0.015628 1.000000 0.722222
62 0.009185 1.000000 0.666667
63 0.010056 1.000000 0.666667
64 0.016065 1.000000 0.722222
65 0.014964 1.000000 0.666667
66 0.012306 1.000000 0.722222
67 0.011810 1.000000 0.722222
68 0.010208 1.000000 0.722222
69 0.011222 1.000000 0.666667
70 0.011116 1.000000 0.722222
