1 137.514188 0.502222 0.505000
2 62.138141 0.646111 0.600000
3 20.248760 0.606667 0.580000
4 11.517674 0.625000 0.600000
5 6.575158 0.685556 0.650000
6 7.186551 0.663333 0.635000
7 7.085195 0.761111 0.740000
8 18.504577 0.705000 0.660000
9 10.377546 0.688333 0.680000
10 5.005591 0.771667 0.725000
11 5.543847 0.595000 0.570000
12 2.563007 0.743333 0.670000
13 2.149322 0.773889 0.785000
14 7.674311 0.715556 0.670000
15 1.755225 0.732778 0.670000
16 2.168167 0.713333 0.670000
17 7.179164 0.707222 0.720000
18 1.701983 0.588889 0.550000
19 1.937293 0.746111 0.725000
20 3.358712 0.730556 0.670000
21 1.256523 0.636667 0.610000
22 1.481873 0.775000 0.710000
23 1.337634 0.737222 0.675000
24 2.057424 0.770556 0.695000
25 1.330546 0.675556 0.665000
26 1.626629 0.728333 0.670000
27 1.197570 0.784444 0.715000
28 0.784084 0.775000 0.715000
29 0.870620 0.767222 0.705000
30 3.074041 0.753333 0.680000
31 1.005542 0.778889 0.720000
32 0.849381 0.720556 0.685000
33 1.344970 0.768333 0.760000
34 0.776503 0.775556 0.720000
35 3.113046 0.776111 0.715000
36 0.617886 0.776667 0.765000
37 0.712034 0.776111 0.725000
38 2.591471 0.678889 0.650000
39 1.057925 0.776111 0.715000
40 0.804838 0.774444 0.725000
41 0.910303 0.753889 0.690000
42 1.159821 0.743889 0.685000
43 1.135179 0.566111 0.525000
44 0.975235 0.736667 0.680000
45 0.907504 0.776111 0.715000
46 0.867539 0.745556 0.690000
47 0.953491 0.761667 0.720000
48 0.837342 0.739444 0.740000
49 1.210274 0.760556 0.695000
50 0.853786 0.782222 0.745000
51 0.779972 0.781111 0.755000
52 0.661897 0.710000 0.685000
53 0.721008 0.630000 0.615000
54 0.656669 0.765000 0.740000
55 0.610457 0.765556 0.685000
56 0.611588 0.768333 0.710000
57 0.683091 0.735556 0.695000
58 0.835086 0.776111 0.730000
59 0.676066 0.761111 0.700000
60 0.746419 0.763333 0.745000
61 0.690569 0.751667 0.690000
62 0.722570 0.777222 0.740000
63 0.753261 0.743333 0.685000
64 0.626267 0.746111 0.690000
65 0.650062 0.742778 0.690000
66 0.716491 0.775000 0.725000
67 0.669185 0.773889 0.730000
68 0.652693 0.761111 0.690000
69 0.714589 0.762222 0.765000
70 0.616028 0.653889 0.665000
71 0.709670 0.769444 0.720000
72 0.755706 0.759444 0.720000
73 0.861746 0.772778 0.745000
74 0.634457 0.771667 0.725000
75 0.638797 0.763889 0.705000
76 0.672473 0.771667 0.710000
77 0.682061 0.754444 0.740000
78 0.718785 0.770556 0.720000
79 0.655353 0.776667 0.725000
80 0.648874 0.776111 0.725000
81 0.632703 0.762778 0.705000
82 0.600655 0.772222 0.760000
83 0.728785 0.742778 0.695000
84 0.819924 0.764444 0.705000
85 0.744169 0.671111 0.640000
86 0.683502 0.741111 0.735000
87 0.672428 0.764444 0.700000
88 0.676614 0.769444 0.750000
89 0.783151 0.775556 0.710000
90 0.637344 0.764444 0.705000
91 0.738608 0.766667 0.745000
92 0.699023 0.776111 0.745000
93 0.736975 0.763333 0.710000
94 0.742684 0.741667 0.695000
95 0.784289 0.762778 0.720000
96 0.712583 0.772222 0.750000
97 0.623067 0.773889 0.745000
98 0.630029 0.746667 0.740000
99 0.921195 0.688333 0.655000
100 0.811799 0.773889 0.770000
101 0.689902 0.772222 0.720000
102 0.581943 0.776667 0.755000
103 0.570935 0.776111 0.725000
104 0.582350 0.663889 0.645000
105 0.601743 0.773333 0.765000
106 0.682731 0.746667 0.690000
107 0.659804 0.754444 0.755000
108 0.546262 0.771111 0.745000
109 0.567976 0.765556 0.760000
110 0.629814 0.774444 0.725000
111 0.575544 0.741667 0.680000
112 0.620510 0.775556 0.720000
113 0.580574 0.747778 0.690000
114 0.602632 0.754444 0.680000
115 0.548932 0.772222 0.755000
116 0.556797 0.777222 0.720000
117 0.573284 0.763333 0.715000
118 0.622149 0.780000 0.755000
119 0.561650 0.762222 0.775000
120 0.573481 0.778333 0.720000
121 0.559342 0.777778 0.730000
122 0.570754 0.768889 0.720000
123 0.603846 0.777222 0.725000
124 0.605878 0.771667 0.755000
125 0.604531 0.760000 0.775000
126 0.556117 0.773889 0.720000
127 0.626992 0.776667 0.725000
128 0.581625 0.775000 0.760000
129 0.628301 0.746111 0.675000
130 0.588877 0.776111 0.725000
131 0.581758 0.773333 0.755000
132 0.605616 0.669444 0.655000
133 0.638237 0.777778 0.725000
134 0.575893 0.758333 0.735000
135 0.569219 0.761667 0.700000
136 0.575999 0.766111 0.755000
137 0.564653 0.763889 0.755000
138 0.676341 0.782222 0.720000
139 0.563876 0.776111 0.725000
140 0.595084 0.744444 0.695000
141 0.712558 0.783889 0.715000
142 0.556440 0.777778 0.725000
143 0.554007 0.778333 0.720000
144 0.547614 0.777222 0.725000
145 0.576133 0.756667 0.685000
146 0.600749 0.753889 0.755000
147 0.712120 0.728889 0.740000
148 0.595372 0.765556 0.760000
149 0.543726 0.770000 0.740000
150 0.529602 0.769444 0.750000
151 0.570008 0.778889 0.725000
152 0.530954 0.765556 0.745000
153 0.536583 0.776667 0.710000
154 0.572934 0.776667 0.720000
155 0.548764 0.782778 0.750000
156 0.521431 0.778889 0.725000
157 0.531331 0.782222 0.780000
158 0.556156 0.780556 0.730000
159 0.543530 0.755000 0.750000
160 0.540532 0.756667 0.690000
161 0.535100 0.752778 0.735000
162 0.513970 0.774444 0.735000
163 0.525584 0.779444 0.720000
164 0.541615 0.770000 0.770000
165 0.507156 0.757222 0.695000
166 0.541127 0.787222 0.715000
167 0.500277 0.768333 0.710000
168 0.512933 0.769444 0.705000
169 0.507021 0.756667 0.695000
170 0.556066 0.775000 0.725000
171 0.526818 0.755556 0.685000
172 0.515107 0.793333 0.755000
173 0.537569 0.782222 0.710000
174 0.526859 0.786667 0.715000
175 0.511442 0.783333 0.770000
176 0.500505 0.787778 0.800000
177 0.530872 0.754444 0.700000
178 0.571556 0.757778 0.710000
179 0.522225 0.760000 0.690000
180 0.512005 0.793889 0.740000
181 0.534985 0.757222 0.705000
182 0.571942 0.759444 0.705000
183 0.553535 0.795000 0.765000
184 0.528213 0.758889 0.700000
185 0.524569 0.787222 0.720000
186 0.512083 0.788333 0.740000
187 0.529777 0.765556 0.705000
188 0.508920 0.769444 0.705000
189 0.492039 0.793333 0.760000
190 0.509121 0.763889 0.705000
191 0.532296 0.795000 0.740000
192 0.490213 0.773889 0.715000
193 0.500013 0.797778 0.770000
194 0.502954 0.792778 0.765000
195 0.541311 0.761667 0.690000
196 0.492667 0.796111 0.745000
197 0.486816 0.763333 0.705000
198 0.521060 0.805556 0.770000
199 0.511019 0.750556 0.690000
200 0.468518 0.808889 0.780000
201 0.490782 0.802778 0.785000
202 0.493700 0.798889 0.780000
203 0.466170 0.772222 0.715000
204 0.474906 0.767222 0.705000
205 0.493377 0.792222 0.765000
206 0.483157 0.785000 0.730000
207 0.491530 0.817222 0.800000
208 0.478929 0.806667 0.780000
209 0.512031 0.758889 0.700000
210 0.519516 0.775556 0.710000
211 0.482083 0.796111 0.755000
212 0.476331 0.775000 0.725000
213 0.509768 0.777222 0.730000
214 0.472754 0.788333 0.740000
215 0.487713 0.767222 0.700000
216 0.493519 0.798889 0.785000
217 0.483049 0.812222 0.790000
218 0.486294 0.821667 0.780000
219 0.488409 0.785556 0.760000
220 0.459006 0.783889 0.720000
221 0.463992 0.823333 0.800000
222 0.489692 0.815556 0.790000
223 0.470373 0.791111 0.750000
224 0.463693 0.802778 0.765000
225 0.494262 0.767778 0.690000
226 0.486556 0.804444 0.765000
227 0.487033 0.758889 0.685000
228 0.496069 0.796667 0.740000
229 0.472209 0.765000 0.700000
230 0.500819 0.760556 0.685000
231 0.496347 0.756111 0.685000
232 0.466810 0.787778 0.755000
233 0.478684 0.789444 0.745000
234 0.493601 0.816667 0.800000
235 0.482634 0.765556 0.695000
236 0.474799 0.790000 0.735000
237 0.467626 0.813889 0.805000
238 0.482823 0.810000 0.795000
239 0.465347 0.802778 0.765000
240 0.467602 0.741111 0.695000
241 0.484416 0.825000 0.780000
242 0.456234 0.825000 0.795000
243 0.463736 0.780000 0.705000
244 0.471717 0.817778 0.795000
245 0.474585 0.817778 0.790000
246 0.484203 0.802222 0.735000
247 0.476807 0.802222 0.770000
248 0.458377 0.818333 0.815000
249 0.469122 0.788333 0.720000
250 0.456442 0.797222 0.770000
251 0.469827 0.826667 0.815000
252 0.483391 0.818333 0.795000
253 0.467585 0.815556 0.785000
254 0.445867 0.828889 0.815000
255 0.475966 0.829444 0.825000
256 0.449941 0.796667 0.725000
257 0.472748 0.820556 0.800000
258 0.459442 0.818333 0.795000
259 0.449400 0.824444 0.820000
260 0.461816 0.793889 0.745000
261 0.461772 0.805556 0.775000
262 0.465400 0.818333 0.795000
263 0.456922 0.812222 0.795000
264 0.474470 0.773889 0.695000
265 0.462695 0.825000 0.815000
266 0.455695 0.822778 0.800000
267 0.461503 0.811667 0.785000
268 0.469590 0.809444 0.785000
269 0.473772 0.779444 0.710000
270 0.458332 0.827222 0.845000
271 0.455139 0.831667 0.840000
272 0.475322 0.823889 0.805000
273 0.458560 0.805556 0.775000
274 0.477768 0.816667 0.790000
275 0.440981 0.806111 0.760000
276 0.446993 0.794444 0.740000
277 0.455908 0.753333 0.705000
278 0.449368 0.797778 0.740000
279 0.448626 0.818333 0.805000
280 0.457288 0.822222 0.785000
281 0.457266 0.790556 0.750000
282 0.464202 0.793889 0.740000
283 0.453535 0.820000 0.790000
284 0.435885 0.828889 0.805000
285 0.447097 0.835000 0.825000
286 0.460785 0.831667 0.825000
287 0.457439 0.838889 0.850000
288 0.441560 0.760000 0.710000
289 0.449596 0.835000 0.830000
290 0.445573 0.799444 0.755000
291 0.444858 0.821111 0.770000
292 0.460791 0.837778 0.825000
293 0.442282 0.843889 0.815000
294 0.439737 0.809444 0.770000
295 0.440058 0.828333 0.780000
296 0.435767 0.841667 0.850000
297 0.420247 0.793333 0.750000
298 0.462544 0.833333 0.840000
299 0.457811 0.823333 0.790000
300 0.456730 0.836111 0.835000
301 0.445478 0.818889 0.775000
302 0.442693 0.834444 0.820000
303 0.448393 0.827778 0.835000
304 0.439762 0.820556 0.805000
305 0.444019 0.832222 0.840000
306 0.445813 0.836111 0.825000
307 0.444369 0.824444 0.800000
308 0.436744 0.822778 0.790000
309 0.447050 0.833333 0.810000
310 0.445793 0.808889 0.750000
311 0.435882 0.821667 0.780000
312 0.442130 0.815000 0.770000
313 0.427619 0.827778 0.780000
314 0.431153 0.836111 0.805000
315 0.432716 0.828333 0.820000
316 0.426592 0.834444 0.820000
317 0.423382 0.839444 0.810000
318 0.455697 0.824444 0.805000
319 0.435671 0.835000 0.825000
320 0.427255 0.836111 0.805000
321 0.444706 0.808333 0.750000
322 0.442561 0.806111 0.770000
323 0.454791 0.807222 0.755000
324 0.471525 0.823333 0.795000
325 0.425021 0.835556 0.820000
326 0.419504 0.827222 0.800000
327 0.429436 0.805556 0.755000
328 0.428395 0.832778 0.815000
329 0.437408 0.834444 0.825000
330 0.431300 0.837778 0.830000
331 0.427268 0.830000 0.810000
332 0.428561 0.790556 0.745000
333 0.433918 0.820556 0.800000
334 0.420456 0.831667 0.810000
335 0.422452 0.837778 0.835000
336 0.418987 0.830556 0.810000
337 0.433599 0.841667 0.840000
338 0.415740 0.842222 0.870000
339 0.415615 0.828889 0.805000
340 0.422757 0.819444 0.775000
341 0.434132 0.841111 0.850000
342 0.417349 0.815556 0.775000
343 0.428838 0.810000 0.760000
344 0.411495 0.843889 0.845000
345 0.433158 0.821667 0.800000
346 0.422915 0.826111 0.800000
347 0.422674 0.836667 0.830000
348 0.449738 0.835000 0.810000
349 0.415949 0.829444 0.800000
350 0.429091 0.836111 0.825000
