1 3.425265 0.437037 0.406667
2 2.079029 0.461481 0.400000
3 1.857414 0.511111 0.446667
4 1.710696 0.510370 0.473333
5 1.158587 0.542222 0.533333
6 1.446796 0.533333 0.473333
7 1.571311 0.521481 0.420000
8 1.344026 0.519259 0.453333
9 1.006711 0.548889 0.473333
10 1.286387 0.520000 0.440000
11 1.004307 0.554815 0.466667
12 0.979581 0.542222 0.393333
13 1.031915 0.538519 0.486667
14 1.098747 0.548148 0.473333
15 0.974061 0.559259 0.473333
16 0.954685 0.512593 0.386667
17 1.081225 0.534074 0.413333
18 1.180993 0.554815 0.446667
19 1.025251 0.550370 0.500000
20 1.054954 0.565185 0.460000
21 1.036953 0.565926 0.466667
22 1.116599 0.529630 0.440000
23 0.971265 0.551111 0.453333
24 0.910193 0.575556 0.453333
25 0.975936 0.568889 0.473333
26 0.911201 0.572593 0.453333
27 0.943545 0.577037 0.480000
28 0.898016 0.571852 0.500000
29 0.917379 0.567407 0.493333
30 0.921633 0.586667 0.460000
31 0.895240 0.572593 0.400000
32 0.908946 0.583704 0.433333
33 0.946010 0.579259 0.473333
34 0.908832 0.562222 0.446667
35 0.892051 0.591852 0.500000
36 0.934660 0.580000 0.473333
37 0.984957 0.575556 0.406667
38 0.902612 0.574815 0.486667
39 0.926534 0.595556 0.460000
40 0.922680 0.582963 0.406667
41 0.880601 0.592593 0.480000
42 0.935780 0.585185 0.486667
43 0.916673 0.578519 0.493333
44 0.927769 0.585926 0.466667
45 0.887984 0.588889 0.473333
46 0.953851 0.582222 0.440000
47 0.913648 0.576296 0.506667
48 0.881338 0.541481 0.373333
49 0.913112 0.602963 0.500000
50 0.862445 0.582222 0.433333
51 0.871388 0.605185 0.486667
52 0.853355 0.605185 0.493333
53 0.861592 0.602963 0.466667
54 0.863934 0.604444 0.473333
55 0.837581 0.620000 0.493333
56 0.833864 0.612593 0.480000
57 0.838393 0.612593 0.513333
58 0.853229 0.605185 0.473333
59 0.838997 0.614074 0.486667
60 0.829768 0.612593 0.513333
61 0.834270 0.608889 0.480000
62 0.844614 0.623704 0.480000
63 0.828527 0.618519 0.506667
64 0.831263 0.609630 0.526667
65 0.835346 0.602222 0.526667
66 0.823996 0.628148 0.500000
67 0.811644 0.628889 0.513333
68 0.833549 0.617778 0.486667
69 0.823878 0.618519 0.493333
70 0.830020 0.631852 0.493333
