1 3.568135 0.539335 0.569343
2 1.614995 0.672344 0.644769
3 2.121071 0.587997 0.593674
4 1.065829 0.711814 0.732360
5 1.240176 0.613409 0.596107
6 1.317013 0.715869 0.725061
7 0.931904 0.699108 0.710462
8 0.873242 0.712625 0.703163
9 1.138833 0.694512 0.693431
10 1.212712 0.665856 0.666667
11 0.915042 0.739119 0.746959
12 0.949989 0.693971 0.698297
13 0.878527 0.688564 0.703163
14 0.739733 0.732090 0.768856
15 0.685719 0.702622 0.695864
16 0.614089 0.745066 0.756691
17 0.653716 0.741011 0.756691
18 0.630932 0.741552 0.756691
19 0.584741 0.750203 0.761557
20 0.635842 0.742903 0.734793
21 0.731187 0.740470 0.744526
22 0.564033 0.724250 0.727494
23 0.589344 0.746148 0.749392
24 0.555365 0.751284 0.771290
25 0.549750 0.727224 0.722628
26 0.587425 0.770479 0.766423
27 0.537039 0.763450 0.742092
28 0.540058 0.760746 0.766423
29 0.558110 0.763720 0.761557
30 0.566848 0.754799 0.725061
31 0.588522 0.734253 0.739659
32 0.542277 0.768316 0.756691
33 0.509667 0.776426 0.763990
34 0.513232 0.751554 0.756691
35 0.492908 0.725872 0.727494
36 0.536592 0.774534 0.768856
37 0.539177 0.759394 0.768856
38 0.523864 0.752906 0.756691
39 0.786197 0.718302 0.725061
40 0.617960 0.732901 0.729927
41 0.596283 0.735064 0.754258
42 0.548362 0.753177 0.761557
43 0.549326 0.765072 0.771290
44 0.563014 0.744255 0.729927
45 0.539120 0.781563 0.781022
46 0.519088 0.788592 0.778589
47 0.563033 0.713706 0.683698
48 0.534131 0.777507 0.790754
49 0.525351 0.780481 0.763990
50 0.496430 0.787240 0.763990
51 0.470139 0.806705 0.793187
52 0.472289 0.783996 0.776156
53 0.478967 0.807516 0.781022
54 0.475769 0.779129 0.756691
55 0.469147 0.818329 0.793187
56 0.461413 0.814004 0.783455
57 0.459852 0.823466 0.788321
58 0.471009 0.796702 0.793187
59 0.451114 0.822655 0.810219
60 0.462847 0.814815 0.800487
61 0.443351 0.810219 0.788321
62 0.438286 0.822114 0.807786
63 0.446552 0.801027 0.778589
64 0.452103 0.828873 0.807786
65 0.446480 0.819681 0.795620
66 0.440499 0.840497 0.802920
67 0.436001 0.827791 0.795620
68 0.434072 0.815085 0.785888
69 0.420707 0.828062 0.795620
70 0.425188 0.836172 0.819951
71 0.428529 0.831306 0.810219
72 0.422143 0.816978 0.800487
73 0.429470 0.831846 0.805353
74 0.423912 0.830495 0.802920
75 0.434664 0.842660 0.815085
76 0.406911 0.839146 0.807786
77 0.416021 0.817789 0.783455
78 0.401641 0.820762 0.807786
79 0.412096 0.811300 0.785888
80 0.414748 0.814004 0.776156
81 0.414015 0.845634 0.802920
82 0.397191 0.841038 0.824818
83 0.406030 0.844553 0.783455
84 0.405392 0.844282 0.795620
85 0.420605 0.841579 0.795620
86 0.384822 0.850770 0.802920
87 0.417773 0.831035 0.788321
88 0.400479 0.847256 0.810219
89 0.392618 0.841579 0.810219
90 0.397450 0.829143 0.790754
91 0.391544 0.854285 0.807786
92 0.403498 0.858070 0.785888
93 0.396101 0.852933 0.822384
94 0.372461 0.846445 0.817518
95 0.389807 0.829684 0.790754
96 0.409868 0.822114 0.793187
97 0.376729 0.857259 0.805353
98 0.389145 0.836713 0.800487
99 0.400593 0.855096 0.793187
100 0.368217 0.864828 0.832117
101 0.355131 0.860503 0.805353
102 0.357966 0.861044 0.807786
103 0.331862 0.870776 0.802920
104 0.352756 0.878345 0.815085
105 0.346013 0.868343 0.800487
106 0.345565 0.871046 0.805353
107 0.346362 0.870235 0.798054
108 0.330511 0.879157 0.800487
109 0.323004 0.882130 0.805353
110 0.328544 0.881049 0.815085
111 0.348527 0.875912 0.815085
112 0.338420 0.881590 0.815085
113 0.335006 0.887537 0.819951
114 0.339534 0.872668 0.800487
115 0.320536 0.878075 0.817518
116 0.324804 0.879968 0.807786
117 0.328405 0.884293 0.815085
118 0.335969 0.887808 0.810219
119 0.323937 0.882671 0.802920
120 0.333145 0.890241 0.805353
121 0.324177 0.894296 0.810219
122 0.308167 0.888619 0.819951
123 0.319960 0.880779 0.807786
124 0.331282 0.886996 0.812652
125 0.314717 0.895647 0.822384
126 0.318334 0.898621 0.812652
127 0.313603 0.896729 0.805353
128 0.311995 0.876723 0.800487
129 0.307741 0.899432 0.805353
130 0.303387 0.894566 0.785888
131 0.320540 0.895918 0.798054
132 0.301012 0.896459 0.795620
133 0.304570 0.901325 0.800487
134 0.310686 0.903487 0.805353
135 0.296934 0.901054 0.798054
136 0.295367 0.899703 0.810219
137 0.311246 0.903758 0.805353
138 0.301948 0.904569 0.812652
139 0.300812 0.904298 0.812652
140 0.319076 0.899703 0.810219
141 0.291146 0.895647 0.805353
142 0.292442 0.905921 0.800487
143 0.299959 0.911327 0.802920
144 0.274223 0.914031 0.812652
145 0.281607 0.904028 0.795620
146 0.269542 0.903758 0.810219
147 0.285761 0.894836 0.819951
148 0.298440 0.908083 0.793187
149 0.281367 0.918356 0.812652
150 0.265743 0.922952 0.810219
151 0.247489 0.928359 0.819951
152 0.251239 0.916194 0.812652
153 0.239758 0.928089 0.798054
154 0.246664 0.936469 0.815085
155 0.251326 0.928089 0.807786
156 0.238075 0.935658 0.795620
157 0.236822 0.928629 0.802920
158 0.242316 0.929711 0.812652
159 0.236500 0.931333 0.819951
160 0.232286 0.931603 0.807786
161 0.242516 0.931873 0.807786
162 0.235090 0.929711 0.805353
163 0.217630 0.935658 0.819951
164 0.234882 0.936199 0.795620
165 0.229050 0.934036 0.807786
166 0.230202 0.936469 0.807786
167 0.224101 0.939713 0.822384
168 0.218786 0.941606 0.810219
169 0.227678 0.939984 0.815085
170 0.206780 0.938632 0.819951
171 0.216401 0.938362 0.807786
172 0.223439 0.931873 0.815085
173 0.213831 0.941335 0.815085
174 0.222388 0.930792 0.805353
175 0.221057 0.942958 0.805353
176 0.217760 0.938632 0.817518
177 0.221741 0.940254 0.827251
178 0.220485 0.945931 0.817518
179 0.209262 0.941606 0.822384
180 0.222269 0.945120 0.815085
181 0.210433 0.936469 0.819951
182 0.206126 0.944039 0.819951
183 0.216301 0.947283 0.815085
184 0.199675 0.943498 0.827251
185 0.215250 0.937821 0.819951
186 0.218338 0.943228 0.822384
187 0.218418 0.944039 0.822384
188 0.210825 0.941065 0.822384
189 0.209640 0.949175 0.817518
190 0.217537 0.937821 0.819951
191 0.210167 0.945120 0.822384
192 0.198963 0.946202 0.824818
193 0.202564 0.950798 0.819951
194 0.198922 0.950257 0.841849
195 0.199123 0.945661 0.812652
196 0.191698 0.945931 0.807786
197 0.223239 0.944309 0.824818
198 0.182266 0.942147 0.807786
199 0.194391 0.949716 0.812652
200 0.176870 0.956745 0.822384
201 0.176530 0.958097 0.817518
202 0.166474 0.959448 0.834550
203 0.168404 0.959448 0.824818
204 0.169450 0.958097 0.827251
205 0.157401 0.956475 0.824818
206 0.174621 0.957015 0.810219
207 0.154265 0.962152 0.819951
208 0.188273 0.957556 0.841849
209 0.181694 0.959989 0.822384
210 0.175685 0.959989 0.819951
211 0.164707 0.962963 0.836983
212 0.163628 0.962152 0.824818
213 0.159905 0.961341 0.817518
214 0.162255 0.962963 0.832117
215 0.164054 0.963233 0.832117
216 0.164585 0.962422 0.817518
217 0.154171 0.965126 0.836983
218 0.160595 0.965126 0.836983
219 0.177239 0.964855 0.822384
220 0.163131 0.959178 0.817518
221 0.171656 0.959719 0.822384
222 0.158842 0.963774 0.824818
223 0.166571 0.965126 0.834550
224 0.165322 0.963233 0.834550
225 0.161629 0.965666 0.832117
226 0.162019 0.965937 0.829684
227 0.157449 0.967288 0.836983
228 0.155015 0.966748 0.841849
229 0.146036 0.966477 0.829684
230 0.144923 0.968640 0.815085
231 0.153647 0.964585 0.832117
232 0.152120 0.963504 0.827251
233 0.152868 0.968370 0.832117
234 0.149878 0.971073 0.839416
235 0.153459 0.970533 0.836983
236 0.151533 0.967018 0.822384
237 0.159542 0.968370 0.829684
238 0.154841 0.967018 0.817518
239 0.148514 0.965126 0.836983
240 0.143049 0.968370 0.841849
241 0.145876 0.968640 0.827251
242 0.152466 0.970533 0.832117
243 0.142653 0.970262 0.832117
244 0.150374 0.969992 0.822384
245 0.161183 0.971073 0.832117
246 0.152074 0.969451 0.822384
247 0.142314 0.974317 0.832117
248 0.149705 0.972966 0.824818
249 0.141932 0.972155 0.822384
250 0.136498 0.974047 0.832117
251 0.131890 0.974588 0.829684
252 0.134927 0.975939 0.824818
253 0.121025 0.977832 0.829684
254 0.122717 0.973236 0.832117
255 0.133572 0.977021 0.815085
256 0.127110 0.978373 0.812652
257 0.123665 0.977832 0.824818
258 0.129678 0.978913 0.829684
259 0.125313 0.975399 0.822384
260 0.143585 0.975939 0.822384
261 0.130950 0.976480 0.824818
262 0.130432 0.976750 0.824818
263 0.130909 0.977562 0.819951
264 0.124304 0.976480 0.824818
265 0.116431 0.976480 0.827251
266 0.129129 0.977021 0.829684
267 0.123683 0.977021 0.824818
268 0.120358 0.977832 0.822384
269 0.115941 0.978373 0.834550
270 0.126516 0.979184 0.829684
271 0.125767 0.979184 0.834550
272 0.124217 0.979995 0.827251
273 0.131190 0.979724 0.832117
274 0.126557 0.979724 0.827251
275 0.119853 0.978102 0.824818
276 0.111307 0.981076 0.834550
277 0.113667 0.981346 0.834550
278 0.123249 0.979724 0.829684
279 0.124912 0.977832 0.824818
280 0.117087 0.980806 0.824818
281 0.117387 0.980806 0.827251
282 0.130518 0.980806 0.836983
283 0.122835 0.980265 0.841849
284 0.118933 0.982157 0.839416
285 0.124754 0.981346 0.832117
286 0.116450 0.981617 0.836983
287 0.114583 0.979454 0.832117
288 0.123263 0.979995 0.834550
289 0.107856 0.980806 0.836983
290 0.113918 0.981346 0.834550
291 0.120749 0.980535 0.829684
292 0.118105 0.979995 0.841849
293 0.115809 0.981076 0.832117
294 0.113592 0.981076 0.836983
295 0.115978 0.982157 0.829684
296 0.108393 0.982428 0.834550
297 0.116098 0.981887 0.846715
298 0.117499 0.982968 0.829684
299 0.121566 0.983239 0.834550
300 0.116907 0.984861 0.832117
301 0.105666 0.984590 0.846715
302 0.110286 0.983779 0.844282
303 0.096633 0.982428 0.832117
304 0.110103 0.984050 0.836983
305 0.109408 0.983509 0.836983
306 0.107866 0.984590 0.829684
307 0.110725 0.984861 0.834550
308 0.103085 0.982698 0.829684
309 0.110357 0.982698 0.832117
310 0.096764 0.984861 0.841849
311 0.124991 0.984320 0.839416
312 0.095905 0.983779 0.834550
313 0.101191 0.984590 0.834550
314 0.102635 0.984050 0.836983
315 0.111645 0.983779 0.834550
316 0.108330 0.985131 0.841849
317 0.098850 0.984320 0.836983
318 0.104613 0.985672 0.839416
319 0.098943 0.985942 0.839416
320 0.097743 0.984861 0.836983
321 0.106112 0.983239 0.832117
322 0.095918 0.982698 0.839416
323 0.100446 0.985672 0.839416
324 0.105129 0.984861 0.841849
325 0.098789 0.984861 0.846715
326 0.102706 0.985401 0.841849
327 0.092782 0.985942 0.839416
328 0.110228 0.986212 0.839416
329 0.097984 0.984320 0.841849
330 0.104965 0.984590 0.836983
331 0.107454 0.986753 0.836983
332 0.098039 0.987835 0.832117
333 0.097175 0.985942 0.834550
334 0.097946 0.984861 0.841849
335 0.097575 0.986483 0.834550
336 0.099648 0.984320 0.822384
337 0.100344 0.985672 0.832117
338 0.104270 0.984861 0.827251
339 0.106544 0.985942 0.841849
340 0.096708 0.985942 0.836983
341 0.103135 0.985401 0.839416
342 0.100763 0.986483 0.844282
343 0.096392 0.985401 0.834550
344 0.100618 0.985942 0.841849
345 0.096398 0.987024 0.839416
346 0.098207 0.987024 0.832117
347 0.098653 0.985131 0.841849
348 0.104517 0.985131 0.841849
349 0.108084 0.987024 0.836983
350 0.096560 0.987294 0.829684
