1 5.529466 0.704222 0.698000
2 2.238737 0.727111 0.722000
3 1.503782 0.758444 0.760000
4 1.048809 0.746222 0.732000
5 1.190128 0.741111 0.728000
6 0.889587 0.763333 0.770000
7 1.043328 0.757556 0.752000
8 1.023152 0.719556 0.714000
9 0.831104 0.783778 0.792000
10 0.715505 0.757333 0.748000
11 0.623476 0.788222 0.796000
12 0.638956 0.791111 0.782000
13 0.619315 0.798667 0.782000
14 0.569220 0.784444 0.760000
15 0.714076 0.754222 0.714000
16 0.643189 0.777778 0.766000
17 0.623608 0.796222 0.772000
18 0.558925 0.808444 0.786000
19 0.633332 0.713333 0.730000
20 0.750613 0.790889 0.776000
21 0.570865 0.782444 0.752000
22 0.598391 0.802667 0.778000
23 0.544196 0.792222 0.762000
24 0.573868 0.768222 0.740000
25 0.585659 0.799556 0.770000
26 0.546938 0.807556 0.774000
27 0.531371 0.805333 0.794000
28 0.537230 0.814889 0.768000
29 0.548160 0.800444 0.776000
30 0.554338 0.800000 0.770000
