1 1.720695 0.761111 0.750000
2 0.898915 0.743333 0.710000
3 0.535187 0.778889 0.740000
4 0.693168 0.762222 0.710000
5 0.497633 0.731111 0.690000
6 0.487611 0.718889 0.670000
7 0.927130 0.755556 0.700000
8 0.503960 0.787778 0.690000
9 0.482978 0.801111 0.730000
10 0.495029 0.790000 0.740000
11 0.439181 0.801111 0.740000
12 0.416577 0.796667 0.700000
13 0.413929 0.827778 0.730000
14 0.403199 0.824444 0.740000
15 0.382639 0.814444 0.690000
16 0.374998 0.817778 0.690000
17 0.373749 0.818889 0.670000
18 0.367333 0.842222 0.730000
19 0.372824 0.831111 0.760000
20 0.347241 0.858889 0.670000
21 0.341609 0.846667 0.780000
22 0.336066 0.828889 0.710000
23 0.336993 0.854444 0.720000
24 0.481098 0.757778 0.670000
25 0.502106 0.771111 0.650000
26 0.433803 0.827778 0.690000
27 0.381107 0.844444 0.740000
28 0.364641 0.828889 0.750000
29 0.641687 0.768889 0.710000
30 0.413987 0.833333 0.670000
31 0.361484 0.813333 0.680000
32 1.105868 0.826667 0.720000
33 0.664508 0.767778 0.700000
34 0.446846 0.822222 0.680000
35 0.388697 0.851111 0.710000
36 0.365104 0.852222 0.690000
37 0.374480 0.828889 0.740000
38 0.361592 0.808889 0.700000
39 0.350790 0.844444 0.750000
40 0.346647 0.831111 0.750000
41 0.330309 0.854444 0.730000
42 0.328798 0.857778 0.710000
43 0.315491 0.877778 0.720000
44 0.313073 0.873333 0.740000
45 0.290747 0.861111 0.710000
46 0.294361 0.877778 0.740000
47 0.648164 0.834444 0.690000
48 0.427584 0.846667 0.710000
49 0.358613 0.824444 0.670000
50 0.316916 0.876667 0.720000
51 0.306955 0.856667 0.740000
52 0.281580 0.887778 0.740000
53 0.288154 0.878889 0.750000
54 0.290888 0.880000 0.750000
55 0.278023 0.880000 0.750000
56 0.263827 0.888889 0.700000
57 0.276334 0.891111 0.760000
58 0.259564 0.895556 0.730000
59 0.254038 0.898889 0.700000
60 0.262065 0.901111 0.730000
61 0.282944 0.881111 0.710000
62 0.252438 0.905556 0.770000
63 0.258515 0.898889 0.720000
64 0.248528 0.898889 0.760000
65 0.265019 0.900000 0.690000
66 0.255718 0.901111 0.720000
67 0.245759 0.898889 0.760000
68 0.240897 0.833333 0.680000
69 0.259110 0.906667 0.780000
70 0.233283 0.912222 0.720000
71 0.265020 0.892222 0.730000
72 0.237476 0.903333 0.780000
73 0.272080 0.893333 0.730000
74 0.240411 0.913333 0.750000
75 0.228741 0.907778 0.740000
76 0.228860 0.903333 0.750000
77 0.223989 0.907778 0.720000
78 0.231798 0.912222 0.750000
79 0.228760 0.888889 0.760000
80 0.233936 0.914444 0.740000
81 0.219407 0.912222 0.710000
82 0.218941 0.898889 0.720000
83 0.212634 0.915556 0.720000
84 0.211113 0.908889 0.780000
85 0.230869 0.918889 0.720000
86 0.210995 0.906667 0.690000
87 0.213417 0.896667 0.710000
88 0.226495 0.915556 0.750000
89 0.224577 0.902222 0.730000
90 0.209599 0.917778 0.720000
91 0.210075 0.908889 0.730000
92 0.245160 0.905556 0.730000
93 0.218522 0.916667 0.730000
94 0.209645 0.910000 0.750000
95 0.215367 0.911111 0.720000
96 0.222571 0.912222 0.750000
97 0.204071 0.915556 0.730000
98 0.212692 0.911111 0.770000
99 0.211750 0.916667 0.760000
100 0.195578 0.928889 0.720000
101 0.180045 0.921111 0.730000
102 0.193924 0.927778 0.690000
103 0.187019 0.920000 0.670000
104 0.188982 0.921111 0.730000
105 0.226790 0.907778 0.700000
106 0.189451 0.918889 0.730000
107 0.196365 0.923333 0.720000
108 0.193728 0.931111 0.750000
109 0.191347 0.924444 0.750000
110 0.191002 0.924444 0.750000
111 0.183271 0.916667 0.730000
112 0.195121 0.924444 0.740000
113 0.192075 0.925556 0.740000
114 0.184813 0.922222 0.710000
115 0.184874 0.928889 0.720000
116 0.181872 0.932222 0.730000
117 0.184775 0.928889 0.740000
118 0.175842 0.923333 0.740000
119 0.171794 0.928889 0.760000
120 0.175216 0.924444 0.740000
121 0.193018 0.927778 0.710000
122 0.184803 0.923333 0.720000
123 0.195408 0.926667 0.710000
124 0.172637 0.921111 0.690000
125 0.175989 0.931111 0.730000
126 0.167572 0.932222 0.720000
127 0.170805 0.925556 0.700000
128 0.179889 0.931111 0.700000
129 0.183511 0.935556 0.710000
130 0.177006 0.923333 0.720000
131 0.166159 0.928889 0.720000
132 0.179861 0.918889 0.720000
133 0.189500 0.927778 0.750000
134 0.173651 0.934444 0.700000
135 0.170299 0.928889 0.710000
136 0.180170 0.933333 0.710000
137 0.173816 0.933333 0.720000
138 0.178469 0.931111 0.730000
139 0.182635 0.926667 0.710000
140 0.169695 0.924444 0.690000
141 0.175211 0.928889 0.700000
142 0.176887 0.933333 0.730000
143 0.179900 0.933333 0.720000
144 0.171709 0.931111 0.720000
145 0.176208 0.935556 0.740000
146 0.176073 0.926667 0.720000
147 0.175318 0.940000 0.720000
148 0.155547 0.932222 0.710000
149 0.169754 0.934444 0.710000
150 0.165670 0.936667 0.730000
151 0.156063 0.940000 0.720000
152 0.153387 0.938889 0.740000
153 0.165202 0.937778 0.710000
154 0.150407 0.936667 0.700000
155 0.149146 0.935556 0.710000
156 0.154800 0.936667 0.710000
157 0.146032 0.934444 0.710000
158 0.149591 0.941111 0.700000
159 0.147099 0.936667 0.720000
160 0.146672 0.942222 0.700000
161 0.142965 0.938889 0.690000
162 0.151239 0.940000 0.710000
163 0.148667 0.938889 0.700000
164 0.149052 0.940000 0.700000
165 0.154910 0.938889 0.720000
166 0.150913 0.935556 0.760000
167 0.151144 0.937778 0.720000
168 0.150790 0.937778 0.680000
169 0.152824 0.938889 0.710000
170 0.142146 0.937778 0.710000
171 0.158020 0.936667 0.700000
172 0.160882 0.938889 0.700000
173 0.153274 0.938889 0.700000
174 0.154748 0.937778 0.690000
175 0.151336 0.938889 0.680000
176 0.149693 0.938889 0.680000
177 0.164573 0.934444 0.710000
178 0.152206 0.941111 0.690000
179 0.156041 0.942222 0.670000
180 0.159728 0.940000 0.700000
181 0.142852 0.933333 0.700000
182 0.133993 0.940000 0.700000
183 0.144964 0.936667 0.710000
184 0.146310 0.936667 0.700000
185 0.155957 0.934444 0.700000
186 0.154384 0.937778 0.690000
187 0.158695 0.936667 0.740000
188 0.151833 0.934444 0.740000
189 0.146032 0.937778 0.730000
190 0.142216 0.938889 0.680000
191 0.138690 0.938889 0.710000
192 0.160736 0.935556 0.770000
193 0.149394 0.933333 0.720000
194 0.150669 0.937778 0.700000
195 0.147408 0.934444 0.740000
196 0.162601 0.936667 0.710000
197 0.148058 0.940000 0.690000
198 0.138602 0.937778 0.680000
199 0.150966 0.938889 0.690000
200 0.135831 0.938889 0.730000
201 0.142689 0.938889 0.700000
202 0.130221 0.940000 0.690000
203 0.139092 0.937778 0.700000
204 0.140352 0.936667 0.700000
205 0.139839 0.937778 0.720000
206 0.143005 0.937778 0.720000
207 0.144070 0.940000 0.680000
208 0.146321 0.936667 0.670000
209 0.143216 0.936667 0.700000
210 0.140087 0.940000 0.690000
211 0.131797 0.941111 0.700000
212 0.144987 0.941111 0.710000
213 0.136759 0.937778 0.710000
214 0.129411 0.936667 0.710000
215 0.138052 0.938889 0.700000
216 0.139769 0.937778 0.700000
217 0.130167 0.938889 0.700000
218 0.134707 0.935556 0.730000
219 0.138460 0.940000 0.710000
220 0.135292 0.938889 0.720000
221 0.135977 0.938889 0.710000
222 0.138157 0.940000 0.690000
223 0.134217 0.942222 0.710000
224 0.142059 0.944444 0.710000
225 0.136452 0.938889 0.710000
226 0.132546 0.940000 0.700000
227 0.128730 0.940000 0.710000
228 0.139248 0.938889 0.700000
229 0.131842 0.944444 0.710000
230 0.140104 0.942222 0.680000
231 0.134580 0.938889 0.690000
232 0.141491 0.941111 0.680000
233 0.136817 0.940000 0.710000
234 0.141186 0.941111 0.690000
235 0.135166 0.938889 0.700000
236 0.143288 0.940000 0.700000
237 0.139837 0.941111 0.700000
238 0.131343 0.943333 0.680000
239 0.141103 0.942222 0.690000
240 0.130852 0.938889 0.700000
241 0.138302 0.941111 0.730000
242 0.135593 0.938889 0.700000
243 0.138431 0.940000 0.700000
244 0.139303 0.937778 0.740000
245 0.140949 0.938889 0.710000
246 0.134441 0.941111 0.690000
247 0.139114 0.942222 0.710000
248 0.134578 0.943333 0.710000
249 0.133278 0.940000 0.700000
250 0.134022 0.943333 0.690000
251 0.134536 0.941111 0.700000
252 0.129670 0.944444 0.690000
253 0.138233 0.943333 0.720000
254 0.140637 0.943333 0.690000
255 0.140131 0.943333 0.730000
256 0.128068 0.942222 0.710000
257 0.124370 0.941111 0.700000
258 0.126347 0.941111 0.700000
259 0.129216 0.941111 0.700000
260 0.130065 0.943333 0.730000
261 0.136351 0.944444 0.720000
262 0.128091 0.943333 0.700000
263 0.134092 0.941111 0.710000
264 0.136408 0.944444 0.730000
265 0.127793 0.943333 0.710000
266 0.134688 0.944444 0.730000
267 0.139873 0.940000 0.710000
268 0.135541 0.943333 0.750000
269 0.137016 0.942222 0.710000
270 0.134360 0.941111 0.740000
271 0.130563 0.940000 0.730000
272 0.118704 0.942222 0.710000
273 0.127182 0.944444 0.710000
274 0.128774 0.940000 0.690000
275 0.127556 0.942222 0.720000
276 0.118203 0.942222 0.690000
277 0.120754 0.941111 0.710000
278 0.136793 0.941111 0.700000
279 0.131384 0.944444 0.720000
280 0.132969 0.940000 0.710000
281 0.122398 0.942222 0.700000
282 0.137301 0.941111 0.710000
283 0.137010 0.941111 0.750000
284 0.128152 0.941111 0.700000
285 0.130013 0.942222 0.710000
286 0.135954 0.943333 0.710000
287 0.125109 0.942222 0.720000
288 0.131786 0.941111 0.700000
289 0.122869 0.942222 0.700000
290 0.122066 0.943333 0.710000
291 0.133607 0.938889 0.710000
292 0.126049 0.944444 0.690000
293 0.121985 0.941111 0.700000
294 0.125372 0.943333 0.700000
295 0.119902 0.942222 0.690000
296 0.124019 0.942222 0.700000
297 0.125805 0.942222 0.690000
298 0.127482 0.942222 0.690000
299 0.119840 0.942222 0.720000
300 0.125359 0.943333 0.690000
301 0.121417 0.943333 0.700000
302 0.124399 0.944444 0.720000
303 0.132412 0.942222 0.730000
304 0.125340 0.944444 0.740000
305 0.127198 0.941111 0.700000
306 0.125803 0.938889 0.710000
307 0.120790 0.943333 0.730000
308 0.122839 0.940000 0.700000
309 0.126632 0.943333 0.700000
310 0.125214 0.940000 0.690000
311 0.123280 0.940000 0.690000
312 0.128626 0.942222 0.710000
313 0.126797 0.941111 0.710000
314 0.130873 0.943333 0.690000
315 0.126383 0.942222 0.700000
316 0.123150 0.943333 0.680000
317 0.122731 0.941111 0.720000
318 0.121981 0.945556 0.700000
319 0.122051 0.945556 0.730000
320 0.118278 0.943333 0.700000
321 0.122000 0.944444 0.690000
322 0.130789 0.943333 0.700000
323 0.120850 0.944444 0.700000
324 0.125053 0.943333 0.700000
325 0.122170 0.942222 0.690000
326 0.122031 0.944444 0.700000
327 0.128053 0.942222 0.710000
328 0.121119 0.943333 0.720000
329 0.123408 0.940000 0.700000
330 0.123706 0.943333 0.720000
331 0.128779 0.944444 0.690000
332 0.126828 0.941111 0.720000
333 0.123877 0.942222 0.690000
334 0.121790 0.943333 0.730000
335 0.122295 0.943333 0.710000
336 0.123894 0.943333 0.690000
337 0.129328 0.942222 0.710000
338 0.128567 0.944444 0.710000
339 0.121986 0.942222 0.710000
340 0.131610 0.943333 0.720000
341 0.118741 0.941111 0.710000
342 0.122771 0.941111 0.720000
343 0.117313 0.944444 0.710000
344 0.127266 0.942222 0.720000
345 0.125607 0.941111 0.710000
346 0.127749 0.942222 0.700000
347 0.123319 0.942222 0.690000
348 0.132925 0.943333 0.690000
349 0.123967 0.942222 0.690000
350 0.126411 0.943333 0.690000
