1 3.398375 0.583131 0.581509
2 1.625716 0.616383 0.605839
3 1.250637 0.721817 0.688564
4 0.951466 0.635036 0.632603
5 1.294538 0.575831 0.586375
6 1.309329 0.730738 0.708029
7 1.064990 0.743715 0.717762
8 0.969695 0.721276 0.705596
9 0.958833 0.711003 0.695864
10 1.174734 0.741011 0.739659
11 0.811391 0.726683 0.746959
12 0.667103 0.726142 0.693431
13 0.599580 0.762909 0.742092
14 0.738402 0.725872 0.715328
15 0.600936 0.765612 0.763990
16 0.564793 0.756691 0.732360
17 0.563175 0.773182 0.759124
18 0.599297 0.704515 0.695864
19 0.598990 0.768856 0.746959
20 0.555378 0.782914 0.773723
21 0.512656 0.763720 0.759124
22 0.519087 0.795620 0.761557
23 0.494319 0.807245 0.771290
24 0.504017 0.759935 0.725061
25 0.497523 0.800487 0.756691
26 0.513747 0.720735 0.705596
27 0.474967 0.699378 0.686131
28 0.457655 0.788051 0.754258
29 0.498294 0.819681 0.798054
30 0.482749 0.805082 0.761557
31 0.480573 0.802109 0.781022
32 0.479590 0.812922 0.783455
33 0.439868 0.820762 0.776156
34 0.453397 0.840227 0.783455
35 0.440420 0.810760 0.788321
36 0.467446 0.787780 0.749392
37 0.455574 0.839686 0.793187
38 0.442431 0.807516 0.781022
39 0.457185 0.817248 0.798054
40 0.460585 0.832387 0.793187
41 0.455005 0.811571 0.766423
42 0.429257 0.827791 0.783455
43 0.410558 0.781292 0.766423
44 0.458526 0.809678 0.788321
45 0.433141 0.816167 0.800487
46 0.434420 0.827521 0.810219
47 0.416442 0.856177 0.810219
48 0.407494 0.793187 0.763990
49 0.429986 0.833198 0.781022
50 0.396273 0.866721 0.798054
51 0.377144 0.876453 0.815085
52 0.365498 0.868343 0.812652
53 0.380488 0.880508 0.798054
54 0.365804 0.882130 0.793187
55 0.340928 0.832117 0.773723
56 0.346552 0.883212 0.795620
57 0.367707 0.837253 0.800487
58 0.365602 0.874290 0.800487
59 0.344232 0.881319 0.807786
60 0.342832 0.870776 0.802920
61 0.347943 0.886726 0.810219
62 0.341662 0.876183 0.790754
63 0.333780 0.893485 0.800487
64 0.319648 0.891863 0.805353
65 0.322317 0.866180 0.800487
66 0.354308 0.872128 0.778589
67 0.318762 0.894025 0.795620
68 0.346242 0.844823 0.746959
69 0.337866 0.889159 0.807786
70 0.317789 0.885104 0.790754
71 0.323123 0.887267 0.822384
72 0.352990 0.875101 0.793187
73 0.324336 0.896188 0.793187
74 0.340126 0.864288 0.781022
75 0.313818 0.889159 0.805353
76 0.318182 0.893214 0.810219
77 0.313032 0.898081 0.805353
78 0.312896 0.887537 0.776156
79 0.321782 0.885104 0.785888
80 0.312865 0.899162 0.807786
81 0.315625 0.900784 0.788321
82 0.293315 0.880779 0.795620
83 0.298464 0.895377 0.778589
84 0.292484 0.884023 0.785888
85 0.329683 0.895647 0.788321
86 0.287080 0.868883 0.773723
87 0.285721 0.894566 0.802920
88 0.292834 0.896459 0.790754
89 0.288447 0.881860 0.771290
90 0.273345 0.917816 0.795620
91 0.311833 0.914842 0.776156
92 0.257578 0.903758 0.766423
93 0.277824 0.919708 0.800487
94 0.294562 0.863206 0.751825
95 0.283720 0.910246 0.783455
96 0.281838 0.900784 0.795620
97 0.275932 0.901595 0.783455
98 0.293418 0.889430 0.810219
99 0.286453 0.899703 0.783455
100 0.244651 0.934036 0.807786
101 0.215961 0.936199 0.793187
102 0.216084 0.941335 0.790754
103 0.208860 0.943228 0.807786
104 0.202347 0.949986 0.785888
105 0.193369 0.947013 0.798054
106 0.214072 0.939984 0.798054
107 0.189747 0.954853 0.798054
108 0.180063 0.942687 0.812652
109 0.205167 0.939984 0.776156
110 0.189324 0.950527 0.793187
111 0.195203 0.931603 0.790754
112 0.196103 0.944309 0.805353
113 0.183852 0.949716 0.793187
114 0.177441 0.945661 0.790754
115 0.189594 0.949716 0.800487
116 0.201234 0.947013 0.783455
117 0.189779 0.946742 0.781022
118 0.183475 0.936740 0.785888
119 0.200703 0.954853 0.781022
120 0.174608 0.954042 0.783455
121 0.177160 0.957286 0.771290
122 0.169027 0.958637 0.785888
123 0.180235 0.931333 0.771290
124 0.178745 0.958097 0.783455
125 0.182137 0.953771 0.771290
126 0.170301 0.945120 0.771290
127 0.179999 0.952690 0.788321
128 0.168277 0.962422 0.793187
129 0.158047 0.966748 0.781022
130 0.176847 0.965126 0.783455
131 0.162853 0.964044 0.800487
132 0.172871 0.953771 0.800487
133 0.158489 0.959719 0.783455
134 0.147320 0.964585 0.783455
135 0.157700 0.961611 0.776156
136 0.163159 0.958097 0.802920
137 0.166711 0.959989 0.783455
138 0.154731 0.963233 0.763990
139 0.163841 0.961611 0.776156
140 0.163443 0.956745 0.776156
141 0.183461 0.954853 0.793187
142 0.158438 0.970803 0.798054
143 0.145446 0.964585 0.790754
144 0.142253 0.966748 0.790754
145 0.141120 0.970262 0.793187
146 0.153183 0.962693 0.790754
147 0.175985 0.956745 0.793187
148 0.170209 0.935658 0.798054
149 0.159790 0.962422 0.783455
150 0.132546 0.975939 0.800487
151 0.109435 0.975128 0.795620
152 0.114939 0.979454 0.793187
153 0.114711 0.981076 0.788321
154 0.111759 0.979724 0.793187
155 0.102225 0.978102 0.793187
156 0.123330 0.983509 0.800487
157 0.104963 0.979184 0.795620
158 0.102673 0.978643 0.776156
159 0.109230 0.981887 0.776156
160 0.104659 0.982698 0.795620
161 0.108375 0.980265 0.783455
162 0.095322 0.980535 0.793187
163 0.104234 0.981617 0.783455
164 0.098511 0.983779 0.781022
165 0.096238 0.982698 0.776156
166 0.100635 0.982968 0.790754
167 0.095800 0.983509 0.795620
168 0.101634 0.983779 0.783455
169 0.102066 0.985131 0.790754
170 0.101874 0.982157 0.781022
171 0.096234 0.983239 0.793187
172 0.093719 0.983779 0.800487
173 0.108123 0.978913 0.781022
174 0.101479 0.986212 0.793187
175 0.089409 0.982698 0.790754
176 0.098624 0.987294 0.781022
177 0.103987 0.982698 0.793187
178 0.091937 0.987294 0.790754
179 0.100631 0.983239 0.788321
180 0.111995 0.979184 0.793187
181 0.095886 0.981346 0.788321
182 0.097939 0.984320 0.798054
183 0.096374 0.987294 0.781022
184 0.086532 0.986483 0.785888
185 0.082953 0.987835 0.790754
186 0.086753 0.987024 0.785888
187 0.085020 0.985942 0.790754
188 0.091574 0.987294 0.781022
189 0.084657 0.988105 0.788321
190 0.090747 0.989186 0.790754
191 0.092059 0.988105 0.788321
192 0.085090 0.988916 0.773723
193 0.098009 0.989186 0.790754
194 0.089613 0.991890 0.790754
195 0.082187 0.991349 0.802920
196 0.079995 0.985672 0.795620
197 0.091284 0.988916 0.793187
198 0.090387 0.987024 0.781022
199 0.086001 0.990538 0.790754
200 0.077337 0.992160 0.783455
201 0.069133 0.992430 0.783455
202 0.076256 0.993782 0.783455
203 0.068469 0.992971 0.790754
204 0.071613 0.994052 0.790754
205 0.060760 0.994052 0.778589
206 0.064653 0.993782 0.788321
207 0.064614 0.993782 0.798054
208 0.072700 0.994323 0.781022
209 0.068675 0.994863 0.793187
210 0.068949 0.993512 0.793187
211 0.055593 0.994052 0.781022
212 0.061947 0.994323 0.785888
213 0.062496 0.993782 0.785888
214 0.060986 0.994052 0.793187
215 0.066321 0.994052 0.790754
216 0.060388 0.994863 0.793187
217 0.062002 0.994863 0.798054
218 0.071131 0.994323 0.793187
219 0.066120 0.994863 0.802920
220 0.059945 0.995404 0.781022
221 0.057022 0.995675 0.781022
222 0.065298 0.994323 0.800487
223 0.072123 0.993782 0.785888
224 0.060322 0.994863 0.785888
225 0.064537 0.992160 0.778589
226 0.067633 0.995404 0.788321
227 0.066555 0.994863 0.783455
228 0.067021 0.995134 0.778589
229 0.061804 0.995134 0.778589
230 0.057762 0.995945 0.785888
231 0.065440 0.994593 0.788321
232 0.058249 0.994593 0.798054
233 0.053759 0.996215 0.785888
234 0.058446 0.996215 0.771290
235 0.058657 0.995404 0.795620
236 0.056134 0.995675 0.795620
237 0.069265 0.996756 0.802920
238 0.062430 0.996756 0.793187
239 0.061694 0.995675 0.788321
240 0.068373 0.994593 0.800487
241 0.064701 0.994863 0.783455
242 0.071095 0.996756 0.790754
243 0.052956 0.995134 0.798054
244 0.060135 0.995945 0.790754
245 0.057510 0.994593 0.781022
246 0.058077 0.995404 0.790754
247 0.056676 0.995675 0.788321
248 0.057066 0.995404 0.778589
249 0.061644 0.995134 0.795620
250 0.056915 0.996486 0.800487
251 0.059740 0.997026 0.793187
252 0.051254 0.997297 0.795620
253 0.049049 0.997297 0.788321
254 0.050059 0.997026 0.798054
255 0.045884 0.997567 0.790754
256 0.056518 0.997297 0.785888
257 0.053100 0.996486 0.788321
258 0.051338 0.996486 0.790754
259 0.052386 0.997567 0.788321
260 0.048020 0.997567 0.795620
261 0.053185 0.997567 0.785888
262 0.054276 0.997837 0.783455
263 0.047301 0.997567 0.785888
264 0.054910 0.997297 0.795620
265 0.052329 0.996486 0.783455
266 0.051415 0.997567 0.795620
267 0.045298 0.997567 0.795620
268 0.046559 0.996486 0.798054
269 0.050354 0.997026 0.793187
270 0.045188 0.997297 0.790754
271 0.048647 0.997837 0.783455
272 0.052193 0.997567 0.788321
273 0.045223 0.998108 0.788321
274 0.054534 0.997567 0.793187
275 0.043186 0.997837 0.793187
276 0.046660 0.998108 0.788321
277 0.048152 0.997567 0.785888
278 0.045704 0.996756 0.793187
279 0.054451 0.997297 0.798054
280 0.049075 0.998108 0.795620
281 0.049966 0.997297 0.793187
282 0.048866 0.998108 0.790754
283 0.047344 0.998648 0.793187
284 0.056314 0.997837 0.790754
285 0.051457 0.997297 0.798054
286 0.051020 0.998108 0.793187
287 0.048078 0.997837 0.788321
288 0.051465 0.997297 0.790754
289 0.048776 0.997837 0.790754
290 0.049003 0.997567 0.788321
291 0.053194 0.997837 0.793187
292 0.048703 0.998378 0.798054
293 0.046016 0.998108 0.793187
294 0.049564 0.998378 0.785888
295 0.045878 0.998378 0.790754
296 0.046119 0.998108 0.790754
297 0.049003 0.998108 0.785888
298 0.045853 0.997026 0.778589
299 0.050894 0.997567 0.783455
300 0.049281 0.998108 0.783455
301 0.044921 0.998648 0.778589
302 0.045630 0.998378 0.783455
303 0.048921 0.998378 0.788321
304 0.040192 0.998378 0.781022
305 0.045020 0.998648 0.785888
306 0.046120 0.998108 0.785888
307 0.043344 0.998648 0.788321
308 0.045735 0.998648 0.788321
309 0.047073 0.998108 0.783455
310 0.048589 0.998648 0.788321
311 0.043597 0.998378 0.790754
312 0.042494 0.997567 0.785888
313 0.044323 0.998108 0.785888
314 0.042179 0.998648 0.781022
315 0.043486 0.998378 0.790754
316 0.045203 0.998378 0.783455
317 0.051009 0.998378 0.783455
318 0.044755 0.998378 0.781022
319 0.040974 0.998108 0.783455
320 0.040112 0.998108 0.790754
321 0.042777 0.998648 0.773723
322 0.044406 0.997837 0.778589
323 0.043514 0.998108 0.783455
324 0.046292 0.998648 0.778589
325 0.043311 0.997837 0.781022
326 0.044243 0.998378 0.785888
327 0.046417 0.998648 0.783455
328 0.041971 0.998648 0.785888
329 0.043438 0.998378 0.785888
330 0.042788 0.998378 0.785888
331 0.046736 0.998108 0.785888
332 0.041761 0.998108 0.790754
333 0.046418 0.997837 0.785888
334 0.047116 0.998378 0.776156
335 0.043218 0.998108 0.790754
336 0.043119 0.998108 0.788321
337 0.042335 0.998108 0.781022
338 0.042161 0.998378 0.785888
339 0.042325 0.998378 0.790754
340 0.042709 0.998378 0.785888
341 0.046989 0.998378 0.785888
342 0.044413 0.998648 0.785888
343 0.044445 0.998648 0.795620
344 0.044021 0.998378 0.785888
345 0.044389 0.998378 0.785888
346 0.043306 0.998108 0.785888
347 0.040948 0.997837 0.790754
348 0.046180 0.998108 0.793187
349 0.043488 0.998648 0.781022
350 0.042902 0.998648 0.785888
