1 346.002754 0.378751 0.354000
2 152.634262 0.432763 0.384000
3 58.281017 0.412536 0.416000
4 29.356706 0.444543 0.412000
5 34.645662 0.400978 0.382000
6 18.349971 0.450545 0.444000
7 24.669811 0.373416 0.348000
8 18.052632 0.410313 0.388000
9 15.791356 0.262725 0.274000
10 14.807644 0.356746 0.356000
11 9.364427 0.247833 0.240000
12 7.620628 0.443876 0.440000
13 5.728859 0.404979 0.394000
14 4.434997 0.450989 0.442000
15 4.501486 0.424983 0.438000
16 3.723406 0.475884 0.456000
17 3.708399 0.488998 0.470000
18 3.480303 0.455435 0.464000
19 2.996997 0.380974 0.360000
20 3.198912 0.424317 0.404000
21 2.970180 0.441876 0.414000
22 2.508360 0.450989 0.442000
23 2.278939 0.519226 0.528000
24 2.053106 0.429206 0.428000
25 2.183522 0.385641 0.396000
26 1.986878 0.441654 0.470000
27 2.394764 0.438542 0.456000
28 2.284010 0.427428 0.454000
29 1.858853 0.471216 0.478000
30 1.890543 0.455657 0.414000
31 1.902726 0.454768 0.462000
32 1.986201 0.486108 0.480000
33 1.948455 0.345410 0.368000
34 2.357840 0.331185 0.330000
35 1.826051 0.492109 0.504000
36 1.822893 0.460769 0.448000
37 2.054685 0.453212 0.456000
38 2.014676 0.470549 0.480000
39 1.933175 0.430096 0.444000
40 1.767543 0.481440 0.478000
41 1.822382 0.409647 0.386000
42 2.333400 0.392309 0.428000
43 2.224282 0.395421 0.406000
44 2.024273 0.414537 0.440000
45 2.006781 0.469882 0.470000
46 1.903506 0.433874 0.412000
47 1.678181 0.407424 0.412000
48 1.804618 0.386308 0.392000
49 1.866053 0.413870 0.402000
50 1.599916 0.452100 0.470000
51 1.456938 0.505446 0.510000
52 1.638546 0.505446 0.504000
53 1.422579 0.505223 0.510000
54 1.545637 0.468771 0.466000
55 1.513277 0.404090 0.422000
56 1.517439 0.486775 0.506000
57 1.476657 0.474994 0.464000
58 1.462534 0.489664 0.486000
59 1.567244 0.490109 0.484000
60 1.528180 0.435430 0.456000
61 1.589786 0.431874 0.432000
62 1.480792 0.463214 0.460000
63 1.510928 0.522561 0.510000
64 1.521376 0.511669 0.494000
65 1.440821 0.416537 0.420000
66 1.478618 0.491665 0.492000
67 1.507779 0.489664 0.472000
68 1.598447 0.429651 0.394000
69 1.610450 0.500778 0.502000
70 1.530606 0.464325 0.458000
