1 3.467225 0.473333 0.453333
2 1.865541 0.461481 0.420000
3 1.255232 0.494815 0.453333
4 1.573433 0.500741 0.473333
5 1.338261 0.534074 0.453333
6 1.151565 0.522963 0.466667
7 1.086737 0.439259 0.420000
8 1.032114 0.532593 0.473333
9 1.036157 0.533333 0.480000
10 1.182955 0.542222 0.500000
11 1.086378 0.521481 0.453333
12 1.275341 0.546667 0.486667
13 1.088423 0.549630 0.500000
14 0.974275 0.522222 0.473333
15 0.991278 0.545926 0.486667
16 1.055768 0.530370 0.513333
17 1.008449 0.531111 0.460000
18 0.961890 0.548148 0.480000
19 0.934841 0.540000 0.460000
20 0.954937 0.552593 0.493333
21 1.078873 0.549630 0.493333
22 1.186619 0.534815 0.486667
23 1.090455 0.531111 0.480000
24 1.014466 0.537778 0.473333
25 0.959861 0.522963 0.473333
26 0.952898 0.548148 0.453333
27 0.990999 0.546667 0.493333
28 0.935700 0.548148 0.493333
29 0.943379 0.562222 0.480000
30 0.941763 0.550370 0.500000
31 0.944695 0.548889 0.486667
32 0.941467 0.553333 0.473333
33 0.947671 0.560000 0.493333
34 1.001080 0.533333 0.466667
35 0.946340 0.543704 0.446667
36 0.942564 0.531852 0.473333
37 0.957167 0.557778 0.493333
38 0.954267 0.508148 0.473333
39 0.918910 0.568148 0.493333
40 0.928867 0.554815 0.500000
41 0.944565 0.543704 0.460000
42 0.953168 0.558519 0.486667
43 1.004577 0.552593 0.473333
44 1.078097 0.554815 0.486667
45 0.966457 0.565926 0.506667
46 0.922533 0.557778 0.486667
47 0.932862 0.563704 0.473333
48 0.927229 0.560000 0.493333
49 0.930465 0.580000 0.486667
50 0.910878 0.570370 0.440000
51 0.911034 0.562222 0.466667
52 0.911758 0.585185 0.473333
53 0.912179 0.567407 0.466667
54 0.892347 0.571852 0.493333
55 0.894353 0.581481 0.480000
56 0.893815 0.580741 0.493333
57 0.890626 0.566667 0.466667
58 0.902746 0.578519 0.473333
59 0.910488 0.571111 0.446667
60 0.898748 0.579259 0.500000
61 0.923073 0.584444 0.473333
62 0.890797 0.576296 0.466667
63 0.916974 0.565185 0.453333
64 0.895128 0.578519 0.486667
65 0.895160 0.572593 0.486667
66 0.888490 0.579259 0.473333
67 0.890196 0.588889 0.506667
68 0.893711 0.568889 0.473333
69 0.894203 0.577778 0.446667
70 0.879939 0.585185 0.473333
