1 1.592119 0.664444 0.630000
2 0.646092 0.773333 0.720000
3 0.663038 0.741111 0.750000
4 0.589967 0.752222 0.700000
5 0.482489 0.774444 0.710000
6 0.479879 0.784444 0.720000
7 0.540403 0.783333 0.680000
8 0.504671 0.792222 0.730000
9 0.470867 0.785556 0.780000
10 0.445475 0.807778 0.740000
11 0.432310 0.804444 0.740000
12 0.410989 0.805556 0.700000
13 0.451757 0.810000 0.760000
14 0.464270 0.808889 0.760000
15 0.413064 0.798889 0.740000
16 0.415843 0.836667 0.740000
17 0.394878 0.818889 0.750000
18 0.376606 0.830000 0.730000
19 0.365014 0.814444 0.710000
20 0.361986 0.835556 0.730000
21 0.383910 0.830000 0.730000
22 0.355576 0.862222 0.710000
23 0.360758 0.861111 0.810000
24 0.347834 0.853333 0.780000
25 0.345854 0.783333 0.730000
26 0.365964 0.846667 0.700000
27 0.329989 0.863333 0.780000
28 0.341052 0.843333 0.780000
29 0.333495 0.844444 0.750000
30 0.338880 0.861111 0.730000
31 0.294072 0.873333 0.780000
32 0.342686 0.858889 0.710000
33 0.375239 0.878889 0.750000
34 0.326316 0.870000 0.750000
35 0.979480 0.766667 0.680000
36 0.455035 0.790000 0.710000
37 0.406250 0.833333 0.730000
38 0.374446 0.828889 0.730000
39 0.352429 0.870000 0.750000
40 0.356412 0.851111 0.790000
41 0.330687 0.875556 0.760000
42 0.331640 0.862222 0.750000
43 0.337419 0.874444 0.780000
44 0.307138 0.860000 0.760000
45 0.298030 0.870000 0.750000
46 0.295902 0.878889 0.760000
47 0.295419 0.877778 0.770000
48 0.284724 0.876667 0.760000
49 0.304612 0.833333 0.750000
50 0.317002 0.900000 0.750000
51 0.268561 0.872222 0.820000
52 0.262545 0.895556 0.780000
53 0.249903 0.917778 0.740000
54 0.236102 0.895556 0.760000
55 0.247392 0.885556 0.780000
56 0.235181 0.915556 0.800000
57 0.232237 0.910000 0.780000
58 0.219371 0.920000 0.730000
59 0.228783 0.918889 0.740000
60 0.242113 0.898889 0.790000
61 0.227129 0.926667 0.780000
62 0.225168 0.905556 0.790000
63 0.217986 0.920000 0.760000
64 0.216976 0.925556 0.770000
65 0.203354 0.926667 0.770000
66 0.226396 0.897778 0.780000
67 0.224313 0.925556 0.750000
68 0.206366 0.910000 0.800000
69 0.221904 0.925556 0.750000
70 0.221378 0.933333 0.740000
71 0.215131 0.934444 0.790000
72 0.194172 0.908889 0.780000
73 0.219829 0.936667 0.760000
74 0.198615 0.920000 0.790000
75 0.221547 0.925556 0.750000
76 0.209110 0.933333 0.770000
77 0.193672 0.904444 0.740000
78 0.194246 0.934444 0.780000
79 0.196434 0.928889 0.770000
80 0.190415 0.937778 0.780000
81 0.184363 0.931111 0.750000
82 0.175226 0.930000 0.780000
83 0.201757 0.930000 0.770000
84 0.214016 0.937778 0.770000
85 0.219083 0.925556 0.740000
86 0.203315 0.932222 0.780000
87 0.241291 0.937778 0.760000
88 0.228604 0.925556 0.770000
89 0.223613 0.918889 0.740000
90 0.221556 0.916667 0.770000
91 0.218435 0.921111 0.730000
92 0.205792 0.923333 0.730000
93 0.204800 0.921111 0.750000
94 0.190346 0.928889 0.750000
95 0.196075 0.934444 0.750000
96 0.188287 0.928889 0.780000
97 0.195914 0.932222 0.740000
98 0.195428 0.930000 0.790000
99 0.205736 0.937778 0.750000
100 0.178172 0.938889 0.760000
101 0.175666 0.937778 0.750000
102 0.167586 0.942222 0.770000
103 0.162516 0.937778 0.760000
104 0.169930 0.941111 0.750000
105 0.160740 0.941111 0.760000
106 0.159768 0.944444 0.780000
107 0.151065 0.941111 0.770000
108 0.158624 0.941111 0.770000
109 0.155859 0.934444 0.770000
110 0.158042 0.938889 0.750000
111 0.159338 0.935556 0.780000
112 0.219833 0.940000 0.780000
113 0.155732 0.942222 0.770000
114 0.149793 0.930000 0.780000
115 0.158646 0.940000 0.780000
116 0.179465 0.921111 0.800000
117 0.164734 0.944444 0.780000
118 0.149804 0.936667 0.750000
119 0.162787 0.940000 0.750000
120 0.146903 0.941111 0.770000
121 0.163112 0.938889 0.740000
122 0.151029 0.938889 0.760000
123 0.160551 0.932222 0.720000
124 0.156709 0.942222 0.740000
125 0.146505 0.942222 0.790000
126 0.152346 0.944444 0.740000
127 0.145226 0.937778 0.750000
128 0.147628 0.941111 0.760000
129 0.153137 0.937778 0.810000
130 0.149508 0.944444 0.780000
131 0.146631 0.940000 0.790000
132 0.155364 0.938889 0.760000
133 0.147561 0.944444 0.770000
134 0.168154 0.943333 0.750000
135 0.143013 0.945556 0.760000
136 0.152873 0.938889 0.770000
137 0.149875 0.938889 0.770000
138 0.146221 0.943333 0.730000
139 0.141080 0.941111 0.760000
140 0.158628 0.938889 0.740000
141 0.157135 0.943333 0.790000
142 0.130522 0.945556 0.760000
143 0.146806 0.940000 0.780000
144 0.150491 0.945556 0.760000
145 0.138609 0.945556 0.790000
146 0.139950 0.946667 0.760000
147 0.136134 0.945556 0.780000
148 0.156467 0.938889 0.770000
149 0.143672 0.940000 0.770000
150 0.132517 0.947778 0.750000
151 0.132953 0.946667 0.760000
152 0.185322 0.948889 0.740000
153 0.137005 0.948889 0.750000
154 0.123154 0.947778 0.740000
155 0.126346 0.947778 0.760000
156 0.136702 0.946667 0.780000
157 0.123481 0.948889 0.760000
158 0.126603 0.943333 0.730000
159 0.128247 0.947778 0.760000
160 0.126639 0.948889 0.750000
161 0.133058 0.948889 0.740000
162 0.130817 0.947778 0.760000
163 0.131512 0.948889 0.760000
164 0.123262 0.945556 0.760000
165 0.125755 0.945556 0.760000
166 0.122545 0.950000 0.770000
167 0.123938 0.950000 0.760000
168 0.131272 0.947778 0.760000
169 0.130719 0.950000 0.760000
170 0.126480 0.950000 0.760000
171 0.124982 0.948889 0.740000
172 0.120105 0.946667 0.740000
173 0.136093 0.947778 0.760000
174 0.122083 0.947778 0.770000
175 0.125224 0.943333 0.760000
176 0.128430 0.948889 0.750000
177 0.129292 0.944444 0.790000
178 0.116647 0.948889 0.780000
179 0.122262 0.947778 0.760000
180 0.116839 0.946667 0.760000
181 0.116641 0.947778 0.750000
182 0.126917 0.944444 0.760000
183 0.477900 0.950000 0.750000
184 0.137203 0.948889 0.760000
185 0.180894 0.946667 0.760000
186 0.138594 0.950000 0.760000
187 0.130187 0.951111 0.760000
188 0.123271 0.947778 0.750000
189 0.129744 0.948889 0.760000
190 0.121762 0.947778 0.750000
191 0.122725 0.948889 0.760000
192 0.117561 0.948889 0.750000
193 0.122918 0.950000 0.770000
194 0.119092 0.950000 0.770000
195 0.125050 0.947778 0.750000
196 0.122581 0.951111 0.750000
197 0.126569 0.950000 0.760000
198 0.120909 0.947778 0.750000
199 0.124902 0.946667 0.750000
200 0.120425 0.950000 0.750000
201 0.121232 0.950000 0.750000
202 0.120283 0.951111 0.760000
203 0.117468 0.950000 0.770000
204 0.110890 0.951111 0.770000
205 0.112293 0.950000 0.760000
206 0.119643 0.950000 0.760000
207 0.111898 0.948889 0.760000
208 0.111999 0.951111 0.770000
209 0.120113 0.948889 0.760000
210 0.119117 0.950000 0.760000
211 0.225540 0.948889 0.740000
212 0.107821 0.950000 0.770000
213 0.132712 0.950000 0.770000
214 0.113466 0.952222 0.770000
215 0.116579 0.951111 0.760000
216 0.111942 0.951111 0.760000
217 0.129970 0.948889 0.770000
218 0.112413 0.951111 0.760000
219 0.119886 0.951111 0.770000
220 0.113992 0.951111 0.760000
221 0.114068 0.948889 0.770000
222 0.114696 0.946667 0.770000
223 0.115436 0.947778 0.740000
224 0.109828 0.950000 0.770000
225 0.119026 0.948889 0.750000
226 0.118985 0.948889 0.770000
227 0.114346 0.948889 0.760000
228 0.113098 0.952222 0.750000
229 0.113403 0.950000 0.770000
230 0.116824 0.951111 0.770000
231 0.109693 0.950000 0.750000
232 0.112726 0.950000 0.760000
233 0.104730 0.951111 0.770000
234 0.109593 0.951111 0.750000
235 0.105686 0.950000 0.760000
236 0.127126 0.950000 0.760000
237 0.119454 0.950000 0.760000
238 0.107268 0.951111 0.770000
239 0.126909 0.951111 0.770000
240 0.119230 0.948889 0.760000
241 0.122821 0.951111 0.770000
242 0.112970 0.947778 0.760000
243 0.119692 0.951111 0.770000
244 0.110524 0.951111 0.760000
245 0.112068 0.951111 0.770000
246 0.111327 0.951111 0.760000
247 0.119748 0.953333 0.760000
248 0.114630 0.950000 0.760000
249 0.109203 0.951111 0.770000
250 0.121511 0.953333 0.770000
251 0.108767 0.952222 0.770000
252 0.117463 0.951111 0.770000
253 0.108321 0.951111 0.770000
254 0.104128 0.953333 0.760000
255 0.108753 0.951111 0.760000
256 0.109686 0.950000 0.750000
257 0.107825 0.953333 0.760000
258 0.108146 0.953333 0.770000
259 0.103932 0.953333 0.760000
260 0.106540 0.950000 0.770000
261 0.115878 0.952222 0.760000
262 0.113106 0.952222 0.760000
263 0.099600 0.953333 0.750000
264 0.111785 0.950000 0.750000
265 0.107224 0.953333 0.760000
266 0.106210 0.953333 0.770000
267 0.115801 0.953333 0.770000
268 0.112526 0.953333 0.750000
269 0.103059 0.951111 0.770000
270 0.112498 0.952222 0.770000
271 0.115634 0.954444 0.760000
272 0.107190 0.950000 0.760000
273 0.102472 0.953333 0.770000
274 0.112576 0.951111 0.760000
275 0.106064 0.952222 0.760000
276 0.107032 0.953333 0.780000
277 0.111677 0.953333 0.760000
278 0.110558 0.953333 0.760000
279 0.113504 0.953333 0.750000
280 0.109022 0.948889 0.750000
281 0.127539 0.954444 0.760000
282 0.115485 0.953333 0.760000
283 0.108140 0.954444 0.760000
284 0.118978 0.953333 0.770000
285 0.113757 0.952222 0.760000
286 0.115677 0.952222 0.750000
287 0.112957 0.951111 0.780000
288 0.109305 0.951111 0.760000
289 0.109340 0.950000 0.760000
290 0.105730 0.951111 0.770000
291 0.103158 0.953333 0.770000
292 0.108656 0.952222 0.770000
293 0.104935 0.952222 0.760000
294 0.105246 0.952222 0.750000
295 0.101100 0.952222 0.750000
296 0.107419 0.953333 0.760000
297 0.101778 0.952222 0.770000
298 0.102256 0.952222 0.760000
299 0.103043 0.953333 0.750000
300 0.111449 0.952222 0.750000
301 0.103225 0.952222 0.760000
302 0.113968 0.953333 0.760000
303 0.106794 0.954444 0.750000
304 0.102829 0.954444 0.750000
305 0.105672 0.953333 0.760000
306 0.103152 0.953333 0.760000
307 0.098042 0.953333 0.760000
308 0.101545 0.952222 0.770000
309 0.105223 0.953333 0.770000
310 0.105039 0.953333 0.770000
311 0.102570 0.953333 0.760000
312 0.102017 0.952222 0.760000
313 0.109237 0.953333 0.750000
314 0.103430 0.952222 0.750000
315 0.107097 0.952222 0.750000
316 0.109389 0.953333 0.750000
317 0.105548 0.954444 0.750000
318 0.108940 0.954444 0.750000
319 0.099276 0.953333 0.770000
320 0.105709 0.953333 0.770000
321 0.104514 0.953333 0.750000
322 0.103005 0.953333 0.750000
323 0.104235 0.953333 0.750000
324 0.109347 0.953333 0.770000
325 0.107796 0.953333 0.750000
326 0.104661 0.952222 0.760000
327 0.105230 0.952222 0.760000
328 0.107251 0.953333 0.750000
329 0.107812 0.952222 0.750000
330 0.104095 0.953333 0.750000
331 0.105901 0.953333 0.750000
332 0.105670 0.953333 0.750000
333 0.105897 0.953333 0.760000
334 0.098858 0.953333 0.760000
335 0.101841 0.952222 0.750000
336 0.106558 0.953333 0.750000
337 0.105514 0.952222 0.760000
338 0.109914 0.952222 0.760000
339 0.108356 0.952222 0.750000
340 0.111267 0.953333 0.760000
341 0.102903 0.952222 0.760000
342 0.111660 0.953333 0.760000
343 0.107586 0.953333 0.760000
344 0.115197 0.953333 0.760000
345 0.108601 0.953333 0.760000
346 0.109255 0.953333 0.760000
347 0.102147 0.953333 0.760000
348 0.104182 0.952222 0.760000
349 0.112346 0.953333 0.760000
350 0.100586 0.953333 0.760000
