1 1.108294 0.863905 0.736842
2 0.251555 0.934911 0.842105
3 0.230207 0.940828 0.789474
4 0.263559 0.923077 0.842105
5 0.116677 0.887574 0.947368
6 0.097965 0.958580 0.894737
7 0.097748 1.000000 0.894737
8 0.076855 0.988166 0.789474
9 0.164780 0.798817 0.736842
10 0.154619 0.964497 0.842105
11 0.086440 1.000000 0.789474
12 0.043765 1.000000 0.842105
13 0.046936 1.000000 0.789474
14 0.033728 1.000000 0.842105
15 0.023684 1.000000 0.842105
16 0.017857 1.000000 0.789474
17 0.021781 1.000000 0.789474
18 0.026217 1.000000 0.894737
19 0.017218 1.000000 0.842105
20 0.040073 0.928994 0.894737
21 0.038138 1.000000 0.842105
22 0.232380 0.899408 0.842105
23 0.104780 0.970414 0.894737
24 0.049636 0.994083 0.894737
25 0.026571 0.952663 0.736842
26 0.019534 1.000000 0.842105
27 0.020934 1.000000 0.842105
28 0.017271 1.000000 0.842105
29 0.017887 1.000000 0.894737
30 0.016556 1.000000 0.894737
31 0.021318 1.000000 0.842105
32 0.016055 1.000000 0.842105
33 0.012023 1.000000 0.842105
34 0.018211 1.000000 0.842105
35 0.014922 0.994083 0.842105
36 0.016881 0.982249 0.842105
37 0.014850 1.000000 0.842105
38 0.017820 1.000000 0.842105
39 0.015945 1.000000 0.894737
40 0.015137 1.000000 0.894737
41 0.012947 1.000000 0.789474
42 0.015802 1.000000 0.842105
43 0.011740 1.000000 0.842105
44 0.013363 1.000000 0.842105
45 0.022370 1.000000 0.842105
46 0.020749 0.994083 0.789474
47 0.134244 0.863905 0.736842
48 0.111343 1.000000 0.894737
49 0.023412 1.000000 0.842105
50 0.012207 1.000000 0.842105
51 0.012998 1.000000 0.842105
52 0.013174 1.000000 0.789474
53 0.020748 1.000000 0.789474
54 0.012775 1.000000 0.842105
55 0.011145 1.000000 0.789474
56 0.019238 1.000000 0.842105
57 0.015364 1.000000 0.789474
58 0.011647 1.000000 0.789474
59 0.012959 1.000000 0.789474
60 0.011268 1.000000 0.789474
61 0.013457 1.000000 0.789474
62 0.010184 1.000000 0.842105
63 0.013986 1.000000 0.789474
64 0.014991 1.000000 0.789474
65 0.012455 1.000000 0.789474
66 0.010422 1.000000 0.789474
67 0.010759 1.000000 0.789474
68 0.013527 1.000000 0.842105
69 0.010775 1.000000 0.789474
70 0.018351 1.000000 0.842105
